,Layer,Qubit,Run,2-Norm,Trace Norm,Diamond Norm
0,0,0,0,0.01570780177742257,0.024920868752814178,0.0002467350366787997
1,0,0,1,0.015707801777422557,0.030832226097829818,0.0002467350366787993
2,0,0,2,0.015707801777422672,0.010315823146385364,0.0002467350366788029
3,0,0,3,0.015707801777422682,0.031026344311572855,0.0002467350366788032
4,0,0,4,0.015707801777422557,0.027367815509867353,0.00024673503667879925
5,0,0,5,0.015707801777422675,0.01763034601015257,0.00024673503667880294
6,0,0,6,0.015707801777422585,0.031411310522366835,0.00024673503667879996
7,0,0,7,0.015707801777422585,0.0312670740341895,0.0002467350366788002
8,0,0,8,0.01570780177742259,0.01487878050022746,0.0002467350366788002
9,0,0,9,0.015707801777422616,0.024504016399669204,0.0002467350366788011
10,0,0,10,0.01570780177742267,0.000922044681123519,0.00024673503667880267
11,0,0,11,0.015707801777422606,0.005000592230501933,0.0002467350366788007
12,0,0,12,0.01570780177742258,0.031282572143464686,0.00024673503667879996
13,0,0,13,0.015707801777422616,0.021487847908918955,0.000246735036678801
14,0,0,14,0.01570780177742257,0.027306571496848748,0.0002467350366787997
15,0,0,15,0.0157078017774225,0.021708434968248223,0.0002467350366787974
16,0,0,16,0.015707801777422564,0.014274961722053984,0.00024673503667879947
17,0,0,17,0.015707801777422523,0.020689960968134566,0.0002467350366787981
18,0,0,18,0.015707801777422575,0.025325109207243325,0.00024673503667879985
19,0,0,19,0.01570780177742257,0.031323899519383885,0.00024673503667879963
20,0,0,20,0.01570780177742262,0.014647508285256588,0.00024673503667880115
21,0,0,21,0.01570780177742276,0.01624110755847923,0.0002467350366788056
22,0,0,22,0.015707801777422634,0.02936869004064823,0.0002467350366788016
23,0,0,23,0.015707801777422804,0.02496018621709016,0.000246735036678807
24,0,0,24,0.015707801777422783,0.019955982382994536,0.0002467350366788062
25,0,0,25,0.01570780177742256,0.007646545853874481,0.0002467350366787993
26,0,0,26,0.01570780177742261,0.02520719051926087,0.0002467350366788009
27,0,0,27,0.0157078017774226,0.007094990857846903,0.0002467350366788006
28,0,0,28,0.01570780177742258,0.01941315872604533,0.00024673503667879996
29,0,0,29,0.015707801777422682,0.016666195044303285,0.0002467350366788032
30,0,0,30,0.015707801777422675,0.024035288307774613,0.000246735036678803
31,0,0,31,0.015707801777422592,0.008231667993018952,0.00024673503667880023
32,0,0,32,0.015707801777422526,0.020556017917386066,0.0002467350366787983
33,0,0,33,0.015707801777422595,0.013050819531030412,0.0002467350366788004
34,0,0,34,0.01570780177742258,0.021497938756416066,0.00024673503667880007
35,0,0,35,0.01570780177742266,0.02804697720063636,0.00024673503667880245
36,0,0,36,0.015707801777422706,0.013295985319633245,0.0002467350366788039
37,0,0,37,0.015707801777422592,0.028548822437027062,0.00024673503667880034
38,0,0,38,0.01570780177742257,0.03129098391972522,0.0002467350366787997
39,0,0,39,0.015707801777422526,0.023326419982418297,0.0002467350366787983
40,0,0,40,0.015707801777422575,0.0008634620734422595,0.00024673503667879985
41,0,0,41,0.015707801777422637,0.020649902373392703,0.0002467350366788017
42,0,0,42,0.015707801777422585,0.014956220570038915,0.0002467350366788
43,0,0,43,0.015707801777422526,0.01550985151189153,0.00024673503667879833
44,0,0,44,0.015707801777422578,0.028850906653090477,0.0002467350366787999
45,0,0,45,0.015707801777422592,0.023616880586036615,0.0002467350366788003
46,0,0,46,0.015707801777422578,0.029205232681233474,0.0002467350366787999
47,0,0,47,0.015707801777422703,0.008430373070536231,0.0002467350366788037
48,0,0,48,0.015707801777422595,0.015275212386861865,0.00024673503667880045
49,0,0,49,0.015707801777422578,0.007852058120782978,0.00024673503667879985
50,0,0,50,0.015707801777422672,0.006724708755914845,0.00024673503667880283
51,0,0,51,0.015707801777422536,0.01860228523468431,0.00024673503667879855
52,0,0,52,0.015707801777422523,0.024284961965168723,0.00024673503667879806
53,0,0,53,0.015707801777422523,0.0052556735720640756,0.00024673503667879806
54,0,0,54,0.01570780177742277,0.030159247372119186,0.00024673503667880587
55,0,0,55,0.01570780177742267,0.027644190887398175,0.0002467350366788027
56,0,0,56,0.015707801777422575,0.023341854996680764,0.0002467350366787998
57,0,0,57,0.01570780177742266,0.0011435440475437624,0.00024673503667880256
58,0,0,58,0.015707801777422543,0.01945466024984624,0.00024673503667879877
59,0,0,59,0.01570780177742263,0.020424885236072752,0.00024673503667880153
60,0,0,60,0.01570780177742259,0.031191917128076164,0.00024673503667880023
61,0,0,61,0.015707801777422606,0.02095253285696576,0.00024673503667880066
62,0,0,62,0.015707801777422647,0.031175495485625666,0.0002467350366788021
63,0,0,63,0.015707801777422564,0.014932490914781254,0.00024673503667879947
64,0,0,64,0.015707801777422443,0.026850132809459193,0.0002467350366787956
65,0,0,65,0.015707801777422772,0.02236233033751201,0.00024673503667880603
66,0,0,66,0.01570780177742255,0.030652624017852872,0.000246735036678799
67,0,0,67,0.015707801777422578,0.02441678649806039,0.00024673503667879985
68,0,0,68,0.0157078017774226,0.005646534526554242,0.0002467350366788005
69,0,0,69,0.01570780177742267,0.020320746692601258,0.0002467350366788028
70,0,0,70,0.015707801777422606,0.021014108617800318,0.0002467350366788007
71,0,0,71,0.015707801777422602,0.015351696667019635,0.00024673503667880056
72,0,0,72,0.015707801777422547,0.005447330701216025,0.0002467350366787989
73,0,0,73,0.01570780177742258,0.02611399579285366,0.00024673503667879996
74,0,0,74,1.9999383152895798,3.6248008034392054,0.0002467350366788066
75,0,0,75,0.015707801777422578,0.007173382548045297,0.00024673503667879985
76,0,0,76,0.015707801777422717,0.02933766788328384,0.0002467350366788042
77,0,0,77,0.015707801777422672,0.011257912607746067,0.00024673503667880283
78,0,0,78,0.015707801777422564,0.017396299290750962,0.0002467350366787994
79,0,0,79,0.015707801777422543,0.02914199738608622,0.0002467350366787988
80,0,0,80,0.015707801777422606,0.01945374464506605,0.0002467350366788008
81,0,0,81,0.01570780177742257,0.031212979151812092,0.0002467350366787997
82,0,0,82,0.015707801777422602,0.013764130048903079,0.00024673503667880066
83,0,0,83,0.01570780177742265,0.030834549227615093,0.00024673503667880213
84,0,0,84,0.015707801777422748,0.015806820038653857,0.0002467350366788052
85,0,0,85,0.015707801777422536,0.011386481398966383,0.0002467350366787986
86,0,0,86,0.015707801777422623,0.01453287139336499,0.00024673503667880126
87,0,0,87,0.015707801777422606,0.013975892296513089,0.0002467350366788007
88,0,0,88,0.01570780177742258,0.021053013332691245,0.00024673503667879996
89,0,0,89,0.01570780177742255,0.025271318899027166,0.00024673503667879904
90,0,0,90,0.0157078017774226,0.017843759944232027,0.0002467350366788006
91,0,0,91,0.015707801777422592,0.015500790169048952,0.0002467350366788003
92,0,0,92,0.015707801777422547,0.030680824043165307,0.0002467350366787989
93,0,0,93,0.01570780177742256,0.027415463180771413,0.00024673503667879936
94,0,0,94,0.01570780177742256,0.008863696582781053,0.0002467350366787993
95,0,0,95,0.01570780177742246,0.019439689281755282,0.0002467350366787963
96,0,0,96,0.0157078017774227,0.0172774190101577,0.0002467350366788037
97,0,0,97,0.015707801777422606,0.024887239925317266,0.0002467350366788007
98,0,0,98,0.015707801777422585,0.01982950651486051,0.0002467350366788001
99,0,0,99,0.015707801777422547,0.031139981290197117,0.0002467350366787989
100,0,0,100,0.015707801777422564,0.00655427779932747,0.00024673503667879947
101,0,0,101,0.015707801777422703,0.004399207753043698,0.00024673503667880386
102,0,0,102,0.015707801777422592,0.0068320033525475,0.0002467350366788003
103,0,0,103,0.015707801777422717,0.0065907772287529314,0.0002467350366788042
104,0,0,104,0.015707801777422495,0.011253466089421562,0.0002467350366787973
105,0,0,105,0.015707801777422502,0.014441148629229685,0.0002467350366787975
106,0,0,106,0.0157078017774226,0.02570631129542391,0.00024673503667880056
107,0,0,107,0.015707801777422585,0.0008153611815934136,0.00024673503667880007
108,0,0,108,0.015707801777422755,0.02397280650978884,0.00024673503667880554
109,0,0,109,0.015707801777422474,0.02824467617668484,0.0002467350366787966
110,0,0,110,0.015707801777422658,0.03141315414851696,0.0002467350366788024
111,0,0,111,0.015707801777422786,0.03137925079440193,0.0002467350366788064
112,0,0,112,0.015707801777422672,0.010410500218737948,0.00024673503667880283
113,0,0,113,0.01570780177742258,0.03126877768825409,0.0002467350366787999
114,0,0,114,0.01570780177742264,0.02521368092179017,0.0002467350366788019
115,0,0,115,0.015707801777422675,0.0177563642020566,0.00024673503667880294
116,0,0,116,0.015707801777422578,0.030211322681807696,0.0002467350366787999
117,0,0,117,0.015707801777422686,0.007443899578497651,0.0002467350366788032
118,0,0,118,0.01570780177742269,0.010557094888913687,0.0002467350366788033
119,0,0,119,0.015707801777422595,0.027746270442908994,0.0002467350366788004
120,0,0,120,0.015707801777422585,0.03139524975715304,0.0002467350366788001
121,0,0,121,0.015707801777422658,0.010374427425092777,0.0002467350366788024
122,0,0,122,0.01570780177742275,0.029554125682643904,0.0002467350366788053
123,0,0,123,0.01570780177742268,0.006850478823913411,0.0002467350366788031
124,0,0,124,0.01570780177742275,0.018723293186380236,0.0002467350366788053
125,0,0,125,0.015707801777422644,0.03137219204154015,0.00024673503667880197
126,0,0,126,0.01570780177742254,0.030706601197864235,0.00024673503667879877
127,0,0,127,0.015707801777422634,0.027696089966336636,0.00024673503667880175
128,0,0,128,0.01570780177742267,0.00712644256903999,0.0002467350366788026
129,0,0,129,0.015707801777422575,0.023647869726855723,0.00024673503667879974
130,0,0,130,0.015707801777422644,0.0249690974741429,0.00024673503667880197
131,0,0,131,0.015707801777422686,0.00779888163226474,0.00024673503667880327
132,0,0,132,0.01570780177742258,0.030045692951526207,0.0002467350366788001
133,0,0,133,0.015707801777422665,0.022201988530987548,0.00024673503667880256
134,0,0,134,0.015707801777422547,0.01937978548542683,0.0002467350366787989
135,0,0,135,0.015707801777422613,0.02869774046901894,0.0002467350366788009
136,0,0,136,0.015707801777422738,0.017236866009581086,0.0002467350366788049
137,0,0,137,0.01570780177742258,0.0002656207118298455,0.00024673503667879996
138,0,0,138,0.01570780177742257,0.016188388970333978,0.00024673503667879963
139,0,0,139,0.015707801777422682,0.028608579939681255,0.0002467350366788031
140,0,0,140,0.01570780177742258,0.0314049896920419,0.00024673503667879996
141,0,0,141,0.01570780177742253,0.010580914540817504,0.00024673503667879833
142,0,0,142,0.01570780177742258,0.013156421849110827,0.0002467350366788
143,0,0,143,0.015707801777422606,0.007123051046754699,0.0002467350366788007
144,0,0,144,0.015707801777422665,0.0033876494374772497,0.0002467350366788026
145,0,0,145,0.01570780177742258,0.01085423624833057,0.00024673503667879996
146,0,0,146,0.01570780177742259,0.02993068505349128,0.0002467350366788003
147,0,0,147,0.015707801777422575,0.03139998898032332,0.00024673503667879985
148,0,0,148,0.01570780177742252,0.015269802578538244,0.00024673503667879806
149,0,0,149,0.015707801777422693,0.02415001156346745,0.00024673503667880354
150,0,0,150,0.015707801777422693,0.0022425728789281225,0.0002467350366788035
151,0,0,151,0.015707801777422526,0.02559047414890634,0.0002467350366787983
152,0,0,152,0.01570780177742265,0.0030615876032387035,0.000246735036678802
153,0,0,153,0.015707801777422713,0.021731231598650633,0.00024673503667880413
154,0,0,154,0.015707801777422623,0.02818455520900194,0.00024673503667880126
155,0,0,155,0.01570780177742264,0.023861545422570938,0.0002467350366788018
156,0,0,156,0.015707801777422557,0.02709640561270235,0.00024673503667879936
157,0,0,157,0.015707801777422554,0.025095002505579014,0.0002467350366787991
158,0,0,158,0.01570780177742267,0.00971199353454389,0.0002467350366788027
159,0,0,159,0.015707801777422595,0.030853924260304172,0.0002467350366788004
160,0,0,160,0.015707801777422672,0.010190869625220325,0.00024673503667880283
161,0,0,161,0.01570780177742258,0.007233016316112549,0.00024673503667879996
162,0,0,162,0.01570780177742255,0.028613270058110436,0.00024673503667879904
163,0,0,163,0.01570780177742269,0.004924116856631389,0.00024673503667880343
164,0,0,164,0.015707801777422585,0.024791110696226026,0.0002467350366788002
165,0,0,165,0.015707801777422585,0.007050889597786643,0.0002467350366788001
166,0,0,166,0.015707801777422564,0.029665981331887335,0.00024673503667879947
167,0,0,167,0.015707801777422595,0.014930073955323466,0.00024673503667880045
168,0,0,168,0.015707801777422724,0.02599815431888252,0.0002467350366788045
169,0,0,169,0.015707801777422564,0.023127781903856136,0.0002467350366787995
170,0,0,170,0.01570780177742272,0.0008264830698350734,0.0002467350366788044
171,0,0,171,0.015707801777422568,0.030686850597629572,0.0002467350366787996
172,0,0,172,0.015707801777422564,0.007197568174478373,0.00024673503667879936
173,0,0,173,0.015707801777422585,0.00778880125871351,0.0002467350366788
174,0,0,174,0.015707801777422606,0.0021336481207637893,0.00024673503667880077
175,0,0,175,0.015707801777422585,0.028534588492613054,0.0002467350366788002
176,0,0,176,0.015707801777422606,0.0037118890335888248,0.00024673503667880066
177,0,0,177,0.015707801777422568,0.022410249020547234,0.00024673503667879963
178,0,0,178,0.015707801777422568,0.026942922696088344,0.00024673503667879963
179,0,0,179,0.015707801777422564,0.03109962461896886,0.0002467350366787994
180,0,0,180,0.015707801777422575,0.03067047462249846,0.0002467350366787998
181,0,0,181,0.015707801777422578,0.002317972524121768,0.00024673503667879996
182,0,0,182,0.01570780177742262,0.03040995099610317,0.00024673503667880115
183,0,0,183,0.015707801777422568,0.030984863893663728,0.0002467350366787996
184,0,0,184,0.015707801777422658,0.00741928421113284,0.00024673503667880234
185,0,0,185,0.01570780177742265,0.021030411260898104,0.0002467350366788022
186,0,0,186,0.01570780177742267,0.02837751772440889,0.0002467350366788028
187,0,0,187,0.015707801777422602,0.02775271703307058,0.0002467350366788007
188,0,0,188,0.015707801777422613,0.004901638098321374,0.0002467350366788007
189,0,0,189,0.015707801777422686,0.006616091282291669,0.00024673503667880327
190,0,0,190,0.015707801777422606,0.01466581909989117,0.00024673503667880077
191,0,0,191,0.015707801777422578,0.03138451221838716,0.0002467350366787999
192,0,0,192,0.015707801777422564,0.030791249744888595,0.00024673503667879947
193,0,0,193,0.0157078017774226,0.03006579912792515,0.00024673503667880045
194,0,0,194,0.015707801777422675,0.008212883520694332,0.00024673503667880294
195,0,0,195,0.015707801777422543,0.02819593956590815,0.0002467350366787988
196,0,0,196,0.01570780177742263,0.02888038096561844,0.00024673503667880153
197,0,0,197,0.015707801777422717,9.728907054171351e-05,0.00024673503667880435
198,0,0,198,0.015707801777422713,0.01856970521362848,0.00024673503667880413
199,0,0,199,0.015707801777422706,0.013123322651082597,0.00024673503667880386
200,0,0,200,0.01570780177742277,0.03098785690374856,0.0002467350366788059
201,0,0,201,0.015707801777422706,0.022105783044893343,0.00024673503667880397
202,0,0,202,0.015707801777422627,0.025087497209313008,0.00024673503667880137
203,0,0,203,0.01570780177742261,0.018062407435636304,0.00024673503667880094
204,0,0,204,0.015707801777422686,0.011151241141607598,0.00024673503667880327
205,0,0,205,0.015707801777422543,0.030266804186718985,0.0002467350366787988
206,0,0,206,0.01570780177742267,0.0004915668901911024,0.00024673503667880267
207,0,0,207,0.01570780177742256,0.008643902409553284,0.00024673503667879936
208,0,0,208,0.01570780177742261,0.017650457484259783,0.0002467350366788009
209,0,0,209,0.015707801777422765,0.018083889759826693,0.00024673503667880576
210,0,0,210,0.01570780177742258,0.02946782332135921,0.0002467350366788
211,0,0,211,0.01570780177742277,0.02052828688492663,0.0002467350366788058
212,0,0,212,0.015707801777422568,0.028517441923158134,0.0002467350366787997
213,0,0,213,0.015707801777422575,0.005555595747410416,0.0002467350366787998
214,0,0,214,0.01570780177742253,0.02018650681237363,0.00024673503667879833
215,0,0,215,0.01570780177742262,0.029751509946566182,0.00024673503667880115
216,0,0,216,0.015707801777422505,0.01963059058065813,0.0002467350366787975
217,0,0,217,0.01570780177742269,0.0044570515681095395,0.0002467350366788033
218,0,0,218,0.015707801777422675,0.01469902126203507,0.00024673503667880294
219,0,0,219,0.015707801777422654,0.020342479181878283,0.00024673503667880224
220,0,0,220,0.01570780177742258,0.03141453656826889,0.0002467350366787999
221,0,0,221,0.01570780177742262,0.03137958521621381,0.00024673503667880115
222,0,0,222,0.015707801777422547,0.004550612699549582,0.00024673503667879893
223,0,0,223,0.01570780177742252,0.026816092963840098,0.000246735036678798
224,0,0,224,0.015707801777422616,0.01875848724121485,0.00024673503667880115
225,0,0,225,0.01570780177742259,0.019731753347860394,0.0002467350366788002
226,0,0,226,0.01570780177742275,0.02054743918444351,0.0002467350366788053
227,0,0,227,0.015707801777422585,0.00142514242600197,0.0002467350366788
228,0,0,228,0.015707801777422658,0.03141493564136507,0.00024673503667880245
229,0,0,229,0.01570780177742259,0.002753773399451651,0.0002467350366788002
230,0,0,230,0.015707801777422776,0.012287304255577308,0.00024673503667880603
231,0,0,231,0.015707801777422634,0.016757932512476117,0.0002467350366788016
232,0,0,232,0.015707801777422703,0.021156682038381867,0.00024673503667880375
233,0,0,233,0.015707801777422592,0.03073467157309276,0.0002467350366788003
234,0,0,234,0.015707801777422592,0.02051520469132946,0.00024673503667880023
235,0,0,235,0.015707801777422675,0.009553290076048562,0.00024673503667880294
236,0,0,236,0.015707801777422783,0.016138819350406352,0.00024673503667880636
237,0,0,237,0.015707801777422575,0.00671471203899135,0.00024673503667879963
238,0,0,238,0.015707801777422647,0.02239884056417184,0.000246735036678802
239,0,0,239,0.015707801777422762,0.021258966134409578,0.0002467350366788056
240,0,0,240,0.015707801777422606,0.008370755944846354,0.0002467350366788008
241,0,0,241,0.015707801777422616,0.024594198602234853,0.00024673503667880115
242,0,0,242,0.015707801777422585,0.031132729810547155,0.00024673503667880023
243,0,0,243,0.01570780177742255,0.030017270032416832,0.00024673503667879893
244,0,0,244,0.015707801777422557,0.02000520424816366,0.0002467350366787992
245,0,0,245,0.01570780177742258,0.012965015757002896,0.00024673503667879996
246,0,0,246,0.015707801777422606,0.02632833880576765,0.00024673503667880077
247,0,0,247,0.015707801777422672,0.014142889302508822,0.0002467350366788028
248,0,0,248,0.01570780177742268,0.030300346489651235,0.00024673503667880316
249,0,0,249,0.015707801777422592,0.030927195035989126,0.00024673503667880034
250,0,0,250,0.015707801777422755,0.01640898488836248,0.00024673503667880543
251,0,0,251,0.015707801777422703,0.008073533289747262,0.0002467350366788038
252,0,0,252,0.01570780177742255,0.012413070949676865,0.000246735036678799
253,0,0,253,0.015707801777422575,0.03036469278008451,0.00024673503667879985
254,0,0,254,0.01570780177742258,0.017110400046688786,0.00024673503667879996
255,0,0,255,0.01570780177742274,0.02627470544162952,0.0002467350366788051
256,0,0,256,0.015707801777422547,0.02177848500059695,0.000246735036678799
257,0,0,257,0.01570780177742269,0.008987235696340457,0.0002467350366788034
258,0,0,258,0.015707801777422706,0.026343150913298297,0.00024673503667880397
259,0,0,259,0.01570780177742267,0.006699348747755761,0.0002467350366788028
260,0,0,260,0.0157078017774227,0.017030764715790566,0.00024673503667880375
261,0,0,261,0.015707801777422585,0.002940700932951115,0.00024673503667879996
262,0,0,262,0.015707801777422772,0.01893605879621971,0.00024673503667880603
263,0,0,263,0.015707801777422713,0.016558258749352343,0.00024673503667880413
264,0,0,264,0.015707801777422772,0.019901657714703525,0.000246735036678806
265,0,0,265,0.015707801777422575,0.03111256649995353,0.0002467350366787998
266,0,0,266,0.015707801777422484,0.00735624406485958,0.0002467350366787969
267,0,0,267,0.015707801777422627,0.026056157637038828,0.00024673503667880137
268,0,0,268,0.01570780177742266,0.01066867610196124,0.00024673503667880245
269,0,0,269,0.015707801777422568,0.026648131487823506,0.00024673503667879963
270,0,0,270,0.015707801777422654,0.01022802318792856,0.00024673503667880234
271,0,0,271,0.01570780177742271,0.03105587667744126,0.00024673503667880397
272,0,0,272,0.015707801777422745,0.022116214893324472,0.00024673503667880506
273,0,0,273,0.015707801777422634,0.01336733825226528,0.00024673503667880164
274,0,0,274,0.01570780177742262,0.03138373115606749,0.0002467350366788013
275,0,0,275,0.015707801777422602,0.03057330630573275,0.0002467350366788006
276,0,0,276,0.015707801777422578,0.012714760196440912,0.0002467350366787998
277,0,0,277,0.015707801777422665,0.003020031726089175,0.00024673503667880256
278,0,0,278,0.015707801777422686,0.027182846814216857,0.0002467350366788034
279,0,0,279,0.01570780177742259,0.0007031870631991403,0.0002467350366788002
280,0,0,280,0.015707801777422578,0.026017044171661886,0.00024673503667879985
281,0,0,281,0.015707801777422578,0.021284020890988097,0.00024673503667879985
282,0,0,282,0.01570780177742259,0.014512140140257208,0.00024673503667880023
283,0,0,283,0.015707801777422606,0.030331144791292345,0.0002467350366788007
284,0,0,284,0.01570780177742267,0.0016765105136399817,0.0002467350366788028
285,0,0,285,0.015707801777422713,0.01813021120585283,0.0002467350366788041
286,0,0,286,0.01570780177742254,0.02816350192815684,0.00024673503667879866
287,0,0,287,0.01570780177742243,0.02713961467717555,0.0002467350366787952
288,0,0,288,0.01570780177742252,0.02850162885747004,0.000246735036678798
289,0,0,289,0.015707801777422554,0.008451957590556542,0.0002467350366787991
290,0,0,290,0.01570780177742265,0.029926611264358274,0.0002467350366788022
291,0,0,291,0.01570780177742258,0.0314074323735761,0.0002467350366787999
292,0,0,292,0.015707801777422703,0.03137962711921189,0.0002467350366788038
293,0,0,293,0.015707801777422585,0.031182230122249077,0.0002467350366788001
294,0,0,294,0.015707801777422623,0.02201648033585191,0.0002467350366788013
295,0,0,295,0.01570780177742263,0.01066127790222503,0.0002467350366788014
296,0,0,296,0.015707801777422564,0.014250335603170808,0.0002467350366787993
297,0,0,297,0.015707801777422727,0.025445086793147675,0.00024673503667880457
298,0,0,298,0.01570780177742252,0.013612978629791665,0.000246735036678798
299,0,0,299,0.01570780177742277,0.02086912894146652,0.0002467350366788058
300,0,0,300,0.015707801777422554,0.031091596606681732,0.00024673503667879915
301,0,0,301,0.01570780177742267,0.0002693770523838943,0.0002467350366788027
302,0,0,302,0.015707801777422505,0.026923163525094565,0.00024673503667879763
303,0,0,303,0.015707801777422575,0.011589346997745515,0.0002467350366787998
304,0,0,304,0.015707801777422557,0.02503726224627838,0.0002467350366787992
305,0,0,305,0.0157078017774226,0.024647106111440293,0.0002467350366788005
306,0,0,306,0.015707801777422665,0.011432117841561387,0.00024673503667880256
307,0,0,307,0.015707801777422523,0.021076690262818186,0.00024673503667879817
308,0,0,308,0.01570780177742271,0.02067867153127672,0.000246735036678804
309,0,0,309,0.015707801777422557,0.029530741960388632,0.00024673503667879925
310,0,0,310,0.015707801777422613,0.010345537490346028,0.00024673503667880094
311,0,0,311,0.01570780177742254,0.028449449501757807,0.0002467350366787986
312,0,0,312,0.015707801777422665,0.023512861353043923,0.00024673503667880267
313,0,0,313,0.015707801777422526,0.031403144161235644,0.00024673503667879833
314,0,0,314,1.999938315289579,3.9351797710694534,0.00024673503667880755
315,0,0,315,0.015707801777422724,0.021581053650643358,0.0002467350366788045
316,0,0,316,0.015707801777422547,0.007821732658580148,0.0002467350366787989
317,0,0,317,0.015707801777422564,0.02514735101022091,0.00024673503667879947
318,0,0,318,0.015707801777422717,0.030104088651945745,0.0002467350366788042
319,0,0,319,0.01570780177742256,0.002800334237074553,0.00024673503667879925
320,0,0,320,0.015707801777422557,0.030843951067252157,0.00024673503667879925
321,0,0,321,0.01570780177742255,0.013682372033200307,0.000246735036678799
322,0,0,322,0.015707801777422592,0.027820731281836278,0.0002467350366788003
323,0,0,323,0.015707801777422592,0.019268090308116322,0.0002467350366788003
324,0,0,324,0.015707801777422637,0.019736808986874587,0.00024673503667880175
325,0,0,325,0.015707801777422578,0.030584338209009736,0.00024673503667879985
326,0,0,326,0.01570780177742264,0.02893291523025676,0.0002467350366788018
327,0,0,327,0.015707801777422706,0.01207645630265672,0.00024673503667880386
328,0,0,328,0.015707801777422672,0.022195776490502486,0.0002467350366788029
329,0,0,329,0.01570780177742266,0.0037575016238747512,0.00024673503667880245
330,0,0,330,0.015707801777422616,0.029839369942104794,0.00024673503667880104
331,0,0,331,0.015707801777422703,0.02442633832561652,0.00024673503667880375
332,0,0,332,0.01570780177742268,0.005972277972317356,0.000246735036678803
333,0,0,333,0.015707801777422568,0.027882585152567186,0.0002467350366787996
334,0,0,334,0.015707801777422502,0.00342295697947057,0.0002467350366787976
335,0,0,335,0.015707801777422627,0.028800581185675942,0.0002467350366788014
336,0,0,336,0.015707801777422804,0.031281103357250706,0.0002467350366788069
337,0,0,337,0.0157078017774226,0.029901616436348494,0.00024673503667880056
338,0,0,338,0.015707801777422634,0.019166579184314796,0.00024673503667880164
339,0,0,339,0.015707801777422505,0.03133571002770712,0.00024673503667879763
340,0,0,340,0.01570780177742261,0.03108086242052787,0.0002467350366788009
341,0,0,341,0.015707801777422578,0.03141071028204425,0.00024673503667879985
342,0,0,342,0.015707801777422495,0.028267608737928194,0.00024673503667879725
343,0,0,343,0.01570780177742258,0.018735392341901542,0.00024673503667880007
344,0,0,344,0.015707801777422675,0.005614192035318684,0.0002467350366788029
345,0,0,345,0.015707801777422564,0.023523549398396064,0.0002467350366787994
346,0,0,346,0.01570780177742255,0.028087418420222936,0.00024673503667879904
347,0,0,347,0.0157078017774226,0.014682112393967727,0.0002467350366788006
348,0,0,348,0.01570780177742254,0.028620120861875587,0.0002467350366787987
349,0,0,349,0.01570780177742268,0.01890704367127259,0.0002467350366788031
350,0,0,350,0.015707801777422613,0.008897577006139298,0.0002467350366788008
351,0,0,351,0.015707801777422606,0.02770076796162725,0.00024673503667880077
352,0,0,352,0.015707801777422554,0.02903510924253228,0.00024673503667879974
353,0,0,353,0.015707801777422748,0.013575108450842524,0.00024673503667880516
354,0,0,354,0.01570780177742257,0.03064248736811026,0.00024673503667879974
355,0,0,355,0.015707801777422592,0.026325323425515787,0.0002467350366788003
356,0,0,356,0.015707801777422592,0.02228470379405767,0.00024673503667880034
357,0,0,357,0.015707801777422575,0.02106567312952796,0.0002467350366787998
358,0,0,358,0.015707801777422536,0.023183612970967334,0.0002467350366787986
359,0,0,359,0.015707801777422557,0.030215258739153757,0.0002467350366787992
360,0,0,360,0.015707801777422727,0.023049641306557418,0.00024673503667880457
361,0,0,361,0.015707801777422512,0.03036898793003102,0.00024673503667879785
362,0,0,362,0.01570780177742256,0.019494604085352116,0.0002467350366787993
363,0,0,363,0.01570780177742258,0.0007573739755134559,0.0002467350366788
364,0,0,364,0.015707801777422575,0.0021493244315816413,0.0002467350366787998
365,0,0,365,0.015707801777422543,0.004677563089765451,0.0002467350366787988
366,0,0,366,0.01570780177742256,0.018692070341014732,0.0002467350366787993
367,0,0,367,0.015707801777422533,0.026991659412006253,0.0002467350366787985
368,0,0,368,0.015707801777422647,0.021120850379467457,0.000246735036678802
369,0,0,369,0.015707801777422564,0.008823164445024831,0.0002467350366787994
370,0,0,370,0.015707801777422644,0.01999085312390417,0.0002467350366788019
371,0,0,371,0.015707801777422557,0.027970652275296225,0.0002467350366787992
372,0,0,372,0.015707801777422592,0.028885409344105255,0.0002467350366788003
373,0,0,373,0.015707801777422665,0.031246837575144692,0.00024673503667880256
374,0,0,374,0.015707801777422647,0.021236231524381227,0.0002467350366788021
375,0,0,375,0.015707801777422703,0.01563417153948109,0.00024673503667880375
376,0,0,376,0.015707801777422554,0.01334997206024398,0.00024673503667879915
377,0,0,377,0.01570780177742263,0.024925650383390268,0.0002467350366788015
378,0,0,378,0.015707801777422654,0.024302367767182927,0.0002467350366788023
379,0,0,379,0.015707801777422686,0.031036553784932946,0.0002467350366788037
380,0,0,380,0.015707801777422564,0.029021824814554002,0.00024673503667879947
381,0,0,381,0.015707801777422585,0.016601557302807306,0.0002467350366788001
382,0,0,382,0.01570780177742256,0.013196449778958043,0.00024673503667879936
383,0,0,383,0.015707801777422637,0.00276677962012938,0.0002467350366788021
384,0,0,384,0.015707801777422675,0.02979596104467162,0.000246735036678803
385,0,0,385,0.015707801777422602,0.030788843427031948,0.00024673503667880066
386,0,0,386,0.015707801777422627,0.031029276292645402,0.0002467350366788015
387,0,0,387,0.015707801777422505,0.019713716540093313,0.00024673503667879763
388,0,0,388,0.015707801777422575,0.019511735094765,0.0002467350366787997
389,0,0,389,0.015707801777422595,0.0022684941536833918,0.00024673503667880045
390,0,0,390,0.015707801777422686,0.01839023396164143,0.00024673503667880327
391,0,0,391,0.015707801777422842,0.0214893227674744,0.0002467350366788081
392,0,0,392,0.015707801777422578,0.02989802386821418,0.0002467350366787999
393,0,0,393,0.01570780177742257,0.009245590796091517,0.0002467350366787997
394,0,0,394,0.015707801777422672,0.03131851237216936,0.0002467350366788029
395,0,0,395,0.0157078017774226,0.027240308879446947,0.00024673503667880056
396,0,0,396,0.015707801777422727,0.0063843657256536825,0.00024673503667880446
397,0,0,397,0.015707801777422547,0.008436638510169339,0.00024673503667879915
398,0,0,398,0.01570780177742261,0.029424903929510776,0.0002467350366788009
399,0,0,399,0.015707801777422575,0.0015140232822858036,0.00024673503667879974
400,0,0,400,0.015707801777422727,0.004705922718612243,0.00024673503667880457
401,0,0,401,0.015707801777422554,0.02519357122957613,0.0002467350366787991
402,0,0,402,0.01570780177742257,0.01913604977037833,0.0002467350366787997
403,0,0,403,0.01570780177742274,0.027807424385029887,0.00024673503667880506
404,0,0,404,0.015707801777422575,0.025580468936666878,0.0002467350366787998
405,0,0,405,0.01570780177742255,0.014413818358908355,0.000246735036678799
406,0,0,406,0.015707801777422543,0.02457235269930052,0.00024673503667879877
407,0,0,407,0.015707801777422578,0.02502962852833015,0.00024673503667879985
408,0,0,408,0.015707801777422717,0.026479709018719173,0.0002467350366788043
409,0,0,409,0.015707801777422634,0.030998900694065055,0.00024673503667880175
410,0,0,410,0.015707801777422578,0.03115969969013977,0.00024673503667879996
411,0,0,411,0.015707801777422536,0.0055421213048912135,0.00024673503667879844
412,0,0,412,0.015707801777422654,0.01784309999733236,0.0002467350366788023
413,0,0,413,0.01570780177742255,0.02980263450925359,0.00024673503667879904
414,0,0,414,0.015707801777422547,0.028076071556454845,0.000246735036678799
415,0,0,415,0.01570780177742277,0.020650671344580426,0.0002467350366788059
416,0,0,416,0.01570780177742257,0.031300845985390895,0.00024673503667879974
417,0,0,417,0.015707801777422696,0.0314133412551729,0.0002467350366788036
418,0,0,418,0.015707801777422665,0.02118973909809682,0.00024673503667880267
419,0,0,419,0.01570780177742258,0.0035325186840759948,0.00024673503667879996
420,0,0,420,0.015707801777422682,0.0027210753292231777,0.0002467350366788032
421,0,0,421,0.01570780177742266,0.02674650228514361,0.0002467350366788025
422,0,0,422,0.01570780177742259,0.014110920749327726,0.0002467350366788003
423,0,0,423,0.015707801777422557,0.010915974107703912,0.0002467350366787993
424,0,0,424,0.015707801777422613,0.026789113466430356,0.000246735036678801
425,0,0,425,0.015707801777422814,0.022399922812087053,0.00024673503667880733
426,0,0,426,0.01570780177742259,0.02813889184358135,0.0002467350366788002
427,0,0,427,0.015707801777422578,0.01804862743613035,0.0002467350366787999
428,0,0,428,0.01570780177742264,0.03016460218753234,0.0002467350366788019
429,0,0,429,0.01570780177742267,0.015322026273326095,0.00024673503667880267
430,0,0,430,0.015707801777422575,0.031204937694340813,0.0002467350366787997
431,0,0,431,0.015707801777422706,0.015484732491164513,0.00024673503667880386
432,0,0,432,0.015707801777422592,0.029702889555813596,0.0002467350366788004
433,0,0,433,0.01570780177742266,0.022439962095012537,0.00024673503667880256
434,0,0,434,0.015707801777422568,0.027844215900512566,0.0002467350366787996
435,0,0,435,0.015707801777422647,0.029393602760891657,0.0002467350366788021
436,0,0,436,0.01570780177742267,0.014033235391065744,0.00024673503667880256
437,0,0,437,0.015707801777422755,0.02599716372593981,0.00024673503667880543
438,0,0,438,0.015707801777422665,0.0122713358131327,0.0002467350366788026
439,0,0,439,0.015707801777422575,0.000447303925105593,0.0002467350366787997
440,0,0,440,0.015707801777422654,0.017194640845101083,0.00024673503667880224
441,0,0,441,0.015707801777422727,0.027517952878853596,0.00024673503667880457
442,0,0,442,0.015707801777422658,0.009454158705743771,0.00024673503667880234
443,0,0,443,0.015707801777422616,0.031301186734167014,0.0002467350366788012
444,0,0,444,0.015707801777422585,0.025102802723917277,0.0002467350366788001
445,0,0,445,0.01570780177742258,0.0313777128847413,0.00024673503667879996
446,0,0,446,0.01570780177742251,0.028798879842036905,0.0002467350366787978
447,0,0,447,0.015707801777422738,0.025319324677128233,0.00024673503667880495
448,0,0,448,0.015707801777422693,0.023603918288663428,0.00024673503667880343
449,0,0,449,0.015707801777422672,0.0030619303793172166,0.00024673503667880294
450,0,0,450,0.015707801777422644,0.005952499940722561,0.00024673503667880213
451,0,0,451,0.01570780177742269,0.025783915200700572,0.0002467350366788033
452,0,0,452,0.015707801777422557,0.003253173773893859,0.00024673503667879925
453,0,0,453,0.015707801777422568,0.03141465421609995,0.00024673503667879963
454,0,0,454,0.015707801777422738,0.010056777809705772,0.0002467350366788049
455,0,0,455,0.01570780177742271,0.00935488526186141,0.000246735036678804
456,0,0,456,0.015707801777422658,0.000385074181031655,0.0002467350366788024
457,0,0,457,0.015707801777422543,0.02592706764109975,0.00024673503667879877
458,0,0,458,0.01570780177742258,0.031281823574747084,0.00024673503667880007
459,0,0,459,0.015707801777422706,0.012545137548771042,0.00024673503667880397
460,0,0,460,0.015707801777422585,0.01555044821014001,0.00024673503667880007
461,0,0,461,0.015707801777422623,0.027678408076723563,0.00024673503667880126
462,0,0,462,0.015707801777422623,0.015338763282660029,0.00024673503667880126
463,0,0,463,0.015707801777422606,0.022082247401871397,0.00024673503667880077
464,0,0,464,0.015707801777422703,0.00828456720354512,0.00024673503667880386
465,0,0,465,0.01570780177742256,0.012466649239660234,0.00024673503667879936
466,0,0,466,0.01570780177742254,0.028671848192433146,0.00024673503667879877
467,0,0,467,0.01570780177742258,0.014050377108055533,0.0002467350366788
468,0,0,468,0.015707801777422762,0.0314155143320137,0.00024673503667880565
469,0,0,469,0.01570780177742258,0.02211250730666431,0.00024673503667879996
470,0,0,470,0.01570780177742256,0.031278068037114935,0.00024673503667879936
471,0,0,471,0.015707801777422568,0.03021865256148596,0.0002467350366787996
472,0,0,472,0.015707801777422654,0.0206010271098297,0.0002467350366788023
473,0,0,473,0.01570780177742256,0.029570178848246503,0.0002467350366787993
474,0,0,474,0.01570780177742258,0.031412911546081966,0.0002467350366788
475,0,0,475,0.01570780177742266,0.025938919546933698,0.00024673503667880245
476,0,0,476,0.015707801777422554,0.029902522514271904,0.00024673503667879915
477,0,0,477,0.01570780177742255,0.028041811641914733,0.000246735036678799
478,0,0,478,0.01570780177742258,0.03108224779576703,0.0002467350366788
479,0,0,479,0.01570780177742267,0.0012532101160922112,0.0002467350366788027
480,0,0,480,0.01570780177742257,0.03029442855659027,0.00024673503667879974
481,0,0,481,0.01570780177742263,0.021215444787732938,0.0002467350366788015
482,0,0,482,0.015707801777422564,0.02666068526589653,0.0002467350366787994
483,0,0,483,0.015707801777422627,0.029188963732336756,0.00024673503667880137
484,0,0,484,0.015707801777422523,0.03046737054539291,0.0002467350366787981
485,0,0,485,0.015707801777422675,0.020931025306655675,0.00024673503667880305
486,0,0,486,0.015707801777422634,0.0065545752260527225,0.00024673503667880164
487,0,0,487,0.01570780177742248,0.027374042180448817,0.0002467350366787968
488,0,0,488,0.015707801777422613,0.009123296320813335,0.0002467350366788009
489,0,0,489,0.01570780177742268,0.01721657472407262,0.000246735036678803
490,0,0,490,0.01570780177742261,0.027560033314309937,0.0002467350366788009
491,0,0,491,0.01570780177742256,0.030324384694277017,0.0002467350366787994
492,0,0,492,0.015707801777422616,0.029115820865476136,0.0002467350366788011
493,0,0,493,0.015707801777422675,0.003829625738168411,0.0002467350366788029
494,0,0,494,0.01570780177742268,0.02111398458792407,0.00024673503667880305
495,0,0,495,0.015707801777422665,0.021049866954603574,0.0002467350366788026
496,0,0,496,0.015707801777422568,0.010230607606686376,0.0002467350366787996
497,0,0,497,0.015707801777422703,0.005549291319668254,0.00024673503667880375
498,0,0,498,0.015707801777422585,0.02801544309180224,0.0002467350366788001
499,0,0,499,0.015707801777422575,0.012451790207395941,0.0002467350366787998
500,0,0,500,0.015707801777422627,0.003906408001453252,0.0002467350366788013
501,0,0,501,0.01570780177742266,0.022667047249456236,0.0002467350366788025
502,0,0,502,0.015707801777422557,0.029911504303358916,0.0002467350366787993
503,0,0,503,0.0157078017774227,0.02645252828755173,0.00024673503667880375
504,0,0,504,0.01570780177742265,0.0028469345018582734,0.0002467350366788021
505,0,0,505,0.015707801777422706,0.031195323657616066,0.0002467350366788039
506,0,0,506,0.015707801777422686,0.028820604803904824,0.0002467350366788032
507,0,0,507,0.015707801777422665,0.004026251230825037,0.0002467350366788027
508,0,0,508,0.015707801777422575,0.028079524068878106,0.0002467350366787998
509,0,0,509,0.015707801777422595,0.031078501546209926,0.00024673503667880045
510,0,0,510,0.015707801777422724,0.0019804408940574257,0.00024673503667880446
511,0,0,511,0.015707801777422578,0.028899807608659955,0.0002467350366787999
512,0,0,512,0.01570780177742266,0.0023541328934952796,0.0002467350366788023
513,0,0,513,0.01570780177742254,0.031299812514703686,0.00024673503667879866
514,0,0,514,0.015707801777422672,0.024222555260056202,0.00024673503667880283
515,0,0,515,0.01570780177742258,0.00837024853997635,0.00024673503667879996
516,0,0,516,0.015707801777422547,0.005586653119014257,0.0002467350366787989
517,0,0,517,0.01570780177742255,0.029616885595492224,0.0002467350366787991
518,0,0,518,0.01570780177742271,0.019203827657835158,0.000246735036678804
519,0,0,519,0.015707801777422592,0.001066059282699811,0.0002467350366788004
520,0,0,520,0.015707801777422693,0.030185444740264456,0.00024673503667880354
521,0,0,521,0.015707801777422575,0.028792954302928088,0.0002467350366787998
522,0,0,522,0.015707801777422724,0.02537975268623046,0.0002467350366788045
523,0,0,523,0.015707801777422693,0.030851727934751293,0.0002467350366788035
524,0,0,524,0.015707801777422564,0.02550186403861001,0.00024673503667879947
525,0,0,525,0.015707801777422637,0.014029080208590264,0.00024673503667880175
526,0,0,526,0.01570780177742273,0.03141025997377038,0.0002467350366788047
527,0,0,527,0.015707801777422665,0.021071122922476256,0.0002467350366788026
528,0,0,528,0.015707801777422665,0.024796026614862486,0.00024673503667880267
529,0,0,529,0.01570780177742264,0.019878479515680877,0.00024673503667880175
530,0,0,530,0.015707801777422592,0.017816071515477722,0.0002467350366788004
531,0,0,531,0.015707801777422776,0.009797071715507243,0.00024673503667880603
532,0,0,532,0.015707801777422675,0.014570005722659068,0.000246735036678803
533,0,0,533,0.01570780177742259,0.014989907725193477,0.00024673503667880023
534,0,0,534,0.015707801777422682,0.013307164072692508,0.00024673503667880316
535,0,0,535,0.01570780177742272,0.01364516555566928,0.0002467350366788043
536,0,0,536,0.015707801777422703,0.0129388607955315,0.00024673503667880375
537,0,0,537,0.015707801777422568,0.031368928834923954,0.0002467350366787996
538,0,0,538,0.015707801777422585,0.005914590391627004,0.00024673503667880007
539,0,0,539,0.015707801777422575,0.005930694994446975,0.00024673503667879974
540,0,0,540,0.015707801777422536,0.021400251518428663,0.0002467350366787986
541,0,0,541,0.015707801777422772,0.028843355982597574,0.00024673503667880603
542,0,0,542,0.015707801777422443,0.02362752545704668,0.0002467350366787957
543,0,0,543,0.015707801777422578,0.026377944961189958,0.00024673503667879996
544,0,0,544,0.015707801777422592,0.02646021642173286,0.00024673503667880034
545,0,0,545,0.01570780177742269,0.011388458996150548,0.0002467350366788034
546,0,0,546,0.01570780177742257,0.019737328149495328,0.00024673503667879963
547,0,0,547,0.015707801777422578,0.02488361363791787,0.0002467350366787999
548,0,0,548,0.015707801777422634,0.028531846023404223,0.0002467350366788017
549,0,0,549,0.015707801777422696,0.005634501292847559,0.0002467350366788035
550,0,0,550,0.01570780177742256,0.030042239061780492,0.0002467350366787993
551,0,0,551,0.015707801777422713,0.014753603769670406,0.0002467350366788042
552,0,0,552,0.01570780177742256,0.0036175601955879123,0.0002467350366787993
553,0,0,553,0.015707801777422634,0.02284086404090774,0.0002467350366788016
554,0,0,554,0.015707801777422568,0.031283084092581744,0.0002467350366787996
555,0,0,555,0.01570780177742265,0.003773846337607926,0.00024673503667880213
556,0,0,556,0.015707801777422606,0.010625998239245876,0.00024673503667880066
557,0,0,557,0.01570780177742264,0.009722383466571014,0.00024673503667880186
558,0,0,558,0.01570780177742258,0.021569978532836598,0.0002467350366787999
559,0,0,559,0.015707801777422665,0.0235696621531947,0.00024673503667880267
560,0,0,560,0.015707801777422554,0.008750474823473605,0.0002467350366787991
561,0,0,561,0.015707801777422647,0.03089202921482603,0.00024673503667880213
562,0,0,562,0.015707801777422554,0.02983237052565814,0.00024673503667879915
563,0,0,563,0.015707801777422623,0.018163418210546754,0.00024673503667880137
564,0,0,564,0.015707801777422727,0.0002310351299223403,0.00024673503667880457
565,0,0,565,0.01570780177742261,0.018445629991778397,0.0002467350366788009
566,0,0,566,0.015707801777422665,0.021552436602741025,0.00024673503667880256
567,0,0,567,0.01570780177742259,0.027172877282367388,0.0002467350366788002
568,0,0,568,0.015707801777422557,5.254459163603143e-05,0.00024673503667879915
569,0,0,569,0.01570780177742275,0.02413185279613564,0.00024673503667880527
570,0,0,570,0.015707801777422564,0.025573746466902796,0.00024673503667879947
571,0,0,571,0.015707801777422706,0.016024855267799516,0.00024673503667880397
572,0,0,572,0.015707801777422665,0.0036999041761516106,0.00024673503667880256
573,0,0,573,0.015707801777422613,0.02877805511535045,0.00024673503667880094
574,0,0,574,0.01570780177742267,0.0164129742638419,0.0002467350366788027
575,0,0,575,0.015707801777422647,0.01755846181862614,0.0002467350366788021
576,0,0,576,0.01570780177742255,0.029839502642659672,0.000246735036678799
577,0,0,577,0.015707801777422575,0.028390215910466643,0.00024673503667879974
578,0,0,578,0.015707801777422585,0.028811855594582568,0.00024673503667880007
579,0,0,579,0.015707801777422637,0.012752901805667648,0.0002467350366788018
580,0,0,580,0.015707801777422578,0.03141383852122907,0.0002467350366787999
581,0,0,581,0.01570780177742268,0.028596560363577286,0.00024673503667880305
582,0,0,582,0.015707801777422585,0.02750530191376043,0.00024673503667879996
583,0,0,583,0.015707801777422644,0.009299337994281584,0.00024673503667880197
584,0,0,584,0.015707801777422575,0.03139632802023577,0.00024673503667879974
585,0,0,585,0.015707801777422693,0.023915497011593644,0.00024673503667880354
586,0,0,586,0.01570780177742268,0.017367995598689102,0.00024673503667880294
587,0,0,587,0.015707801777422717,0.020418612913807536,0.0002467350366788042
588,0,0,588,0.015707801777422592,0.029457966495741082,0.0002467350366788003
589,0,0,589,0.01570780177742259,0.030765066207025734,0.0002467350366788002
590,0,0,590,0.015707801777422606,0.03066555315691198,0.0002467350366788006
591,0,0,591,0.015707801777422616,0.02192428084341044,0.00024673503667880234
592,0,0,592,0.015707801777422595,0.03021434111976116,0.00024673503667880045
593,0,0,593,0.015707801777422564,0.031356752243045,0.0002467350366787994
594,0,0,594,0.01570780177742267,0.008752823127179895,0.0002467350366788027
595,0,0,595,0.015707801777422547,0.028710926177800307,0.000246735036678799
596,0,0,596,0.015707801777422578,0.03139853316252536,0.00024673503667879985
597,0,0,597,0.015707801777422627,0.03138061947645505,0.00024673503667880137
598,0,0,598,0.0157078017774226,0.026280879419855904,0.00024673503667880056
599,0,0,599,0.015707801777422727,0.018669547133487886,0.00024673503667880457
600,0,0,600,0.015707801777422682,0.007218762217507924,0.0002467350366788031
601,0,0,601,0.015707801777422682,0.004941717876450034,0.0002467350366788032
602,0,0,602,0.015707801777422568,0.03133955091445072,0.0002467350366787996
603,0,0,603,0.015707801777422665,0.004505547081087488,0.0002467350366788026
604,0,0,604,0.015707801777422696,0.01834260804450906,0.00024673503667880365
605,0,0,605,0.015707801777422627,0.0116454233733175,0.0002467350366788014
606,0,0,606,0.01570780177742267,0.01978788355004072,0.00024673503667880267
607,0,0,607,0.015707801777422616,0.02709016984824727,0.000246735036678801
608,0,0,608,0.015707801777422578,0.031222854299846357,0.00024673503667879985
609,0,0,609,0.01570780177742253,0.027559187519528894,0.00024673503667879833
610,0,0,610,0.015707801777422675,0.0011157334972947978,0.00024673503667880294
611,0,0,611,0.015707801777422578,0.031044442443103087,0.0002467350366787998
612,0,0,612,0.015707801777422547,0.029529934171245224,0.00024673503667879893
613,0,0,613,0.015707801777422672,0.009166080294348178,0.0002467350366788028
614,0,0,614,0.015707801777422536,0.02918991037059211,0.00024673503667879855
615,0,0,615,0.015707801777422592,0.015553482006955199,0.00024673503667880023
616,0,0,616,0.015707801777422706,0.01892018356208483,0.00024673503667880397
617,0,0,617,0.015707801777422578,0.005410199642452191,0.0002467350366787998
618,0,0,618,0.015707801777422654,0.004325351859778362,0.0002467350366788023
619,0,0,619,0.01570780177742255,0.031167568098174187,0.00024673503667879904
620,0,0,620,0.015707801777422686,0.026869057186762545,0.00024673503667880316
621,0,0,621,0.015707801777422585,0.014244000158202194,0.00024673503667880007
622,0,0,622,0.015707801777422682,0.010865536957095273,0.0002467350366788031
623,0,0,623,0.01570780177742245,0.030692113169761486,0.00024673503667879595
624,0,0,624,0.015707801777422672,0.029585399972315157,0.0002467350366788029
625,0,0,625,0.015707801777422578,0.022394765875996075,0.00024673503667879985
626,0,0,626,0.015707801777422595,0.001665656807987806,0.00024673503667880045
627,0,0,627,0.015707801777422602,0.030703857129111136,0.00024673503667880066
628,0,0,628,0.01570780177742257,0.001816588702819778,0.00024673503667879963
629,0,0,629,0.01570780177742258,0.005204627376013337,0.00024673503667879996
630,0,0,630,0.01570780177742258,0.03038098087188015,0.0002467350366788
631,0,0,631,0.01570780177742251,0.030454888685897758,0.0002467350366787978
632,0,0,632,0.015707801777422602,0.023084180698176825,0.00024673503667880066
633,0,0,633,0.015707801777422578,0.030413516156753435,0.00024673503667879985
634,0,0,634,0.01570780177742276,0.021966798990334394,0.0002467350366788056
635,0,0,635,0.015707801777422696,0.02818928461480083,0.0002467350366788036
636,0,0,636,0.0157078017774226,0.02376181880245229,0.0002467350366788005
637,0,0,637,0.01570780177742261,0.010278178520631124,0.0002467350366788008
638,0,0,638,0.015707801777422696,0.007888064351011033,0.00024673503667880365
639,0,0,639,0.015707801777422592,0.028660622576080604,0.0002467350366788004
640,0,0,640,0.01570780177742255,0.026379556453094668,0.000246735036678799
641,0,0,641,0.015707801777422564,0.021044685083135967,0.0002467350366787995
642,0,0,642,0.015707801777422693,0.02195737213217894,0.00024673503667880343
643,0,0,643,0.015707801777422585,0.024591509225856473,0.0002467350366788002
644,0,0,644,0.015707801777422748,0.019062497589243492,0.0002467350366788052
645,0,0,645,0.015707801777422568,0.025692054502348603,0.0002467350366787995
646,0,0,646,0.015707801777422575,0.022675233830567153,0.0002467350366787998
647,0,0,647,0.015707801777422578,0.009988004469792413,0.00024673503667879996
648,0,0,648,0.01570780177742258,0.02958301802569165,0.0002467350366787999
649,0,0,649,0.01570780177742254,0.030116113167529514,0.00024673503667879866
650,0,0,650,0.015707801777422727,0.02242479364882091,0.0002467350366788046
651,0,0,651,0.015707801777422675,0.013502405827705129,0.00024673503667880283
652,0,0,652,0.015707801777422776,0.01152785849465141,0.00024673503667880603
653,0,0,653,0.015707801777422762,0.010096255903093411,0.00024673503667880565
654,0,0,654,0.015707801777422575,0.02615752163581999,0.00024673503667879963
655,0,0,655,0.01570780177742259,0.023240458415482515,0.0002467350366788002
656,0,0,656,0.01570780177742261,0.028688461577382213,0.0002467350366788009
657,0,0,657,0.01570780177742258,0.02183343582886162,0.00024673503667879996
658,0,0,658,0.015707801777422845,0.007981293776452634,0.00024673503667880825
659,0,0,659,0.015707801777422693,0.019867230664103334,0.00024673503667880343
660,0,0,660,0.015707801777422578,0.01040026915163709,0.0002467350366787999
661,0,0,661,0.015707801777422578,0.014322120387280979,0.00024673503667879985
662,0,0,662,0.015707801777422606,0.020570839695694083,0.0002467350366788007
663,0,0,663,0.015707801777422672,0.031004757605944167,0.0002467350366788028
664,0,0,664,0.015707801777422557,0.017587077162655538,0.0002467350366787992
665,0,0,665,0.015707801777422606,0.027969688378958,0.00024673503667880077
666,0,0,666,0.01570780177742264,0.016891954568777373,0.0002467350366788019
667,0,0,667,0.015707801777422568,0.029195382897141083,0.0002467350366787995
668,0,0,668,0.01570780177742256,0.030818733143974975,0.00024673503667879936
669,0,0,669,0.015707801777422665,0.025978303177835317,0.00024673503667880256
670,0,0,670,0.01570780177742264,0.02986055164307498,0.00024673503667880186
671,0,0,671,0.01570780177742273,0.016609794368738072,0.00024673503667880473
672,0,0,672,0.015707801777422606,0.030712326188015636,0.00024673503667880077
673,0,0,673,0.01570780177742262,0.014271014400888524,0.00024673503667880126
674,0,0,674,0.015707801777422762,0.03014569787197014,0.00024673503667880565
675,0,0,675,0.01570780177742257,0.021227713097881924,0.00024673503667879963
676,0,0,676,0.015707801777422516,0.016418334064612742,0.0002467350366787979
677,0,0,677,0.01570780177742267,0.0005776169644518925,0.00024673503667880267
678,0,0,678,0.01570780177742256,0.030203910794692486,0.0002467350366787993
679,0,0,679,0.015707801777422554,0.028175109392137715,0.0002467350366787992
680,0,0,680,0.01570780177742258,0.002789146504391002,0.0002467350366787999
681,0,0,681,0.015707801777422595,0.013010618630126656,0.0002467350366788005
682,0,0,682,0.015707801777422543,0.024772470170968564,0.00024673503667879877
683,0,0,683,0.01570780177742258,0.0004490902403005475,0.00024673503667879996
684,0,0,684,0.015707801777422738,0.031415158766428676,0.00024673503667880495
685,0,0,685,0.015707801777422623,0.026931542884687694,0.00024673503667880126
686,0,0,686,0.01570780177742268,0.0019010742314611948,0.00024673503667880283
687,0,0,687,0.015707801777422585,0.029200893908461274,0.0002467350366788002
688,0,0,688,0.01570780177742274,0.031309261006040395,0.000246735036678805
689,0,0,689,0.015707801777422602,0.02953511706082546,0.0002467350366788007
690,0,0,690,0.01570780177742258,0.030541048386432058,0.0002467350366788
691,0,0,691,0.01570780177742262,0.010171173051890416,0.00024673503667880115
692,0,0,692,0.01570780177742259,0.029396478624473383,0.0002467350366788002
693,0,0,693,0.01570780177742265,0.01212284031453997,0.00024673503667880224
694,0,0,694,0.015707801777422488,0.020661177224439012,0.000246735036678797
695,0,0,695,0.01570780177742258,0.03141084264419933,0.00024673503667879996
696,0,0,696,0.015707801777422585,0.017803260416619296,0.0002467350366788
697,0,0,697,0.015707801777422568,0.025555219768292264,0.00024673503667879963
698,0,0,698,0.01570780177742259,0.01740566576606701,0.0002467350366788002
699,0,0,699,0.015707801777422595,0.026134661515996593,0.0002467350366788004
700,0,0,700,1.9999383152895798,0.5514341991076005,0.0002467350366788076
701,0,0,701,0.015707801777422675,0.022475625271317946,0.0002467350366788029
702,0,0,702,0.01570780177742259,0.002234178724140738,0.00024673503667880023
703,0,0,703,0.015707801777422686,0.0020796972899931342,0.00024673503667880316
704,0,0,704,0.015707801777422533,0.014228717950903538,0.00024673503667879844
705,0,0,705,0.015707801777422602,0.026076185613629402,0.0002467350366788006
706,0,0,706,0.015707801777422693,0.002106657467661898,0.0002467350366788032
707,0,0,707,0.01570780177742258,0.022926372240194563,0.00024673503667879996
708,0,0,708,0.01570780177742258,0.031329661230940956,0.00024673503667880007
709,0,0,709,0.01570780177742264,0.013410781435567325,0.0002467350366788018
710,0,0,710,0.015707801777422627,0.013729000334033951,0.0002467350366788014
711,0,0,711,0.0157078017774226,0.029081154907503817,0.00024673503667880056
712,0,0,712,0.015707801777422554,0.026018420694121507,0.0002467350366787991
713,0,0,713,0.01570780177742267,0.013670853688362882,0.0002467350366788028
714,0,0,714,0.015707801777422672,0.026309798802705984,0.00024673503667880283
715,0,0,715,0.015707801777422564,0.027182435277716726,0.0002467350366787995
716,0,0,716,0.01570780177742259,0.03092819205532755,0.0002467350366788002
717,0,0,717,0.01570780177742257,0.02185972191269546,0.00024673503667879963
718,0,0,718,0.015707801777422717,0.026917810937722133,0.00024673503667880424
719,0,0,719,0.01570780177742269,0.02952577591315763,0.0002467350366788034
720,0,0,720,0.015707801777422516,0.011963297082919034,0.0002467350366787979
721,0,0,721,0.015707801777422672,0.005525727879258386,0.0002467350366788027
722,0,0,722,0.015707801777422554,0.018546751943970166,0.0002467350366787991
723,0,0,723,0.01570780177742258,0.030764650323212638,0.0002467350366787999
724,0,0,724,0.015707801777422616,0.015056839137786451,0.0002467350366788011
725,0,0,725,0.0157078017774226,0.011792843764186541,0.00024673503667880056
726,0,0,726,0.0157078017774227,0.006673611206043913,0.00024673503667880365
727,0,0,727,0.015707801777422526,0.0291823316621621,0.00024673503667879817
728,0,0,728,0.01570780177742257,0.008226343242378363,0.0002467350366787997
729,0,0,729,0.015707801777422523,0.02236932892742656,0.000246735036678798
730,0,0,730,0.01570780177742256,0.030515312186560825,0.0002467350366787993
731,0,0,731,0.01570780177742276,0.019733700868757836,0.00024673503667880554
732,0,0,732,0.01570780177742259,0.031117634261631624,0.00024673503667880034
733,0,0,733,0.015707801777422557,0.013010461037611398,0.0002467350366787993
734,0,0,734,0.015707801777422665,0.03086269101757261,0.00024673503667880256
735,0,0,735,0.01570780177742265,0.03116492979276491,0.00024673503667880224
736,0,0,736,0.015707801777422547,0.025614846786397093,0.00024673503667879893
737,0,0,737,0.01570780177742263,0.004460193441588986,0.0002467350366788017
738,0,0,738,0.015707801777422512,0.013613095393696352,0.00024673503667879785
739,0,0,739,0.015707801777422575,0.03132439497934797,0.00024673503667879985
740,0,0,740,0.015707801777422606,0.008724391186337138,0.00024673503667880104
741,0,0,741,0.015707801777422686,0.01496937682735543,0.00024673503667880327
742,0,0,742,0.015707801777422436,0.01925260796526294,0.0002467350366787955
743,0,0,743,0.01570780177742261,0.012208760940485725,0.00024673503667880077
744,0,0,744,0.01570780177742253,0.028010843829532325,0.00024673503667879833
745,0,0,745,0.015707801777422738,0.01473325057320032,0.00024673503667880495
746,0,0,746,0.01570780177742267,0.0019484281974746387,0.0002467350366788027
747,0,0,747,0.015707801777422696,0.009620719159087517,0.0002467350366788036
748,0,0,748,0.01570780177742258,0.0019717008393975825,0.00024673503667879996
749,0,0,749,0.015707801777422585,0.0016647707845594665,0.0002467350366788001
750,0,0,750,0.015707801777422734,0.030796070808876468,0.00024673503667880473
751,0,0,751,0.015707801777422665,0.02427960696368287,0.00024673503667880267
752,0,0,752,0.015707801777422585,0.02043708129063345,0.00024673503667880007
753,0,0,753,0.015707801777422484,0.02459901694133289,0.0002467350366787969
754,0,0,754,0.015707801777422658,0.010323337021228837,0.0002467350366788024
755,0,0,755,0.01570780177742264,0.02828600583621898,0.0002467350366788019
756,0,0,756,0.01570780177742258,0.024470736582149807,0.00024673503667880007
757,0,0,757,0.015707801777422568,0.02459261683540804,0.0002467350366787995
758,0,0,758,0.01570780177742255,0.006770044257351482,0.000246735036678799
759,0,0,759,0.0157078017774227,0.003896108552220952,0.00024673503667880365
760,0,0,760,0.015707801777422592,0.031026162616034438,0.00024673503667880023
761,0,0,761,0.015707801777422658,0.02826621873370046,0.0002467350366788023
762,0,0,762,0.01570780177742261,0.010333366887896916,0.0002467350366788008
763,0,0,763,0.01570780177742259,0.03070713152351185,0.0002467350366788001
764,0,0,764,0.015707801777422557,0.03112947007679407,0.00024673503667879936
765,0,0,765,0.015707801777422592,0.031155036164045215,0.0002467350366788003
766,0,0,766,0.015707801777422602,0.014855613881897364,0.0002467350366788006
767,0,0,767,0.015707801777422568,0.02974076820524268,0.0002467350366787996
768,0,0,768,0.015707801777422578,0.031313966593730175,0.0002467350366787999
769,0,0,769,0.015707801777422523,0.03008401036456581,0.00024673503667879817
770,0,0,770,0.01570780177742256,0.030584388147135086,0.0002467350366787993
771,0,0,771,0.015707801777422693,0.006015910594227222,0.0002467350366788035
772,0,0,772,0.015707801777422675,0.02433069396831632,0.000246735036678803
773,0,0,773,0.015707801777422634,0.015471866528769841,0.00024673503667880164
774,0,0,774,0.01570780177742259,0.003873763267869632,0.00024673503667880023
775,0,0,775,0.01570780177742266,0.012695715187582494,0.00024673503667880245
776,0,0,776,0.015707801777422523,0.0008358050170536226,0.00024673503667879817
777,0,0,777,0.015707801777422578,0.03138372730380979,0.0002467350366787999
778,0,0,778,0.015707801777422623,0.015314357262656732,0.00024673503667880126
779,0,0,779,0.01570780177742258,0.03025079646295969,0.0002467350366788
780,0,0,780,0.015707801777422554,0.03106393454827618,0.0002467350366787991
781,0,0,781,0.0157078017774226,0.0157865301051761,0.0002467350366788005
782,0,0,782,0.015707801777422693,0.02171330840799214,0.00024673503667880343
783,0,0,783,0.015707801777422575,0.02413049807135113,0.00024673503667879974
784,0,0,784,0.01570780177742257,0.01772588001242137,0.00024673503667879974
785,0,0,785,0.015707801777422557,0.014784782176288465,0.0002467350366787992
786,0,0,786,0.015707801777422623,0.008005411274709334,0.00024673503667880126
787,0,0,787,0.015707801777422554,0.012104361052070363,0.0002467350366787991
788,0,0,788,0.01570780177742272,0.01846915043441286,0.00024673503667880435
789,0,0,789,0.01570780177742258,0.022922969241241823,0.00024673503667879996
790,0,0,790,0.015707801777422564,0.0019913923920939166,0.0002467350366787994
791,0,0,791,0.0157078017774226,0.02820109560883327,0.0002467350366788005
792,0,0,792,0.01570780177742255,0.0006202753335736431,0.00024673503667879904
793,0,0,793,0.015707801777422512,0.031204500361738084,0.00024673503667879785
794,0,0,794,0.015707801777422616,0.02237430783142408,0.00024673503667880104
795,0,0,795,0.01570780177742258,0.016846916096946028,0.0002467350366788
796,0,0,796,0.0157078017774226,0.030391827756255967,0.0002467350366788005
797,0,0,797,0.015707801777422585,0.014867751346493327,0.0002467350366788001
798,0,0,798,0.01570780177742256,0.0032603899781164644,0.00024673503667879936
799,0,0,799,0.01570780177742256,0.010002604821279352,0.00024673503667879936
800,0,0,800,0.015707801777422765,0.010936456598015861,0.00024673503667880576
801,0,0,801,0.01570780177742264,0.029399375277415176,0.0002467350366788019
802,0,0,802,0.01570780177742255,0.027295525467563603,0.0002467350366787991
803,0,0,803,0.015707801777422713,0.026507120486738183,0.00024673503667880413
804,0,0,804,0.015707801777422568,0.021667346918109582,0.0002467350366787995
805,0,0,805,0.015707801777422516,0.011971423802801749,0.000246735036678798
806,0,0,806,0.015707801777422592,0.024864714636835414,0.0002467350366788003
807,0,0,807,0.015707801777422717,0.030898789035761837,0.00024673503667880424
808,0,0,808,0.01570780177742258,0.03094629759307688,0.0002467350366787999
809,0,0,809,0.015707801777422654,0.022825226697034642,0.00024673503667880224
810,0,0,810,0.015707801777422467,0.022193428463132086,0.0002467350366787965
811,0,0,811,0.01570780177742274,0.015738195085317805,0.00024673503667880495
812,0,0,812,0.015707801777422602,0.019519270729862766,0.0002467350366788006
813,0,0,813,0.015707801777422578,0.029872295988454017,0.0002467350366787999
814,0,0,814,0.015707801777422606,0.028136362547496033,0.0002467350366788007
815,0,0,815,0.015707801777422578,0.03134651042670132,0.0002467350366787998
816,0,0,816,0.015707801777422595,0.028701708040795918,0.0002467350366788005
817,0,0,817,0.01570780177742255,0.025583166419022394,0.00024673503667879904
818,0,0,818,0.01570780177742269,0.025338879074502423,0.0002467350366788034
819,0,0,819,0.015707801777422675,0.02590669998727416,0.00024673503667880294
820,0,0,820,0.01570780177742259,0.0003886672795222842,0.0002467350366788
821,0,0,821,0.015707801777422564,0.01905656222280218,0.0002467350366787996
822,0,0,822,0.01570780177742266,0.003580662634513395,0.00024673503667880245
823,0,0,823,0.01570780177742265,0.03067714940398938,0.0002467350366788022
824,0,0,824,0.015707801777422613,0.00845138472939695,0.00024673503667880137
825,0,0,825,0.01570780177742259,0.0073216305732248434,0.0002467350366788002
826,0,0,826,0.015707801777422665,0.02321244847667892,0.00024673503667880267
827,0,0,827,0.015707801777422536,0.017924465216243194,0.00024673503667879855
828,0,0,828,0.015707801777422606,0.0198402949138878,0.0002467350366788007
829,0,0,829,0.015707801777422627,0.021673403545162142,0.0002467350366788014
830,0,0,830,0.015707801777422585,0.03141469421609133,0.0002467350366788002
831,0,0,831,0.01570780177742269,0.01004377994454066,0.0002467350366788033
832,0,0,832,0.015707801777422595,0.0020358491175971284,0.00024673503667880034
833,0,0,833,0.01570780177742264,0.02140157949431704,0.0002467350366788018
834,0,0,834,0.015707801777422578,0.023509257197963325,0.00024673503667879985
835,0,0,835,0.015707801777422575,0.027617403632206557,0.0002467350366787998
836,0,0,836,0.015707801777422526,0.028663785506869818,0.0002467350366787982
837,0,0,837,0.01570780177742258,0.03090362970724827,0.00024673503667879996
838,0,0,838,0.015707801777422672,0.0004062297602222129,0.00024673503667880283
839,0,0,839,0.015707801777422557,0.012309434523445174,0.0002467350366787993
840,0,0,840,0.015707801777422578,0.005971184194097066,0.0002467350366787999
841,0,0,841,0.01570780177742268,0.017775798427748804,0.000246735036678803
842,0,0,842,0.015707801777422578,0.03093833866050829,0.00024673503667879996
843,0,0,843,0.01570780177742255,0.014801560919298884,0.000246735036678799
844,0,0,844,0.015707801777422557,0.016745140485869718,0.0002467350366787992
845,0,0,845,0.015707801777422908,0.031377023925483236,0.00024673503667881026
846,0,0,846,0.015707801777422557,0.015276634354380422,0.00024673503667879925
847,0,0,847,0.015707801777422592,0.0069258249667353815,0.00024673503667880034
848,0,0,848,0.015707801777422654,0.012595387381121892,0.00024673503667880224
849,0,0,849,0.01570780177742272,0.017509886111779692,0.0002467350366788043
850,0,0,850,0.01570780177742265,0.007598900259631761,0.00024673503667880213
851,0,0,851,0.01570780177742259,0.030668121779890783,0.0002467350366788002
852,0,0,852,0.0157078017774226,0.007098339399957628,0.00024673503667880045
853,0,0,853,0.015707801777422557,0.027436628385183286,0.00024673503667879915
854,0,0,854,0.01570780177742257,0.026568922452810614,0.0002467350366787995
855,0,0,855,0.015707801777422717,0.0179264148122456,0.0002467350366788042
856,0,0,856,0.015707801777422568,0.0019786107758303284,0.00024673503667879947
857,0,0,857,0.015707801777422665,0.007133920493035605,0.0002467350366788026
858,0,0,858,0.015707801777422665,0.02064791531973067,0.00024673503667880256
859,0,0,859,0.015707801777422592,0.014800490038179053,0.0002467350366788003
860,0,0,860,0.01570780177742256,0.025487797448161115,0.00024673503667879936
861,0,0,861,0.01570780177742265,0.02403674828440478,0.0002467350366788022
862,0,0,862,0.015707801777422554,0.012067565660390855,0.00024673503667879915
863,0,0,863,0.015707801777422734,0.018667953671652887,0.00024673503667880473
864,0,0,864,0.015707801777422477,0.02417249590584253,0.0002467350366787967
865,0,0,865,0.0157078017774226,0.024896277452122507,0.0002467350366788004
866,0,0,866,0.01570780177742258,0.017625036081450378,0.0002467350366788
867,0,0,867,0.01570780177742264,0.011109670264986457,0.0002467350366788018
868,0,0,868,0.01570780177742257,0.014285755202728068,0.0002467350366787997
869,0,0,869,0.015707801777422665,0.0018830757779281992,0.0002467350366788027
870,0,0,870,0.015707801777422665,0.019352963489886552,0.00024673503667880256
871,0,0,871,0.01570780177742254,0.008737400140806695,0.00024673503667879877
872,0,0,872,0.01570780177742258,0.031055218605643153,0.0002467350366788
873,0,0,873,0.0157078017774226,0.021913376639086334,0.00024673503667880056
874,0,0,874,0.015707801777422578,0.03138309535378606,0.0002467350366787999
875,0,0,875,0.01570780177742257,0.014534394020195768,0.0002467350366787997
876,0,0,876,0.015707801777422755,0.02736171118628275,0.00024673503667880543
877,0,0,877,0.015707801777422706,0.0313970374554705,0.0002467350366788039
878,0,0,878,0.015707801777422606,0.028389305574062825,0.0002467350366788006
879,0,0,879,0.01570780177742271,0.020528643175278253,0.0002467350366788041
880,0,0,880,0.015707801777422703,0.0005329120844730756,0.00024673503667880375
881,0,0,881,0.015707801777422613,0.014005596271046297,0.00024673503667880104
882,0,0,882,0.01570780177742251,0.024788943202857634,0.00024673503667879774
883,0,0,883,0.0157078017774226,0.02003607346946818,0.0002467350366788005
884,0,0,884,0.015707801777422637,0.01802349598654746,0.00024673503667880175
885,0,0,885,0.01570780177742255,0.006650923298746986,0.000246735036678799
886,0,0,886,0.015707801777422557,0.01094610800621975,0.0002467350366787992
887,0,0,887,0.015707801777422602,0.029493027208736484,0.00024673503667880066
888,0,0,888,0.015707801777422585,0.02556461074216095,0.0002467350366788001
889,0,0,889,0.01570780177742267,0.004500688185935341,0.00024673503667880267
890,0,0,890,0.01570780177742271,0.031165334167011005,0.000246735036678804
891,0,0,891,0.01570780177742269,0.023606837037831025,0.0002467350366788033
892,0,0,892,0.01570780177742267,0.026192883940873626,0.0002467350366788027
893,0,0,893,0.015707801777422613,0.01096689550044155,0.00024673503667880104
894,0,0,894,0.01570780177742257,0.0297877655614227,0.00024673503667879996
895,0,0,895,0.0157078017774227,0.017120945820956874,0.00024673503667880375
896,0,0,896,0.015707801777422696,0.013064322972533696,0.0002467350366788036
897,0,0,897,0.01570780177742256,0.027876625656598403,0.00024673503667879936
898,0,0,898,0.015707801777422665,0.026405858218161896,0.00024673503667880267
899,0,0,899,0.01570780177742267,0.013194564519648575,0.0002467350366788026
900,0,0,900,0.015707801777422536,0.030808178174339045,0.0002467350366787985
901,0,0,901,0.015707801777422554,0.008585068906052545,0.0002467350366787991
902,0,0,902,0.01570780177742259,0.02132612035987,0.00024673503667880023
903,0,0,903,0.01570780177742267,0.013448701391482088,0.00024673503667880267
904,0,0,904,0.015707801777422616,0.02646036883326765,0.0002467350366788011
905,0,0,905,0.01570780177742269,0.0085723273840335,0.00024673503667880327
906,0,0,906,0.01570780177742262,0.015407794965767916,0.0002467350366788012
907,0,0,907,0.015707801777422613,0.022194823470718203,0.000246735036678801
908,0,0,908,0.015707801777422634,0.025731672584465345,0.0002467350366788016
909,0,0,909,0.01570780177742258,0.031395868518334556,0.00024673503667880007
910,0,0,910,0.015707801777422578,0.03140991453816352,0.0002467350366787999
911,0,0,911,0.015707801777422408,0.024135612610852033,0.0002467350366787945
912,0,0,912,0.015707801777422575,0.019695024707579927,0.00024673503667879985
913,0,0,913,0.015707801777422675,0.01723191170259552,0.0002467350366788029
914,0,0,914,0.015707801777422693,0.00019658776166659538,0.00024673503667880343
915,0,0,915,0.015707801777422575,0.029292726135067258,0.0002467350366787998
916,0,0,916,0.015707801777422575,0.0005649513840445917,0.00024673503667879985
917,0,0,917,0.015707801777422693,0.007727664378904939,0.0002467350366788034
918,0,0,918,0.015707801777422675,0.008289665527226178,0.00024673503667880305
919,0,0,919,0.015707801777422783,0.02538597105625205,0.0002467350366788063
920,0,0,920,0.01570780177742269,0.008148871714076121,0.0002467350366788034
921,0,0,921,0.015707801777422634,0.009595692241724869,0.00024673503667880164
922,0,0,922,0.01570780177742257,0.028135421662466468,0.00024673503667879963
923,0,0,923,0.0157078017774227,0.022008031941147522,0.0002467350366788037
924,0,0,924,0.015707801777422606,0.014473263584480941,0.0002467350366788007
925,0,0,925,0.015707801777422682,0.024908407289092563,0.00024673503667880316
926,0,0,926,0.015707801777422713,0.031190805817544624,0.00024673503667880413
927,0,0,927,0.015707801777422734,0.019399234402771647,0.00024673503667880484
928,0,0,928,0.015707801777422592,0.0033520830146122485,0.00024673503667880034
929,0,0,929,0.01570780177742261,0.03135669720314385,0.00024673503667880094
930,0,0,930,0.015707801777422585,0.02151166984096393,0.00024673503667880007
931,0,0,931,0.01570780177742278,0.02984042701649453,0.00024673503667880614
932,0,0,932,0.01570780177742266,0.004397245670643439,0.0002467350366788025
933,0,0,933,0.015707801777422665,0.029610445177219596,0.00024673503667880256
934,0,0,934,0.01570780177742258,0.011227796601978868,0.00024673503667879996
935,0,0,935,0.015707801777422797,0.031087871595232186,0.00024673503667880674
936,0,0,936,0.015707801777422578,0.03141263166234785,0.0002467350366787999
937,0,0,937,0.015707801777422578,0.013629296963212805,0.0002467350366787999
938,0,0,938,0.015707801777422616,0.029982377397285875,0.0002467350366788011
939,0,0,939,0.01570780177742267,0.009771333551190527,0.0002467350366788028
940,0,0,940,0.015707801777422592,0.014999790649753535,0.00024673503667880023
941,0,0,941,0.015707801777422585,0.03113011727100101,0.00024673503667880007
942,0,0,942,0.01570780177742263,0.02838361411706731,0.00024673503667880153
943,0,0,943,0.015707801777422713,0.021861583095076784,0.00024673503667880413
944,0,0,944,0.015707801777422585,0.030996935412148915,0.0002467350366788001
945,0,0,945,0.015707801777422665,0.011280979434180284,0.0002467350366788026
946,0,0,946,0.015707801777422585,0.031046134666839045,0.00024673503667880023
947,0,0,947,0.015707801777422613,0.028793067298687976,0.0002467350366788011
948,0,0,948,0.015707801777422575,0.031394968915151575,0.0002467350366787998
949,0,0,949,0.01570780177742253,0.028805593791969477,0.0002467350366787984
950,0,0,950,0.015707801777422627,0.02873666444473025,0.00024673503667880137
951,0,0,951,0.015707801777422592,0.018547415731399796,0.0002467350366788003
952,0,0,952,0.015707801777422578,0.02718184723599766,0.0002467350366787999
953,0,0,953,0.015707801777422675,0.029576646712431418,0.000246735036678803
954,0,0,954,0.015707801777422637,0.015870211122339217,0.00024673503667880164
955,0,0,955,0.015707801777422613,0.027006082957056695,0.00024673503667880094
956,0,0,956,0.015707801777422502,0.0008928657226061886,0.00024673503667879747
957,0,0,957,0.01570780177742265,0.02298998172189997,0.0002467350366788022
958,0,0,958,0.01570780177742263,0.019799079455124866,0.0002467350366788015
959,0,0,959,0.0157078017774226,0.01024183478439129,0.00024673503667880056
960,0,0,960,0.01570780177742258,0.030872199559510313,0.0002467350366788
961,0,0,961,0.015707801777422505,0.02252314359408556,0.0002467350366787976
962,0,0,962,0.01570780177742263,0.0187277020206367,0.0002467350366788015
963,0,0,963,0.015707801777422575,0.027530403876085748,0.0002467350366787998
964,0,0,964,0.015707801777422606,0.024977792777099377,0.0002467350366788007
965,0,0,965,0.01570780177742252,0.024557151237466435,0.00024673503667879806
966,0,0,966,0.01570780177742256,0.02522099649848264,0.00024673503667879925
967,0,0,967,0.015707801777422665,0.00867338304545228,0.0002467350366788026
968,0,0,968,0.015707801777422575,0.0032356720301906336,0.00024673503667879974
969,0,0,969,0.015707801777422724,0.018864256209680533,0.0002467350366788045
970,0,0,970,0.015707801777422554,0.0304518247068398,0.0002467350366787991
971,0,0,971,0.01570780177742272,0.0014417945256286013,0.0002467350366788044
972,0,0,972,0.015707801777422665,0.016337093905580316,0.00024673503667880256
973,0,0,973,0.015707801777422547,0.009404477150502553,0.00024673503667879893
974,0,0,974,0.015707801777422557,0.03137175214082759,0.0002467350366787993
975,0,0,975,0.01570780177742249,0.011150922112057206,0.0002467350366787972
976,0,0,976,0.01570780177742269,0.02954796938501199,0.00024673503667880343
977,0,0,977,0.015707801777422575,0.03133426861443168,0.00024673503667879985
978,0,0,978,0.015707801777422578,0.03137398519192471,0.00024673503667879985
979,0,0,979,0.01570780177742255,0.02265567326996187,0.000246735036678799
980,0,0,980,0.015707801777422533,0.015462023378163166,0.00024673503667879855
981,0,0,981,0.015707801777422592,0.03110752133590943,0.0002467350366788003
982,0,0,982,0.015707801777422613,0.030650246546210305,0.000246735036678801
983,0,0,983,0.01570780177742258,0.03141479874480929,0.00024673503667879996
984,0,0,984,0.015707801777422703,0.016606701665870534,0.00024673503667880375
985,0,0,985,0.015707801777422672,0.028554147680632795,0.0002467350366788028
986,0,0,986,0.015707801777422554,0.017423101123788136,0.000246735036678799
987,0,0,987,0.015707801777422547,0.022079019182839405,0.0002467350366787989
988,0,0,988,0.01570780177742258,0.029844255731281404,0.0002467350366787999
989,0,0,989,0.015707801777422564,0.004813214567360535,0.00024673503667879947
990,0,0,990,0.015707801777422564,0.016651762261549845,0.0002467350366787994
991,0,0,991,0.015707801777422564,0.031065317844988116,0.00024673503667879936
992,0,0,992,0.015707801777422772,0.016413418513142156,0.000246735036678806
993,0,0,993,0.015707801777422762,0.020071289641482918,0.00024673503667880565
994,0,0,994,0.015707801777422568,0.031015174788083237,0.00024673503667879947
995,0,0,995,0.01570780177742259,0.003147532871304566,0.00024673503667880023
996,0,0,996,0.015707801777422717,0.012346446550367653,0.00024673503667880424
997,0,0,997,0.015707801777422595,0.03088763286047196,0.0002467350366788004
998,0,0,998,0.015707801777422602,0.012568695113160456,0.00024673503667880245
999,0,0,999,0.015707801777422557,0.018095256160062707,0.00024673503667879915
