,Layer,Qubit,Run,2-Norm,Trace Norm,Diamond Norm
0,0,0,0,0.031414634623641406,0.062198385218147384,0.000986879268536889
1,0,0,1,0.031414634623641184,0.04942489268847953,0.0009868792685368759
2,0,0,2,0.03141463462364122,0.05325021004379652,0.000986879268536878
3,0,0,3,0.03141463462364137,0.0605622279379282,0.0009868792685368874
4,0,0,4,0.03141463462364139,0.0604171979580841,0.0009868792685368887
5,0,0,5,0.03141463462364115,0.055030349737208946,0.0009868792685368733
6,0,0,6,0.0314146346236414,0.021865511672113206,0.00098687926853689
7,0,0,7,0.03141463462364135,0.02700165709388844,0.0009868792685368856
8,0,0,8,0.031414634623641365,0.04699316029868587,0.000986879268536887
9,0,0,9,0.03141463462364136,0.051968726059941635,0.0009868792685368865
10,0,0,10,0.03141463462364136,0.04311309098638452,0.0009868792685368863
11,0,0,11,0.03141463462364111,0.02955746186201636,0.0009868792685368702
12,0,0,12,0.031414634623641205,0.048476986069811975,0.0009868792685368765
13,0,0,13,0.031414634623641365,0.0169378717716378,0.0009868792685368867
14,0,0,14,0.031414634623641385,0.038243069557534544,0.0009868792685368882
15,0,0,15,0.0314146346236414,0.060192572937015104,0.0009868792685368887
16,0,0,16,1.9997532649633214,3.9994940174958833,0.0009868792685368923
17,0,0,17,0.03141463462364139,0.062396962952895096,0.0009868792685368887
18,0,0,18,0.0314146346236414,0.05720323268227201,0.0009868792685368887
19,0,0,19,0.03141463462364131,0.0472358106496961,0.0009868792685368832
20,0,0,20,0.031414634623641385,0.062289338284718394,0.000986879268536888
21,0,0,21,0.031414634623641344,0.014963383273427873,0.0009868792685368854
22,0,0,22,0.031414634623641434,0.04554543281259244,0.000986879268536891
23,0,0,23,0.031414634623641406,0.026149479463791262,0.0009868792685368889
24,0,0,24,0.03141463462364141,0.06047315734980154,0.00098687926853689
25,0,0,25,0.031414634623641385,0.056524816479103984,0.0009868792685368882
26,0,0,26,0.031414634623641385,0.022099405338214927,0.0009868792685368882
27,0,0,27,0.03141463462364117,0.0627810623247779,0.0009868792685368748
28,0,0,28,0.0314146346236413,0.04474641193000176,0.0009868792685368828
29,0,0,29,0.031414634623641045,0.039627401251719443,0.0009868792685368665
30,0,0,30,0.03141463462364133,0.05795325406853721,0.0009868792685368845
31,0,0,31,0.03141463462364139,0.044402738327833764,0.000986879268536888
32,0,0,32,0.03141463462364146,0.04258034100540495,0.0009868792685368928
33,0,0,33,0.031414634623641274,0.03443209432876815,0.0009868792685368806
34,0,0,34,0.0314146346236413,0.053950361746114624,0.0009868792685368828
35,0,0,35,0.031414634623641316,0.027898160379546545,0.0009868792685368835
36,0,0,36,0.03141463462364137,0.03413867595404604,0.0009868792685368871
37,0,0,37,0.03141463462364139,0.06106202443188984,0.0009868792685368887
38,0,0,38,0.03141463462364139,0.016731745183819136,0.0009868792685368889
39,0,0,39,0.031414634623641524,0.05145933012289759,0.0009868792685368967
40,0,0,40,0.03141463462364139,0.04324466628780708,0.0009868792685368884
41,0,0,41,0.03141463462364118,0.005698714532103365,0.0009868792685368752
42,0,0,42,0.031414634623641434,0.0032762741107671277,0.0009868792685368913
43,0,0,43,0.03141463462364142,0.05627844815278197,0.0009868792685368902
44,0,0,44,0.03141463462364137,0.061008419696943365,0.0009868792685368871
45,0,0,45,0.03141463462364143,0.03841048810111483,0.0009868792685368906
46,0,0,46,0.03141463462364118,0.0057806036115197424,0.0009868792685368748
47,0,0,47,0.031414634623641226,0.027397053476423343,0.000986879268536878
48,0,0,48,0.0314146346236412,0.062130027902153454,0.0009868792685368765
49,0,0,49,0.03141463462364136,0.03917641532441183,0.000986879268536886
50,0,0,50,0.03141463462364121,0.024833278244789952,0.000986879268536877
51,0,0,51,0.031414634623641205,0.03665639877297006,0.0009868792685368767
52,0,0,52,0.03141463462364143,0.05444004533827824,0.0009868792685368904
53,0,0,53,0.03141463462364116,0.01188449443317465,0.0009868792685368743
54,0,0,54,0.03141463462364114,0.026606807403796298,0.000986879268536873
55,0,0,55,0.03141463462364114,0.043449548827053326,0.0009868792685368726
56,0,0,56,0.031414634623641254,0.01610097845651252,0.0009868792685368798
57,0,0,57,0.03141463462364113,0.011779339411453786,0.000986879268536872
58,0,0,58,0.03141463462364133,0.024914985786442575,0.0009868792685368848
59,0,0,59,0.031414634623641254,0.006605040130718699,0.0009868792685368798
60,0,0,60,0.03141463462364142,0.0491586117615675,0.0009868792685368902
61,0,0,61,0.03141463462364141,0.03641206956323262,0.00098687926853689
62,0,0,62,0.031414634623641365,0.06182375399341025,0.0009868792685368865
63,0,0,63,0.031414634623641205,0.011395299430492627,0.0009868792685368767
64,0,0,64,0.03141463462364147,0.053918952466439705,0.0009868792685368934
65,0,0,65,0.031414634623641184,0.06092582400597054,0.000986879268536875
66,0,0,66,0.03141463462364139,0.0628285553935075,0.0009868792685368887
67,0,0,67,0.03141463462364122,0.018731422015676347,0.0009868792685368776
68,0,0,68,0.031414634623641274,0.021361984103289475,0.0009868792685368813
69,0,0,69,0.03141463462364113,0.031246102091619276,0.000986879268536872
70,0,0,70,0.031414634623641365,0.02632201329713611,0.0009868792685368863
71,0,0,71,0.03141463462364148,0.04291003290668105,0.000986879268536894
72,0,0,72,0.031414634623641136,0.01716328312729402,0.0009868792685368722
73,0,0,73,0.03141463462364137,0.03923442626414956,0.000986879268536887
74,0,0,74,0.031414634623641316,0.03591642095770084,0.0009868792685368837
75,0,0,75,0.031414634623641184,0.02066449174290564,0.000986879268536875
76,0,0,76,0.03141463462364142,0.05483510295739155,0.0009868792685368902
77,0,0,77,0.03141463462364118,0.007650750006519034,0.0009868792685368746
78,0,0,78,0.0314146346236412,0.03351843334138263,0.0009868792685368763
79,0,0,79,0.03141463462364142,0.0008421737742992476,0.00098687926853689
80,0,0,80,0.03141463462364136,0.009035857590436644,0.0009868792685368865
81,0,0,81,0.03141463462364143,0.06104407178411729,0.0009868792685368906
82,0,0,82,0.031414634623641205,0.04303767466179607,0.0009868792685368765
83,0,0,83,0.03141463462364135,0.0390061400063007,0.000986879268536886
84,0,0,84,0.03141463462364131,0.021095099270847982,0.000986879268536883
85,0,0,85,0.03141463462364127,0.04286168080613385,0.0009868792685368806
86,0,0,86,0.03141463462364139,0.0626383537163071,0.0009868792685368882
87,0,0,87,0.031414634623641385,0.051088205545321765,0.0009868792685368882
88,0,0,88,0.03141463462364123,0.03686464938815096,0.0009868792685368782
89,0,0,89,0.03141463462364139,0.014888577003074478,0.0009868792685368887
90,0,0,90,0.03141463462364116,0.014203465417614795,0.0009868792685368737
91,0,0,91,0.03141463462364132,0.03294501684082225,0.0009868792685368839
92,0,0,92,0.031414634623641295,0.06030348963308197,0.0009868792685368824
93,0,0,93,0.03141463462364123,0.056328898515623324,0.0009868792685368782
94,0,0,94,0.03141463462364119,0.039350670508749123,0.000986879268536876
95,0,0,95,0.03141463462364137,0.0548074513706298,0.000986879268536887
96,0,0,96,0.03141463462364141,0.041119952523705997,0.0009868792685368895
97,0,0,97,0.03141463462364137,0.022611801456610424,0.0009868792685368871
98,0,0,98,0.03141463462364115,0.051779809156018826,0.000986879268536873
99,0,0,99,0.031414634623641365,0.05220474620864554,0.0009868792685368867
100,0,0,100,0.03141463462364135,0.006887794945110167,0.0009868792685368858
101,0,0,101,0.031414634623641184,0.015660000968963767,0.0009868792685368754
102,0,0,102,0.031414634623641365,0.05441624155649955,0.0009868792685368865
103,0,0,103,0.0314146346236414,0.053898416321895674,0.0009868792685368893
104,0,0,104,0.03141463462364133,0.054805206544735925,0.0009868792685368845
105,0,0,105,0.03141463462364118,0.006018320097607831,0.0009868792685368748
106,0,0,106,0.031414634623641205,0.005338759175306066,0.0009868792685368765
107,0,0,107,0.031414634623641156,0.008043376796856145,0.0009868792685368733
108,0,0,108,0.03141463462364133,0.025940403795067846,0.0009868792685368843
109,0,0,109,0.03141463462364136,0.06061583589389377,0.0009868792685368863
110,0,0,110,0.031414634623641184,0.0038537650894441946,0.000986879268536875
111,0,0,111,0.031414634623641406,0.06276263412024087,0.0009868792685368893
112,0,0,112,0.03141463462364137,0.05723488280339969,0.0009868792685368874
113,0,0,113,0.03141463462364122,0.019481387343287814,0.0009868792685368774
114,0,0,114,0.03141463462364118,0.01489495904465219,0.0009868792685368748
115,0,0,115,0.03141463462364131,0.0067902389354083156,0.000986879268536883
116,0,0,116,0.031414634623641476,0.05136819917404203,0.0009868792685368936
117,0,0,117,0.03141463462364139,0.040192369716828616,0.0009868792685368887
118,0,0,118,0.031414634623641344,0.0066441914703222115,0.0009868792685368854
119,0,0,119,0.03141463462364118,0.001969681307079378,0.0009868792685368746
120,0,0,120,0.0314146346236412,0.04870343211392797,0.0009868792685368763
121,0,0,121,0.0314146346236414,0.06270285559053246,0.0009868792685368887
122,0,0,122,0.031414634623641385,0.04675879891866554,0.000986879268536888
123,0,0,123,0.03141463462364118,0.005899842353454678,0.000986879268536875
124,0,0,124,0.03141463462364121,0.021405477939099013,0.0009868792685368772
125,0,0,125,0.03141463462364141,0.06226147085608983,0.0009868792685368897
126,0,0,126,0.03141463462364139,0.022074633268885816,0.0009868792685368887
127,0,0,127,0.03141463462364142,0.059354202718481915,0.0009868792685368904
128,0,0,128,0.03141463462364155,0.04310686242317226,0.0009868792685368988
129,0,0,129,0.031414634623641385,0.01903726148932381,0.0009868792685368884
130,0,0,130,0.03141463462364122,0.025857770032946585,0.0009868792685368778
131,0,0,131,0.03141463462364128,0.05070699796366824,0.0009868792685368815
132,0,0,132,0.03141463462364142,0.039203846645800344,0.00098687926853689
133,0,0,133,0.031414634623641274,0.062239748331411486,0.000986879268536881
134,0,0,134,0.0314146346236414,0.052214378503024655,0.0009868792685368889
135,0,0,135,0.031414634623641406,0.06217033656621638,0.0009868792685368895
136,0,0,136,0.03141463462364114,0.03822731100868487,0.000986879268536873
137,0,0,137,0.03141463462364143,0.05756263002190656,0.0009868792685368908
138,0,0,138,0.03141463462364111,0.05319586921432239,0.0009868792685368707
139,0,0,139,0.03141463462364134,0.04601333187912964,0.000986879268536885
140,0,0,140,0.031414634623641406,0.05799235565556594,0.000986879268536889
141,0,0,141,0.031414634623641295,0.015783360141933364,0.0009868792685368824
142,0,0,142,0.03141463462364114,0.02980647861285788,0.0009868792685368724
143,0,0,143,0.03141463462364135,0.06016242280440686,0.000986879268536886
144,0,0,144,0.031414634623641344,0.012581600621819787,0.0009868792685368854
145,0,0,145,0.031414634623641156,0.028684814647363912,0.0009868792685368737
146,0,0,146,0.031414634623641434,0.04982224783068017,0.0009868792685368908
147,0,0,147,0.03141463462364123,0.050888364760453456,0.0009868792685368785
148,0,0,148,0.0314146346236414,0.06245501258920712,0.0009868792685368887
149,0,0,149,0.03141463462364127,0.05285247852140179,0.0009868792685368806
150,0,0,150,0.03141463462364139,0.055979269912454395,0.0009868792685368889
151,0,0,151,0.03141463462364132,0.05959511034194652,0.000986879268536884
152,0,0,152,0.03141463462364115,0.020759234465335952,0.000986879268536873
153,0,0,153,0.031414634623641156,0.05477244619380543,0.0009868792685368737
154,0,0,154,0.03141463462364136,0.06081445333600062,0.0009868792685368865
155,0,0,155,0.031414634623641316,0.014697313676385626,0.0009868792685368839
156,0,0,156,0.03141463462364132,0.015587847434691082,0.0009868792685368837
157,0,0,157,0.03141463462364135,0.007200463800619556,0.000986879268536886
158,0,0,158,0.03141463462364137,0.03636760795420281,0.000986879268536887
159,0,0,159,0.031414634623641406,0.0259790433278887,0.0009868792685368893
160,0,0,160,0.03141463462364129,0.043573798160563317,0.0009868792685368817
161,0,0,161,0.031414634623641066,0.04854194047529826,0.000986879268536868
162,0,0,162,0.031414634623641434,0.03205651380876044,0.0009868792685368913
163,0,0,163,0.0314146346236412,0.04563200709722095,0.000986879268536876
164,0,0,164,0.03141463462364139,0.060497004190712717,0.0009868792685368884
165,0,0,165,0.03141463462364111,0.05083048085672894,0.0009868792685368709
166,0,0,166,0.03141463462364141,0.044556894947337285,0.0009868792685368897
167,0,0,167,0.03141463462364132,0.011772812925508202,0.000986879268536884
168,0,0,168,0.03141463462364142,0.05923850191533778,0.0009868792685368902
169,0,0,169,0.0314146346236414,0.035139719205604505,0.000986879268536889
170,0,0,170,0.03141463462364139,0.06254162537969572,0.0009868792685368884
171,0,0,171,0.03141463462364133,0.022408873394431802,0.0009868792685368843
172,0,0,172,0.031414634623641365,0.059601743183765085,0.0009868792685368867
173,0,0,173,0.031414634623641316,0.02315122635360057,0.0009868792685368837
174,0,0,174,0.0314146346236414,0.022925303093287556,0.0009868792685368889
175,0,0,175,0.03141463462364139,0.008465270757053481,0.0009868792685368882
176,0,0,176,0.031414634623641184,0.02544811142134636,0.0009868792685368754
177,0,0,177,0.03141463462364115,0.06022267366167303,0.0009868792685368733
178,0,0,178,0.03141463462364144,0.03559824691863369,0.0009868792685368915
179,0,0,179,0.03141463462364143,0.045080971123088086,0.0009868792685368908
180,0,0,180,0.03141463462364142,0.007552568142996061,0.0009868792685368904
181,0,0,181,0.03141463462364132,0.0126824806344917,0.000986879268536884
182,0,0,182,0.031414634623641385,0.05415944886262878,0.000986879268536888
183,0,0,183,0.03141463462364139,0.06100681244833115,0.0009868792685368887
184,0,0,184,0.03141463462364123,0.012634467144143138,0.000986879268536879
185,0,0,185,0.03141463462364146,0.04132941980729651,0.0009868792685368928
186,0,0,186,0.03141463462364146,0.04271273031266889,0.0009868792685368932
187,0,0,187,0.03141463462364118,0.05434050399936388,0.0009868792685368748
188,0,0,188,0.03141463462364139,0.06260565103801691,0.0009868792685368887
189,0,0,189,0.03141463462364145,0.05370640984267713,0.0009868792685368915
190,0,0,190,0.03141463462364117,0.06177789595956929,0.0009868792685368743
191,0,0,191,0.03141463462364119,0.04058389513405304,0.0009868792685368754
192,0,0,192,0.0314146346236414,0.05433509580554831,0.0009868792685368889
193,0,0,193,0.031414634623641344,0.06282858221185253,0.0009868792685368854
194,0,0,194,0.03141463462364144,0.03094681824200551,0.0009868792685368917
195,0,0,195,0.03141463462364142,0.0624522850961588,0.00098687926853689
196,0,0,196,0.03141463462364116,0.015812173181743435,0.0009868792685368737
197,0,0,197,0.031414634623641156,0.019046946524744004,0.0009868792685368737
198,0,0,198,0.03141463462364117,0.005522343772815764,0.0009868792685368746
199,0,0,199,0.0314146346236414,0.06268627151010635,0.0009868792685368887
200,0,0,200,0.031414634623641365,0.059994177194500065,0.0009868792685368871
201,0,0,201,0.03141463462364131,0.05894270432077346,0.0009868792685368837
202,0,0,202,0.03141463462364132,0.017582725393786917,0.0009868792685368837
203,0,0,203,0.0314146346236411,0.05774381513367647,0.00098687926853687
204,0,0,204,0.03141463462364117,0.054682990718171814,0.0009868792685368743
205,0,0,205,0.03141463462364121,0.023689679238314124,0.0009868792685368772
206,0,0,206,0.03141463462364142,0.062190438833058685,0.00098687926853689
207,0,0,207,0.03141463462364142,0.05973991245514014,0.0009868792685368897
208,0,0,208,0.031414634623641156,0.05470532266523922,0.0009868792685368737
209,0,0,209,0.03141463462364112,0.015971316140505096,0.0009868792685368717
210,0,0,210,1.9997532649633212,3.0459661512547522,0.0009868792685368902
211,0,0,211,0.03141463462364146,0.029962292453471456,0.0009868792685368928
212,0,0,212,0.03141463462364117,0.053194617874631256,0.0009868792685368743
213,0,0,213,0.031414634623641434,0.05886563143445606,0.000986879268536891
214,0,0,214,0.03141463462364141,0.06210862357429002,0.0009868792685368897
215,0,0,215,0.03141463462364113,0.018367881936172028,0.000986879268536872
216,0,0,216,0.031414634623641406,0.01551717774764957,0.0009868792685368889
217,0,0,217,0.03141463462364123,0.023129731254069977,0.00098687926853688
218,0,0,218,0.031414634623641365,0.04163916154117167,0.0009868792685368867
219,0,0,219,0.031414634623641205,0.05136204956982906,0.0009868792685368767
220,0,0,220,0.031414634623641455,0.06247633506747958,0.0009868792685368921
221,0,0,221,0.03141463462364139,0.0339834487265844,0.0009868792685368882
222,0,0,222,0.03141463462364139,0.006950915417804903,0.000986879268536888
223,0,0,223,0.0314146346236412,0.019184033359218217,0.0009868792685368763
224,0,0,224,0.03141463462364135,0.06281384454821089,0.0009868792685368863
225,0,0,225,0.03141463462364143,0.04181387813455359,0.0009868792685368904
226,0,0,226,0.031414634623641365,0.05996048427159993,0.000986879268536887
227,0,0,227,0.031414634623641136,0.03382408436985804,0.0009868792685368722
228,0,0,228,0.031414634623641316,0.050630962352139514,0.0009868792685368839
229,0,0,229,0.03141463462364118,0.061925928967426935,0.0009868792685368748
230,0,0,230,0.03141463462364132,0.05765466120270074,0.0009868792685368839
231,0,0,231,0.03141463462364141,0.05184504160586045,0.0009868792685368895
232,0,0,232,0.03141463462364135,0.005448911461849856,0.0009868792685368856
233,0,0,233,0.03141463462364116,0.004022779150456122,0.0009868792685368743
234,0,0,234,0.03141463462364123,0.053075448780749185,0.0009868792685368785
235,0,0,235,0.03141463462364136,0.02926396963256292,0.0009868792685368865
236,0,0,236,0.031414634623641385,0.0618202155462572,0.000986879268536888
237,0,0,237,0.03141463462364136,0.0064734525350175435,0.0009868792685368863
238,0,0,238,0.03141463462364122,0.04287369230736391,0.0009868792685368778
239,0,0,239,0.03141463462364121,0.024964715276640268,0.0009868792685368767
240,0,0,240,0.03141463462364138,0.05479584316395435,0.000986879268536888
241,0,0,241,0.031414634623641406,0.034505080631407475,0.0009868792685368895
242,0,0,242,0.03141463462364118,0.02228102437954801,0.000986879268536875
243,0,0,243,1.9997532649633214,3.9993484283431453,0.0009868792685368923
244,0,0,244,0.031414634623641295,0.050985804419784495,0.0009868792685368826
245,0,0,245,0.031414634623641184,0.054384680926150536,0.0009868792685368756
246,0,0,246,0.03141463462364138,0.06253754469440888,0.0009868792685368876
247,0,0,247,0.031414634623641344,0.030485189396315757,0.0009868792685368854
248,0,0,248,0.03141463462364124,0.05698626866499739,0.0009868792685368787
249,0,0,249,0.03141463462364139,0.02892249035976226,0.0009868792685368884
250,0,0,250,0.03141463462364142,0.04685783261494909,0.0009868792685368904
251,0,0,251,0.03141463462364144,0.05818139566537428,0.0009868792685368917
252,0,0,252,0.03141463462364138,0.06239785472085837,0.0009868792685368878
253,0,0,253,0.031414634623641406,0.06257480118570004,0.000986879268536889
254,0,0,254,0.0314146346236413,0.022463897492176293,0.0009868792685368828
255,0,0,255,0.031414634623641156,0.0022221952833646748,0.0009868792685368737
256,0,0,256,0.03141463462364146,0.0059582947289890465,0.0009868792685368921
257,0,0,257,0.031414634623641205,0.04818560419586309,0.0009868792685368767
258,0,0,258,0.031414634623641156,0.0534642117545715,0.0009868792685368737
259,0,0,259,0.03141463462364116,0.061508319359062216,0.000986879268536874
260,0,0,260,0.031414634623641365,0.00408777515986054,0.000986879268536887
261,0,0,261,0.03141463462364144,0.027773838491549137,0.0009868792685368915
262,0,0,262,0.03141463462364147,0.06208691964725876,0.0009868792685368932
263,0,0,263,0.0314146346236414,0.05699802503841391,0.0009868792685368889
264,0,0,264,0.031414634623641156,0.05442688578176496,0.0009868792685368737
265,0,0,265,0.03141463462364122,0.0358201523093204,0.0009868792685368778
266,0,0,266,0.03141463462364136,0.02041318954461088,0.0009868792685368865
267,0,0,267,1.999753264963321,3.98084697554117,0.0009868792685369067
268,0,0,268,0.031414634623641136,0.00023255034067941487,0.0009868792685368724
269,0,0,269,0.031414634623641136,0.01797983781081209,0.0009868792685368724
270,0,0,270,0.03141463462364114,0.04444799895357734,0.0009868792685368728
271,0,0,271,0.03141463462364136,0.06059651305852206,0.0009868792685368865
272,0,0,272,0.0314146346236413,0.04825820885260206,0.0009868792685368826
273,0,0,273,0.03141463462364136,0.05198439400873565,0.0009868792685368863
274,0,0,274,0.03141463462364141,0.058056709175012884,0.0009868792685368895
275,0,0,275,0.03141463462364138,0.04960914987564999,0.0009868792685368874
276,0,0,276,0.03141463462364115,0.0509126616037236,0.0009868792685368733
277,0,0,277,0.03141463462364111,0.03413677117150721,0.0009868792685368704
278,0,0,278,0.03141463462364132,0.022104710169307415,0.0009868792685368839
279,0,0,279,0.03141463462364119,0.02084432305769954,0.0009868792685368759
280,0,0,280,0.031414634623641205,0.020227202681620093,0.0009868792685368765
281,0,0,281,0.03141463462364118,0.02556814309273549,0.0009868792685368746
282,0,0,282,0.031414634623641344,0.034423846527534496,0.0009868792685368852
283,0,0,283,0.03141463462364142,0.05872167703908485,0.00098687926853689
284,0,0,284,0.03141463462364122,0.05508229067960807,0.0009868792685368774
285,0,0,285,0.031414634623641406,0.05272659473097861,0.0009868792685368893
286,0,0,286,0.031414634623641316,0.05357419331706279,0.0009868792685368837
287,0,0,287,0.031414634623641205,0.04388599945391731,0.0009868792685368763
288,0,0,288,0.031414634623641406,0.060867674497428574,0.0009868792685368893
289,0,0,289,0.03141463462364128,0.019962700063176943,0.000986879268536882
290,0,0,290,0.031414634623641254,0.0014772833052240466,0.0009868792685368798
291,0,0,291,0.03141463462364149,0.05836416698731643,0.0009868792685368945
292,0,0,292,0.0314146346236414,0.04981565731347455,0.0009868792685368889
293,0,0,293,0.03141463462364136,0.06252958858779237,0.0009868792685368865
294,0,0,294,0.03141463462364136,0.04118215574550187,0.0009868792685368863
295,0,0,295,0.03141463462364139,0.04943413643421277,0.0009868792685368884
296,0,0,296,0.031414634623641316,0.04348111369005073,0.0009868792685368837
297,0,0,297,0.03141463462364136,0.005657058542682226,0.0009868792685368865
298,0,0,298,0.03141463462364143,0.04959399139104147,0.0009868792685368906
299,0,0,299,0.03141463462364138,0.03387877525542586,0.0009868792685368874
300,0,0,300,0.031414634623641136,0.004662693651827639,0.0009868792685368722
301,0,0,301,0.03141463462364136,0.060644147761317,0.0009868792685368863
302,0,0,302,0.03141463462364137,0.05119157505308802,0.0009868792685368874
303,0,0,303,0.03141463462364136,0.06169910950396448,0.000986879268536886
304,0,0,304,0.03141463462364139,0.03484608217000557,0.0009868792685368878
305,0,0,305,0.03141463462364141,0.014486771700056782,0.00098687926853689
306,0,0,306,0.031414634623641344,0.04556349829474717,0.0009868792685368858
307,0,0,307,0.03141463462364145,0.045758441975898206,0.0009868792685368921
308,0,0,308,0.03141463462364136,0.004520514502016906,0.000986879268536886
309,0,0,309,0.031414634623641344,0.02687280745583617,0.0009868792685368852
310,0,0,310,0.03141463462364136,0.05700750038510562,0.0009868792685368865
311,0,0,311,0.03141463462364144,0.059915828080870856,0.0009868792685368915
312,0,0,312,0.03141463462364136,0.06137135533159423,0.0009868792685368863
313,0,0,313,0.03141463462364114,0.017830846602591276,0.0009868792685368724
314,0,0,314,0.0314146346236414,0.001269603184243923,0.0009868792685368887
315,0,0,315,0.03141463462364145,0.05936892200974774,0.0009868792685368915
316,0,0,316,0.03141463462364147,0.05076804013498078,0.0009868792685368932
317,0,0,317,0.03141463462364136,0.0507428285127327,0.0009868792685368865
318,0,0,318,0.03141463462364135,0.031189115635718096,0.000986879268536886
319,0,0,319,0.03141463462364134,0.027679988019513328,0.0009868792685368848
320,0,0,320,0.03141463462364121,0.04471542272122245,0.0009868792685368774
321,0,0,321,0.03141463462364121,0.046983008846878144,0.0009868792685368774
322,0,0,322,0.03141463462364133,0.022972718410456856,0.0009868792685368845
323,0,0,323,0.03141463462364145,0.05576234898836242,0.0009868792685368923
324,0,0,324,0.03141463462364121,0.026003691383615378,0.000986879268536877
325,0,0,325,0.03141463462364135,0.014743166864345642,0.0009868792685368863
326,0,0,326,0.031414634623641226,0.01834359891358514,0.0009868792685368776
327,0,0,327,0.031414634623641385,0.036176537287923846,0.000986879268536888
328,0,0,328,0.03141463462364134,0.00021639851357097969,0.0009868792685368848
329,0,0,329,0.031414634623641205,0.05040676282940087,0.0009868792685368767
330,0,0,330,0.03141463462364134,0.0072522119928030565,0.000986879268536885
331,0,0,331,0.03141463462364109,0.011456355190923506,0.0009868792685368691
332,0,0,332,0.031414634623641365,0.05788547115264481,0.0009868792685368867
333,0,0,333,0.031414634623641385,0.05725150941749792,0.0009868792685368882
334,0,0,334,0.031414634623641254,0.02765970366419436,0.0009868792685368795
335,0,0,335,0.03141463462364138,0.0285426221298881,0.0009868792685368876
336,0,0,336,0.03141463462364146,0.057668576518207476,0.0009868792685368926
337,0,0,337,0.03141463462364133,0.02549782152645757,0.0009868792685368848
338,0,0,338,0.031414634623641344,0.041361427148740616,0.0009868792685368854
339,0,0,339,0.03141463462364139,0.06078350179562261,0.0009868792685368887
340,0,0,340,0.03141463462364118,0.009037562344093487,0.0009868792685368754
341,0,0,341,0.031414634623641406,0.05491583600591158,0.0009868792685368895
342,0,0,342,0.03141463462364116,0.011502844980302207,0.0009868792685368741
343,0,0,343,0.031414634623641385,0.008320745872868832,0.0009868792685368882
344,0,0,344,0.03141463462364108,0.0546335760386266,0.000986879268536869
345,0,0,345,0.03141463462364123,0.038820947706747246,0.0009868792685368787
346,0,0,346,0.03141463462364149,0.061641993042569905,0.0009868792685368947
347,0,0,347,0.03141463462364142,0.05611923537419081,0.0009868792685368904
348,0,0,348,0.0314146346236412,0.0491498640678179,0.0009868792685368763
349,0,0,349,0.031414634623641385,0.05306683698014366,0.000986879268536888
350,0,0,350,0.03141463462364127,0.04132440140218892,0.0009868792685368806
351,0,0,351,0.03141463462364115,0.01574898311705189,0.000986879268536873
352,0,0,352,0.03141463462364119,0.046540341449319234,0.0009868792685368759
353,0,0,353,0.03141463462364118,0.029487321908288996,0.0009868792685368752
354,0,0,354,0.031414634623641365,0.02380053627281772,0.000986879268536887
355,0,0,355,0.031414634623641136,0.055249881565705164,0.0009868792685368724
356,0,0,356,0.0314146346236414,0.016192601298365517,0.0009868792685368887
357,0,0,357,0.03141463462364131,0.053608783484709134,0.0009868792685368832
358,0,0,358,0.03141463462364142,0.05944470513729984,0.0009868792685368902
359,0,0,359,0.03141463462364118,0.006167066369243969,0.0009868792685368746
360,0,0,360,0.031414634623641316,0.02512884024706537,0.0009868792685368835
361,0,0,361,0.03141463462364118,0.04065182564592128,0.0009868792685368752
362,0,0,362,0.03141463462364118,0.011080000802052396,0.0009868792685368746
363,0,0,363,0.031414634623641476,0.03347193965052756,0.0009868792685368939
364,0,0,364,1.9997532649633214,3.9992113561760827,0.0009868792685368902
365,0,0,365,0.03141463462364136,0.014291204339094315,0.0009868792685368865
366,0,0,366,0.03141463462364145,0.05129209924841237,0.0009868792685368921
367,0,0,367,0.03141463462364123,0.046532672355800615,0.0009868792685368785
368,0,0,368,0.031414634623641434,0.03320805261908782,0.000986879268536891
369,0,0,369,0.03141463462364141,0.06235267428925072,0.0009868792685368897
370,0,0,370,0.03141463462364127,0.03237595807360958,0.0009868792685368804
371,0,0,371,0.03141463462364117,0.051770798258963684,0.0009868792685368748
372,0,0,372,0.03141463462364142,0.05502191124834348,0.00098687926853689
373,0,0,373,0.031414634623641184,0.038294976906483195,0.0009868792685368752
374,0,0,374,0.03141463462364119,0.011456754417444776,0.0009868792685368752
375,0,0,375,0.03141463462364137,0.06080455414129192,0.0009868792685368871
376,0,0,376,0.031414634623641226,0.03388480426666182,0.0009868792685368782
377,0,0,377,0.031414634623641274,0.05875000289545475,0.0009868792685368809
378,0,0,378,0.03141463462364138,0.06086142023281369,0.000986879268536888
379,0,0,379,0.03141463462364138,0.05743284477262972,0.0009868792685368876
380,0,0,380,0.03141463462364112,0.05625221832447177,0.0009868792685368715
381,0,0,381,0.03141463462364118,0.031402631107928416,0.0009868792685368748
382,0,0,382,0.031414634623641344,0.06266626253973166,0.0009868792685368856
383,0,0,383,0.0314146346236414,0.03565831830669655,0.0009868792685368893
384,0,0,384,0.031414634623641434,0.059535874512185255,0.0009868792685368908
385,0,0,385,0.03141463462364118,0.0026095097716911085,0.0009868792685368743
386,0,0,386,0.031414634623641274,0.054103797656834526,0.0009868792685368813
387,0,0,387,0.03141463462364139,0.05199344741360269,0.0009868792685368884
388,0,0,388,0.03141463462364118,0.04863906220674112,0.0009868792685368752
389,0,0,389,0.03141463462364113,0.04104622736551637,0.0009868792685368722
390,0,0,390,0.0314146346236414,0.027087696079768138,0.0009868792685368893
391,0,0,391,0.031414634623641184,0.06282668321327362,0.000986879268536875
392,0,0,392,0.03141463462364139,0.0628183151793096,0.0009868792685368884
393,0,0,393,0.03141463462364124,0.015710978077452857,0.0009868792685368785
394,0,0,394,0.03141463462364119,0.05165291547133936,0.0009868792685368759
395,0,0,395,0.031414634623641184,0.04159262136645475,0.0009868792685368756
396,0,0,396,0.03141463462364115,0.03516937002430401,0.0009868792685368733
397,0,0,397,0.03141463462364111,0.03618520673784307,0.0009868792685368707
398,0,0,398,0.03141463462364139,0.06270241579962621,0.0009868792685368884
399,0,0,399,0.031414634623641385,0.06244401795100018,0.000986879268536888
400,0,0,400,0.03141463462364148,0.0421325468342029,0.000986879268536894
401,0,0,401,0.03141463462364139,0.06282527022744314,0.0009868792685368889
402,0,0,402,0.03141463462364142,0.03882953422314942,0.0009868792685368902
403,0,0,403,0.03141463462364109,0.050898062761944744,0.0009868792685368696
404,0,0,404,0.031414634623641385,0.0613548893315807,0.0009868792685368884
405,0,0,405,0.03141463462364136,0.0023436801747991256,0.0009868792685368867
406,0,0,406,0.031414634623641115,0.05273100510538949,0.000986879268536871
407,0,0,407,0.031414634623641254,0.011952350827888529,0.0009868792685368795
408,0,0,408,0.031414634623641205,0.025929250116861823,0.0009868792685368767
409,0,0,409,0.0314146346236414,0.06196535862716303,0.0009868792685368889
410,0,0,410,0.0314146346236414,0.047955218310635116,0.0009868792685368889
411,0,0,411,0.031414634623641434,0.006963747091128542,0.0009868792685368913
412,0,0,412,0.031414634623641156,0.046000898940253825,0.0009868792685368737
413,0,0,413,0.03141463462364138,0.054121108714725474,0.0009868792685368874
414,0,0,414,0.031414634623641156,0.0049511734349312955,0.0009868792685368735
415,0,0,415,0.03141463462364119,0.03865361956463511,0.0009868792685368756
416,0,0,416,0.03141463462364139,0.05649984143200101,0.0009868792685368884
417,0,0,417,0.031414634623641434,0.04523553547335894,0.0009868792685368908
418,0,0,418,0.0314146346236414,0.023787511592669834,0.0009868792685368884
419,0,0,419,0.031414634623641094,0.049996565690094676,0.0009868792685368694
420,0,0,420,0.0314146346236412,0.009461025522412687,0.0009868792685368765
421,0,0,421,0.03141463462364138,0.055362339416075046,0.0009868792685368878
422,0,0,422,0.03141463462364114,0.028715271716791346,0.0009868792685368728
423,0,0,423,0.031414634623641406,0.015331770370744523,0.0009868792685368895
424,0,0,424,0.03141463462364151,0.02950871174032381,0.000986879268536896
425,0,0,425,0.03141463462364133,0.03387267685911623,0.0009868792685368848
426,0,0,426,0.031414634623641316,0.012907742986690795,0.0009868792685368839
427,0,0,427,0.03141463462364133,0.023274124233476492,0.0009868792685368843
428,0,0,428,0.03141463462364139,0.02777081246665732,0.0009868792685368882
429,0,0,429,0.031414634623641156,0.007595708851535038,0.0009868792685368737
430,0,0,430,0.03141463462364132,0.05864268535307321,0.000986879268536884
431,0,0,431,0.031414634623641344,0.04714262340425594,0.0009868792685368854
432,0,0,432,0.0314146346236414,0.06269438960668694,0.0009868792685368889
433,0,0,433,0.03141463462364136,0.012745797108581576,0.0009868792685368858
434,0,0,434,0.0314146346236413,0.039819016361706906,0.0009868792685368828
435,0,0,435,0.03141463462364117,0.03250554149605683,0.0009868792685368748
436,0,0,436,0.03141463462364142,0.05618001786212819,0.0009868792685368902
437,0,0,437,0.03141463462364147,0.017725962198278232,0.0009868792685368934
438,0,0,438,0.03141463462364132,0.028503184081126603,0.000986879268536884
439,0,0,439,0.031414634623641434,0.02996220737785279,0.000986879268536891
440,0,0,440,0.031414634623641406,0.06235928542211226,0.0009868792685368893
441,0,0,441,0.031414634623641344,0.0026573021259934937,0.0009868792685368854
442,0,0,442,0.031414634623641184,0.034850097375304215,0.0009868792685368752
443,0,0,443,0.031414634623641136,0.03203611234134478,0.0009868792685368724
444,0,0,444,0.03141463462364141,0.023599912768210902,0.00098687926853689
445,0,0,445,0.03141463462364127,0.038361331573839315,0.0009868792685368804
446,0,0,446,0.03141463462364114,0.044167881699865505,0.000986879268536873
447,0,0,447,0.031414634623641406,0.019086170578146558,0.0009868792685368893
448,0,0,448,0.031414634623641406,0.04347357049647943,0.0009868792685368895
449,0,0,449,0.0314146346236414,0.06141333572793495,0.0009868792685368893
450,0,0,450,0.03141463462364112,0.028050670864066932,0.0009868792685368715
451,0,0,451,0.031414634623641434,0.059658393281598436,0.000986879268536891
452,0,0,452,0.0314146346236414,0.06250825300605051,0.0009868792685368889
453,0,0,453,0.03141463462364119,0.04205409186729342,0.0009868792685368756
454,0,0,454,0.031414634623641226,0.049790059366958406,0.000986879268536878
455,0,0,455,0.03141463462364111,0.044988084356948475,0.0009868792685368702
456,0,0,456,0.0314146346236414,0.060819426534684244,0.000986879268536889
457,0,0,457,0.03141463462364147,0.030781273330227496,0.0009868792685368932
458,0,0,458,0.031414634623641365,0.03977294532874843,0.0009868792685368867
459,0,0,459,0.03141463462364135,0.0379915862287328,0.0009868792685368856
460,0,0,460,0.03141463462364113,0.035618019623095874,0.0009868792685368722
461,0,0,461,0.03141463462364142,0.055875432427970134,0.00098687926853689
462,0,0,462,0.03141463462364126,0.04899390657306739,0.00098687926853688
463,0,0,463,0.031414634623641385,0.05907049703043772,0.0009868792685368884
464,0,0,464,0.03141463462364144,0.04820098387167197,0.0009868792685368915
465,0,0,465,0.03141463462364144,0.033114667248933964,0.0009868792685368915
466,0,0,466,0.031414634623641365,0.009007964044455532,0.0009868792685368867
467,0,0,467,0.03141463462364135,0.0013478791984323107,0.000986879268536886
468,0,0,468,0.03141463462364144,0.01050361356495439,0.0009868792685368917
469,0,0,469,0.03141463462364112,0.043964916613631944,0.0009868792685368717
470,0,0,470,0.03141463462364115,0.030911303083790476,0.0009868792685368733
471,0,0,471,0.03141463462364143,0.04101457345000236,0.0009868792685368906
472,0,0,472,0.03141463462364141,0.04911744547356878,0.000986879268536889
473,0,0,473,0.03141463462364135,0.058796648013598005,0.0009868792685368863
474,0,0,474,0.03141463462364138,0.05846305407951122,0.0009868792685368876
475,0,0,475,0.03141463462364123,0.04710543552662182,0.000986879268536879
476,0,0,476,0.03141463462364153,0.03926854639583041,0.0009868792685368973
477,0,0,477,0.03141463462364139,0.06146810229852647,0.0009868792685368884
478,0,0,478,0.031414634623641344,0.008268540157681074,0.0009868792685368856
479,0,0,479,0.031414634623641184,0.03378581799508642,0.0009868792685368754
480,0,0,480,0.03141463462364139,0.03141619876529406,0.0009868792685368882
481,0,0,481,0.031414634623641496,0.04933369224767625,0.000986879268536895
482,0,0,482,0.031414634623641184,0.062797752082768,0.0009868792685368752
483,0,0,483,0.03141463462364112,0.03393566054865874,0.0009868792685368715
484,0,0,484,0.0314146346236414,0.03248289764081667,0.0009868792685368887
485,0,0,485,0.03141463462364118,0.013089527653463504,0.000986879268536875
486,0,0,486,0.03141463462364123,0.0243068684140919,0.0009868792685368782
487,0,0,487,0.03141463462364138,0.050302681942594234,0.000986879268536888
488,0,0,488,0.03141463462364109,0.0440725958815531,0.0009868792685368694
489,0,0,489,0.03141463462364133,0.06250888975833155,0.0009868792685368845
490,0,0,490,0.03141463462364122,0.03835235636422387,0.0009868792685368774
491,0,0,491,0.0314146346236413,0.047226914106424586,0.0009868792685368826
492,0,0,492,0.031414634623641455,0.0487061822317533,0.0009868792685368923
493,0,0,493,0.0314146346236415,0.046161957366596555,0.0009868792685368954
494,0,0,494,0.03141463462364113,0.05234417758644655,0.000986879268536872
495,0,0,495,0.03141463462364137,0.026992356674161,0.0009868792685368871
496,0,0,496,0.03141463462364133,0.04231603684831733,0.0009868792685368843
497,0,0,497,0.03141463462364116,0.06090188284752151,0.0009868792685368759
498,0,0,498,0.03141463462364139,0.05435196233697513,0.0009868792685368884
499,0,0,499,0.031414634623641365,0.04318869356031684,0.0009868792685368867
500,0,0,500,0.03141463462364139,0.04614103024386765,0.0009868792685368884
501,0,0,501,0.03141463462364133,0.029056674757212523,0.0009868792685368845
502,0,0,502,0.03141463462364114,0.027981935524743172,0.0009868792685368728
503,0,0,503,0.031414634623641434,0.02496698704834188,0.000986879268536891
504,0,0,504,0.031414634623641344,0.058150440927329405,0.0009868792685368852
505,0,0,505,0.03141463462364138,0.06263994012017514,0.0009868792685368878
506,0,0,506,0.031414634623641365,0.03819853881521972,0.0009868792685368865
507,0,0,507,0.031414634623641136,0.061352780335918886,0.0009868792685368724
508,0,0,508,0.03141463462364121,0.05612891128102973,0.000986879268536877
509,0,0,509,0.03141463462364151,0.06085109747323719,0.0009868792685368956
510,0,0,510,0.031414634623641156,0.035076146818357634,0.0009868792685368735
511,0,0,511,0.031414634623641385,0.05644182927361062,0.0009868792685368884
512,0,0,512,0.031414634623641316,0.026397305389499807,0.0009868792685368837
513,0,0,513,0.031414634623641344,0.019947290534831675,0.0009868792685368854
514,0,0,514,0.031414634623641434,0.030162919816824906,0.0009868792685368908
515,0,0,515,0.031414634623641184,0.022756267668940146,0.0009868792685368748
516,0,0,516,0.0314146346236414,0.059228771798719965,0.0009868792685368889
517,0,0,517,0.03141463462364142,0.05986636794452863,0.0009868792685368902
518,0,0,518,0.03141463462364134,0.05735696043862445,0.000986879268536885
519,0,0,519,0.031414634623641136,0.05320815088786051,0.0009868792685368722
520,0,0,520,0.031414634623641455,0.059848788392349556,0.0009868792685368926
521,0,0,521,0.03141463462364141,0.060225453603217224,0.0009868792685368895
522,0,0,522,0.03141463462364119,0.009767100063603693,0.0009868792685368756
523,0,0,523,0.031414634623641385,0.04422333885980517,0.000986879268536888
524,0,0,524,0.03141463462364136,0.02121070287828383,0.0009868792685368865
525,0,0,525,0.03141463462364142,0.05495262166242314,0.0009868792685368902
526,0,0,526,0.03141463462364136,0.05702074449530415,0.0009868792685368865
527,0,0,527,0.03141463462364144,0.056407781841988636,0.0009868792685368917
528,0,0,528,0.03141463462364128,0.023259295824498562,0.0009868792685368813
529,0,0,529,0.031414634623641205,0.06274521852008112,0.0009868792685368765
530,0,0,530,0.031414634623641094,0.04198357490606988,0.0009868792685368691
531,0,0,531,0.031414634623641316,0.01505838217021853,0.000986879268536883
532,0,0,532,0.03141463462364137,0.02646891322636923,0.000986879268536887
533,0,0,533,0.03141463462364138,0.05898485225676133,0.0009868792685368878
534,0,0,534,0.03141463462364131,0.024606658439853754,0.0009868792685368832
535,0,0,535,0.03141463462364114,0.0006465139756915596,0.0009868792685368724
536,0,0,536,0.031414634623641344,0.03459426263071132,0.0009868792685368845
537,0,0,537,0.0314146346236414,0.0036896887320198067,0.000986879268536889
538,0,0,538,0.03141463462364138,0.023223057857810297,0.0009868792685368871
539,0,0,539,0.031414634623641385,0.0501583391832085,0.0009868792685368882
540,0,0,540,0.0314146346236414,0.0302085712455649,0.0009868792685368887
541,0,0,541,0.031414634623641406,0.057747679708952344,0.000986879268536889
542,0,0,542,0.03141463462364138,0.06263606307801278,0.000986879268536888
543,0,0,543,0.03141463462364134,0.027261321677122852,0.000986879268536885
544,0,0,544,0.03141463462364138,0.02638483674619252,0.000986879268536888
545,0,0,545,0.03141463462364136,0.002071788771660895,0.0009868792685368865
546,0,0,546,0.031414634623641344,0.0317611019772986,0.0009868792685368854
547,0,0,547,0.0314146346236414,0.06162516384310937,0.000986879268536889
548,0,0,548,0.03141463462364139,0.06253995390737417,0.0009868792685368884
549,0,0,549,0.031414634623641406,0.03255125214690571,0.0009868792685368895
550,0,0,550,0.031414634623641406,0.05177721738023876,0.000986879268536889
551,0,0,551,0.03141463462364118,0.04210953121397815,0.0009868792685368748
552,0,0,552,0.0314146346236412,0.010895628318224986,0.000986879268536876
553,0,0,553,0.031414634623641365,0.0074789952050579285,0.0009868792685368867
554,0,0,554,0.03141463462364126,0.0497749870532442,0.0009868792685368802
555,0,0,555,0.031414634623641344,0.009814085484389118,0.0009868792685368854
556,0,0,556,0.0314146346236414,0.02635555162615248,0.0009868792685368889
557,0,0,557,0.03141463462364138,0.06116982580417029,0.000986879268536888
558,0,0,558,0.03141463462364125,0.056163255736743446,0.0009868792685368798
559,0,0,559,0.0314146346236412,0.05967261998881637,0.000986879268536876
560,0,0,560,0.031414634623641385,0.05746646733212212,0.000986879268536888
561,0,0,561,0.03141463462364116,0.05425060551823301,0.0009868792685368741
562,0,0,562,0.03141463462364109,0.034521919841531586,0.0009868792685368694
563,0,0,563,0.03141463462364141,0.0601766841499868,0.0009868792685368895
564,0,0,564,0.03141463462364122,0.0008250937936863445,0.0009868792685368772
565,0,0,565,0.03141463462364139,0.06116747619440281,0.0009868792685368887
566,0,0,566,0.03141463462364134,0.0266050646844658,0.000986879268536885
567,0,0,567,0.03141463462364117,0.017087846827697272,0.000986879268536875
568,0,0,568,0.031414634623641406,0.06282911997839671,0.0009868792685368889
569,0,0,569,0.03141463462364134,0.017234299011881563,0.0009868792685368854
570,0,0,570,0.03141463462364133,0.014791728107942268,0.000986879268536884
571,0,0,571,0.031414634623641385,0.05579489043886955,0.000986879268536888
572,0,0,572,0.03141463462364116,0.03615351641671247,0.0009868792685368741
573,0,0,573,0.0314146346236411,0.049943082433884865,0.0009868792685368702
574,0,0,574,0.031414634623641385,0.061531233481713916,0.000986879268536888
575,0,0,575,0.03141463462364133,0.014621080918121017,0.0009868792685368845
576,0,0,576,0.031414634623641115,0.03717926668819844,0.0009868792685368707
577,0,0,577,0.03141463462364117,0.06224938698563297,0.0009868792685368746
578,0,0,578,0.03141463462364133,0.061366477760392994,0.0009868792685368848
579,0,0,579,0.031414634623641205,0.04234137565589334,0.0009868792685368765
580,0,0,580,0.03141463462364116,0.052382685733386274,0.0009868792685368741
581,0,0,581,0.031414634623641254,0.028719534924254036,0.0009868792685368795
582,0,0,582,0.031414634623641406,0.02164302781967165,0.0009868792685368893
583,0,0,583,0.031414634623641184,0.024830500482324876,0.0009868792685368754
584,0,0,584,0.031414634623641184,0.06280076263234959,0.0009868792685368754
585,0,0,585,0.03141463462364145,0.021774453278488603,0.0009868792685368921
586,0,0,586,0.031414634623641184,0.010203673696379334,0.0009868792685368748
587,0,0,587,0.03141463462364138,0.016258065076095996,0.0009868792685368874
588,0,0,588,0.03141463462364118,0.0023604721059798882,0.0009868792685368752
589,0,0,589,0.031414634623641344,0.0050977915882964905,0.0009868792685368854
590,0,0,590,0.031414634623641365,0.0245059100904377,0.0009868792685368867
591,0,0,591,0.03141463462364114,0.019154911465546157,0.000986879268536873
592,0,0,592,0.031414634623641406,0.06255066539543887,0.000986879268536889
593,0,0,593,0.03141463462364145,0.014405417836414622,0.0009868792685368921
594,0,0,594,0.031414634623641434,0.041899234845153996,0.0009868792685368915
595,0,0,595,0.03141463462364115,0.03554676876525149,0.0009868792685368733
596,0,0,596,0.03141463462364119,0.017241906117288344,0.0009868792685368756
597,0,0,597,0.03141463462364113,0.06129132885301696,0.0009868792685368717
598,0,0,598,0.03141463462364133,0.05609515701403694,0.0009868792685368845
599,0,0,599,0.03141463462364134,0.036389775454313905,0.0009868792685368848
600,0,0,600,0.031414634623641344,0.06264447202540645,0.0009868792685368854
601,0,0,601,0.03141463462364138,0.057966626233398585,0.0009868792685368876
602,0,0,602,0.03141463462364137,0.007673186638487119,0.0009868792685368871
603,0,0,603,0.031414634623641184,0.00759651325544834,0.0009868792685368756
604,0,0,604,0.031414634623641434,0.05294774576711639,0.0009868792685368906
605,0,0,605,0.03141463462364143,0.050172331437399874,0.0009868792685368906
606,0,0,606,0.03141463462364143,0.019361967670462086,0.0009868792685368908
607,0,0,607,0.03141463462364135,0.02142903415850644,0.0009868792685368893
608,0,0,608,0.031414634623641434,0.03631410626400469,0.000986879268536891
609,0,0,609,0.031414634623641385,0.060825549770611845,0.0009868792685368882
610,0,0,610,0.03141463462364114,0.04837806991600295,0.0009868792685368728
611,0,0,611,0.03141463462364136,0.0241882351514267,0.0009868792685368863
612,0,0,612,0.03141463462364142,0.03851777069153271,0.00098687926853689
613,0,0,613,0.03141463462364139,0.06282837257168274,0.0009868792685368887
614,0,0,614,0.03141463462364134,0.06105149885782668,0.0009868792685368854
615,0,0,615,0.031414634623641156,0.025756877192987557,0.0009868792685368735
616,0,0,616,0.03141463462364141,0.020842986083809172,0.0009868792685368897
617,0,0,617,1.9997532649633216,0.04976002041445011,0.0009868792685368902
618,0,0,618,0.031414634623641205,0.049700995720095946,0.0009868792685368763
619,0,0,619,0.031414634623641205,0.015057723621600226,0.0009868792685368767
620,0,0,620,0.03141463462364135,0.059903853629542474,0.0009868792685368856
621,0,0,621,0.031414634623641385,0.06116309583368273,0.0009868792685368882
622,0,0,622,0.031414634623641205,0.027169897277700566,0.0009868792685368767
623,0,0,623,0.03141463462364139,0.0539612569859218,0.0009868792685368884
624,0,0,624,0.031414634623641156,0.04195600501573595,0.000986879268536874
625,0,0,625,0.031414634623641406,0.008020383947526325,0.000986879268536889
626,0,0,626,0.031414634623641184,0.023122834442616168,0.0009868792685368752
627,0,0,627,0.031414634623641115,0.049581155034311146,0.000986879268536871
628,0,0,628,0.031414634623641365,0.055226267639255484,0.0009868792685368867
629,0,0,629,0.0314146346236414,0.06249908099333207,0.0009868792685368887
630,0,0,630,0.031414634623641434,0.05566363907553378,0.0009868792685368906
631,0,0,631,0.03141463462364139,0.03493308452180517,0.0009868792685368884
632,0,0,632,0.031414634623641156,0.02598847820060313,0.0009868792685368737
633,0,0,633,0.03141463462364117,0.06107154849478149,0.0009868792685368746
634,0,0,634,0.031414634623641434,0.048321994538970334,0.0009868792685368908
635,0,0,635,0.03141463462364113,0.06006461367115894,0.000986879268536872
636,0,0,636,0.03141463462364136,0.03354513701584177,0.000986879268536886
637,0,0,637,0.03141463462364139,0.0626549260021668,0.0009868792685368884
638,0,0,638,0.031414634623641434,0.05958365751359876,0.0009868792685368913
639,0,0,639,0.0314146346236414,0.059437752326748215,0.0009868792685368889
640,0,0,640,0.031414634623641184,0.0027885534350594672,0.0009868792685368746
641,0,0,641,0.03141463462364119,0.01157953118321344,0.0009868792685368754
642,0,0,642,0.031414634623641385,0.06277852004195338,0.0009868792685368884
643,0,0,643,0.031414634623641365,0.053766092049460215,0.000986879268536887
644,0,0,644,0.031414634623641156,0.04442614214761855,0.0009868792685368737
645,0,0,645,0.03141463462364114,0.06214922427687876,0.0009868792685368726
646,0,0,646,0.031414634623641254,0.026508639290743406,0.0009868792685368798
647,0,0,647,0.03141463462364133,0.0417449792933283,0.0009868792685368845
648,0,0,648,0.031414634623641406,0.05720184321551963,0.0009868792685368895
649,0,0,649,0.03141463462364137,0.012826920512962551,0.0009868792685368867
650,0,0,650,0.031414634623641344,0.05989820092602875,0.0009868792685368854
651,0,0,651,0.03141463462364118,0.0042585093829415705,0.0009868792685368748
652,0,0,652,0.03141463462364147,0.04463098721045091,0.0009868792685368936
653,0,0,653,0.03141463462364141,0.0625469075326613,0.0009868792685368897
654,0,0,654,0.03141463462364131,0.04802306474358124,0.0009868792685368835
655,0,0,655,0.03141463462364131,0.057929084851626914,0.0009868792685368832
656,0,0,656,0.03141463462364119,0.05238071688883154,0.0009868792685368759
657,0,0,657,0.0314146346236412,0.012913107024512552,0.0009868792685368763
658,0,0,658,0.031414634623641344,0.06232533725138761,0.0009868792685368854
659,0,0,659,0.03141463462364136,0.060335511285457596,0.0009868792685368863
660,0,0,660,0.031414634623641184,0.01640183244523133,0.0009868792685368752
661,0,0,661,0.031414634623641406,0.06243388410582513,0.0009868792685368895
662,0,0,662,0.031414634623641434,0.05927419775041421,0.000986879268536891
663,0,0,663,0.03141463462364114,0.045352251403639,0.000986879268536873
664,0,0,664,0.03141463462364124,0.04676204544658072,0.000986879268536879
665,0,0,665,0.03141463462364114,0.04500592917564873,0.0009868792685368726
666,0,0,666,0.03141463462364138,0.02117746228019206,0.0009868792685368876
667,0,0,667,0.03141463462364113,0.032861153833957914,0.0009868792685368717
668,0,0,668,0.03141463462364136,0.05670234412914989,0.0009868792685368863
669,0,0,669,0.031414634623641156,0.0518358605322983,0.0009868792685368735
670,0,0,670,0.03141463462364123,0.0481745218972757,0.0009868792685368787
671,0,0,671,0.03141463462364139,0.029721932393340825,0.0009868792685368884
672,0,0,672,0.0314146346236414,0.06282809931589034,0.0009868792685368887
673,0,0,673,0.03141463462364144,0.054872541219766396,0.0009868792685368913
674,0,0,674,0.031414634623641365,0.005690158521525347,0.0009868792685368867
675,0,0,675,0.031414634623641316,0.014347840330878341,0.0009868792685368837
676,0,0,676,0.03141463462364139,0.06282835519752453,0.0009868792685368887
677,0,0,677,0.031414634623641385,0.04877325629309782,0.0009868792685368878
678,0,0,678,0.031414634623641365,0.06083134917877512,0.0009868792685368871
679,0,0,679,0.03141463462364141,0.03102023437564202,0.0009868792685368895
680,0,0,680,0.031414634623641226,0.029681211957760616,0.0009868792685368774
681,0,0,681,0.03141463462364131,0.04584255436097451,0.0009868792685368832
682,0,0,682,0.03141463462364132,0.012816912694122334,0.000986879268536884
683,0,0,683,0.03141463462364114,0.05160772314650585,0.0009868792685368726
684,0,0,684,0.03141463462364115,0.03528724365550923,0.0009868792685368733
685,0,0,685,0.03141463462364119,0.0172198299457468,0.0009868792685368754
686,0,0,686,0.031414634623641156,0.04126922581129724,0.0009868792685368735
687,0,0,687,0.03141463462364138,0.025622212655447833,0.0009868792685368876
688,0,0,688,0.03141463462364139,0.06235857049846316,0.0009868792685368887
689,0,0,689,0.03141463462364137,0.004485029029765486,0.0009868792685368871
690,0,0,690,0.03141463462364139,0.037044807207356936,0.0009868792685368882
691,0,0,691,0.031414634623641316,0.058446984485913525,0.0009868792685368839
692,0,0,692,0.031414634623641184,0.025458358944214433,0.0009868792685368748
693,0,0,693,0.03141463462364109,0.05536839222439369,0.0009868792685368694
694,0,0,694,0.03141463462364117,0.0554787547870251,0.0009868792685368743
695,0,0,695,0.03141463462364149,0.062069710306542854,0.0009868792685368973
696,0,0,696,0.0314146346236414,0.04888807259730204,0.000986879268536889
697,0,0,697,0.03141463462364132,0.03751798354945207,0.0009868792685368843
698,0,0,698,0.03141463462364127,0.05716634365213684,0.0009868792685368806
699,0,0,699,0.03141463462364112,0.04107962722403935,0.0009868792685368715
700,0,0,700,0.03141463462364143,0.06136984080788187,0.0009868792685368908
701,0,0,701,0.031414634623641385,0.062445910288497525,0.0009868792685368884
702,0,0,702,0.03141463462364146,0.04716069289858727,0.0009868792685368928
703,0,0,703,0.03141463462364138,0.023370416438164537,0.0009868792685368874
704,0,0,704,0.03141463462364117,0.0405788442441293,0.0009868792685368746
705,0,0,705,0.03141463462364136,0.06253866825830712,0.0009868792685368863
706,0,0,706,0.03141463462364135,0.003451574960412314,0.0009868792685368858
707,0,0,707,0.03141463462364138,0.0552123044643867,0.000986879268536888
708,0,0,708,0.03141463462364111,0.04092377753843903,0.0009868792685368702
709,0,0,709,0.03141463462364137,0.059204887180755485,0.0009868792685368874
710,0,0,710,0.03141463462364141,0.06160746910427393,0.0009868792685368895
711,0,0,711,0.031414634623641455,0.0619171744244587,0.0009868792685368926
712,0,0,712,0.03141463462364117,0.051154011317100734,0.0009868792685368746
713,0,0,713,0.03141463462364135,0.060759314834409064,0.000986879268536886
714,0,0,714,0.031414634623641094,0.04643793719231124,0.0009868792685368698
715,0,0,715,0.03141463462364139,0.06270284632073764,0.0009868792685368884
716,0,0,716,0.031414634623641365,0.005038773749279111,0.0009868792685368863
717,0,0,717,0.0314146346236414,0.056790165918322165,0.000986879268536889
718,0,0,718,0.031414634623641476,0.02723589869627702,0.0009868792685368934
719,0,0,719,0.0314146346236414,0.0469055415987607,0.0009868792685368889
720,0,0,720,0.031414634623641254,0.014829813761958525,0.0009868792685368791
721,0,0,721,0.03141463462364122,0.018410415205225013,0.0009868792685368774
722,0,0,722,0.03141463462364138,0.057586643663627674,0.0009868792685368874
723,0,0,723,0.031414634623641385,0.03865579432033388,0.0009868792685368876
724,0,0,724,0.031414634623641406,0.04271860635450909,0.0009868792685368895
725,0,0,725,0.03141463462364118,0.03614229493477526,0.000986879268536875
726,0,0,726,0.031414634623641365,0.019515058887917568,0.0009868792685368867
727,0,0,727,0.03141463462364139,0.0628082897099755,0.0009868792685368884
728,0,0,728,0.03141463462364139,0.06279104510190146,0.0009868792685368882
729,0,0,729,0.031414634623641316,0.05378078951792904,0.0009868792685368837
730,0,0,730,0.031414634623641385,0.06281255910186796,0.000986879268536888
731,0,0,731,0.031414634623641184,0.04989014940635709,0.0009868792685368754
732,0,0,732,0.03141463462364124,0.04615216762719968,0.000986879268536879
733,0,0,733,0.031414634623641455,0.011610851027518208,0.0009868792685368923
734,0,0,734,0.03141463462364142,0.05148282556382004,0.0009868792685368897
735,0,0,735,0.03141463462364118,0.001884658914838753,0.0009868792685368746
736,0,0,736,0.03141463462364116,0.04786493171309477,0.0009868792685368741
737,0,0,737,0.03141463462364113,0.04528838568486318,0.0009868792685368717
738,0,0,738,0.031414634623641156,0.02204223825784016,0.0009868792685368737
739,0,0,739,0.03141463462364141,0.03837057780415685,0.0009868792685368893
740,0,0,740,0.03141463462364118,0.0018595797416457937,0.000986879268536875
741,0,0,741,0.03141463462364141,0.06178487076941264,0.00098687926853689
742,0,0,742,0.03141463462364118,0.01214811551516201,0.0009868792685368748
743,0,0,743,0.03141463462364136,0.027970252702546165,0.0009868792685368863
744,0,0,744,0.031414634623641295,0.04970143335613064,0.0009868792685368826
745,0,0,745,0.031414634623641205,0.013802855015541462,0.0009868792685368767
746,0,0,746,0.03141463462364124,0.054630673127344986,0.000986879268536879
747,0,0,747,0.0314146346236412,0.011961953020324994,0.0009868792685368759
748,0,0,748,0.031414634623641295,0.05755331795274667,0.0009868792685368824
749,0,0,749,0.03141463462364137,0.029517888194221773,0.0009868792685368874
750,0,0,750,0.031414634623641295,0.019191795558221758,0.0009868792685368822
751,0,0,751,0.031414634623641156,0.021023733296198305,0.0009868792685368735
752,0,0,752,0.03141463462364118,0.05807434660021575,0.0009868792685368748
753,0,0,753,0.031414634623641316,0.028653904940712408,0.0009868792685368837
754,0,0,754,0.031414634623641115,0.024867901011626392,0.0009868792685368709
755,0,0,755,0.03141463462364119,0.05302518813011534,0.0009868792685368759
756,0,0,756,0.03141463462364134,0.026035412780634915,0.0009868792685368852
757,0,0,757,0.031414634623641365,0.039837941384150526,0.0009868792685368867
758,0,0,758,0.03141463462364119,0.002442457138374104,0.000986879268536876
759,0,0,759,0.03141463462364142,0.06280971258692424,0.0009868792685368902
760,0,0,760,0.031414634623641184,0.015497518585191272,0.0009868792685368754
761,0,0,761,0.03141463462364118,0.01956228352498569,0.0009868792685368752
762,0,0,762,0.031414634623641406,0.010421822087632714,0.0009868792685368893
763,0,0,763,0.03141463462364132,0.06033869063949143,0.0009868792685368852
764,0,0,764,0.03141463462364122,0.05588897851201824,0.0009868792685368774
765,0,0,765,0.03141463462364117,0.0569510369996299,0.0009868792685368746
766,0,0,766,0.03141463462364134,0.056012460200419396,0.0009868792685368852
767,0,0,767,0.03141463462364143,0.06158680595049155,0.0009868792685368906
768,0,0,768,0.0314146346236412,0.0627839960519693,0.0009868792685368763
769,0,0,769,0.031414634623641316,0.004969907897948738,0.0009868792685368837
770,0,0,770,0.031414634623641295,0.01756217927976539,0.000986879268536882
771,0,0,771,0.03141463462364146,0.04398392647997054,0.000986879268536893
772,0,0,772,0.031414634623641365,0.011547261950334089,0.0009868792685368867
773,0,0,773,0.03141463462364134,0.02378604988676383,0.000986879268536885
774,0,0,774,0.031414634623641295,0.06282426121858019,0.0009868792685368826
775,0,0,775,0.03141463462364116,0.004848012281349486,0.000986879268536874
776,0,0,776,0.03141463462364125,0.04581585705048292,0.0009868792685368793
777,0,0,777,0.031414634623641434,0.05935268272792,0.000986879268536891
778,0,0,778,0.03141463462364119,0.005463524206329072,0.0009868792685368759
779,0,0,779,0.03141463462364137,0.03272481373396999,0.0009868792685368867
780,0,0,780,0.0314146346236414,0.023338472522399435,0.0009868792685368887
781,0,0,781,0.03141463462364128,0.050871115920317886,0.000986879268536881
782,0,0,782,0.031414634623641385,0.0589592485408055,0.0009868792685368878
783,0,0,783,0.03141463462364115,0.02565615923330399,0.000986879268536873
784,0,0,784,0.03141463462364152,0.058623220303814554,0.0009868792685368962
785,0,0,785,0.0314146346236414,0.06277352256751038,0.0009868792685368884
786,0,0,786,0.0314146346236414,0.05303064302316557,0.0009868792685368889
787,0,0,787,0.031414634623641365,0.0493556263173472,0.0009868792685368871
788,0,0,788,0.031414634623641045,0.05663498307547324,0.0009868792685368665
789,0,0,789,0.031414634623641274,0.05236714930427599,0.0009868792685368809
790,0,0,790,0.031414634623641385,0.06236950133082891,0.0009868792685368884
791,0,0,791,0.03141463462364128,0.036154485526750525,0.0009868792685368815
792,0,0,792,0.031414634623641365,0.024862584895755786,0.0009868792685368867
793,0,0,793,0.031414634623641136,0.019021758169820387,0.0009868792685368722
794,0,0,794,0.031414634623641136,0.04384456996660181,0.0009868792685368726
795,0,0,795,0.03141463462364115,0.010815545958704324,0.000986879268536873
796,0,0,796,0.03141463462364119,0.049417544048004976,0.0009868792685368759
797,0,0,797,0.03141463462364143,0.05802028068451561,0.0009868792685368904
798,0,0,798,0.03141463462364138,0.06095326593572703,0.0009868792685368882
799,0,0,799,0.0314146346236414,0.040801079611013515,0.0009868792685368887
800,0,0,800,0.03141463462364138,0.048876754613984705,0.0009868792685368874
801,0,0,801,0.031414634623641434,0.06178924107275291,0.000986879268536891
802,0,0,802,0.031414634623641365,0.006002056922325007,0.0009868792685368867
803,0,0,803,0.03141463462364141,0.06256183777143987,0.0009868792685368893
804,0,0,804,0.031414634623641254,0.03608266636795133,0.0009868792685368798
805,0,0,805,0.03141463462364112,0.0628250498019496,0.0009868792685368715
806,0,0,806,0.03141463462364137,0.029785154649586833,0.000986879268536887
807,0,0,807,0.03141463462364139,0.010535975255086245,0.0009868792685368887
808,0,0,808,0.031414634623641365,0.058314276750033624,0.000986879268536887
809,0,0,809,0.03141463462364145,0.04681068283084128,0.0009868792685368917
810,0,0,810,0.031414634623641406,0.06035264028407922,0.0009868792685368895
811,0,0,811,0.03141463462364135,0.05098550705143846,0.0009868792685368858
812,0,0,812,0.0314146346236414,0.05716588590336876,0.0009868792685368889
813,0,0,813,0.03141463462364134,0.019829751895425077,0.000986879268536885
814,0,0,814,0.03141463462364137,0.003901069300541828,0.0009868792685368867
815,0,0,815,0.03141463462364141,0.061771592086989,0.00098687926853689
816,0,0,816,0.031414634623641406,0.061670340505737886,0.0009868792685368897
817,0,0,817,0.03141463462364141,0.039972407705259554,0.0009868792685368897
818,0,0,818,0.031414634623641156,0.011779153930097989,0.0009868792685368737
819,0,0,819,0.03141463462364144,0.04501789602983092,0.000986879268536891
820,0,0,820,0.0314146346236412,0.028615875689099055,0.0009868792685368763
821,0,0,821,0.03141463462364117,0.05217722377085426,0.0009868792685368746
822,0,0,822,0.03141463462364139,0.010418139232431548,0.0009868792685368884
823,0,0,823,0.03141463462364134,0.0258866324369295,0.0009868792685368852
824,0,0,824,0.03141463462364124,0.01787744269569212,0.0009868792685368785
825,0,0,825,0.03141463462364136,0.027342229531073,0.0009868792685368863
826,0,0,826,0.03141463462364146,0.03684206883143822,0.000986879268536893
827,0,0,827,0.03141463462364121,0.05526499225571645,0.0009868792685368772
828,0,0,828,0.031414634623641385,0.06098714649379935,0.0009868792685368884
829,0,0,829,0.031414634623641184,0.04595944868733782,0.0009868792685368752
830,0,0,830,0.03141463462364141,0.035490417553593015,0.0009868792685368897
831,0,0,831,0.03141463462364138,0.06257365280987634,0.0009868792685368878
832,0,0,832,0.03141463462364122,0.017036222548923556,0.0009868792685368776
833,0,0,833,0.0314146346236414,0.060583976039934734,0.0009868792685368889
834,0,0,834,0.03141463462364136,0.04652619060669034,0.0009868792685368863
835,0,0,835,0.031414634623641274,0.05117200569609719,0.0009868792685368809
836,0,0,836,0.03141463462364139,0.03118674624771448,0.0009868792685368884
837,0,0,837,0.031414634623641406,0.04050321570801036,0.0009868792685368889
838,0,0,838,0.031414634623641115,0.049911262133307085,0.0009868792685368709
839,0,0,839,0.03141463462364114,0.02899437322741346,0.0009868792685368728
840,0,0,840,0.03141463462364148,0.010502173539308669,0.0009868792685368939
841,0,0,841,0.031414634623641365,0.027208613282771354,0.0009868792685368867
842,0,0,842,0.03141463462364135,0.041372231824611805,0.0009868792685368854
843,0,0,843,0.03141463462364132,0.04121629939305575,0.0009868792685368845
844,0,0,844,0.03141463462364144,0.027525289912795924,0.000986879268536892
845,0,0,845,0.03141463462364137,0.04626541135064334,0.0009868792685368871
846,0,0,846,0.031414634623641115,0.052925186870879534,0.000986879268536871
847,0,0,847,0.03141463462364143,0.060461210678543216,0.00098687926853689
848,0,0,848,0.031414634623641115,0.04949002503753543,0.0009868792685368709
849,0,0,849,0.03141463462364147,0.020108157593152598,0.0009868792685368923
850,0,0,850,0.03141463462364146,0.05473970340937786,0.000986879268536893
851,0,0,851,0.03141463462364145,0.0539013421430287,0.000986879268536892
852,0,0,852,0.03141463462364124,0.026853032347504725,0.000986879268536879
853,0,0,853,0.031414634623641226,0.04993103674157243,0.000986879268536878
854,0,0,854,0.031414634623641226,0.04497491057150972,0.000986879268536878
855,0,0,855,0.03141463462364141,0.06279025652669301,0.000986879268536891
856,0,0,856,0.03141463462364136,0.047990858311164085,0.0009868792685368865
857,0,0,857,0.03141463462364116,0.018051985823802606,0.0009868792685368735
858,0,0,858,0.03141463462364131,0.020940397343785385,0.0009868792685368839
859,0,0,859,0.03141463462364142,0.06274345915451938,0.0009868792685368893
860,0,0,860,0.0314146346236414,0.024011760021923796,0.0009868792685368887
861,0,0,861,0.03141463462364137,0.05440520545846447,0.0009868792685368871
862,0,0,862,0.0314146346236414,0.02916177352250926,0.0009868792685368884
863,0,0,863,0.03141463462364117,0.003975628504010647,0.0009868792685368743
864,0,0,864,0.031414634623641434,0.05581125758892386,0.0009868792685368915
865,0,0,865,0.03141463462364136,0.05933119421040625,0.0009868792685368865
866,0,0,866,0.031414634623641365,0.006745253562904742,0.000986879268536887
867,0,0,867,0.03141463462364117,0.01701678267321511,0.0009868792685368746
868,0,0,868,0.03141463462364127,0.04176020928044662,0.0009868792685368802
869,0,0,869,0.031414634623641156,0.007050162996653776,0.0009868792685368737
870,0,0,870,0.03141463462364121,0.05034997564206556,0.0009868792685368774
871,0,0,871,0.03141463462364137,0.03533909760949439,0.000986879268536887
872,0,0,872,0.03141463462364142,0.061751440709104405,0.00098687926853689
873,0,0,873,0.03141463462364118,0.03166066015505982,0.000986879268536875
874,0,0,874,0.031414634623641156,0.022654755658259154,0.0009868792685368737
875,0,0,875,0.03141463462364138,0.05819180064528832,0.0009868792685368878
876,0,0,876,0.0314146346236414,0.05344610564825586,0.0009868792685368889
877,0,0,877,0.03141463462364137,0.053502963112192804,0.000986879268536887
878,0,0,878,0.03141463462364124,0.02598560997613017,0.0009868792685368787
879,0,0,879,0.031414634623641344,0.043135540868086034,0.0009868792685368856
880,0,0,880,0.03141463462364117,0.009263355209019598,0.000986879268536875
881,0,0,881,0.03141463462364118,0.0068401966237891035,0.000986879268536875
882,0,0,882,0.03141463462364118,0.06260047905866858,0.0009868792685368752
883,0,0,883,0.03141463462364115,0.06260586904393109,0.000986879268536873
884,0,0,884,0.03141463462364139,0.03267348973356551,0.0009868792685368884
885,0,0,885,0.03141463462364135,0.0012672257362910334,0.000986879268536886
886,0,0,886,0.03141463462364116,0.019734007255809868,0.0009868792685368741
887,0,0,887,1.9997532649633214,2.0371793545078885,0.0009868792685368904
888,0,0,888,0.03141463462364141,0.06208437663640161,0.0009868792685368895
889,0,0,889,0.03141463462364129,0.03811985896470582,0.000986879268536882
890,0,0,890,0.03141463462364116,0.053871546226238146,0.000986879268536874
891,0,0,891,0.03141463462364129,0.05988597170547752,0.0009868792685368817
892,0,0,892,0.031414634623641365,0.059512329159833975,0.000986879268536887
893,0,0,893,0.03141463462364116,0.008167443778112652,0.0009868792685368743
894,0,0,894,0.031414634623641406,0.037999176102397475,0.0009868792685368895
895,0,0,895,0.03141463462364137,0.06188820255244104,0.000986879268536887
896,0,0,896,1.9997532649633212,1.7522513489083518,0.0009868792685368943
897,0,0,897,0.0314146346236412,0.04648252645390457,0.000986879268536876
898,0,0,898,0.03141463462364101,0.045428496156955205,0.0009868792685368646
899,0,0,899,0.031414634623641295,0.02092843059985001,0.0009868792685368822
900,0,0,900,0.03141463462364116,0.02371004699964851,0.0009868792685368737
901,0,0,901,0.031414634623641406,0.01183366625253591,0.000986879268536889
902,0,0,902,0.03141463462364139,0.043357744589769535,0.0009868792685368884
903,0,0,903,0.031414634623641385,0.05540998443377032,0.000986879268536888
904,0,0,904,0.0314146346236414,0.0581874801520791,0.0009868792685368889
905,0,0,905,0.03141463462364123,0.04405564171854962,0.0009868792685368785
906,0,0,906,0.031414634623641226,0.011627616530167391,0.000986879268536878
907,0,0,907,0.031414634623641205,0.055747348836717975,0.0009868792685368767
908,0,0,908,0.031414634623641316,0.03423589868023848,0.0009868792685368832
909,0,0,909,0.03141463462364124,0.06273880010654583,0.0009868792685368787
910,0,0,910,0.03141463462364138,0.016995860774246453,0.0009868792685368871
911,0,0,911,0.03141463462364141,0.06244636554412953,0.0009868792685368902
912,0,0,912,0.03141463462364126,0.05080611779319557,0.0009868792685368804
913,0,0,913,0.03141463462364136,0.036045738844869876,0.0009868792685368865
914,0,0,914,0.031414634623641344,0.006214577635035378,0.000986879268536885
915,0,0,915,0.031414634623641156,0.02511750482708219,0.0009868792685368733
916,0,0,916,0.03141463462364137,0.03729309351588765,0.0009868792685368871
917,0,0,917,0.031414634623641184,0.036294855077700694,0.000986879268536875
918,0,0,918,0.031414634623641406,0.061076075759843106,0.000986879268536889
919,0,0,919,0.03141463462364147,0.06033111039337076,0.0009868792685368932
920,0,0,920,0.031414634623641094,0.06121207264179773,0.00098687926853687
921,0,0,921,0.031414634623641385,0.015768730435376587,0.0009868792685368876
922,0,0,922,0.03141463462364118,0.0627281141497492,0.0009868792685368748
923,0,0,923,0.031414634623641205,0.015225080661483923,0.000986879268536876
924,0,0,924,0.03141463462364116,0.043805950797748995,0.0009868792685368741
925,0,0,925,0.03141463462364115,0.004880721527890969,0.0009868792685368735
926,0,0,926,0.0314146346236412,0.050251067861488155,0.0009868792685368763
927,0,0,927,0.03141463462364122,0.051510824709294495,0.0009868792685368774
928,0,0,928,0.03141463462364116,0.008252481078615937,0.000986879268536874
929,0,0,929,0.0314146346236414,0.0384891261739423,0.0009868792685368889
930,0,0,930,0.0314146346236414,0.062493822337824474,0.000986879268536889
931,0,0,931,0.03141463462364141,0.06026978257076761,0.00098687926853689
932,0,0,932,0.031414634623641254,0.04636240891237385,0.0009868792685368798
933,0,0,933,1.999753264963321,3.9994686129926373,0.0009868792685368921
934,0,0,934,0.0314146346236412,0.0392905356437013,0.0009868792685368763
935,0,0,935,0.031414634623641295,0.012222634118548521,0.0009868792685368822
936,0,0,936,0.031414634623641205,0.05920758140766019,0.0009868792685368765
937,0,0,937,0.03141463462364129,0.057533530565474944,0.000986879268536882
938,0,0,938,0.03141463462364116,0.06260927095166435,0.0009868792685368741
939,0,0,939,0.03141463462364135,0.05549235514473728,0.000986879268536886
940,0,0,940,0.031414634623641406,0.062415417583169486,0.0009868792685368893
941,0,0,941,0.031414634623641365,0.0306271075899403,0.0009868792685368865
942,0,0,942,0.03141463462364137,0.03668293794344336,0.0009868792685368874
943,0,0,943,0.031414634623641365,0.04866938774757854,0.0009868792685368867
944,0,0,944,0.03141463462364138,0.05677883614618829,0.0009868792685368874
945,0,0,945,0.031414634623641136,0.05103574213473589,0.0009868792685368726
946,0,0,946,0.03141463462364116,0.037322385274946177,0.0009868792685368741
947,0,0,947,0.03141463462364137,0.03167481142908134,0.0009868792685368871
948,0,0,948,0.03141463462364131,0.025356401436604392,0.0009868792685368835
949,0,0,949,0.031414634623641205,0.0526159048230186,0.0009868792685368765
950,0,0,950,0.03141463462364136,0.06244195387000871,0.0009868792685368863
951,0,0,951,0.03141463462364129,0.06281085423790882,0.000986879268536882
952,0,0,952,0.03141463462364145,0.06073737979840218,0.000986879268536892
953,0,0,953,0.03141463462364124,0.06078472227438366,0.0009868792685368791
954,0,0,954,0.03141463462364141,0.062163248789032344,0.00098687926853689
955,0,0,955,0.031414634623641434,0.06130148161962191,0.0009868792685368906
956,0,0,956,0.03141463462364123,0.061270491241698144,0.0009868792685368785
957,0,0,957,0.03141463462364144,0.05477254882080636,0.0009868792685368915
958,0,0,958,0.031414634623641205,0.051979009300188166,0.000986879268536877
959,0,0,959,0.03141463462364117,0.059198147371648226,0.0009868792685368752
960,0,0,960,0.03141463462364133,0.04417077952853295,0.0009868792685368845
961,0,0,961,0.03141463462364122,0.02471404675023575,0.0009868792685368778
962,0,0,962,0.03141463462364139,0.0573751937223256,0.0009868792685368882
963,0,0,963,0.031414634623641406,0.023673629758967637,0.000986879268536889
964,0,0,964,0.03141463462364134,0.02178412358969782,0.0009868792685368856
965,0,0,965,0.03141463462364141,0.04076245688611542,0.0009868792685368897
966,0,0,966,0.031414634623641094,0.04812182653679809,0.0009868792685368698
967,0,0,967,0.03141463462364143,0.03296633500890931,0.0009868792685368904
968,0,0,968,0.03141463462364113,0.06282727658145233,0.000986879268536872
969,0,0,969,0.031414634623641365,0.055516094814934504,0.000986879268536887
970,0,0,970,0.03141463462364119,0.055016075347909685,0.0009868792685368759
971,0,0,971,0.03141463462364131,0.019904353449435204,0.0009868792685368828
972,0,0,972,0.03141463462364121,0.060974028299356074,0.000986879268536877
973,0,0,973,0.0314146346236414,0.06179108624626264,0.0009868792685368887
974,0,0,974,0.03141463462364139,0.010735752795586152,0.0009868792685368882
975,0,0,975,0.03141463462364143,0.058998336691958884,0.0009868792685368908
976,0,0,976,0.031414634623641365,0.06049507049482195,0.0009868792685368865
977,0,0,977,0.03141463462364116,0.05016428919888006,0.0009868792685368741
978,0,0,978,0.03141463462364144,0.055972993127560836,0.0009868792685368915
979,0,0,979,0.03141463462364139,0.059662108890917304,0.0009868792685368876
980,0,0,980,0.03141463462364128,0.030535758599428,0.0009868792685368815
981,0,0,981,0.03141463462364142,0.05004055384683943,0.0009868792685368902
982,0,0,982,0.03141463462364137,0.05009688355202307,0.0009868792685368874
983,0,0,983,0.03141463462364114,0.026194492218141834,0.0009868792685368728
984,0,0,984,0.031414634623641205,0.05732131268060797,0.0009868792685368767
985,0,0,985,0.031414634623641385,0.05733482336012246,0.000986879268536888
986,0,0,986,0.03141463462364122,0.05564952874147841,0.0009868792685368774
987,0,0,987,0.03141463462364141,0.04394880740248239,0.0009868792685368897
988,0,0,988,0.03141463462364142,0.046244083717770064,0.0009868792685368897
989,0,0,989,0.031414634623641455,0.014424461281497639,0.0009868792685368926
990,0,0,990,0.03141463462364126,0.04711950249059511,0.0009868792685368802
991,0,0,991,0.03141463462364137,0.001870002808772662,0.0009868792685368874
992,0,0,992,0.0314146346236411,0.04540166940769736,0.0009868792685368696
993,0,0,993,0.03141463462364138,0.05686571914784635,0.0009868792685368878
994,0,0,994,0.03141463462364138,0.04661211748852728,0.0009868792685368878
995,0,0,995,0.03141463462364119,0.05826015152686023,0.0009868792685368759
996,0,0,996,0.031414634623641316,0.05880896299689478,0.0009868792685368837
997,0,0,997,0.03141463462364135,0.016324032787537295,0.000986879268536886
998,0,0,998,0.03141463462364145,0.03265363006736604,0.000986879268536892
999,0,0,999,0.03141463462364139,0.007857797912847722,0.0009868792685368884
