,Layer,Qubit,Run,2-Norm,Trace Norm,Diamond Norm
0,0,0,0,0.0031415913616615614,0.0037113402726608393,9.869596283666543e-06
1,0,0,1,0.0031415913616617296,0.005304317664653265,9.8695962836676e-06
2,0,0,2,0.0031415913616615475,0.0044368869394653615,9.869596283666457e-06
3,0,0,3,0.0031415913616615262,0.0030466235567245393,9.869596283666315e-06
4,0,0,4,0.0031415913616617123,0.0047320847216503915,9.869596283667492e-06
5,0,0,5,0.0031415913616616273,0.004063321013807705,9.869596283666957e-06
6,0,0,6,0.0031415913616617856,0.005556801151054185,9.869596283667953e-06
7,0,0,7,0.003141591361661782,0.005086057809689017,9.86959628366793e-06
8,0,0,8,0.00314159136166152,0.004960191609454597,9.869596283666288e-06
9,0,0,9,0.003141591361661766,0.0050465087182676475,9.869596283667831e-06
10,0,0,10,0.0031415913616618016,0.002665790955175753,9.86959628366805e-06
11,0,0,11,0.003141591361661581,0.005219573550166831,9.869596283666667e-06
12,0,0,12,0.0031415913616617795,0.003513945238896711,9.869596283667912e-06
13,0,0,13,0.0031415913616615184,0.003053185942450336,9.869596283666274e-06
14,0,0,14,0.003141591361661513,0.00500092665344096,9.869596283666239e-06
15,0,0,15,0.0031415913616617526,0.004091716013346101,9.869596283667741e-06
16,0,0,16,0.003141591361661619,0.005029187025942462,9.869596283666906e-06
17,0,0,17,0.00314159136166179,0.0015097170306466732,9.869596283667977e-06
18,0,0,18,0.003141591361661832,0.005946111811389684,9.869596283668243e-06
19,0,0,19,0.0031415913616616754,0.003336524294576456,9.86959628366726e-06
20,0,0,20,0.0031415913616617995,0.006109512747773856,9.869596283668041e-06
21,0,0,21,0.0031415913616615913,0.004030647857130827,9.869596283666728e-06
22,0,0,22,0.003141591361661594,0.005487123477860546,9.869596283666747e-06
23,0,0,23,0.003141591361661803,0.005921296647919787,9.869596283668063e-06
24,0,0,24,0.0031415913616614846,0.00443801907887931,9.869596283666062e-06
25,0,0,25,0.0031415913616617695,0.0005791840799629346,9.86959628366785e-06
26,0,0,26,0.0031415913616618827,0.004371522511389827,9.869596283668564e-06
27,0,0,27,0.0031415913616617648,0.0024164506564533146,9.86959628366782e-06
28,0,0,28,0.003141591361661744,0.003593100403034712,9.86959628366769e-06
29,0,0,29,0.003141591361661645,0.0046529785905281,9.869596283667062e-06
30,0,0,30,0.0031415913616618506,0.004606876868585651,9.869596283668361e-06
31,0,0,31,0.0031415913616617734,0.005744067532458955,9.869596283667872e-06
32,0,0,32,0.0031415913616617453,0.002488664667042697,9.869596283667692e-06
33,0,0,33,0.0031415913616615167,0.0042761767791281696,9.869596283666262e-06
34,0,0,34,0.0031415913616617596,0.0034589390159291476,9.869596283667789e-06
35,0,0,35,0.003141591361661777,0.0008719342481518533,9.869596283667897e-06
36,0,0,36,0.0031415913616615423,0.004167039227991972,9.869596283666421e-06
37,0,0,37,0.0031415913616615544,0.004445444140438307,9.869596283666503e-06
38,0,0,38,0.0031415913616615206,0.005518200171080685,9.869596283666288e-06
39,0,0,39,0.0031415913616615605,0.0062507219791833445,9.869596283666538e-06
40,0,0,40,0.0031415913616617817,0.0023251137799715923,9.869596283667927e-06
41,0,0,41,0.003141591361661822,0.004227869396851357,9.869596283668177e-06
42,0,0,42,0.0031415913616614872,0.00447257098330797,9.869596283666076e-06
43,0,0,43,0.003141591361661474,0.004378539517021774,9.869596283665995e-06
44,0,0,44,0.003141591361661522,0.0019832773870207244,9.869596283666294e-06
45,0,0,45,0.0031415913616617726,0.004558085770610727,9.869596283667872e-06
46,0,0,46,0.003141591361661773,0.0060319002125584446,9.869596283667872e-06
47,0,0,47,0.003141591361661738,0.004104547607841529,9.869596283667651e-06
48,0,0,48,0.0031415913616617795,0.00229980936756546,9.869596283667907e-06
49,0,0,49,0.003141591361661857,0.0048033193732831166,9.8695962836684e-06
50,0,0,50,0.0031415913616617912,0.006144304118644405,9.869596283667985e-06
51,0,0,51,0.003141591361661753,0.0038975582562357294,9.869596283667748e-06
52,0,0,52,0.003141591361661803,0.004106691151737145,9.86959628366806e-06
53,0,0,53,0.003141591361661753,0.005330610640645868,9.869596283667746e-06
54,0,0,54,0.0031415913616617826,0.004624689200360422,9.869596283667933e-06
55,0,0,55,0.003141591361661533,0.004538454527194223,9.869596283666367e-06
56,0,0,56,0.0031415913616615622,0.0045947794265362,9.869596283666549e-06
57,0,0,57,0.003141591361661874,0.004552531013166386,9.869596283668509e-06
58,0,0,58,0.0031415913616615523,0.005162768237729078,9.869596283666482e-06
59,0,0,59,0.0031415913616616004,0.005931841872130382,9.869596283666787e-06
60,0,0,60,0.00314159136166174,0.00487182103044527,9.869596283667665e-06
61,0,0,61,0.0031415913616617335,0.005934636835253146,9.869596283667623e-06
62,0,0,62,0.00314159136166186,0.004743400804989862,9.86959628366842e-06
63,0,0,63,0.0031415913616617878,0.0010320304034148256,9.869596283667966e-06
64,0,0,64,0.003141591361661551,0.0029780045851165488,9.869596283666476e-06
65,0,0,65,0.00314159136166178,0.003090651945395982,9.869596283667916e-06
66,0,0,66,0.003141591361661482,0.00475905469920399,9.86959628366604e-06
67,0,0,67,0.003141591361661795,0.0015583587359172125,9.869596283668009e-06
68,0,0,68,0.0031415913616616646,0.0043553206767615845,9.869596283667187e-06
69,0,0,69,0.003141591361661757,0.0052724123034754685,9.869596283667775e-06
70,0,0,70,0.003141591361661496,0.0036525086798323845,9.869596283666132e-06
71,0,0,71,0.0031415913616615783,0.0035253084918273904,9.869596283666647e-06
72,0,0,72,0.0031415913616617986,0.0061853223224796255,9.869596283668036e-06
73,0,0,73,0.003141591361661758,0.005923932487877604,9.86959628366778e-06
74,0,0,74,0.0031415913616615375,0.0031250266453054193,9.86959628366639e-06
75,0,0,75,0.0031415913616617843,0.004544183225600548,9.869596283667943e-06
76,0,0,76,0.003141591361661646,0.004339941808223572,9.869596283667072e-06
77,0,0,77,0.003141591361661821,0.0029416173743472282,9.869596283668173e-06
78,0,0,78,0.003141591361661844,0.004346944772924625,9.869596283668322e-06
79,0,0,79,0.00314159136166165,0.004892092961916187,9.869596283667099e-06
80,0,0,80,0.0031415913616618155,0.005029292652904311,9.86959628366814e-06
81,0,0,81,0.0031415913616615566,0.005263981127898142,9.869596283666511e-06
82,0,0,82,0.00314159136166149,0.00507643016940069,9.869596283666095e-06
83,0,0,83,0.003141591361661519,0.005618023124512162,9.869596283666276e-06
84,0,0,84,0.003141591361661632,0.004422092404876454,9.869596283666987e-06
85,0,0,85,0.0031415913616617856,0.004124307452926062,9.86959628366795e-06
86,0,0,86,0.00314159136166145,0.00497242514539522,9.869596283665842e-06
87,0,0,87,0.003141591361661525,0.005230935429248864,9.869596283666315e-06
88,0,0,88,0.0031415913616615033,0.0053189330872116134,9.869596283666176e-06
89,0,0,89,0.0031415913616618,0.0020348786052529584,9.869596283668038e-06
90,0,0,90,0.003141591361661781,0.00549948188022446,9.869596283667919e-06
91,0,0,91,0.003141591361661705,0.00292372369614375,9.86959628366744e-06
92,0,0,92,0.003141591361661573,0.0045884725521102504,9.869596283666615e-06
93,0,0,93,0.0031415913616615753,0.0036401169539066864,9.869596283666632e-06
94,0,0,94,0.003141591361661566,0.005892317431270087,9.869596283666574e-06
95,0,0,95,0.003141591361661777,0.0014516668946224478,9.869596283667897e-06
96,0,0,96,0.0031415913616617383,0.00397644219636983,9.869596283667651e-06
97,0,0,97,0.0031415913616617873,0.002067397277368633,9.869596283667963e-06
98,0,0,98,0.0031415913616617695,0.005500674072861387,9.869596283667853e-06
99,0,0,99,0.0031415913616617947,0.005266212319637176,9.869596283668007e-06
100,0,0,100,0.0031415913616617327,0.005816590707935848,9.869596283667621e-06
101,0,0,101,0.0031415913616615674,0.0034071655133059036,9.86959628366658e-06
102,0,0,102,0.0031415913616617795,0.005018940406805423,9.869596283667912e-06
103,0,0,103,0.00314159136166179,0.005623432446018669,9.869596283667978e-06
104,0,0,104,0.003141591361661563,0.005201416900555677,9.869596283666554e-06
105,0,0,105,0.0031415913616617635,0.0029203603348059086,9.86959628366781e-06
106,0,0,106,0.0031415913616615783,0.005971053164419734,9.869596283666693e-06
107,0,0,107,0.003141591361661725,0.0024913620232541152,9.86959628366757e-06
108,0,0,108,0.0031415913616615505,0.00616302910487537,9.869596283666476e-06
109,0,0,109,0.00314159136166175,0.002501821304488309,9.869596283667728e-06
110,0,0,110,0.0031415913616617574,0.004567004094541484,9.869596283667775e-06
111,0,0,111,0.0031415913616615596,0.006156238936264571,9.869596283666542e-06
112,0,0,112,0.0031415913616615635,0.00422976402226988,9.869596283666557e-06
113,0,0,113,0.003141591361661845,0.005181754185739497,9.869596283668322e-06
114,0,0,114,0.00314159136166155,0.0036096186380645164,9.869596283666472e-06
115,0,0,115,0.003141591361661787,0.0042310331204647505,9.869596283667956e-06
116,0,0,116,0.0031415913616615397,0.004498300769598241,9.86959628366641e-06
117,0,0,117,0.0031415913616615688,0.0011403060175155188,9.86959628366659e-06
118,0,0,118,0.0031415913616619187,0.004632861704580183,9.869596283668788e-06
119,0,0,119,0.0031415913616617912,0.0025958500430732713,9.869596283667983e-06
120,0,0,120,0.0031415913616617856,0.00373136221691834,9.869596283667951e-06
121,0,0,121,0.003141591361661782,0.0035403350234890813,9.86959628366793e-06
122,0,0,122,0.003141591361661524,0.004153001784597015,9.86959628366631e-06
123,0,0,123,0.003141591361661549,0.005454005889003418,9.869596283666464e-06
124,0,0,124,0.0031415913616617518,0.0005823068455856358,9.869596283667736e-06
125,0,0,125,0.0031415913616616798,0.004338580442727397,9.869596283667284e-06
126,0,0,126,0.0031415913616614434,0.005151446667460757,9.869596283665803e-06
127,0,0,127,0.0031415913616617054,0.004235184094097719,9.869596283667445e-06
128,0,0,128,0.0031415913616618186,0.004389959693632981,9.869596283668158e-06
129,0,0,129,0.003141591361661737,0.005366597742267194,9.869596283667645e-06
130,0,0,130,0.0031415913616615393,0.004483828900392959,9.869596283666405e-06
131,0,0,131,0.0031415913616614855,0.003998237287425551,9.869596283666067e-06
132,0,0,132,0.0031415913616616997,0.004992054938504556,9.869596283667404e-06
133,0,0,133,0.003141591361661595,0.0044437893548390185,9.869596283666757e-06
134,0,0,134,0.003141591361661594,0.002802989851215559,9.86959628366674e-06
135,0,0,135,0.0031415913616616334,0.0038668891678789743,9.869596283666996e-06
136,0,0,136,0.0031415913616617496,0.0011964575094938164,9.869596283667726e-06
137,0,0,137,0.003141591361661727,0.004100129632210231,9.869596283667585e-06
138,0,0,138,0.0031415913616618042,0.0012288618155704093,9.869596283668068e-06
139,0,0,139,0.0031415913616617535,0.004435308107219143,9.869596283667753e-06
140,0,0,140,0.0031415913616615995,0.004366413366477172,9.869596283666782e-06
141,0,0,141,0.003141591361661775,0.006118649211648938,9.869596283667887e-06
142,0,0,142,0.0031415913616616893,0.003751949694172271,9.869596283667346e-06
143,0,0,143,0.0031415913616617747,0.004251260400744448,9.869596283667885e-06
144,0,0,144,0.0031415913616615575,0.0015140784641895426,9.869596283666515e-06
145,0,0,145,0.0031415913616618008,0.0022607888671416017,9.86959628366805e-06
146,0,0,146,0.0031415913616615635,0.005443160342137551,9.869596283666555e-06
147,0,0,147,0.0031415913616617557,0.004626308044875801,9.86959628366776e-06
148,0,0,148,0.0031415913616617613,0.005767888885647462,9.869596283667795e-06
149,0,0,149,0.003141591361661791,0.006178132974358356,9.86959628366798e-06
150,0,0,150,0.003141591361661775,0.0016066923078059605,9.86959628366793e-06
151,0,0,151,0.003141591361661792,0.004016794689121295,9.869596283667994e-06
152,0,0,152,0.003141591361661785,0.006084937301056905,9.86959628366795e-06
153,0,0,153,0.0031415913616618524,0.004809592254608404,9.86959628366837e-06
154,0,0,154,0.0031415913616617626,0.004557345781573529,9.869596283667807e-06
155,0,0,155,0.003141591361661779,0.0017963470113601958,9.869596283667914e-06
156,0,0,156,0.0031415913616617466,0.0032017810549196833,9.869596283667706e-06
157,0,0,157,0.0031415913616617505,0.006261663164742364,9.86959628366773e-06
158,0,0,158,0.0031415913616616,0.004731098149090815,9.869596283666787e-06
159,0,0,159,0.003141591361661534,0.0033358101075158467,9.869596283666374e-06
160,0,0,160,0.003141591361661559,0.005180538035084869,9.869596283666532e-06
161,0,0,161,0.0031415913616616915,0.00534463477600694,9.86959628366736e-06
162,0,0,162,0.003141591361661766,0.0023397617340708506,9.869596283667828e-06
163,0,0,163,0.0031415913616614543,0.004702925011778924,9.86959628366587e-06
164,0,0,164,0.003141591361661585,0.005488672133138998,9.869596283666687e-06
165,0,0,165,0.003141591361661469,0.003914313597353406,9.869596283665962e-06
166,0,0,166,0.003141591361661562,0.003128587583336129,9.869596283666547e-06
167,0,0,167,0.003141591361661797,0.00247277042137991,9.86959628366802e-06
168,0,0,168,0.003141591361661577,0.0033836035897407296,9.869596283666638e-06
169,0,0,169,0.0031415913616617583,0.004799254100137648,9.869596283667777e-06
170,0,0,170,0.003141591361661581,0.002923452223200935,9.869596283666664e-06
171,0,0,171,0.003141591361661779,0.0038395620541011714,9.869596283667907e-06
172,0,0,172,0.0031415913616616073,0.003958776102064383,9.869596283666833e-06
173,0,0,173,0.003141591361661788,0.0021272688867003528,9.869596283667966e-06
174,0,0,174,0.0031415913616617943,0.001468168697202136,9.869596283668005e-06
175,0,0,175,0.00314159136166153,0.005208380583694752,9.869596283666347e-06
176,0,0,176,0.003141591361661786,0.004278456194538815,9.869596283667955e-06
177,0,0,177,0.003141591361661507,0.004462919479203552,9.869596283666205e-06
178,0,0,178,0.003141591361661567,0.005528278332314749,9.869596283666577e-06
179,0,0,179,0.0031415913616617687,0.004563388944153426,9.869596283667844e-06
180,0,0,180,0.0031415913616617817,0.005991597194269756,9.869596283667926e-06
181,0,0,181,0.003141591361661563,0.003536582832460836,9.869596283666552e-06
182,0,0,182,0.003141591361661768,0.005284784700973835,9.86959628366784e-06
183,0,0,183,0.003141591361661585,0.0035525601444662378,9.869596283666689e-06
184,0,0,184,0.003141591361661787,0.005335373488221769,9.869596283667958e-06
185,0,0,185,0.003141591361661473,0.0045221360360262666,9.869596283665986e-06
186,0,0,186,0.003141591361661783,0.005263076051964158,9.869596283667934e-06
187,0,0,187,0.0031415913616617596,0.0006240229034068437,9.869596283667787e-06
188,0,0,188,0.003141591361661565,0.004822522668278997,9.869596283666564e-06
189,0,0,189,0.0031415913616615674,0.004401947056826527,9.86959628366658e-06
190,0,0,190,0.0031415913616617487,0.005429845623028674,9.86959628366772e-06
191,0,0,191,0.0031415913616615948,0.0030717327201188883,9.869596283666752e-06
192,0,0,192,0.003141591361661785,0.003976747561883009,9.869596283667946e-06
193,0,0,193,0.003141591361661594,0.0046600666942663745,9.869596283666747e-06
194,0,0,194,0.0031415913616617895,0.005392705929477092,9.869596283667977e-06
195,0,0,195,0.0031415913616617977,0.001832244745746551,9.869596283668029e-06
196,0,0,196,0.003141591361661764,0.0043050292682922575,9.869596283667814e-06
197,0,0,197,0.0031415913616615315,0.004845019346824841,9.869596283666357e-06
198,0,0,198,0.0031415913616617895,0.005076981768908527,9.869596283667973e-06
199,0,0,199,0.0031415913616617596,0.0013538592184690252,9.869596283667789e-06
200,0,0,200,0.0031415913616614807,0.004980457497975016,9.869596283666037e-06
201,0,0,201,0.0031415913616615596,0.005084135368555829,9.86959628366653e-06
202,0,0,202,0.0031415913616617934,0.005716882271350559,9.869596283668e-06
203,0,0,203,0.0031415913616616446,0.005622837560168147,9.869596283667065e-06
204,0,0,204,0.0031415913616616355,0.0049458314420086245,9.869596283667008e-06
205,0,0,205,0.0031415913616615935,0.003647926088744348,9.869596283666747e-06
206,0,0,206,0.0031415913616617617,0.0061284769276265865,9.869596283667799e-06
207,0,0,207,0.003141591361661561,0.00422934825080921,9.86959628366654e-06
208,0,0,208,0.0031415913616617674,0.0018895574771666433,9.869596283667838e-06
209,0,0,209,0.0031415913616617214,0.005537845496062827,9.86959628366755e-06
210,0,0,210,0.0031415913616617405,0.0016180797185599716,9.869596283667665e-06
211,0,0,211,0.003141591361661465,0.003958137433660102,9.869596283665937e-06
212,0,0,212,0.0031415913616617856,0.003885619466075542,9.869596283667953e-06
213,0,0,213,0.003141591361661751,0.0030494283774337117,9.869596283667733e-06
214,0,0,214,0.003141591361661956,0.004674224000689791,9.869596283669024e-06
215,0,0,215,0.003141591361661821,0.004985691827685349,9.869596283668177e-06
216,0,0,216,0.003141591361661507,0.005382673329544077,9.869596283666205e-06
217,0,0,217,0.0031415913616618255,0.0053832047520032626,9.869596283668204e-06
218,0,0,218,0.0031415913616615354,0.0047840265405077334,9.869596283666377e-06
219,0,0,219,0.0031415913616617947,0.003653155985479929,9.869596283668005e-06
220,0,0,220,0.003141591361661572,0.003991416687938564,9.869596283666608e-06
221,0,0,221,0.003141591361661773,0.004916845248784502,9.869596283667872e-06
222,0,0,222,0.003141591361661767,0.006118058161434692,9.869596283667833e-06
223,0,0,223,0.0031415913616618086,0.00469679752864722,9.869596283668095e-06
224,0,0,224,0.0031415913616618225,0.004387710778547412,9.869596283668183e-06
225,0,0,225,0.00314159136166176,0.0049089316530789035,9.869596283667787e-06
226,0,0,226,0.0031415913616615583,0.0030006823482598343,9.869596283666523e-06
227,0,0,227,0.00314159136166163,0.005059428368729233,9.86959628366697e-06
228,0,0,228,0.0031415913616618094,0.004314180402091743,9.869596283668102e-06
229,0,0,229,0.003141591361661782,0.003458923617479289,9.86959628366793e-06
230,0,0,230,0.00314159136166169,0.003919217374032434,9.869596283667346e-06
231,0,0,231,0.0031415913616617917,0.004121919457330227,9.86959628366799e-06
232,0,0,232,0.003141591361661553,0.0013411693518731187,9.869596283666503e-06
233,0,0,233,0.0031415913616615666,0.0059465313514087004,9.869596283666576e-06
234,0,0,234,0.0031415913616616047,0.0042012742366295324,9.869596283666814e-06
235,0,0,235,0.0031415913616617552,0.006106701392220231,9.86959628366776e-06
236,0,0,236,0.0031415913616615575,0.00452240806102907,9.86959628366652e-06
237,0,0,237,0.0031415913616617717,0.002822580639977874,9.869596283667865e-06
238,0,0,238,0.003141591361661754,0.004930107934340579,9.869596283667751e-06
239,0,0,239,0.0031415913616615627,0.0043318326853551605,9.869596283666554e-06
240,0,0,240,0.0031415913616615492,0.0049734553895870014,9.869596283666467e-06
241,0,0,241,0.0031415913616614885,0.00530531723687181,9.869596283666086e-06
242,0,0,242,0.0031415913616617873,0.00448847531986009,9.86959628366796e-06
243,0,0,243,0.0031415913616617886,0.005917753422091561,9.86959628366797e-06
244,0,0,244,0.0031415913616617643,0.004325575738605962,9.869596283667814e-06
245,0,0,245,0.0031415913616617834,0.0021596952393874444,9.869596283667936e-06
246,0,0,246,0.003141591361661785,0.002247045823752524,9.869596283667948e-06
247,0,0,247,0.003141591361661805,0.004483804865597609,9.869596283668075e-06
248,0,0,248,0.0031415913616616143,0.0031206923974657886,9.869596283666872e-06
249,0,0,249,0.003141591361661776,0.0021659581689014618,9.869596283667889e-06
250,0,0,250,0.0031415913616617674,0.0052991650887464084,9.869596283667909e-06
251,0,0,251,0.0031415913616617388,0.0022965485881179973,9.869596283667658e-06
252,0,0,252,0.0031415913616618086,0.004368767638392551,9.869596283668095e-06
253,0,0,253,0.003141591361661801,0.0048048607592280435,9.86959628366805e-06
254,0,0,254,0.003141591361661788,0.0014911360830262344,9.869596283667966e-06
255,0,0,255,0.0031415913616617813,0.002364476977952194,9.869596283667924e-06
256,0,0,256,0.0031415913616617813,0.002824479212981201,9.869596283667922e-06
257,0,0,257,0.0031415913616616876,0.006003291577430062,9.869596283667333e-06
258,0,0,258,0.0031415913616617843,0.005094057582389992,9.869596283667943e-06
259,0,0,259,0.0031415913616617765,0.003220542137827633,9.869596283667895e-06
260,0,0,260,0.0031415913616617648,0.0008854274609676665,9.869596283667822e-06
261,0,0,261,0.003141591361661776,0.0008364064530469864,9.86959628366789e-06
262,0,0,262,0.0031415913616615,0.004761377926610774,9.869596283666157e-06
263,0,0,263,0.003141591361661579,0.0024748024961602825,9.869596283666645e-06
264,0,0,264,0.003141591361661741,0.004385413771867562,9.869596283667668e-06
265,0,0,265,0.0031415913616617414,0.004431035463795636,9.869596283667672e-06
266,0,0,266,0.0031415913616615614,0.0022632330694982807,9.869596283666543e-06
267,0,0,267,0.0031415913616616078,0.004567654499735546,9.869596283666835e-06
268,0,0,268,0.003141591361661805,0.00430025897177712,9.869596283668075e-06
269,0,0,269,0.0031415913616617956,0.004651379246692594,9.869596283668014e-06
270,0,0,270,0.0031415913616617895,0.004755914798256095,9.869596283667977e-06
271,0,0,271,0.0031415913616617904,0.005869767018108716,9.86959628366798e-06
272,0,0,272,0.0031415913616617006,0.0043090225754047065,9.869596283667418e-06
273,0,0,273,0.0031415913616617886,0.00622162237584599,9.869596283667972e-06
274,0,0,274,0.0031415913616617314,0.004543746241698129,9.869596283667607e-06
275,0,0,275,0.003141591361661802,0.004323054916178592,9.869596283668053e-06
276,0,0,276,0.003141591361661737,0.005898690124993164,9.869596283667646e-06
277,0,0,277,0.003141591361661772,0.0014013687795645475,9.869596283667863e-06
278,0,0,278,0.0031415913616617223,0.004676100075553458,9.869596283667553e-06
279,0,0,279,0.0031415913616614846,0.0046159279103673645,9.869596283666062e-06
280,0,0,280,0.003141591361661529,0.004556462722994394,9.869596283666335e-06
281,0,0,281,0.003141591361661762,0.0030538775219161444,9.869596283667804e-06
282,0,0,282,0.0031415913616618008,0.003632169635406661,9.869596283668044e-06
283,0,0,283,0.0031415913616617075,0.004429666194555679,9.869596283667458e-06
284,0,0,284,0.0031415913616617756,0.005525936027176432,9.869596283667887e-06
285,0,0,285,0.0031415913616617873,0.003526562381053237,9.869596283667965e-06
286,0,0,286,0.003141591361661831,0.0058383592146641385,9.86959628366824e-06
287,0,0,287,0.003141591361661792,0.001930703560357209,9.869596283667988e-06
288,0,0,288,0.003141591361661743,0.0046918689114337974,9.869596283667682e-06
289,0,0,289,0.0031415913616614877,0.004866276078989944,9.869596283666081e-06
290,0,0,290,0.0031415913616615323,0.005111605387125235,9.869596283666433e-06
291,0,0,291,0.003141591361661603,0.005480035125000699,9.869596283666806e-06
292,0,0,292,0.0031415913616617513,0.004784997903188399,9.86959628366774e-06
293,0,0,293,0.0031415913616615596,0.0009644344257406338,9.869596283666532e-06
294,0,0,294,0.0031415913616615596,0.004462308376777231,9.869596283666533e-06
295,0,0,295,0.0031415913616615345,0.005225321239702098,9.869596283666372e-06
296,0,0,296,0.00314159136166156,0.0061543758594078,9.869596283666533e-06
297,0,0,297,0.003141591361661565,0.004441932779688622,9.869596283666564e-06
298,0,0,298,0.0031415913616614907,0.004452924727116016,9.869596283666095e-06
299,0,0,299,0.00314159136166177,0.006234697472737703,9.869596283667855e-06
300,0,0,300,0.003141591361661562,0.005070799689594232,9.869596283666542e-06
301,0,0,301,0.0031415913616617977,0.005951132946167887,9.869596283668027e-06
302,0,0,302,0.0031415913616618394,0.0047467679694555304,9.86959628366829e-06
303,0,0,303,0.0031415913616617266,0.004044973681417252,9.86959628366758e-06
304,0,0,304,0.003141591361661791,0.0052473385483417555,9.869596283667987e-06
305,0,0,305,0.003141591361661784,0.0036212746536791085,9.869596283667943e-06
306,0,0,306,0.003141591361661776,0.003595262568456946,9.869596283667894e-06
307,0,0,307,0.003141591361661541,0.0041533770504134995,9.869596283666415e-06
308,0,0,308,0.003141591361661537,0.0031768238040799706,9.869596283666391e-06
309,0,0,309,0.003141591361661567,0.006005626679859613,9.869596283666579e-06
310,0,0,310,0.0031415913616617734,0.006213765609682119,9.869596283667875e-06
311,0,0,311,0.0031415913616618446,0.004900559045245091,9.869596283668322e-06
312,0,0,312,0.003141591361661595,0.005510039755650069,9.869596283666755e-06
313,0,0,313,0.003141591361661814,0.0032323826136458323,9.86959628366813e-06
314,0,0,314,0.003141591361661566,0.005516236610079235,9.869596283666572e-06
315,0,0,315,0.0031415913616617483,0.005475443785379631,9.869596283667716e-06
316,0,0,316,0.003141591361661527,0.003886852033257071,9.869596283666327e-06
317,0,0,317,0.003141591361661772,0.0018773200749510653,9.869596283667863e-06
318,0,0,318,0.0031415913616617483,0.004299243729928164,9.869596283667719e-06
319,0,0,319,0.0031415913616617843,0.004843902951428744,9.869596283667943e-06
320,0,0,320,0.003141591361661799,0.00453651004827654,9.869596283668034e-06
321,0,0,321,0.003141591361661768,0.0028868026441295413,9.869596283667841e-06
322,0,0,322,0.0031415913616615913,0.004489244664014381,9.86959628366673e-06
323,0,0,323,0.0031415913616617813,0.0023418480328887665,9.869596283667926e-06
324,0,0,324,0.0031415913616617314,0.0020731231504710953,9.869596283667609e-06
325,0,0,325,0.0031415913616616963,0.004340969019739567,9.869596283667389e-06
326,0,0,326,0.003141591361661769,0.0050341716404311634,9.869596283667848e-06
327,0,0,327,0.0031415913616615223,0.0031934473026948035,9.869596283666298e-06
328,0,0,328,0.0031415913616618415,0.0039904060244849975,9.869596283668305e-06
329,0,0,329,0.0031415913616618155,0.004990938754661825,9.86959628366814e-06
330,0,0,330,0.003141591361661817,0.005162592029175932,9.869596283668148e-06
331,0,0,331,0.0031415913616615935,0.004252565206034363,9.86959628366674e-06
332,0,0,332,0.0031415913616618277,0.004442626361566165,9.869596283668217e-06
333,0,0,333,0.003141591361661605,0.004933679731018338,9.86959628366682e-06
334,0,0,334,0.00314159136166179,0.005873379832530463,9.869596283667978e-06
335,0,0,335,0.003141591361661531,0.005065145035846766,9.86959628366635e-06
336,0,0,336,0.0031415913616616134,0.003968302229363578,9.86959628366687e-06
337,0,0,337,0.00314159136166176,0.003653978908825593,9.86959628366779e-06
338,0,0,338,0.0031415913616615475,0.0045483493400107055,9.869596283666459e-06
339,0,0,339,0.0031415913616617847,0.003682001407578604,9.869596283667946e-06
340,0,0,340,0.00314159136166174,0.004363879419993793,9.869596283667667e-06
341,0,0,341,0.003141591361661731,0.005126450598954249,9.869596283667606e-06
342,0,0,342,0.0031415913616618394,0.0026739132922802044,9.869596283668288e-06
343,0,0,343,0.003141591361661754,0.0025255021901838376,9.869596283667745e-06
344,0,0,344,0.0031415913616617474,0.004721224981167688,9.869596283667712e-06
345,0,0,345,0.0031415913616617734,0.002180496924377577,9.869596283667872e-06
346,0,0,346,0.0031415913616617574,0.0010832193006573487,9.869596283667773e-06
347,0,0,347,0.003141591361661908,0.004851254230280361,9.869596283668719e-06
348,0,0,348,0.003141591361661626,0.004491289908059049,9.869596283666947e-06
349,0,0,349,0.003141591361661837,0.005133374002012698,9.869596283668273e-06
350,0,0,350,0.0031415913616618225,0.0061430395577765475,9.869596283668175e-06
351,0,0,351,0.0031415913616617613,0.0018679567584595378,9.869596283667797e-06
352,0,0,352,0.0031415913616618576,0.0030636491966501774,9.869596283668405e-06
353,0,0,353,0.003141591361661645,0.004448471091798415,9.869596283667067e-06
354,0,0,354,0.003141591361661711,0.004643046625021063,9.869596283667485e-06
355,0,0,355,0.0031415913616618225,0.004509015455523799,9.869596283668182e-06
356,0,0,356,0.003141591361661809,0.0038284186337594543,9.8695962836681e-06
357,0,0,357,0.003141591361661748,0.004567033362089578,9.869596283667717e-06
358,0,0,358,0.003141591361661624,0.00432334828235141,9.869596283666933e-06
359,0,0,359,0.0031415913616618576,0.004767153166391744,9.869596283668393e-06
360,0,0,360,0.003141591361661623,0.0045573995446857325,9.869596283666928e-06
361,0,0,361,0.003141591361661561,0.004772944997861186,9.86959628366654e-06
362,0,0,362,0.0031415913616617956,0.005664390423739044,9.869596283668014e-06
363,0,0,363,0.00314159136166176,0.004800816024605049,9.86959628366779e-06
364,0,0,364,0.0031415913616615445,0.005350662288164306,9.869596283666435e-06
365,0,0,365,0.003141591361661805,0.004968081402657599,9.869596283668078e-06
366,0,0,366,0.0031415913616617353,0.0059210073619045175,9.869596283667634e-06
367,0,0,367,0.003141591361661848,0.004387226179481307,9.869596283668343e-06
368,0,0,368,0.0031415913616615714,0.004083808791768561,9.869596283666608e-06
369,0,0,369,0.0031415913616615536,0.006254491028526505,9.869596283666494e-06
370,0,0,370,0.0031415913616615722,0.0023960788948083635,9.869596283666611e-06
371,0,0,371,0.00314159136166169,0.004581873308574593,9.869596283667353e-06
372,0,0,372,0.0031415913616615492,0.003916829007002598,9.869596283666469e-06
373,0,0,373,0.0031415913616617925,0.0051520079200415,9.869596283667997e-06
374,0,0,374,0.0031415913616618138,0.004861091071731475,9.869596283668129e-06
375,0,0,375,0.0031415913616617474,0.005957880188638541,9.869596283667712e-06
376,0,0,376,0.003141591361661778,0.0005876276058831126,9.869596283667902e-06
377,0,0,377,0.0031415913616617964,0.0016074052460698892,9.869596283668017e-06
378,0,0,378,0.0031415913616617487,0.0028093410321666967,9.86959628366772e-06
379,0,0,379,0.003141591361661559,0.00539075212758422,9.86959628366653e-06
380,0,0,380,0.003141591361661782,0.0015377626824470878,9.869596283667931e-06
381,0,0,381,0.003141591361661754,0.006236677326279551,9.869596283667753e-06
382,0,0,382,0.003141591361661763,0.00353214422778053,9.869596283667809e-06
383,0,0,383,0.0031415913616615727,0.00470179249563598,9.869596283666613e-06
384,0,0,384,0.0031415913616615753,0.0015293759371310652,9.86959628366663e-06
385,0,0,385,0.003141591361661558,0.005621222430751789,9.869596283666521e-06
386,0,0,386,0.003141591361661736,0.004766338325995005,9.869596283667641e-06
387,0,0,387,0.0031415913616618355,0.004107607000555744,9.869596283668258e-06
388,0,0,388,0.0031415913616617405,0.0034007566646215106,9.869596283667668e-06
389,0,0,389,0.0031415913616617435,0.004200862478004626,9.869596283667687e-06
390,0,0,390,0.0031415913616617925,0.002812430821960874,9.86959628366799e-06
391,0,0,391,0.0031415913616617925,0.004168187278366368,9.869596283667997e-06
392,0,0,392,0.0031415913616615596,0.00627469830299183,9.869596283666533e-06
393,0,0,393,0.0031415913616617674,0.0036416021477576137,9.869596283667834e-06
394,0,0,394,0.003141591361661532,0.004442848094120858,9.869596283666357e-06
395,0,0,395,0.0031415913616614924,0.0034960858543997557,9.86959628366611e-06
396,0,0,396,0.003141591361661783,0.005539657894547225,9.869596283667934e-06
397,0,0,397,0.0031415913616617695,0.001231575600889198,9.869596283667851e-06
398,0,0,398,0.0031415913616618728,0.005371703387176305,9.8695962836685e-06
399,0,0,399,0.0031415913616617457,0.0038420475416848943,9.8695962836677e-06
400,0,0,400,0.0031415913616617656,0.0048995633111834315,9.869596283667824e-06
401,0,0,401,0.003141591361661757,0.005025668146177404,9.869596283667772e-06
402,0,0,402,0.0031415913616618086,0.004154168150200084,9.869596283668097e-06
403,0,0,403,0.003141591361661538,0.0031572129749938313,9.869596283666396e-06
404,0,0,404,0.0031415913616617847,0.005027335911005996,9.869596283667943e-06
405,0,0,405,0.003141591361661797,0.0029009273288497033,9.869596283668024e-06
406,0,0,406,0.00314159136166179,0.005302822455333461,9.86959628366798e-06
407,0,0,407,0.00314159136166177,0.0030123426120637242,9.869596283667855e-06
408,0,0,408,0.0031415913616617305,0.005061207194666149,9.869596283667606e-06
409,0,0,409,0.0031415913616618103,0.002768379208837533,9.86959628366819e-06
410,0,0,410,0.0031415913616617804,0.006270016318443092,9.869596283667922e-06
411,0,0,411,0.003141591361661836,0.004831649687648293,9.869596283668265e-06
412,0,0,412,0.003141591361661791,0.0057465956121979375,9.869596283667985e-06
413,0,0,413,0.003141591361661584,0.004085732335567564,9.869596283666684e-06
414,0,0,414,0.003141591361661557,0.004271288141913222,9.869596283666515e-06
415,0,0,415,0.0031415913616617847,0.005426667962313083,9.869596283667944e-06
416,0,0,416,0.0031415913616616013,0.004425740609708714,9.869596283666794e-06
417,0,0,417,0.003141591361661734,0.005451354994412345,9.869596283667628e-06
418,0,0,418,0.003141591361661569,0.005586015207010143,9.869596283666593e-06
419,0,0,419,0.003141591361661781,0.004311641114636161,9.869596283667919e-06
420,0,0,420,0.003141591361661724,0.0019146621383427848,9.869596283667563e-06
421,0,0,421,0.003141591361661734,0.0030255936859846897,9.869596283667626e-06
422,0,0,422,0.003141591361661553,0.003094391604877224,9.869596283666491e-06
423,0,0,423,0.0031415913616617127,0.004450313238129456,9.869596283667496e-06
424,0,0,424,0.0031415913616614924,0.005112801215565632,9.86959628366611e-06
425,0,0,425,0.0031415913616615184,0.00524057339976412,9.869596283666272e-06
426,0,0,426,0.00314159136166182,0.005202322993169417,9.869596283668166e-06
427,0,0,427,0.003141591361661787,0.004859053828461388,9.86959628366796e-06
428,0,0,428,0.0031415913616617505,0.006055822252641072,9.86959628366773e-06
429,0,0,429,0.003141591361661796,0.004004978338539115,9.869596283668012e-06
430,0,0,430,0.0031415913616617283,0.005262776172594638,9.869596283667594e-06
431,0,0,431,0.0031415913616618107,0.0014994529643454124,9.869596283668107e-06
432,0,0,432,0.0031415913616618294,0.004443327047700134,9.869596283668227e-06
433,0,0,433,0.0031415913616618407,0.0022325750426048763,9.869596283668298e-06
434,0,0,434,0.003141591361661779,0.0057732674246988415,9.869596283667909e-06
435,0,0,435,0.003141591361661471,0.004878226189084254,9.869596283665978e-06
436,0,0,436,0.00314159136166172,0.005305566014192853,9.869596283667538e-06
437,0,0,437,0.003141591361661762,0.00498219195459351,9.869596283667804e-06
438,0,0,438,0.003141591361661546,0.004233259726564788,9.869596283666447e-06
439,0,0,439,0.0031415913616618047,0.0037282444881916203,9.869596283668073e-06
440,0,0,440,0.003141591361661568,0.0059634017263220235,9.869596283666582e-06
441,0,0,441,0.0031415913616615688,0.005530649938071329,9.869596283666587e-06
442,0,0,442,0.003141591361661745,0.003157293861027657,9.869596283667695e-06
443,0,0,443,0.003141591361661591,0.004409825910921946,9.869596283666728e-06
444,0,0,444,0.0031415913616617353,0.004470300742550115,9.869596283667636e-06
445,0,0,445,0.0031415913616617717,0.004065727204629744,9.869596283667865e-06
446,0,0,446,0.00314159136166162,0.005292643029642312,9.869596283666908e-06
447,0,0,447,0.0031415913616618307,0.0048611053448437335,9.869596283668232e-06
448,0,0,448,0.003141591361661762,0.004659196353090531,9.869596283667804e-06
449,0,0,449,0.0031415913616615588,0.002748688170707642,9.869596283666525e-06
450,0,0,450,0.003141591361661566,0.0037877834939605915,9.869596283666572e-06
451,0,0,451,0.0031415913616615757,0.0035592402355575804,9.869596283666628e-06
452,0,0,452,0.0031415913616615714,0.002031841788106364,9.869596283666604e-06
453,0,0,453,0.0031415913616617973,0.002782161088615752,9.869596283668026e-06
454,0,0,454,0.0031415913616617847,0.0059999863141325,9.869596283667946e-06
455,0,0,455,0.0031415913616615605,0.006257951697556615,9.869596283666537e-06
456,0,0,456,0.0031415913616617544,0.0030478028119614664,9.869596283667756e-06
457,0,0,457,0.0031415913616615514,0.0049003066555875574,9.869596283666479e-06
458,0,0,458,0.0031415913616618086,0.002608950010649082,9.869596283668095e-06
459,0,0,459,0.003141591361661577,0.005096982418201616,9.869596283666645e-06
460,0,0,460,0.0031415913616616113,0.0044411010489420815,9.869596283666857e-06
461,0,0,461,0.003141591361661744,0.005668096434720781,9.869596283667689e-06
462,0,0,462,0.003141591361661537,0.004050870775193982,9.869596283666391e-06
463,0,0,463,0.0031415913616615683,0.0041095760050333646,9.869596283666586e-06
464,0,0,464,0.0031415913616615666,0.004897433922744082,9.86959628366657e-06
465,0,0,465,0.0031415913616617925,0.0031964893677357774,9.869596283667994e-06
466,0,0,466,0.0031415913616615805,0.004598499881335728,9.86959628366666e-06
467,0,0,467,0.0031415913616615553,0.004724171460783271,9.869596283666504e-06
468,0,0,468,0.003141591361661591,0.005542728567719581,9.869596283666728e-06
469,0,0,469,0.003141591361661605,0.0037081492761405215,9.869596283666816e-06
470,0,0,470,0.0031415913616615328,0.004736478825968462,9.869596283666364e-06
471,0,0,471,0.0031415913616615306,0.004139518410435568,9.869596283666347e-06
472,0,0,472,0.0031415913616618303,0.004358799032056538,9.869596283668227e-06
473,0,0,473,0.003141591361661654,0.004095669336282072,9.869596283667126e-06
474,0,0,474,0.003141591361661755,0.002726147710406844,9.86959628366776e-06
475,0,0,475,0.00314159136166179,0.0048572938905388045,9.869596283667978e-06
476,0,0,476,0.0031415913616617583,0.004016829413249684,9.869596283667777e-06
477,0,0,477,0.003141591361661676,0.004430048815229408,9.86959628366726e-06
478,0,0,478,0.003141591361661524,0.00520520943024762,9.86959628366631e-06
479,0,0,479,0.0031415913616615935,0.005620802915429911,9.869596283666743e-06
480,0,0,480,0.0031415913616617453,0.005787958524366921,9.869596283667699e-06
481,0,0,481,0.003141591361661593,0.0019648372449179055,9.869596283666735e-06
482,0,0,482,0.003141591361661715,0.00444309924990941,9.869596283667506e-06
483,0,0,483,0.003141591361661711,0.004686211364307627,9.869596283667485e-06
484,0,0,484,0.0031415913616617496,0.004541233785709214,9.869596283667728e-06
485,0,0,485,0.003141591361661792,0.005771032312800325,9.86959628366799e-06
486,0,0,486,0.00314159136166157,0.0029456866936717102,9.8695962836666e-06
487,0,0,487,0.0031415913616616316,0.002427015389354537,9.86959628366698e-06
488,0,0,488,0.0031415913616615527,0.0037505081018316725,9.869596283666488e-06
489,0,0,489,0.0031415913616615757,0.0018004632955776186,9.869596283666679e-06
490,0,0,490,0.00314159136166174,0.004585606107503821,9.869596283667663e-06
491,0,0,491,0.0031415913616615583,0.005328319330077663,9.869596283666525e-06
492,0,0,492,0.003141591361661592,0.004931649866453181,9.869596283666737e-06
493,0,0,493,0.0031415913616618294,0.0042991026306962036,9.869596283668226e-06
494,0,0,494,0.003141591361661638,0.0049653181155998125,9.869596283667025e-06
495,0,0,495,0.0031415913616617253,0.004385500255986978,9.869596283667573e-06
496,0,0,496,0.003141591361661729,0.001705814287321772,9.8695962836676e-06
497,0,0,497,0.00314159136166179,0.0046939935467214785,9.869596283667977e-06
498,0,0,498,0.0031415913616617687,0.003739209719666028,9.869596283667844e-06
499,0,0,499,0.0031415913616618294,0.0032145420046228077,9.86959628366822e-06
500,0,0,500,0.003141591361661759,0.0008862099756416159,9.86959628366778e-06
501,0,0,501,0.0031415913616615544,0.005107640442281582,9.8695962836665e-06
502,0,0,502,0.003141591361661785,0.0004970551684263426,9.869596283667946e-06
503,0,0,503,0.003141591361661698,0.0048200084170814715,9.869596283667524e-06
504,0,0,504,0.003141591361661801,0.0054064405060805475,9.869596283668051e-06
505,0,0,505,0.0031415913616617973,0.005135354609347262,9.869596283668024e-06
506,0,0,506,0.0031415913616617405,0.002118739124767993,9.869596283667665e-06
507,0,0,507,0.003141591361661565,0.0061947699484749584,9.869596283666565e-06
508,0,0,508,0.003141591361661494,0.004698793347917031,9.86959628366612e-06
509,0,0,509,0.0031415913616617505,0.004848908888769073,9.869596283667734e-06
510,0,0,510,0.003141591361661747,0.0026846340131388776,9.869596283667709e-06
511,0,0,511,0.0031415913616615492,0.004780328767362828,9.869596283666466e-06
512,0,0,512,0.0031415913616614933,0.0032196980531759792,9.869596283666113e-06
513,0,0,513,0.0031415913616615722,0.004249700043956435,9.869596283666611e-06
514,0,0,514,0.0031415913616617912,0.00289896382116434,9.869596283667988e-06
515,0,0,515,0.00314159136166155,0.0020742876244593963,9.869596283666469e-06
516,0,0,516,0.003141591361661757,0.004327720708266746,9.869596283667772e-06
517,0,0,517,0.003141591361661732,0.005541472633438028,9.86959628366761e-06
518,0,0,518,0.003141591361661706,0.0026752267494855714,9.86959628366745e-06
519,0,0,519,0.0031415913616618663,0.005371923877868204,9.869596283668458e-06
520,0,0,520,0.0031415913616618294,0.005693740890029489,9.869596283668227e-06
521,0,0,521,0.00314159136166179,0.0020099394867655745,9.869596283667977e-06
522,0,0,522,0.0031415913616617596,0.0054275659195233165,9.869596283667789e-06
523,0,0,523,0.0031415913616615544,0.004275793356136229,9.869596283666498e-06
524,0,0,524,0.003141591361661571,0.00410660991145969,9.869596283666603e-06
525,0,0,525,0.0031415913616616377,0.004588541761512288,9.869596283667021e-06
526,0,0,526,0.0031415913616616273,0.0022768356840672664,9.869596283666955e-06
527,0,0,527,0.0031415913616618103,0.004804534074288612,9.869596283668105e-06
528,0,0,528,0.0031415913616617544,0.004078458764381185,9.86959628366775e-06
529,0,0,529,0.0031415913616616446,0.004728556059854174,9.869596283667065e-06
530,0,0,530,0.0031415913616617843,0.0030322747038004113,9.869596283667943e-06
531,0,0,531,0.003141591361661536,0.004681979375367016,9.86959628366638e-06
532,0,0,532,0.003141591361661791,0.005762576985179898,9.869596283667983e-06
533,0,0,533,0.0031415913616617747,0.00343130564792888,9.86959628366788e-06
534,0,0,534,0.0031415913616617925,0.0045818521112459916,9.869596283667997e-06
535,0,0,535,0.0031415913616616256,0.004815821433685364,9.869596283666947e-06
536,0,0,536,0.003141591361661734,0.004486679651438625,9.869596283667628e-06
537,0,0,537,0.0031415913616615744,0.005269698932956094,9.869596283666623e-06
538,0,0,538,0.0031415913616615492,0.004495444129242869,9.869596283666466e-06
539,0,0,539,0.0031415913616614642,0.003914069530736767,9.869596283665934e-06
540,0,0,540,0.003141591361661804,0.004313681316968699,9.869596283668065e-06
541,0,0,541,0.003141591361661584,0.001213976017308444,9.869596283666679e-06
542,0,0,542,0.0031415913616618034,0.0021845113796986264,9.869596283668065e-06
543,0,0,543,0.0031415913616615674,0.00591848119853829,9.869596283666582e-06
544,0,0,544,0.003141591361661568,0.0024230684606649485,9.869596283666584e-06
545,0,0,545,0.003141591361661551,0.005814878099352939,9.869596283666479e-06
546,0,0,546,0.0031415913616616416,0.003806446664240296,9.869596283667047e-06
547,0,0,547,0.0031415913616615857,0.004814156812188791,9.869596283666696e-06
548,0,0,548,0.003141591361661567,0.003500676159554451,9.869596283666577e-06
549,0,0,549,0.003141591361661617,0.0052188635558100506,9.869596283666889e-06
550,0,0,550,0.003141591361661912,0.004821255871875619,9.869596283668746e-06
551,0,0,551,0.003141591361661705,0.004447180187788878,9.869596283667446e-06
552,0,0,552,0.0031415913616617813,0.006026144408303052,9.869596283667924e-06
553,0,0,553,0.0031415913616616026,0.0045567900620566365,9.869596283666803e-06
554,0,0,554,0.0031415913616617873,0.0016624269976225651,9.869596283667955e-06
555,0,0,555,0.0031415913616617704,0.003972892326675448,9.869596283667856e-06
556,0,0,556,0.0031415913616615588,0.005914946725972145,9.869596283666527e-06
557,0,0,557,0.003141591361661545,0.005028140507170895,9.869596283666438e-06
558,0,0,558,0.0031415913616617544,0.0037165498982291863,9.869596283667755e-06
559,0,0,559,0.0031415913616616043,0.00289231255422087,9.86959628366681e-06
560,0,0,560,0.003141591361661668,0.005106698826927508,9.869596283667213e-06
561,0,0,561,0.0031415913616616173,0.00436794450239839,9.869596283666894e-06
562,0,0,562,0.0031415913616615445,0.005271513301836829,9.869596283666438e-06
563,0,0,563,0.0031415913616617552,0.0035066649202336888,9.869596283667761e-06
564,0,0,564,0.003141591361661805,0.004398577990345578,9.869596283668075e-06
565,0,0,565,0.0031415913616615566,0.005164406237567509,9.869596283666515e-06
566,0,0,566,0.0031415913616617695,0.006092365422639502,9.869596283667853e-06
567,0,0,567,0.003141591361661786,0.0016523248897411364,9.869596283667951e-06
568,0,0,568,0.0031415913616617158,0.00506349634602594,9.869596283667512e-06
569,0,0,569,0.0031415913616617505,0.003538999491281499,9.869596283667812e-06
570,0,0,570,0.0031415913616617717,0.004698648845679875,9.869596283667861e-06
571,0,0,571,0.003141591361661848,0.004731302396995405,9.869596283668343e-06
572,0,0,572,0.003141591361661758,0.006069401606165242,9.869596283667777e-06
573,0,0,573,0.003141591361661707,0.004866007489444074,9.869596283667462e-06
574,0,0,574,0.0031415913616618125,0.005733943628957692,9.869596283668119e-06
575,0,0,575,0.0031415913616616017,0.003450597871076493,9.869596283666796e-06
576,0,0,576,0.0031415913616617288,0.0052363320483913706,9.869596283667745e-06
577,0,0,577,0.0031415913616615935,0.0020054656992158962,9.869596283666743e-06
578,0,0,578,0.003141591361661556,0.0038112575790275353,9.869596283666508e-06
579,0,0,579,0.0031415913616617366,0.0027267680491715064,9.869596283667643e-06
580,0,0,580,0.003141591361661629,0.005078279813067248,9.869596283666967e-06
581,0,0,581,0.0031415913616617973,0.004654705588649267,9.869596283668026e-06
582,0,0,582,0.003141591361661765,0.003946995613507839,9.869596283667824e-06
583,0,0,583,0.0031415913616615527,0.0045922317085559175,9.869596283666486e-06
584,0,0,584,0.00314159136166154,0.002562209365791527,9.869596283666427e-06
585,0,0,585,0.0031415913616615627,0.005877214633335077,9.869596283666552e-06
586,0,0,586,0.0031415913616617054,0.00588548896398082,9.869596283667446e-06
587,0,0,587,0.003141591361661777,0.0022035709495770287,9.869596283667894e-06
588,0,0,588,0.003141591361661535,0.00463645102168292,9.869596283666377e-06
589,0,0,589,0.003141591361661805,0.0051743840644354056,9.869596283668075e-06
590,0,0,590,0.00314159136166159,0.004663849336218413,9.869596283666723e-06
591,0,0,591,0.003141591361661493,0.005006724539627412,9.869596283666115e-06
592,0,0,592,0.0031415913616615397,0.004083130202935931,9.869596283666406e-06
593,0,0,593,0.003141591361661788,0.00462735904766085,9.86959628366797e-06
594,0,0,594,0.003141591361661782,0.004500338338319739,9.86959628366793e-06
595,0,0,595,0.0031415913616618003,0.003502224729430603,9.869596283668046e-06
596,0,0,596,0.003141591361661822,0.005914072987122027,9.869596283668182e-06
597,0,0,597,0.0031415913616617544,0.0029496683804295033,9.869596283667756e-06
598,0,0,598,0.0031415913616615657,0.0034644663720352245,9.869596283666567e-06
599,0,0,599,0.0031415913616617565,0.005771917796715092,9.869596283667848e-06
600,0,0,600,0.0031415913616615622,0.004796669748793842,9.869596283666547e-06
601,0,0,601,0.0031415913616617795,0.0033440361936704064,9.869596283667912e-06
602,0,0,602,0.0031415913616617765,0.00456878113132851,9.869596283667895e-06
603,0,0,603,0.003141591361661503,0.005882996745695945,9.869596283666174e-06
604,0,0,604,0.00314159136166153,0.004533628639320946,9.869596283666344e-06
605,0,0,605,0.00314159136166182,0.002034318703324525,9.869596283668168e-06
606,0,0,606,0.00314159136166179,0.004775891184844907,9.86959628366798e-06
607,0,0,607,0.0031415913616617414,0.006041187976983056,9.869596283667672e-06
608,0,0,608,0.0031415913616618762,0.004129103878294581,9.86959628366852e-06
609,0,0,609,0.003141591361661793,0.003825936956327801,9.869596283667997e-06
610,0,0,610,0.0031415913616615982,0.0019870622961974775,9.869596283666772e-06
611,0,0,611,0.0031415913616617865,0.0033522688410831977,9.869596283667956e-06
612,0,0,612,0.0031415913616617895,0.006064821352600779,9.869596283667975e-06
613,0,0,613,0.003141591361661489,0.003987187733539761,9.869596283666088e-06
614,0,0,614,0.0031415913616618034,0.002751426461022368,9.869596283668065e-06
615,0,0,615,0.0031415913616617804,0.002872547133319969,9.869596283667922e-06
616,0,0,616,0.0031415913616618116,0.0032184380652309466,9.869596283668114e-06
617,0,0,617,0.0031415913616616212,0.004511583733886795,9.86959628366692e-06
618,0,0,618,0.0031415913616617353,0.0018888186581173018,9.869596283667634e-06
619,0,0,619,0.0031415913616618485,0.004774746536609328,9.869596283668346e-06
620,0,0,620,0.0031415913616618094,0.00456135731061664,9.869596283668105e-06
621,0,0,621,0.0031415913616618016,0.005098144868849141,9.869596283668053e-06
622,0,0,622,0.003141591361661771,0.003533198861073422,9.869596283667856e-06
623,0,0,623,0.003141591361661809,0.002892368928766809,9.869596283668099e-06
624,0,0,624,0.0031415913616615132,0.0044056086082016185,9.869596283666242e-06
625,0,0,625,0.003141591361661578,0.0048568353412055355,9.869596283666645e-06
626,0,0,626,0.0031415913616618008,0.002842925298003687,9.869596283668044e-06
627,0,0,627,0.0031415913616618303,0.0037644912552675888,9.86959628366823e-06
628,0,0,628,0.0031415913616617804,0.0019265002613760463,9.869596283667917e-06
629,0,0,629,0.003141591361661488,0.005011523123496514,9.869596283666084e-06
630,0,0,630,0.0031415913616617817,0.0038344062738401817,9.869596283667926e-06
631,0,0,631,0.0031415913616615137,0.003830994764238997,9.869596283666239e-06
632,0,0,632,0.003141591361661705,0.0044628776392240995,9.869596283667445e-06
633,0,0,633,0.0031415913616617123,0.004154230446257175,9.869596283667489e-06
634,0,0,634,0.0031415913616617734,0.005866395628287329,9.869596283667877e-06
635,0,0,635,0.0031415913616617886,0.005527914465823869,9.86959628366797e-06
636,0,0,636,0.0031415913616615674,0.0043408579706722674,9.869596283666582e-06
637,0,0,637,0.003141591361661724,0.004387502543479644,9.869596283667567e-06
638,0,0,638,0.003141591361661778,0.004860890540401167,9.869596283667905e-06
639,0,0,639,0.0031415913616617743,0.0030538831639241562,9.86959628366788e-06
640,0,0,640,0.0031415913616617192,0.005596725905436294,9.869596283667533e-06
641,0,0,641,0.003141591361661742,0.00481809855977016,9.869596283667673e-06
642,0,0,642,0.0031415913616616446,0.004219609071489204,9.869596283667069e-06
643,0,0,643,0.0031415913616615458,0.004113669127618358,9.869596283666442e-06
644,0,0,644,0.003141591361661614,0.005378645536694933,9.86959628366687e-06
645,0,0,645,0.003141591361661857,0.0043158873980387365,9.869596283668404e-06
646,0,0,646,0.0031415913616617322,0.0023483970048335926,9.869596283667617e-06
647,0,0,647,0.0031415913616615514,0.0035799167839800643,9.869596283666479e-06
648,0,0,648,0.003141591361661584,0.004454866629287366,9.869596283666686e-06
649,0,0,649,0.0031415913616617847,0.005414409145251329,9.869596283667946e-06
650,0,0,650,0.0031415913616617743,0.002777345793072411,9.86959628366788e-06
651,0,0,651,0.003141591361661783,0.002499043176496032,9.869596283667933e-06
652,0,0,652,0.0031415913616616117,0.004664586263022264,9.869596283666859e-06
653,0,0,653,0.003141591361661795,0.004715692568587671,9.869596283668009e-06
654,0,0,654,0.0031415913616617787,0.0016880151223318764,9.869596283667902e-06
655,0,0,655,0.0031415913616615596,0.0038080814357321162,9.869596283666533e-06
656,0,0,656,0.003141591361661506,0.003721414439031129,9.869596283666193e-06
657,0,0,657,0.0031415913616617153,0.005964254421641088,9.86959628366751e-06
658,0,0,658,0.003141591361661623,0.0041839017133301504,9.86959628366693e-06
659,0,0,659,0.003141591361661781,0.004177225589023254,9.869596283667919e-06
660,0,0,660,0.0031415913616615436,0.003989692315324291,9.86959628366643e-06
661,0,0,661,0.0031415913616617826,0.005080406479112145,9.869596283667931e-06
662,0,0,662,0.0031415913616615054,0.00464425578236462,9.869596283666191e-06
663,0,0,663,0.0031415913616618125,0.004206369284182716,9.869596283668122e-06
664,0,0,664,0.0031415913616615484,0.005419433170860182,9.86959628366646e-06
665,0,0,665,0.003141591361661592,0.005006561617546735,9.869596283666735e-06
666,0,0,666,0.003141591361661787,0.00043631535668686895,9.869596283667958e-06
667,0,0,667,0.0031415913616615744,0.004587215072052081,9.869596283666626e-06
668,0,0,668,0.0031415913616617682,0.005244190303446362,9.869596283667843e-06
669,0,0,669,0.0031415913616615575,0.005733888315464555,9.869596283666516e-06
670,0,0,670,0.0031415913616617917,0.0052707365852515745,9.869596283667988e-06
671,0,0,671,0.003141591361661497,0.0031012411145289994,9.86959628366614e-06
672,0,0,672,0.003141591361661571,0.006005032951732299,9.8695962836666e-06
673,0,0,673,0.003141591361661529,0.005387873754431542,9.86959628366634e-06
674,0,0,674,0.003141591361661769,0.003915803806603219,9.869596283667848e-06
675,0,0,675,0.0031415913616615544,0.002202848415512356,9.869596283666498e-06
676,0,0,676,0.003141591361661589,0.004410683883786958,9.86959628366672e-06
677,0,0,677,0.0031415913616618207,0.004758352728903864,9.869596283668173e-06
678,0,0,678,0.0031415913616617695,0.0053971256247729625,9.869596283667853e-06
679,0,0,679,0.0031415913616618177,0.0024609120073560277,9.869596283668153e-06
680,0,0,680,0.0031415913616615184,0.005705333698801373,9.869596283666272e-06
681,0,0,681,0.0031415913616617765,0.003096059083106563,9.869596283667892e-06
682,0,0,682,0.0031415913616617865,0.005521340477835499,9.869596283667956e-06
683,0,0,683,0.003141591361661583,0.00227378868344591,9.869596283666679e-06
684,0,0,684,0.00314159136166178,0.0027345594698802134,9.869596283667917e-06
685,0,0,685,0.0031415913616617817,0.005353364169692304,9.869596283667927e-06
686,0,0,686,0.003141591361661788,0.002459255855814276,9.869596283667966e-06
687,0,0,687,0.0031415913616618337,0.004758866333052236,9.869596283668254e-06
688,0,0,688,0.003141591361661858,0.0027564028728015565,9.869596283668404e-06
689,0,0,689,0.0031415913616615826,0.005321787296809746,9.869596283666676e-06
690,0,0,690,0.0031415913616617843,0.003579713524994226,9.869596283667943e-06
691,0,0,691,0.003141591361661599,0.005674274687687731,9.869596283666779e-06
692,0,0,692,0.0031415913616617028,0.004313806008114476,9.869596283667428e-06
693,0,0,693,0.0031415913616615783,0.0046301400749526045,9.869596283666648e-06
694,0,0,694,0.0031415913616617934,0.004679822987572855,9.869596283668e-06
695,0,0,695,0.0031415913616617787,0.0060584361705323594,9.869596283667905e-06
696,0,0,696,0.0031415913616617973,0.0024934090639750117,9.869596283668022e-06
697,0,0,697,0.003141591361661564,0.00598233293844717,9.869596283666559e-06
698,0,0,698,0.003141591361661763,0.004021511642420967,9.869596283667812e-06
699,0,0,699,0.00314159136166175,0.00605883978114702,9.86959628366773e-06
700,0,0,700,0.003141591361661564,0.00496466965199078,9.869596283666557e-06
701,0,0,701,0.00314159136166177,0.004207929861428957,9.869596283667853e-06
702,0,0,702,0.0031415913616617774,0.005502874058347908,9.869596283667899e-06
703,0,0,703,0.003141591361661721,0.004622020215669455,9.869596283667546e-06
704,0,0,704,0.003141591361661824,0.0032291676587448697,9.869596283668193e-06
705,0,0,705,0.003141591361661485,0.0032912232806971723,9.869596283666062e-06
706,0,0,706,0.003141591361661757,0.004567160274642759,9.86959628366777e-06
707,0,0,707,0.003141591361661794,0.005226651972484312,9.869596283668002e-06
708,0,0,708,0.003141591361661571,0.006198852506143525,9.869596283666601e-06
709,0,0,709,0.003141591361661543,0.0033194900872916123,9.869596283666425e-06
710,0,0,710,0.003141591361661637,0.005702247539225241,9.869596283667018e-06
711,0,0,711,0.003141591361661787,0.006090533783902626,9.869596283667963e-06
712,0,0,712,0.00314159136166183,0.005837502657293421,9.86959628366823e-06
713,0,0,713,0.0031415913616617513,0.0058232355573810506,9.869596283667738e-06
714,0,0,714,0.0031415913616618363,0.005936319973173281,9.869596283668273e-06
715,0,0,715,0.003141591361661727,0.005469191928822381,9.869596283667584e-06
716,0,0,716,0.0031415913616615605,0.005429384417762065,9.869596283666537e-06
717,0,0,717,0.0031415913616615514,0.0038416680795029493,9.869596283666482e-06
718,0,0,718,0.003141591361661573,0.005847304616438685,9.869596283666616e-06
719,0,0,719,0.0031415913616617405,0.005310594584526277,9.869596283667667e-06
720,0,0,720,0.003141591361661773,0.002935743910954221,9.869596283667873e-06
721,0,0,721,0.0031415913616617335,0.002685254716842357,9.869596283667624e-06
722,0,0,722,0.0031415913616616017,0.004823910193740558,9.869596283666796e-06
723,0,0,723,0.003141591361661508,0.0043429003361452985,9.869596283666211e-06
724,0,0,724,0.0031415913616617743,0.005942963895447618,9.869596283667882e-06
725,0,0,725,0.0031415913616617956,0.0046356894171864175,9.869596283668014e-06
726,0,0,726,0.003141591361661773,0.0032348553397303506,9.869596283667875e-06
727,0,0,727,0.003141591361661848,0.004462658786146085,9.869596283668343e-06
728,0,0,728,0.0031415913616617552,0.0057601565357311806,9.869596283667761e-06
729,0,0,729,0.0031415913616617314,0.0035407621966602456,9.869596283667607e-06
730,0,0,730,0.0031415913616617873,0.005994228934186821,9.869596283668007e-06
731,0,0,731,0.003141591361661615,0.004260510158834337,9.869596283666879e-06
732,0,0,732,0.003141591361661575,0.005723291525440406,9.869596283666625e-06
733,0,0,733,0.003141591361661593,0.005012593918664696,9.869596283666742e-06
734,0,0,734,0.003141591361661563,0.005272380845680874,9.869596283666554e-06
735,0,0,735,0.0031415913616617383,0.005004723986785235,9.869596283667651e-06
736,0,0,736,0.00314159136166149,0.004785392400441165,9.869596283666096e-06
737,0,0,737,0.0031415913616615453,0.003252353161156888,9.869596283666438e-06
738,0,0,738,0.0031415913616618676,0.00505329672103313,9.86959628366847e-06
739,0,0,739,0.0031415913616617904,0.005423753048764797,9.869596283667983e-06
740,0,0,740,0.0031415913616615627,0.006239197291585914,9.86959628366655e-06
741,0,0,741,0.003141591361661584,0.005412904941633541,9.869596283666686e-06
742,0,0,742,0.003141591361661784,0.004364165336253236,9.869596283667943e-06
743,0,0,743,0.0031415913616615583,0.005188851798027334,9.869596283666523e-06
744,0,0,744,0.0031415913616618754,0.003016107346322987,9.869596283668515e-06
745,0,0,745,0.0031415913616615206,0.004114477433390763,9.86959628366628e-06
746,0,0,746,0.0031415913616617886,0.005678246487717622,9.869596283667973e-06
747,0,0,747,0.003141591361661803,0.005419208433916211,9.86959628366806e-06
748,0,0,748,0.0031415913616617405,0.0026771861794466514,9.869596283667668e-06
749,0,0,749,0.003141591361661574,0.003387901667826377,9.86959628366662e-06
750,0,0,750,0.0031415913616615596,0.0032808278791034494,9.869596283666533e-06
751,0,0,751,0.0031415913616618806,0.005099912590560188,9.86959628366855e-06
752,0,0,752,0.003141591361661586,0.002902149302384399,9.869596283666698e-06
753,0,0,753,0.0031415913616614955,0.004504263829866373,9.869596283666128e-06
754,0,0,754,0.003141591361661762,0.004382906994193435,9.869596283667807e-06
755,0,0,755,0.003141591361661822,0.0038238126568199584,9.869596283668177e-06
756,0,0,756,0.0031415913616617956,0.004095042157984554,9.869596283668012e-06
757,0,0,757,0.0031415913616617375,0.00426479148952207,9.869596283667651e-06
758,0,0,758,0.0031415913616614937,0.004869412999191918,9.869596283666118e-06
759,0,0,759,0.0031415913616616637,0.004416228058605429,9.869596283667185e-06
760,0,0,760,0.00314159136166157,0.004200714706000391,9.869596283666598e-06
761,0,0,761,0.0031415913616617912,0.004093552406200806,9.869596283667985e-06
762,0,0,762,0.0031415913616617535,0.006199206101354983,9.86959628366775e-06
763,0,0,763,0.0031415913616617626,0.0022158875661245675,9.869596283667804e-06
764,0,0,764,0.0031415913616615605,0.003310235651553181,9.869596283666537e-06
765,0,0,765,0.0031415913616617795,0.005279148494000326,9.869596283667914e-06
766,0,0,766,0.0031415913616617656,0.00497608839597247,9.869596283667826e-06
767,0,0,767,0.0031415913616617322,0.004029068681745404,9.869596283667614e-06
768,0,0,768,0.003141591361661737,0.00475903560262578,9.869596283667645e-06
769,0,0,769,0.003141591361661564,0.003748292915705332,9.869596283666557e-06
770,0,0,770,0.003141591361661735,0.0042509631354786725,9.869596283667633e-06
771,0,0,771,0.0031415913616617756,0.005207510954210441,9.869596283667889e-06
772,0,0,772,0.0031415913616617613,0.0005691318176701092,9.869596283667795e-06
773,0,0,773,0.0031415913616617704,0.005230970088507023,9.869596283667855e-06
774,0,0,774,0.0031415913616617565,0.004999109640576732,9.86959628366777e-06
775,0,0,775,0.003141591361661756,0.0054544289377291,9.869596283667768e-06
776,0,0,776,0.0031415913616618554,0.004648107705699776,9.86959628366839e-06
777,0,0,777,0.0031415913616616065,0.004141776877311022,9.869596283666828e-06
778,0,0,778,0.0031415913616615024,0.004074324477055112,9.869596283666172e-06
779,0,0,779,0.003141591361661773,0.005249695469608298,9.869596283667872e-06
780,0,0,780,0.003141591361661548,0.004453383776937169,9.869596283666459e-06
781,0,0,781,0.003141591361661766,0.004658989231122844,9.869596283667831e-06
782,0,0,782,0.003141591361661737,0.004307194430841977,9.869596283667645e-06
783,0,0,783,0.0031415913616615484,0.004841905621320623,9.869596283666462e-06
784,0,0,784,0.0031415913616617665,0.003939111023100911,9.869596283667833e-06
785,0,0,785,0.003141591361661778,0.003289219500074292,9.869596283667902e-06
786,0,0,786,0.003141591361661796,0.004104757576280179,9.869596283668017e-06
787,0,0,787,0.0031415913616615714,0.004465777724797556,9.869596283666608e-06
788,0,0,788,0.0031415913616618264,0.003316511147637446,9.869596283668207e-06
789,0,0,789,0.0031415913616616585,0.004056481403069852,9.86959628366715e-06
790,0,0,790,0.0031415913616617574,0.005084592193917686,9.869596283667773e-06
791,0,0,791,0.0031415913616617322,0.004566145369890759,9.869596283667614e-06
792,0,0,792,0.0031415913616617396,0.004864736281115325,9.869596283667663e-06
793,0,0,793,0.0031415913616615276,0.0057255854373591195,9.86959628366633e-06
794,0,0,794,0.003141591361661746,0.004453927242852923,9.869596283667702e-06
795,0,0,795,0.0031415913616617422,0.0046732306808786395,9.869596283667678e-06
796,0,0,796,0.0031415913616617865,0.0060904316564571,9.869596283667955e-06
797,0,0,797,0.0031415913616617626,0.005475267667045467,9.86959628366781e-06
798,0,0,798,0.0031415913616617704,0.001872569439606083,9.869596283667855e-06
799,0,0,799,0.003141591361661828,0.005638538028179239,9.869596283668217e-06
800,0,0,800,0.003141591361661535,0.0029270713762855447,9.869596283666376e-06
801,0,0,801,0.0031415913616618034,0.005443807271970236,9.869596283668065e-06
802,0,0,802,0.0031415913616615657,0.004495174809152324,9.86959628366657e-06
803,0,0,803,0.0031415913616615245,0.006028063595356492,9.86959628366631e-06
804,0,0,804,0.0031415913616617973,0.003273716334741034,9.86959628366802e-06
805,0,0,805,0.0031415913616617604,0.0037752227780608032,9.869596283667784e-06
806,0,0,806,0.0031415913616617626,0.0022310757281560605,9.869596283667807e-06
807,0,0,807,0.003141591361661637,0.004130690478678523,9.869596283667018e-06
808,0,0,808,0.0031415913616615293,0.003338627980654611,9.86959628366634e-06
809,0,0,809,0.0031415913616617964,0.00454619452434435,9.869596283668017e-06
810,0,0,810,0.0031415913616617518,0.005549330781341783,9.869596283667741e-06
811,0,0,811,0.003141591361661582,0.003286738713863739,9.869596283666674e-06
812,0,0,812,0.0031415913616616195,0.004634480681568378,9.86959628366691e-06
813,0,0,813,0.003141591361661767,0.005418409678962889,9.869596283667831e-06
814,0,0,814,0.0031415913616617084,0.002582435605640836,9.86959628366746e-06
815,0,0,815,0.0031415913616617813,0.005937339832322919,9.869596283667924e-06
816,0,0,816,0.003141591361661575,0.002658538731027342,9.869596283666628e-06
817,0,0,817,0.003141591361661521,0.005559116866482776,9.86959628366629e-06
818,0,0,818,0.0031415913616618463,0.003016342622948652,9.869596283668329e-06
819,0,0,819,0.0031415913616615527,0.004180307886589462,9.869596283666482e-06
820,0,0,820,0.003141591361661794,0.004348197407973185,9.869596283667999e-06
821,0,0,821,0.0031415913616618316,0.0036564426519809265,9.869596283668238e-06
822,0,0,822,0.0031415913616615666,0.001117753660185203,9.869596283666574e-06
823,0,0,823,0.003141591361661826,0.003242603900967557,9.869596283668204e-06
824,0,0,824,0.0031415913616615536,0.005755307257752502,9.869596283666493e-06
825,0,0,825,0.0031415913616615904,0.005966970042570418,9.869596283666769e-06
826,0,0,826,0.0031415913616615683,0.004084794330773822,9.869596283666587e-06
827,0,0,827,0.0031415913616617895,0.006163221157063839,9.869596283667977e-06
828,0,0,828,0.0031415913616618515,0.004456054481278454,9.869596283668366e-06
829,0,0,829,0.0031415913616616047,0.002829696641864608,9.869596283666814e-06
830,0,0,830,0.0031415913616617977,0.0018824774156938015,9.869596283668027e-06
831,0,0,831,0.003141591361661662,0.004252829085894883,9.869596283667174e-06
832,0,0,832,0.003141591361661599,0.004074924525677517,9.869596283666777e-06
833,0,0,833,0.0031415913616615505,0.005263894721161902,9.869596283666474e-06
834,0,0,834,0.0031415913616618016,0.005631829648668238,9.869596283668056e-06
835,0,0,835,0.0031415913616617583,0.005030654655537694,9.869596283667826e-06
836,0,0,836,0.0031415913616615293,0.005104679670027275,9.869596283666342e-06
837,0,0,837,0.0031415913616617943,0.004181158826413365,9.869596283668005e-06
838,0,0,838,0.0031415913616615683,0.0036284287247575226,9.869596283666587e-06
839,0,0,839,0.0031415913616617886,0.004339267503632705,9.86959628366797e-06
840,0,0,840,0.003141591361661781,0.005453304962102806,9.869596283667919e-06
841,0,0,841,0.003141591361661791,0.006218257727305311,9.869596283667985e-06
842,0,0,842,0.00314159136166161,0.0050459671223254034,9.869596283666842e-06
843,0,0,843,0.003141591361661745,0.004493090794522254,9.869596283667695e-06
844,0,0,844,0.0031415913616615505,0.004395199488295816,9.869596283666476e-06
845,0,0,845,0.003141591361661758,0.005881871014408086,9.86959628366778e-06
846,0,0,846,0.003141591361661784,0.00328280264789837,9.869596283667941e-06
847,0,0,847,0.0031415913616618094,0.00488353904672461,9.8695962836681e-06
848,0,0,848,0.0031415913616617687,0.005519593641747198,9.869596283667844e-06
849,0,0,849,0.0031415913616615557,0.0049054621376436605,9.86959628366651e-06
850,0,0,850,0.0031415913616617093,0.0029832187976110585,9.869596283667472e-06
851,0,0,851,0.003141591361661629,0.0044425757475883565,9.869596283666969e-06
852,0,0,852,0.0031415913616615193,0.005325138774162276,9.869596283666277e-06
853,0,0,853,0.0031415913616615852,0.0044758535128823305,9.869596283666693e-06
854,0,0,854,0.0031415913616614625,0.004480634539123702,9.869596283665923e-06
855,0,0,855,0.0031415913616617574,0.005173334963205493,9.869596283667773e-06
856,0,0,856,0.0031415913616615575,0.0022301071429066486,9.869596283666516e-06
857,0,0,857,0.0031415913616617734,0.005719621340515772,9.869596283667873e-06
858,0,0,858,0.0031415913616615714,0.005052991024825401,9.869596283666606e-06
859,0,0,859,0.003141591361661764,0.0010691690088672655,9.869596283667826e-06
860,0,0,860,0.0031415913616616863,0.005585874250649945,9.86959628366733e-06
861,0,0,861,0.003141591361661717,0.004499434648269576,9.869596283667523e-06
862,0,0,862,0.0031415913616618914,0.003941550252560542,9.869596283668617e-06
863,0,0,863,0.0031415913616618177,0.002942014448429446,9.869596283668153e-06
864,0,0,864,0.003141591361661594,0.00498753809498241,9.86959628366674e-06
865,0,0,865,0.003141591361661608,0.0028630128979471327,9.869596283666833e-06
866,0,0,866,0.003141591361661801,0.004189889532143677,9.869596283668048e-06
867,0,0,867,0.003141591361661704,0.004407325572047958,9.869596283667441e-06
868,0,0,868,0.0031415913616618138,0.005236748580113158,9.869596283668127e-06
869,0,0,869,0.003141591361661796,0.004728389138651688,9.869596283668017e-06
870,0,0,870,0.003141591361661749,0.0033043632247079157,9.869596283667719e-06
871,0,0,871,0.0031415913616617886,0.006256268189213102,9.869596283667972e-06
872,0,0,872,0.003141591361661795,0.0051574528598788355,9.869596283668009e-06
873,0,0,873,0.0031415913616617695,0.005177324048217431,9.86959628366785e-06
874,0,0,874,0.003141591361661748,0.004698848605058532,9.869596283667712e-06
875,0,0,875,0.003141591361661807,0.0042409824683742985,9.869596283668085e-06
876,0,0,876,0.0031415913616617743,0.003495286370825054,9.869596283667882e-06
877,0,0,877,0.003141591361661579,0.003838924797990508,9.869596283666655e-06
878,0,0,878,0.0031415913616618255,0.004100798440437128,9.8695962836682e-06
879,0,0,879,0.00314159136166175,0.004026919004535487,9.869596283667726e-06
880,0,0,880,0.0031415913616617834,0.004993739274774678,9.869596283667931e-06
881,0,0,881,0.0031415913616615904,0.005230511501703029,9.869596283666723e-06
882,0,0,882,0.003141591361661567,0.0010649244241965413,9.869596283666577e-06
883,0,0,883,0.0031415913616618077,0.002339396050916117,9.869596283668087e-06
884,0,0,884,0.003141591361661671,0.003255676534491518,9.86959628366723e-06
885,0,0,885,0.0031415913616617878,0.004417383335180537,9.869596283667965e-06
886,0,0,886,0.0031415913616615492,0.0032581274232732923,9.869596283666466e-06
887,0,0,887,0.0031415913616614326,0.004379053172464525,9.869596283665734e-06
888,0,0,888,0.00314159136166158,0.004373028325326075,9.869596283666662e-06
889,0,0,889,0.0031415913616617466,0.00404959159977243,9.869596283667706e-06
890,0,0,890,0.0031415913616617787,0.0027209101887379025,9.869596283667907e-06
891,0,0,891,0.003141591361661761,0.004786721442155576,9.869596283667794e-06
892,0,0,892,0.0031415913616617886,0.006193728872477294,9.869596283667973e-06
893,0,0,893,0.0031415913616616173,0.004358006804465051,9.869596283666894e-06
894,0,0,894,0.0031415913616617405,0.0029643337205755237,9.869596283667668e-06
895,0,0,895,0.0031415913616615354,0.004399543057795994,9.869596283666377e-06
896,0,0,896,0.003141591361661798,0.002376277028510083,9.86959628366803e-06
897,0,0,897,0.003141591361661603,0.0046906635850796205,9.869596283666803e-06
898,0,0,898,0.003141591361661768,0.0018141284279580229,9.869596283667838e-06
899,0,0,899,0.00314159136166182,0.0029795002427904474,9.869596283668166e-06
900,0,0,900,0.0031415913616618233,0.005926990350528637,9.869596283668187e-06
901,0,0,901,0.0031415913616617526,0.005768653008269745,9.869596283667745e-06
902,0,0,902,0.0031415913616617665,0.005337034580567503,9.869596283667834e-06
903,0,0,903,0.0031415913616617886,0.005654721210774057,9.86959628366797e-06
904,0,0,904,0.0031415913616615766,0.004536283019451987,9.869596283666637e-06
905,0,0,905,0.003141591361661727,0.0037751088968034155,9.86959628366758e-06
906,0,0,906,0.003141591361661805,0.00403588982146267,9.869596283668071e-06
907,0,0,907,0.003141591361661758,0.00519751224472518,9.86959628366778e-06
908,0,0,908,0.0031415913616614803,0.004577542184758219,9.869596283666035e-06
909,0,0,909,0.0031415913616617552,0.005587423318084932,9.86959628366776e-06
910,0,0,910,0.0031415913616618103,0.0021739829396716015,9.869596283668107e-06
911,0,0,911,0.0031415913616615427,0.005483736581482804,9.869596283666425e-06
912,0,0,912,0.003141591361661565,0.0036759658591987527,9.869596283666562e-06
913,0,0,913,0.0031415913616617995,0.0013740728989475013,9.869596283668041e-06
914,0,0,914,0.003141591361661776,0.003015029730921593,9.86959628366789e-06
915,0,0,915,0.003141591361661823,0.0019159720619199082,9.869596283668183e-06
916,0,0,916,0.0031415913616617986,0.0042489756332105095,9.869596283668034e-06
917,0,0,917,0.003141591361661767,0.0053493896124257945,9.869596283667834e-06
918,0,0,918,0.003141591361661495,0.005041945465651871,9.869596283666125e-06
919,0,0,919,0.003141591361661822,0.0038573015515339466,9.869596283668173e-06
920,0,0,920,0.003141591361661788,0.005924067250850775,9.869596283667968e-06
921,0,0,921,0.0031415913616615523,0.0061348497180943136,9.869596283666484e-06
922,0,0,922,0.0031415913616617192,0.004278975501032797,9.869596283667536e-06
923,0,0,923,0.0031415913616615722,0.0032740425496219127,9.869596283666611e-06
924,0,0,924,0.0031415913616617886,0.002136025151814154,9.869596283667966e-06
925,0,0,925,0.003141591361661528,0.004587041102481497,9.869596283666333e-06
926,0,0,926,0.0031415913616615635,0.0031102435412715336,9.869596283666555e-06
927,0,0,927,0.00314159136166148,0.0033888019693979927,9.869596283666027e-06
928,0,0,928,0.0031415913616617106,0.004246578886050832,9.869596283667482e-06
929,0,0,929,0.0031415913616618506,0.0028626081528709685,9.869596283668358e-06
930,0,0,930,0.0031415913616618186,0.004335449552139452,9.869596283668158e-06
931,0,0,931,0.003141591361661714,0.004933656604374171,9.869596283667499e-06
932,0,0,932,0.003141591361661755,0.003195019443430425,9.869596283667755e-06
933,0,0,933,0.003141591361661574,0.0038187787128372273,9.869596283666621e-06
934,0,0,934,0.0031415913616616026,0.005499445888002723,9.869596283666801e-06
935,0,0,935,0.003141591361661793,0.0046821962346276615,9.869596283667997e-06
936,0,0,936,0.0031415913616617834,0.005900478491947825,9.869596283667934e-06
937,0,0,937,0.0031415913616615336,0.003655150360051117,9.869596283666364e-06
938,0,0,938,0.0031415913616615076,0.004418312873991501,9.869596283666206e-06
939,0,0,939,0.003141591361661735,0.00265315221676662,9.869596283667628e-06
940,0,0,940,0.003141591361661521,0.00430611117922515,9.86959628366629e-06
941,0,0,941,0.0031415913616615427,0.005108104269311979,9.869596283666425e-06
942,0,0,942,0.003141591361661801,0.005679585790384075,9.869596283668044e-06
943,0,0,943,0.003141591361661576,0.0053232196938695076,9.869596283666633e-06
944,0,0,944,0.003141591361661833,0.005698151561997926,9.869596283668244e-06
945,0,0,945,0.003141591361661725,0.004782955488250482,9.86959628366757e-06
946,0,0,946,0.0031415913616617535,0.005924629347125749,9.869596283667753e-06
947,0,0,947,0.0031415913616617535,0.00433762067840378,9.86959628366775e-06
948,0,0,948,0.003141591361661453,0.004254616993674196,9.869596283665862e-06
949,0,0,949,0.0031415913616617813,0.0058537964374367766,9.869596283667922e-06
950,0,0,950,0.0031415913616617305,0.005665223863826763,9.869596283667602e-06
951,0,0,951,0.0031415913616617847,0.006032121084447688,9.869596283667946e-06
952,0,0,952,0.0031415913616617774,0.0058162823281795945,9.869596283667899e-06
953,0,0,953,0.0031415913616615744,0.005137086644357392,9.869596283666625e-06
954,0,0,954,0.003141591361661804,0.0025219283937066364,9.869596283668066e-06
955,0,0,955,0.0031415913616618637,0.004500796493878777,9.86959628366844e-06
956,0,0,956,0.003141591361661577,0.0021695746469800894,9.869596283666635e-06
957,0,0,957,0.003141591361661826,0.0057781528235112175,9.869596283668205e-06
958,0,0,958,0.0031415913616615857,0.0019748205865852807,9.869596283666738e-06
959,0,0,959,0.003141591361661779,0.005603901511336113,9.869596283667914e-06
960,0,0,960,0.0031415913616617873,0.005198446500929006,9.869596283667963e-06
961,0,0,961,0.003141591361661745,0.003261441026103428,9.869596283667692e-06
962,0,0,962,0.003141591361661832,0.004909901606237602,9.869596283668246e-06
963,0,0,963,0.003141591361661662,0.004372702546858456,9.869596283667175e-06
964,0,0,964,0.003141591361661535,0.003684111043508149,9.869596283666374e-06
965,0,0,965,0.0031415913616614976,0.0038532301834015114,9.869596283666144e-06
966,0,0,966,0.003141591361661554,0.0027058499209737,9.869596283666496e-06
967,0,0,967,0.00314159136166183,0.0020127220430196076,9.869596283668229e-06
968,0,0,968,0.0031415913616614733,0.005310296922732106,9.869596283665988e-06
969,0,0,969,0.0031415913616617275,0.0043797213574358375,9.869596283667584e-06
970,0,0,970,0.0031415913616617856,0.004667339499866571,9.869596283667953e-06
971,0,0,971,0.0031415913616617253,0.006018241481796824,9.86959628366757e-06
972,0,0,972,0.003141591361661805,0.00291899955049295,9.869596283668071e-06
973,0,0,973,0.003141591361661537,0.004088149658427733,9.869596283666393e-06
974,0,0,974,0.0031415913616615106,0.004452958817722837,9.869596283666225e-06
975,0,0,975,0.0031415913616616724,0.004013914546364595,9.869596283667241e-06
976,0,0,976,0.003141591361661562,0.0036110300054810877,9.869596283666543e-06
977,0,0,977,0.003141591361661837,0.0033191976085599306,9.869596283668276e-06
978,0,0,978,0.003141591361661874,0.004123907272370187,9.869596283668507e-06
979,0,0,979,0.0031415913616617995,0.005496425726165625,9.86959628366804e-06
980,0,0,980,0.003141591361661818,0.0022835024284272747,9.869596283668153e-06
981,0,0,981,0.0031415913616617943,0.0062189481526490386,9.869596283668012e-06
982,0,0,982,0.0031415913616618272,0.005125731327655495,9.869596283668214e-06
983,0,0,983,0.0031415913616617396,0.005812630580947847,9.869596283667663e-06
984,0,0,984,0.003141591361661856,0.004037945307124063,9.869596283668393e-06
985,0,0,985,0.003141591361661792,0.005727608181844001,9.869596283667994e-06
986,0,0,986,0.0031415913616618277,0.00403360723904031,9.869596283668212e-06
987,0,0,987,0.003141591361661755,0.005163470169280353,9.86959628366776e-06
988,0,0,988,0.003141591361661727,0.005200637997617358,9.869596283667584e-06
989,0,0,989,0.00314159136166176,0.001405328714907308,9.869596283667789e-06
990,0,0,990,0.003141591361661751,0.005524470903396426,9.869596283667736e-06
991,0,0,991,0.003141591361661571,0.0033755559896927194,9.869596283666606e-06
992,0,0,992,0.0031415913616617457,0.004453636053636355,9.869596283667699e-06
993,0,0,993,0.0031415913616618025,0.00226385615532567,9.869596283668056e-06
994,0,0,994,0.0031415913616618584,0.0028021964777595896,9.86959628366841e-06
995,0,0,995,0.0031415913616615466,0.0014408010322480103,9.86959628366645e-06
996,0,0,996,0.0031415913616617665,0.0031199213991941963,9.869596283667828e-06
997,0,0,997,0.0031415913616617726,0.0052290421720844905,9.869596283667872e-06
998,0,0,998,0.0031415913616617886,0.002527341512164341,9.86959628366797e-06
999,0,0,999,0.003141591361661751,0.00526734048850196,9.869596283667731e-06
