,Layer,Qubit,Run,2-Norm,Trace Norm,Diamond Norm
0,0,0,0,0.003141591361661885,0.00414605231248873,9.869596283668573e-06
1,0,0,1,0.003141591361661556,0.004790045621252573,9.869596283666508e-06
2,0,0,2,0.003141591361661754,0.002087701905316699,9.869596283667753e-06
3,0,0,3,0.0031415913616615696,0.0046415968915054775,9.869596283666594e-06
4,0,0,4,0.0031415913616617787,0.006098619456251015,9.869596283667902e-06
5,0,0,5,0.0031415913616615644,0.0013755684964080206,9.869596283666562e-06
6,0,0,6,0.0031415913616617474,0.004201255640897309,9.869596283667709e-06
7,0,0,7,0.0031415913616616984,0.004634338076122788,9.869596283667404e-06
8,0,0,8,0.003141591361661552,0.004499053149302361,9.869596283666482e-06
9,0,0,9,0.003141591361661786,0.004547269153678174,9.86959628366795e-06
10,0,0,10,0.003141591361661725,0.004212035175851373,9.869596283667568e-06
11,0,0,11,0.003141591361661624,0.004586858977911584,9.869596283666935e-06
12,0,0,12,0.0031415913616617375,0.002500901278417371,9.869596283667645e-06
13,0,0,13,0.0031415913616618055,0.005296139646446227,9.869596283668078e-06
14,0,0,14,0.0031415913616615553,0.002924670239683382,9.869596283666504e-06
15,0,0,15,0.003141591361661841,0.0034733252899422627,9.869596283668302e-06
16,0,0,16,0.003141591361661835,0.0048716387733135705,9.869596283668263e-06
17,0,0,17,0.0031415913616617865,0.004475712193843822,9.869596283667956e-06
18,0,0,18,0.0031415913616617296,0.003092172676944773,9.869596283667594e-06
19,0,0,19,0.0031415913616616078,0.0037272795617110674,9.869596283666835e-06
20,0,0,20,0.0031415913616616377,0.0047378992385843305,9.869596283667018e-06
21,0,0,21,0.0031415913616617865,0.0052390084851727334,9.86959628366796e-06
22,0,0,22,0.003141591361661566,0.005938660784594918,9.869596283666572e-06
23,0,0,23,0.0031415913616617878,0.005261134448114697,9.869596283668132e-06
24,0,0,24,0.003141591361661822,0.003964960406385386,9.869596283668173e-06
25,0,0,25,0.0031415913616617856,0.006138967880235866,9.869596283667953e-06
26,0,0,26,0.003141591361661824,0.004415709401743198,9.869596283668195e-06
27,0,0,27,0.0031415913616617873,0.006275791561730584,9.869596283667961e-06
28,0,0,28,0.0031415913616617643,0.00483252385073959,9.869596283667817e-06
29,0,0,29,0.0031415913616615536,0.005261380192010101,9.869596283666493e-06
30,0,0,30,0.003141591361661451,0.005512116401466698,9.869596283665849e-06
31,0,0,31,0.003141591361661773,0.004742661408072378,9.869596283667875e-06
32,0,0,32,0.0031415913616615575,0.003460644645280206,9.869596283666518e-06
33,0,0,33,0.0031415913616615683,0.004677958492567957,9.869596283666628e-06
34,0,0,34,0.0031415913616617214,0.005890249083738164,9.869596283667548e-06
35,0,0,35,0.0031415913616618355,0.0042374075359782985,9.869596283668265e-06
36,0,0,36,0.0031415913616617912,0.005552527323147586,9.869596283667983e-06
37,0,0,37,0.003141591361661799,0.002597713635188555,9.869596283668036e-06
38,0,0,38,0.00314159136166182,0.004693907173159362,9.869596283668166e-06
39,0,0,39,0.0031415913616617626,0.005984868340963342,9.869596283667807e-06
40,0,0,40,0.0031415913616615783,0.006129161620687683,9.869596283666647e-06
41,0,0,41,0.003141591361661788,0.0007350947754660973,9.869596283667965e-06
42,0,0,42,0.003141591361661762,0.002118668704724991,9.869596283667807e-06
43,0,0,43,0.003141591361661575,0.003926343869015166,9.869596283666625e-06
44,0,0,44,0.0031415913616615223,0.00518216876951162,9.869596283666298e-06
45,0,0,45,0.0031415913616617405,0.003246122834098176,9.869596283667662e-06
46,0,0,46,0.003141591361661532,0.005732540292859819,9.869596283666357e-06
47,0,0,47,0.003141591361661942,0.004910222955070591,9.869596283668935e-06
48,0,0,48,0.0031415913616617747,0.0031308060608776166,9.869596283667875e-06
49,0,0,49,0.003141591361661778,0.006079235035257743,9.869596283667904e-06
50,0,0,50,0.003141591361661785,0.0053111902235493495,9.869596283667953e-06
51,0,0,51,0.003141591361661706,0.005276602922407175,9.86959628366745e-06
52,0,0,52,0.003141591361661556,0.006227335557891832,9.869596283666521e-06
53,0,0,53,0.003141591361661662,0.003185507626638502,9.869596283667174e-06
54,0,0,54,0.0031415913616617774,0.004639023913744239,9.869596283667899e-06
55,0,0,55,0.0031415913616615362,0.0043371798992818626,9.869596283666388e-06
56,0,0,56,0.0031415913616617366,0.005010184228452875,9.869596283667646e-06
57,0,0,57,0.003141591361661795,0.004842381459720677,9.86959628366801e-06
58,0,0,58,0.0031415913616618346,0.004301067165444874,9.869596283668261e-06
59,0,0,59,0.0031415913616617717,0.005456066732868459,9.869596283667861e-06
60,0,0,60,0.003141591361661784,0.006243487917018264,9.86959628366794e-06
61,0,0,61,0.003141591361661785,0.003893252531840824,9.869596283667948e-06
62,0,0,62,0.003141591361661652,0.0038886999342945196,9.869596283667111e-06
63,0,0,63,0.003141591361661781,0.0028089407137020348,9.869596283667916e-06
64,0,0,64,0.0031415913616617496,0.004861236838700963,9.869596283667726e-06
65,0,0,65,0.003141591361661797,0.004213457788516695,9.869596283668022e-06
66,0,0,66,0.0031415913616617834,0.003063826543405578,9.869596283667938e-06
67,0,0,67,0.0031415913616617904,0.0019045026795585537,9.869596283667982e-06
68,0,0,68,0.0031415913616615514,0.005461460684952138,9.86959628366648e-06
69,0,0,69,0.0031415913616617912,0.0024751475015883234,9.869596283667987e-06
70,0,0,70,0.003141591361661579,0.003944471576599931,9.869596283666654e-06
71,0,0,71,0.0031415913616617544,0.0014701191381887265,9.869596283667753e-06
72,0,0,72,0.0031415913616615995,0.0047783093410972005,9.869596283666784e-06
73,0,0,73,0.003141591361661806,0.005291778934580487,9.869596283668082e-06
74,0,0,74,0.0031415913616614625,0.004757271902701543,9.869596283665923e-06
75,0,0,75,0.0031415913616617947,0.00592565057723546,9.869596283668009e-06
76,0,0,76,0.003141591361661803,0.002968711163049007,9.869596283668144e-06
77,0,0,77,0.003141591361661819,0.005134224206457447,9.869596283668163e-06
78,0,0,78,0.003141591361661554,0.003366768484664896,9.869596283666498e-06
79,0,0,79,0.0031415913616617917,0.004446095968014513,9.86959628366799e-06
80,0,0,80,0.0031415913616615484,0.003881172578637534,9.869596283666462e-06
81,0,0,81,0.0031415913616615354,0.00471431983387064,9.869596283666379e-06
82,0,0,82,0.003141591361661809,0.004437733433013016,9.869596283668099e-06
83,0,0,83,0.0031415913616618077,0.003964953403968232,9.869596283668085e-06
84,0,0,84,0.003141591361661741,0.0046587606061854,9.869596283667672e-06
85,0,0,85,0.003141591361661537,0.005069039715869285,9.869596283666391e-06
86,0,0,86,0.003141591361661548,0.004499291975469827,9.869596283666459e-06
87,0,0,87,0.003141591361661584,0.0027063414834376433,9.869596283666686e-06
88,0,0,88,0.0031415913616619075,0.004523025289854275,9.869596283668719e-06
89,0,0,89,0.0031415913616614877,0.0053624315770686845,9.86959628366608e-06
90,0,0,90,0.0031415913616617865,0.0057434888436132155,9.869596283667958e-06
91,0,0,91,0.003141591361661811,0.0028503609090261227,9.869596283668112e-06
92,0,0,92,0.0031415913616617765,0.005409843226644317,9.86959628366794e-06
93,0,0,93,0.0031415913616617496,0.005338400492564912,9.869596283667726e-06
94,0,0,94,0.003141591361661553,0.006242010478078515,9.869596283666493e-06
95,0,0,95,0.0031415913616617583,0.005565031141526259,9.869596283667778e-06
96,0,0,96,0.003141591361661839,0.004482512597665664,9.869596283668288e-06
97,0,0,97,0.0031415913616617873,0.005207585032897328,9.86959628366796e-06
98,0,0,98,0.003141591361661782,0.003132932850528498,9.86959628366792e-06
99,0,0,99,0.00314159136166146,0.004138542291736459,9.869596283665903e-06
100,0,0,100,0.003141591361661537,0.0052919481421358945,9.869596283666393e-06
101,0,0,101,0.003141591361661538,0.002550508443862016,9.869596283666396e-06
102,0,0,102,0.0031415913616615874,0.005350489046194039,9.869596283666706e-06
103,0,0,103,0.0031415913616617986,0.0013470002673404962,9.869596283668036e-06
104,0,0,104,0.003141591361661559,0.0013798024800906101,9.869596283666528e-06
105,0,0,105,0.0031415913616615284,0.005151484581920519,9.869596283666337e-06
106,0,0,106,0.0031415913616618008,0.005311669357278527,9.869596283668048e-06
107,0,0,107,0.003141591361661745,0.005726781271292178,9.869596283667692e-06
108,0,0,108,0.0031415913616617826,0.004217986690241468,9.869596283667934e-06
109,0,0,109,0.003141591361661618,0.005003257417256243,9.8695962836669e-06
110,0,0,110,0.0031415913616615674,0.006161042108582577,9.869596283666584e-06
111,0,0,111,0.003141591361661795,0.004590187065900395,9.86959628366801e-06
112,0,0,112,0.0031415913616617444,0.004694516178137772,9.86959628366769e-06
113,0,0,113,0.0031415913616617843,0.006145180062253429,9.869596283667936e-06
114,0,0,114,0.0031415913616617817,0.0025997217467067647,9.869596283667926e-06
115,0,0,115,0.0031415913616617574,0.0006857552639337889,9.869596283667773e-06
116,0,0,116,0.0031415913616618172,0.0047045249217837724,9.86959628366815e-06
117,0,0,117,0.0031415913616616937,0.00404558809782845,9.869596283667374e-06
118,0,0,118,0.003141591361661822,0.004883949902510061,9.86959628366818e-06
119,0,0,119,0.0031415913616617956,0.006201586464788145,9.869596283668014e-06
120,0,0,120,0.003141591361661711,0.005602318380329025,9.869596283667482e-06
121,0,0,121,0.0031415913616617335,0.003948015122464372,9.869596283667624e-06
122,0,0,122,0.003141591361661674,0.004406135525707424,9.86959628366725e-06
123,0,0,123,0.0031415913616618355,0.004167286253742092,9.869596283668266e-06
124,0,0,124,0.0031415913616617483,0.0041614625304929554,9.869596283667717e-06
125,0,0,125,0.003141591361661601,0.003935686017813788,9.869596283666787e-06
126,0,0,126,0.003141591361661831,0.004315764470685721,9.869596283668238e-06
127,0,0,127,0.0031415913616617305,0.004293386044567213,9.869596283667604e-06
128,0,0,128,0.0031415913616615666,0.004587938090377517,9.869596283666574e-06
129,0,0,129,0.0031415913616617123,0.005309612117668709,9.869596283667482e-06
130,0,0,130,0.0031415913616617847,0.003297694992380856,9.869596283667944e-06
131,0,0,131,0.0031415913616615956,0.0056484690512952655,9.869596283666759e-06
132,0,0,132,0.0031415913616615497,0.005356277195620787,9.869596283666469e-06
133,0,0,133,0.0031415913616617912,0.006253784199683461,9.869596283667985e-06
134,0,0,134,0.003141591361661838,0.005728485147048713,9.86959628366837e-06
135,0,0,135,0.003141591361661545,0.00415227145989935,9.86959628366644e-06
136,0,0,136,0.00314159136166185,0.003460868230769677,9.869596283668356e-06
137,0,0,137,0.00314159136166176,0.005913768546998348,9.869596283667787e-06
138,0,0,138,0.0031415913616618355,0.003650551666853378,9.86959628366826e-06
139,0,0,139,0.0031415913616617682,0.005043647584068884,9.869596283667834e-06
140,0,0,140,0.0031415913616617787,0.0018088179467723718,9.869596283667907e-06
141,0,0,141,0.0031415913616617765,0.006224428850584904,9.86959628366789e-06
142,0,0,142,0.003141591361661567,0.004860550035213289,9.869596283666579e-06
143,0,0,143,0.003141591361661546,0.004319139097415143,9.869596283666449e-06
144,0,0,144,0.00314159136166178,0.0015174034554906258,9.869596283667914e-06
145,0,0,145,0.003141591361661575,0.0026764735110407396,9.869596283666628e-06
146,0,0,146,0.003141591361661775,0.004932565275477886,9.869596283667882e-06
147,0,0,147,0.0031415913616617227,0.0047135253054127555,9.869596283667555e-06
148,0,0,148,0.0031415913616615982,0.005096406668959347,9.869596283666774e-06
149,0,0,149,0.0031415913616617826,0.002648052634019586,9.869596283667936e-06
150,0,0,150,0.0031415913616617956,0.004574837424665529,9.869596283668014e-06
151,0,0,151,0.0031415913616617682,0.0061581177336818985,9.869596283667841e-06
152,0,0,152,0.003141591361661812,0.0031444508361893183,9.869596283668116e-06
153,0,0,153,0.0031415913616619157,0.004571110709863222,9.869596283668773e-06
154,0,0,154,0.0031415913616615622,0.005662508488502656,9.86959628366655e-06
155,0,0,155,0.0031415913616614547,0.004537653647953896,9.869596283665873e-06
156,0,0,156,0.0031415913616616603,0.0026851971096348345,9.869596283667163e-06
157,0,0,157,0.0031415913616617925,0.0041843651399873765,9.869596283667994e-06
158,0,0,158,0.0031415913616618767,0.004282798554775388,9.869596283668524e-06
159,0,0,159,0.003141591361661783,0.006124333464717516,9.869596283667927e-06
160,0,0,160,0.003141591361661491,0.004509276656819499,9.8695962836661e-06
161,0,0,161,0.003141591361661812,0.004886352635034839,9.869596283668116e-06
162,0,0,162,0.003141591361661577,0.0016461367916341225,9.869596283666638e-06
163,0,0,163,0.003141591361661745,0.003834927672143142,9.869596283667697e-06
164,0,0,164,0.0031415913616617986,0.005485967784895621,9.869596283668034e-06
165,0,0,165,0.0031415913616617175,0.0030997104761517676,9.869596283667524e-06
166,0,0,166,0.0031415913616617904,0.006200887523383834,9.869596283667985e-06
167,0,0,167,0.003141591361661837,0.002393077470072825,9.869596283668278e-06
168,0,0,168,0.003141591361661544,0.004406081393973871,9.869596283666425e-06
169,0,0,169,0.0031415913616617743,0.003733200804681,9.86959628366788e-06
170,0,0,170,0.0031415913616615423,0.004293621530229358,9.869596283666421e-06
171,0,0,171,0.0031415913616617925,0.006055606730525752,9.869596283667994e-06
172,0,0,172,0.0031415913616618016,0.004191666702470691,9.86959628366805e-06
173,0,0,173,0.0031415913616615965,0.003924901693808105,9.869596283666764e-06
174,0,0,174,0.0031415913616618025,0.004453730211406249,9.869596283668058e-06
175,0,0,175,0.003141591361661768,0.0012346698573652596,9.869596283667848e-06
176,0,0,176,0.003141591361661756,0.006091094796439462,9.869596283667787e-06
177,0,0,177,0.003141591361661554,0.004058384353950333,9.869596283666494e-06
178,0,0,178,0.0031415913616615315,0.004525373819540364,9.869596283666354e-06
179,0,0,179,0.003141591361661802,0.004396202729498036,9.869596283668053e-06
180,0,0,180,0.003141591361661563,0.005130088046623886,9.86959628366655e-06
181,0,0,181,0.0031415913616614694,0.00476652756202084,9.869596283665964e-06
182,0,0,182,0.003141591361661743,0.004319411736022027,9.869596283667685e-06
183,0,0,183,0.0031415913616615657,0.004671510970799821,9.869596283666567e-06
184,0,0,184,0.003141591361661564,0.0030268154503402963,9.869596283666562e-06
185,0,0,185,0.003141591361661864,0.004430564353207253,9.869596283668444e-06
186,0,0,186,0.003141591361661524,0.004792005504376126,9.86959628366631e-06
187,0,0,187,0.0031415913616618216,0.002094326339723901,9.869596283668175e-06
188,0,0,188,0.00314159136166175,0.0030486276984891766,9.86959628366773e-06
189,0,0,189,0.0031415913616616668,0.00429570169316778,9.869596283667204e-06
190,0,0,190,0.003141591361661765,0.0006981293491950603,9.86959628366782e-06
191,0,0,191,0.0031415913616617747,0.004334966569591737,9.869596283667885e-06
192,0,0,192,0.0031415913616617756,0.005547883120225173,9.869596283667889e-06
193,0,0,193,0.003141591361661774,0.004601679297284428,9.869596283667882e-06
194,0,0,194,0.0031415913616615484,0.0051429668166013435,9.869596283666464e-06
195,0,0,195,0.0031415913616617787,0.006181280726457671,9.869596283667909e-06
196,0,0,196,0.0031415913616615458,0.005395056778017093,9.869596283666445e-06
197,0,0,197,0.0031415913616617925,0.00460789845432618,9.869596283667997e-06
198,0,0,198,0.003141591361661736,0.004350816543106571,9.869596283667641e-06
199,0,0,199,0.0031415913616618207,0.00504359613368537,9.869596283668171e-06
200,0,0,200,0.003141591361661614,0.0042399248906627735,9.869596283666872e-06
201,0,0,201,0.003141591361661603,0.0018942963887747502,9.869596283666804e-06
202,0,0,202,0.0031415913616617843,0.003769150085327953,9.869596283667941e-06
203,0,0,203,0.003141591361661414,0.0053682072939229,9.869596283665612e-06
204,0,0,204,0.0031415913616617583,0.004113217633740091,9.869596283667773e-06
205,0,0,205,0.0031415913616617834,0.003913596671732822,9.86959628366794e-06
206,0,0,206,0.0031415913616617856,0.0017526994886185266,9.869596283667953e-06
207,0,0,207,0.003141591361661431,0.004455911023221831,9.869596283665724e-06
208,0,0,208,0.0031415913616617843,0.006140402118688273,9.869596283667943e-06
209,0,0,209,0.003141591361661755,0.004098113711636061,9.869596283667756e-06
210,0,0,210,0.0031415913616618055,0.004755797612986995,9.869596283668075e-06
211,0,0,211,0.0031415913616615965,0.004419649100921673,9.86959628366676e-06
212,0,0,212,0.003141591361661795,0.005175220871544101,9.86959628366801e-06
213,0,0,213,0.003141591361661819,0.004664894333277069,9.869596283668161e-06
214,0,0,214,0.003141591361661782,0.0013120228947958938,9.869596283667926e-06
215,0,0,215,0.0031415913616617626,0.001916261666484327,9.869596283667807e-06
216,0,0,216,0.003141591361661607,0.004232104981415214,9.869596283666828e-06
217,0,0,217,0.003141591361661722,0.004304116203515699,9.869596283667616e-06
218,0,0,218,0.0031415913616618277,0.0018923897275302482,9.869596283668217e-06
219,0,0,219,0.0031415913616615935,0.004668013373110194,9.869596283666743e-06
220,0,0,220,0.0031415913616618216,0.003410655706571658,9.869596283668178e-06
221,0,0,221,0.0031415913616618446,0.004356166024240857,9.869596283668322e-06
222,0,0,222,0.003141591361661823,0.0025677069525890574,9.869596283668185e-06
223,0,0,223,0.0031415913616617682,0.004675260550269203,9.869596283667844e-06
224,0,0,224,0.003141591361661585,0.003277736353718084,9.869596283666684e-06
225,0,0,225,0.003141591361661765,0.006153730817215743,9.869596283667824e-06
226,0,0,226,0.0031415913616617535,0.006156038260608685,9.869596283667751e-06
227,0,0,227,0.003141591361661863,0.005615309902606103,9.869596283668437e-06
228,0,0,228,0.0031415913616617244,0.004434088264496967,9.869596283667567e-06
229,0,0,229,0.0031415913616617843,0.003034150287083314,9.869596283667943e-06
230,0,0,230,0.003141591361661753,0.0051056576547549555,9.869596283667746e-06
231,0,0,231,0.003141591361661745,0.001715851919459262,9.869596283667731e-06
232,0,0,232,0.0031415913616616073,0.005807056230161462,9.869596283666833e-06
233,0,0,233,0.003141591361661698,0.004513390629910423,9.8695962836674e-06
234,0,0,234,0.00314159136166177,0.0029780620972668973,9.869596283667851e-06
235,0,0,235,0.0031415913616617305,0.005221423573351376,9.869596283667606e-06
236,0,0,236,0.003141591361661571,0.0031087385627346603,9.869596283666604e-06
237,0,0,237,0.003141591361661821,0.0039098894536339105,9.869596283668177e-06
238,0,0,238,0.0031415913616615865,0.005591772851636405,9.869596283666701e-06
239,0,0,239,0.0031415913616617734,0.006064949522523864,9.869596283667877e-06
240,0,0,240,0.003141591361661823,0.005631012506471557,9.869596283668185e-06
241,0,0,241,0.0031415913616615445,0.003153032179032517,9.869596283666435e-06
242,0,0,242,0.0031415913616618008,0.00577473749344964,9.86959628366805e-06
243,0,0,243,0.0031415913616615553,0.003936175136065914,9.8695962836665e-06
244,0,0,244,0.003141591361661521,0.004275187624062633,9.869596283666288e-06
245,0,0,245,0.0031415913616616,0.004798373832919571,9.869596283666784e-06
246,0,0,246,0.00314159136166158,0.0036236658697178835,9.869596283666657e-06
247,0,0,247,0.003141591361661708,0.0021956237776279215,9.869596283667463e-06
248,0,0,248,0.0031415913616617518,0.0039427582560522395,9.86959628366774e-06
249,0,0,249,0.003141591361661526,0.003831991808627424,9.869596283666311e-06
250,0,0,250,0.0031415913616618094,0.0014518229059648313,9.869596283668102e-06
251,0,0,251,0.003141591361661531,0.0033937617801669414,9.869596283666354e-06
252,0,0,252,0.0031415913616616355,0.004103394663444245,9.869596283667008e-06
253,0,0,253,0.0031415913616617656,0.0044988769286047085,9.869596283667828e-06
254,0,0,254,0.003141591361661736,0.00411355706753322,9.86959628366764e-06
255,0,0,255,0.0031415913616616455,0.004421052313765253,9.869596283667072e-06
256,0,0,256,0.003141591361661545,0.003990985958621819,9.869596283666438e-06
257,0,0,257,0.0031415913616616126,0.005840674386733756,9.869596283666862e-06
258,0,0,258,0.0031415913616618016,0.00423673918361481,9.869596283668051e-06
259,0,0,259,0.0031415913616617422,0.0059510310151963995,9.869596283667678e-06
260,0,0,260,0.0031415913616614465,0.004813696402160592,9.869596283665818e-06
261,0,0,261,0.003141591361661576,0.003802296429107425,9.869596283666635e-06
262,0,0,262,0.0031415913616615527,0.00508652477231852,9.86959628366649e-06
263,0,0,263,0.0031415913616617747,0.004758409290450156,9.869596283667882e-06
264,0,0,264,0.003141591361661854,0.0033106222017113347,9.869596283668382e-06
265,0,0,265,0.0031415913616617084,0.003108863270526419,9.869596283667468e-06
266,0,0,266,0.003141591361661615,0.005312724428285418,9.86959628366688e-06
267,0,0,267,0.0031415913616617483,0.0027820212420328685,9.869596283667719e-06
268,0,0,268,0.003141591361661756,0.004230403914149062,9.86959628366776e-06
269,0,0,269,0.0031415913616617977,0.0047616653934480935,9.869596283668027e-06
270,0,0,270,0.0031415913616615622,0.00476096701179952,9.869596283666547e-06
271,0,0,271,0.0031415913616616065,0.005981502127222277,9.869596283666826e-06
272,0,0,272,0.003141591361661761,0.004475007716075757,9.869596283667797e-06
273,0,0,273,0.0031415913616617856,0.005645957052765483,9.869596283667948e-06
274,0,0,274,0.0031415913616617956,0.005356646179551305,9.86959628366801e-06
275,0,0,275,0.0031415913616616073,0.004319839773552543,9.869596283666831e-06
276,0,0,276,0.0031415913616617704,0.002851333378291137,9.869596283667936e-06
277,0,0,277,0.0031415913616614985,0.003155069269719073,9.869596283666144e-06
278,0,0,278,0.0031415913616619326,0.004297546410691322,9.869596283668878e-06
279,0,0,279,0.0031415913616617687,0.004903682519657132,9.869596283667844e-06
280,0,0,280,0.003141591361661727,0.003510304844835926,9.869596283667584e-06
281,0,0,281,0.0031415913616617565,0.005810219960283951,9.869596283667767e-06
282,0,0,282,0.0031415913616615583,0.0037695718450388455,9.869596283666523e-06
283,0,0,283,0.003141591361661794,0.005441769769502825,9.869596283668004e-06
284,0,0,284,0.0031415913616615414,0.00431341301133558,9.869596283666418e-06
285,0,0,285,0.0031415913616618415,0.005394494601460905,9.869596283668304e-06
286,0,0,286,0.003141591361661781,0.0004982441239050219,9.869596283667924e-06
287,0,0,287,0.003141591361661811,0.00501814521504796,9.869596283668114e-06
288,0,0,288,0.003141591361661746,0.0008038134848195071,9.869596283667702e-06
289,0,0,289,0.0031415913616615796,0.004363652905429484,9.869596283666655e-06
290,0,0,290,0.003141591361661795,0.0051453126310933755,9.869596283668012e-06
291,0,0,291,0.003141591361661765,0.002884984198417115,9.86959628366782e-06
292,0,0,292,0.0031415913616618663,0.00537269249242296,9.86959628366846e-06
293,0,0,293,0.0031415913616617964,0.0043920951937630815,9.869596283668017e-06
294,0,0,294,0.003141591361661791,0.004156840717460993,9.869596283667987e-06
295,0,0,295,0.0031415913616615583,0.004080613704219928,9.869596283666523e-06
296,0,0,296,0.0031415913616617774,0.005652715609885281,9.869596283667899e-06
297,0,0,297,0.0031415913616616776,0.005645174516955681,9.869596283667353e-06
298,0,0,298,0.0031415913616616663,0.004487809074963824,9.869596283667202e-06
299,0,0,299,0.0031415913616616923,0.005291932268032982,9.869596283667367e-06
300,0,0,300,0.0031415913616615254,0.006036093546644522,9.869596283666316e-06
301,0,0,301,0.0031415913616614968,0.004450603402553253,9.869596283666135e-06
302,0,0,302,0.003141591361661753,0.0024373548423352936,9.869596283667748e-06
303,0,0,303,0.0031415913616617596,0.005901013583354414,9.869596283667787e-06
304,0,0,304,0.003141591361661827,0.0041545526449600105,9.869596283668212e-06
305,0,0,305,0.0031415913616615917,0.004168666385358068,9.869596283666733e-06
306,0,0,306,0.003141591361661841,0.005723587820839254,9.86959628366838e-06
307,0,0,307,0.003141591361661757,0.005251489990506416,9.869596283667773e-06
308,0,0,308,0.0031415913616615757,0.0032790341196200696,9.869596283666633e-06
309,0,0,309,0.003141591361661762,0.004542291249140754,9.869596283667806e-06
310,0,0,310,0.003141591361661798,0.0056276908080500855,9.869596283668027e-06
311,0,0,311,0.003141591361661539,0.003591526595377111,9.869596283666398e-06
312,0,0,312,0.003141591361661555,0.004450797038165999,9.869596283666503e-06
313,0,0,313,0.0031415913616618064,0.004003582354867623,9.869596283668083e-06
314,0,0,314,0.003141591361661843,0.004274145348317383,9.869596283668312e-06
315,0,0,315,0.0031415913616617596,0.0014145620655975296,9.869596283667785e-06
316,0,0,316,0.0031415913616617648,0.0017470920631355107,9.869596283667819e-06
317,0,0,317,0.0031415913616615688,0.004095965675974765,9.869596283666587e-06
318,0,0,318,0.0031415913616617847,0.004174134766785887,9.869596283667946e-06
319,0,0,319,0.003141591361661809,0.005879685881447017,9.8695962836681e-06
320,0,0,320,0.003141591361661874,0.00450971201543615,9.869596283668509e-06
321,0,0,321,0.0031415913616617596,0.0029949015006706914,9.869596283667787e-06
322,0,0,322,0.003141591361661901,0.004159621723662385,9.869596283668678e-06
323,0,0,323,0.003141591361661516,0.004627483843094081,9.869596283666257e-06
324,0,0,324,0.003141591361661489,0.0047197820391064,9.86959628366609e-06
325,0,0,325,0.003141591361661812,0.005739867652786216,9.869596283668119e-06
326,0,0,326,0.003141591361661799,0.003498272680365876,9.869596283668034e-06
327,0,0,327,0.0031415913616618103,0.0036113704861202816,9.869596283668105e-06
328,0,0,328,0.003141591361661882,0.004132410502988309,9.869596283668556e-06
329,0,0,329,0.003141591361661577,0.0057251966282293384,9.86959628366664e-06
330,0,0,330,0.0031415913616618294,0.0028874088266701713,9.869596283668219e-06
331,0,0,331,0.0031415913616615653,0.0036347230889733264,9.869596283666564e-06
332,0,0,332,0.0031415913616615336,0.004658475462115892,9.869596283666367e-06
333,0,0,333,0.003141591361661747,0.0015119757784339827,9.869596283667707e-06
334,0,0,334,0.0031415913616617704,0.005509515953921512,9.869596283667856e-06
335,0,0,335,0.0031415913616617964,0.0036203474846749828,9.869596283668017e-06
336,0,0,336,0.0031415913616617895,0.005080696433056389,9.869596283667977e-06
337,0,0,337,0.0031415913616615987,0.0042549107333558125,9.869596283666776e-06
338,0,0,338,0.0031415913616616984,0.005959412658576336,9.869596283667404e-06
339,0,0,339,0.003141591361661808,0.003573124529434695,9.869596283668251e-06
340,0,0,340,0.003141591361661808,0.0032944760528595095,9.869596283668094e-06
341,0,0,341,0.003141591361661882,0.003543822902762545,9.869596283668558e-06
342,0,0,342,0.003141591361661774,0.0020798487152701175,9.86959628366791e-06
343,0,0,343,0.0031415913616615336,0.004451667951742788,9.869596283666367e-06
344,0,0,344,0.0031415913616617912,0.005432530440981285,9.869596283667987e-06
345,0,0,345,0.0031415913616618255,0.00465534899827318,9.8695962836682e-06
346,0,0,346,0.003141591361661808,0.0032451178074608604,9.869596283668085e-06
347,0,0,347,0.003141591361661545,0.0012002876961775917,9.869596283666437e-06
348,0,0,348,0.0031415913616617817,0.0062472868669218515,9.869596283667927e-06
349,0,0,349,0.0031415913616617535,0.006262158818031415,9.869596283667746e-06
350,0,0,350,0.003141591361661578,0.0027462127699890183,9.869596283666647e-06
351,0,0,351,0.0031415913616615796,0.005019998742232192,9.869596283666654e-06
352,0,0,352,0.0031415913616618593,0.0035039981183407334,9.869596283668415e-06
353,0,0,353,0.0031415913616618463,0.004390263388399848,9.869596283668332e-06
354,0,0,354,0.003141591361661763,0.0012982120195369575,9.86959628366781e-06
355,0,0,355,0.0031415913616615787,0.005847357163053847,9.86959628366665e-06
356,0,0,356,0.0031415913616615774,0.005272010763518666,9.869596283666643e-06
357,0,0,357,0.003141591361661758,0.006183227053621712,9.869596283667777e-06
358,0,0,358,0.003141591361661606,0.0036445992396320986,9.869596283666825e-06
359,0,0,359,0.003141591361661661,0.004531165762188623,9.86959628366717e-06
360,0,0,360,0.0031415913616617895,0.006022387869748065,9.869596283667977e-06
361,0,0,361,0.003141591361661768,0.00461498692245202,9.869596283667838e-06
362,0,0,362,0.003141591361661647,0.004227957305478748,9.869596283667079e-06
363,0,0,363,0.0031415913616616915,0.004928359951833402,9.869596283667362e-06
364,0,0,364,0.0031415913616618116,0.00592746299680024,9.869596283668116e-06
365,0,0,365,0.0031415913616614933,0.004152520758599397,9.869596283666113e-06
366,0,0,366,0.003141591361661812,0.006064334952542628,9.869596283668119e-06
367,0,0,367,0.003141591361661812,0.00518178768177579,9.869596283668114e-06
368,0,0,368,0.003141591361661536,0.003550541971979438,9.86959628366638e-06
369,0,0,369,0.0031415913616614694,0.003926947132119805,9.869596283665966e-06
370,0,0,370,0.003141591361661572,0.005295497994332829,9.869596283666608e-06
371,0,0,371,0.0031415913616615345,0.004585385654516441,9.869596283666372e-06
372,0,0,372,0.003141591361661548,0.003937285505436845,9.869596283666455e-06
373,0,0,373,0.003141591361661805,0.003050970384575818,9.869596283668071e-06
374,0,0,374,0.003141591361661528,0.005315186555080636,9.869596283666333e-06
375,0,0,375,0.003141591361661593,0.005703563994079304,9.869596283666742e-06
376,0,0,376,0.00314159136166187,0.004421812216080037,9.869596283668481e-06
377,0,0,377,0.003141591361661788,0.0044988976043621055,9.869596283667966e-06
378,0,0,378,0.0031415913616618337,0.0035037532116636845,9.869596283668251e-06
379,0,0,379,0.0031415913616617635,0.005943229388776192,9.869596283667812e-06
380,0,0,380,0.0031415913616615605,0.005815686942124937,9.86959628366654e-06
381,0,0,381,0.0031415913616617435,0.0026332653264530734,9.869596283667687e-06
382,0,0,382,0.003141591361661715,0.0053299650093160044,9.869596283667507e-06
383,0,0,383,0.0031415913616617587,0.0030323846003032394,9.869596283667787e-06
384,0,0,384,0.003141591361661587,0.004225432383918654,9.869596283666703e-06
385,0,0,385,0.0031415913616615727,0.0052736979985787856,9.869596283666616e-06
386,0,0,386,0.003141591361661767,0.005311619954507147,9.869596283667836e-06
387,0,0,387,0.0031415913616618264,0.0020017485492794685,9.869596283668205e-06
388,0,0,388,0.0031415913616615427,0.005410056650639562,9.869596283666423e-06
389,0,0,389,0.0031415913616617795,0.006092593375126973,9.869596283667912e-06
390,0,0,390,0.0031415913616617574,0.0029185051337568785,9.869596283667775e-06
391,0,0,391,0.003141591361661824,0.00523798893014268,9.869596283668193e-06
392,0,0,392,0.0031415913616615445,0.005132216149974319,9.869596283666438e-06
393,0,0,393,0.0031415913616617813,0.004132056526585922,9.869596283667922e-06
394,0,0,394,0.003141591361661758,0.0024937243201804357,9.869596283667816e-06
395,0,0,395,0.00314159136166182,0.004143824915939749,9.869596283668166e-06
396,0,0,396,0.0031415913616615596,0.004252139167163516,9.869596283666533e-06
397,0,0,397,0.00314159136166156,0.005040712258564306,9.869596283666533e-06
398,0,0,398,0.0031415913616617648,0.0028223109380250935,9.869596283667822e-06
399,0,0,399,0.0031415913616617765,0.006207998109072912,9.869596283667895e-06
400,0,0,400,0.003141591361661483,0.0033645127779233512,9.869596283666045e-06
401,0,0,401,0.003141591361661788,0.0037809292731446624,9.86959628366797e-06
402,0,0,402,0.003141591361661782,0.004091308033110669,9.86959628366793e-06
403,0,0,403,0.0031415913616618576,0.0034346509042584394,9.869596283668398e-06
404,0,0,404,0.003141591361661753,0.005348555272869845,9.869596283667748e-06
405,0,0,405,0.003141591361661785,0.0052530297037325455,9.869596283667948e-06
406,0,0,406,0.0031415913616617383,0.0032820578383366706,9.869596283667653e-06
407,0,0,407,0.003141591361661797,0.005028951011141269,9.869596283668024e-06
408,0,0,408,0.0031415913616617804,0.004002523895361925,9.869596283667919e-06
409,0,0,409,0.0031415913616617917,0.005637659681063557,9.869596283667988e-06
410,0,0,410,0.003141591361661628,0.004337904112631728,9.86959628366696e-06
411,0,0,411,0.0031415913616615393,0.0012059048751484516,9.869596283666403e-06
412,0,0,412,0.003141591361661541,0.0048425163499086,9.869596283666415e-06
413,0,0,413,0.0031415913616617895,0.000745615657778367,9.869596283667977e-06
414,0,0,414,0.003141591361661779,0.0057751426630551885,9.86959628366791e-06
415,0,0,415,0.0031415913616617583,0.005558537806970826,9.869596283667777e-06
416,0,0,416,0.0031415913616617444,0.00501359601112988,9.86959628366769e-06
417,0,0,417,0.0031415913616615588,0.006013767310751621,9.869596283666528e-06
418,0,0,418,0.0031415913616617873,0.0018252558614763692,9.869596283667963e-06
419,0,0,419,1.9999975325994075,0.35705319516801115,9.869596283668314e-06
420,0,0,420,0.003141591361661795,0.004619653755455135,9.86959628366801e-06
421,0,0,421,0.003141591361661845,0.004291458187251476,9.869596283668322e-06
422,0,0,422,0.0031415913616615354,0.0036470678310567993,9.869596283666377e-06
423,0,0,423,0.0031415913616618016,0.004702042540893165,9.869596283668051e-06
424,0,0,424,0.0031415913616618255,0.0058077999465248374,9.869596283668202e-06
425,0,0,425,0.0031415913616617843,0.0012975349656743898,9.86959628366794e-06
426,0,0,426,0.003141591361661765,0.00228340713616214,9.869596283667819e-06
427,0,0,427,0.0031415913616617973,0.005156636270401418,9.869596283668024e-06
428,0,0,428,0.003141591361661728,0.0048480166863838,9.869596283667587e-06
429,0,0,429,0.0031415913616618467,0.002795625622934031,9.869596283668375e-06
430,0,0,430,0.0031415913616617283,0.002569731628818241,9.869596283667592e-06
431,0,0,431,0.0031415913616616793,0.005106582742866594,9.869596283667287e-06
432,0,0,432,0.0031415913616615106,0.004335700312793725,9.869596283666222e-06
433,0,0,433,0.0031415913616617656,0.002452251817079744,9.869596283667828e-06
434,0,0,434,0.003141591361661584,0.004910280047632418,9.869596283666682e-06
435,0,0,435,0.003141591361661826,0.002667525198711361,9.869596283668205e-06
436,0,0,436,0.0031415913616617912,0.003790068471953697,9.869596283667987e-06
437,0,0,437,0.003141591361661779,0.003058248194558683,9.869596283667912e-06
438,0,0,438,0.00314159136166157,0.006203758095113059,9.869596283666606e-06
439,0,0,439,0.0031415913616617344,0.005479186132147383,9.86959628366763e-06
440,0,0,440,0.0031415913616616156,0.00477140625006755,9.869596283666884e-06
441,0,0,441,0.0031415913616615844,0.00411981524096201,9.869596283666689e-06
442,0,0,442,0.0031415913616615262,0.005522812783547457,9.869596283666322e-06
443,0,0,443,0.003141591361661541,0.0029363003011407445,9.86959628366641e-06
444,0,0,444,0.003141591361661777,0.004628366775709749,9.869596283667889e-06
445,0,0,445,0.003141591361661789,0.0029987696999676174,9.869596283667966e-06
446,0,0,446,0.003141591361661504,0.004486479393478864,9.869596283666178e-06
447,0,0,447,0.0031415913616617847,0.004459061847944465,9.869596283667943e-06
448,0,0,448,0.0031415913616618125,0.00570092690961441,9.869596283668119e-06
449,0,0,449,0.0031415913616618272,0.003911303937116258,9.869596283668215e-06
450,0,0,450,0.003141591361661811,0.004585892607541254,9.86959628366811e-06
451,0,0,451,0.003141591361661531,0.005263549084687228,9.869596283666354e-06
452,0,0,452,0.003141591361661791,0.0024673451895859642,9.869596283667983e-06
453,0,0,453,0.003141591361661837,0.0036971758648761234,9.869596283668276e-06
454,0,0,454,0.0031415913616617288,0.0029536938920601413,9.869596283667595e-06
455,0,0,455,0.003141591361661558,0.003983919510971189,9.869596283666516e-06
456,0,0,456,0.003141591361661824,0.003493170249640759,9.869596283668193e-06
457,0,0,457,0.003141591361661894,0.004016015153474564,9.86959628366863e-06
458,0,0,458,0.0031415913616615458,0.004662114328501341,9.869596283666449e-06
459,0,0,459,0.003141591361661778,0.0038281983849768413,9.869596283667904e-06
460,0,0,460,0.003141591361661792,0.0020446124808121066,9.869596283668034e-06
461,0,0,461,0.00314159136166178,0.00477878100384414,9.869596283667916e-06
462,0,0,462,0.0031415913616618316,0.004195900417954367,9.86959628366824e-06
463,0,0,463,0.003141591361661752,0.00430500219325258,9.869596283667741e-06
464,0,0,464,0.0031415913616615054,0.0032650170568662576,9.869596283666193e-06
465,0,0,465,0.003141591361661563,0.00625516281693328,9.869596283666555e-06
466,0,0,466,0.003141591361661541,0.0049900392139221855,9.869596283666418e-06
467,0,0,467,0.0031415913616617648,0.000346246440868123,9.869596283667804e-06
468,0,0,468,0.0031415913616616212,0.004394494750653164,9.869596283666916e-06
469,0,0,469,0.0031415913616617583,0.0022265750760831434,9.869596283667782e-06
470,0,0,470,0.003141591361661531,0.005553881241124361,9.869596283666347e-06
471,0,0,471,0.003141591361661734,0.002875483289498725,9.869596283667626e-06
472,0,0,472,0.003141591361661769,0.004190518953619287,9.869596283667841e-06
473,0,0,473,0.003141591361661808,0.005024719557024262,9.869596283668095e-06
474,0,0,474,0.0031415913616618394,0.0042719496962049614,9.86959628366829e-06
475,0,0,475,0.0031415913616617782,0.0034514154008431926,9.869596283667904e-06
476,0,0,476,0.0031415913616618107,0.005193023557134278,9.869596283668109e-06
477,0,0,477,0.003141591361661638,0.003937937179329584,9.869596283667025e-06
478,0,0,478,0.0031415913616616876,0.004684281024166398,9.869596283667336e-06
479,0,0,479,0.003141591361661798,0.001533760455219033,9.869596283668027e-06
480,0,0,480,0.003141591361661582,0.004825649743746163,9.869596283666676e-06
481,0,0,481,0.0031415913616617613,0.0030192876225858443,9.869596283667799e-06
482,0,0,482,0.00314159136166176,0.004968704200453081,9.86959628366779e-06
483,0,0,483,0.003141591361661704,0.00444009151533283,9.869596283667441e-06
484,0,0,484,0.003141591361661531,0.003112002654883493,9.869596283666352e-06
485,0,0,485,0.0031415913616614647,0.00430574010994608,9.86959628366593e-06
486,0,0,486,0.003141591361661733,0.004552001301483591,9.869596283667621e-06
487,0,0,487,0.003141591361661879,0.004292132239066942,9.869596283668536e-06
488,0,0,488,0.0031415913616615475,0.004377027451414789,9.869596283666455e-06
489,0,0,489,0.00314159136166175,0.006204204442930322,9.869596283667728e-06
490,0,0,490,0.0031415913616618654,0.004502215582128275,9.869596283668453e-06
491,0,0,491,0.003141591361661522,0.004786286551861387,9.8695962836663e-06
492,0,0,492,0.0031415913616617565,0.0044336100607954365,9.869596283667767e-06
493,0,0,493,0.003141591361661481,0.00519232908230635,9.869596283666037e-06
494,0,0,494,0.0031415913616616173,0.005702892300517567,9.869596283666894e-06
495,0,0,495,0.003141591361661793,0.003063796682582831,9.869596283667999e-06
496,0,0,496,0.003141591361661791,0.0010602735116532962,9.869596283667985e-06
497,0,0,497,0.0031415913616618077,0.0015486657326243018,9.86959628366809e-06
498,0,0,498,0.003141591361661763,0.003975720976170961,9.869596283667807e-06
499,0,0,499,0.0031415913616618116,0.004416701701142605,9.869596283668116e-06
500,0,0,500,0.0031415913616617496,0.00474149578775626,9.869596283667726e-06
501,0,0,501,0.0031415913616618203,0.0038342702448288793,9.86959628366817e-06
502,0,0,502,0.0031415913616616646,0.004288311150088337,9.869596283667192e-06
503,0,0,503,0.0031415913616617192,0.0049197631658646195,9.869596283667534e-06
504,0,0,504,0.0031415913616618324,0.004455789214847334,9.869596283668238e-06
505,0,0,505,0.0031415913616615714,0.004521034501272125,9.869596283666606e-06
506,0,0,506,0.003141591361661567,0.00488854479599447,9.869596283666572e-06
507,0,0,507,0.003141591361661742,0.005309974150328918,9.869596283667677e-06
508,0,0,508,0.0031415913616617734,0.001392446939122225,9.869596283667875e-06
509,0,0,509,0.003141591361661543,0.0050517168592823705,9.869596283666428e-06
510,0,0,510,0.0031415913616617388,0.004923858120691205,9.869596283667658e-06
511,0,0,511,0.0031415913616615896,0.00584608629464792,9.869596283666718e-06
512,0,0,512,0.003141591361661507,0.004312760726980835,9.869596283666201e-06
513,0,0,513,0.0031415913616618567,0.004998744176875256,9.869596283668398e-06
514,0,0,514,0.0031415913616617305,0.0029680422650205183,9.869596283667606e-06
515,0,0,515,0.003141591361661563,0.006002874219932263,9.869596283666555e-06
516,0,0,516,0.0031415913616615614,0.00623511726803899,9.869596283666545e-06
517,0,0,517,0.003141591361661773,0.002722361232120941,9.869596283667872e-06
518,0,0,518,0.0031415913616618055,0.00572038593499828,9.869596283668075e-06
519,0,0,519,0.00314159136166183,0.0036279591627135376,9.869596283668232e-06
520,0,0,520,0.0031415913616616217,0.005087636923298983,9.869596283666921e-06
521,0,0,521,0.003141591361661741,0.005134050999197623,9.869596283667672e-06
522,0,0,522,0.0031415913616615657,0.005057065286725112,9.869596283666569e-06
523,0,0,523,0.0031415913616617826,0.004852630943867778,9.86959628366793e-06
524,0,0,524,0.0031415913616617782,0.005048093259671258,9.869596283667907e-06
525,0,0,525,0.0031415913616617583,0.0038166683919037482,9.869596283667777e-06
526,0,0,526,0.00314159136166176,0.0035458792279635383,9.869596283667792e-06
527,0,0,527,0.0031415913616615423,0.005717212684487572,9.869596283666425e-06
528,0,0,528,0.00314159136166175,0.0053566747743749345,9.869596283667726e-06
529,0,0,529,0.0031415913616617557,0.004617656692297873,9.869596283667767e-06
530,0,0,530,0.003141591361661789,0.004943397295885007,9.869596283667973e-06
531,0,0,531,0.0031415913616615653,0.004425187228328402,9.869596283666567e-06
532,0,0,532,0.0031415913616617396,0.004830677561586316,9.869596283667662e-06
533,0,0,533,0.0031415913616617587,0.0017734493880016246,9.869596283667784e-06
534,0,0,534,0.0031415913616615445,0.006012330430532432,9.869596283666437e-06
535,0,0,535,0.003141591361661541,0.004637049973931744,9.869596283666413e-06
536,0,0,536,0.0031415913616617574,0.003750308865761692,9.869596283667773e-06
537,0,0,537,0.003141591361661854,0.004968066714490732,9.869596283668383e-06
538,0,0,538,0.0031415913616618164,0.00559140427239738,9.869596283668143e-06
539,0,0,539,0.0031415913616617054,0.004561702017004419,9.869596283667445e-06
540,0,0,540,0.0031415913616615605,0.004286488558397104,9.86959628366654e-06
541,0,0,541,0.0031415913616618155,0.004992713038522337,9.869596283668138e-06
542,0,0,542,0.0031415913616618138,0.004519615683486698,9.869596283668129e-06
543,0,0,543,0.0031415913616617782,0.006068171481756699,9.869596283667904e-06
544,0,0,544,0.0031415913616617214,0.00440315736696858,9.869596283667546e-06
545,0,0,545,0.003141591361661728,0.004598311065791015,9.869596283667587e-06
546,0,0,546,0.0031415913616615484,0.005790280696438395,9.86959628366646e-06
547,0,0,547,0.0031415913616617656,0.0036431664298584025,9.869596283667826e-06
548,0,0,548,0.0031415913616618047,0.005110844992422396,9.869596283668071e-06
549,0,0,549,0.0031415913616614677,0.003745490146273509,9.869596283665952e-06
550,0,0,550,0.003141591361661547,0.0037882751695873067,9.869596283666454e-06
551,0,0,551,0.0031415913616615067,0.0038116277010410483,9.869596283666198e-06
552,0,0,552,0.0031415913616617513,0.0027935538785299487,9.869596283667736e-06
553,0,0,553,0.003141591361661677,0.0048297238204028856,9.869596283667272e-06
554,0,0,554,0.003141591361661784,0.002845519241574264,9.869596283667941e-06
555,0,0,555,0.0031415913616618485,0.004526498058456587,9.869596283668346e-06
556,0,0,556,0.0031415913616617396,0.005221490812155329,9.869596283667663e-06
557,0,0,557,0.0031415913616615596,0.0037550516650881388,9.869596283666532e-06
558,0,0,558,0.0031415913616616,0.0034984592803788198,9.869596283666787e-06
559,0,0,559,0.0031415913616616078,0.005024957317505249,9.869596283666835e-06
560,0,0,560,0.003141591361661769,0.004354751268925119,9.869596283667846e-06
561,0,0,561,0.0031415913616614807,0.005333996756058889,9.869596283666037e-06
562,0,0,562,0.0031415913616617865,0.0024411151908207847,9.869596283667958e-06
563,0,0,563,0.003141591361661786,0.001777483269624871,9.869596283667955e-06
564,0,0,564,0.003141591361661553,0.00524273585593502,9.869596283666491e-06
565,0,0,565,0.0031415913616617305,0.005293083062811855,9.869596283667602e-06
566,0,0,566,0.0031415913616618433,0.0018864219451155864,9.869596283668307e-06
567,0,0,567,0.003141591361661781,0.002762789358180051,9.869596283667917e-06
568,0,0,568,0.00314159136166177,0.004666482473968797,9.869596283667851e-06
569,0,0,569,0.0031415913616617895,0.004989754701818166,9.869596283667973e-06
570,0,0,570,0.003141591361661767,0.004011459440457886,9.869596283667834e-06
571,0,0,571,0.0031415913616617695,0.004625747802266642,9.86959628366785e-06
572,0,0,572,0.003141591361661563,0.001991048262498195,9.86959628366655e-06
573,0,0,573,0.003141591361661519,0.004644750949621539,9.869596283666277e-06
574,0,0,574,0.0031415913616617487,0.00511079931019976,9.869596283667717e-06
575,0,0,575,0.0031415913616614885,0.004538420285118128,9.869596283666086e-06
576,0,0,576,0.00314159136166169,0.005389908956676517,9.869596283667353e-06
577,0,0,577,0.0031415913616615345,0.004204419249199801,9.869596283666374e-06
578,0,0,578,0.0031415913616617544,0.0035775261993435726,9.869596283667756e-06
579,0,0,579,0.003141591361661571,0.0043586674302511464,9.869596283666601e-06
580,0,0,580,0.0031415913616617414,0.0032556407116961254,9.869596283667675e-06
581,0,0,581,0.0031415913616615796,0.004609980140329169,9.869596283666659e-06
582,0,0,582,0.0031415913616618133,0.005674811801983069,9.869596283668126e-06
583,0,0,583,0.003141591361661785,0.006160669441305889,9.869596283667946e-06
584,0,0,584,0.003141591361661829,0.004615392934174409,9.869596283668224e-06
585,0,0,585,0.003141591361661795,0.005583211878310328,9.86959628366801e-06
586,0,0,586,0.0031415913616617626,0.004891900396136087,9.869596283667807e-06
587,0,0,587,0.0031415913616617934,0.005804691477013937,9.869596283668e-06
588,0,0,588,0.003141591361661789,0.0036838656856698964,9.869596283667963e-06
589,0,0,589,0.003141591361661778,0.0027477129906060605,9.869596283667899e-06
590,0,0,590,0.003141591361661605,0.005114289605584039,9.869596283666818e-06
591,0,0,591,0.0031415913616617587,0.005593192806658158,9.869596283667784e-06
592,0,0,592,0.0031415913616617704,0.006048797900434916,9.869596283667858e-06
593,0,0,593,0.0031415913616617843,0.006023147344567861,9.869596283667943e-06
594,0,0,594,0.003141591361661802,0.004591909235548798,9.869596283668055e-06
595,0,0,595,0.0031415913616615436,0.00424384720835806,9.869596283666432e-06
596,0,0,596,0.0031415913616617856,0.0058557060592994495,9.86959628366795e-06
597,0,0,597,0.0031415913616617956,0.005397149510497492,9.869596283668012e-06
598,0,0,598,0.003141591361661767,0.004444264022258104,9.869596283667836e-06
599,0,0,599,0.0031415913616616017,0.00191062926310794,9.869596283666796e-06
600,0,0,600,0.0031415913616616017,0.004901242297697134,9.869596283666794e-06
601,0,0,601,0.0031415913616616472,0.004190227707570589,9.869596283667084e-06
602,0,0,602,0.0031415913616617847,0.003139624365856073,9.869596283667944e-06
603,0,0,603,0.003141591361661787,0.004209314210743703,9.86959628366796e-06
604,0,0,604,0.0031415913616617787,0.0008286160966874108,9.869596283667904e-06
605,0,0,605,0.003141591361661599,0.004625911085746524,9.869596283666784e-06
606,0,0,606,0.0031415913616617366,0.00514893164341757,9.869596283667717e-06
607,0,0,607,0.003141591361661577,0.003012703084875288,9.869596283666635e-06
608,0,0,608,0.0031415913616617687,0.004421379897945726,9.869596283667848e-06
609,0,0,609,0.003141591361661829,0.00553922368239209,9.869596283668226e-06
610,0,0,610,0.003141591361661581,0.004239007296248011,9.869596283666665e-06
611,0,0,611,0.003141591361661675,0.004235895202884939,9.869596283667255e-06
612,0,0,612,0.003141591361661814,0.0037544947351486582,9.869596283668132e-06
613,0,0,613,0.003141591361661463,0.003542361065520297,9.869596283665923e-06
614,0,0,614,0.0031415913616618294,0.0021073189274502164,9.869596283668227e-06
615,0,0,615,0.003141591361661553,0.0039985984312171504,9.86959628366649e-06
616,0,0,616,0.003141591361661806,0.005251762233593122,9.869596283668078e-06
617,0,0,617,0.0031415913616617826,0.0023239518808163824,9.869596283667931e-06
618,0,0,618,0.0031415913616617947,0.004403708413523527,9.869596283668007e-06
619,0,0,619,0.003141591361661542,0.005371624033773689,9.869596283666421e-06
620,0,0,620,0.0031415913616615523,0.0023460773097219597,9.869596283666482e-06
621,0,0,621,0.003141591361661816,0.004517773383082717,9.869596283668143e-06
622,0,0,622,0.0031415913616618216,0.004415488334082288,9.86959628366818e-06
623,0,0,623,0.003141591361661763,0.005044413125333698,9.869596283667809e-06
624,0,0,624,0.003141591361661754,0.005711153306252281,9.869596283667755e-06
625,0,0,625,0.003141591361661775,0.004606939003821014,9.869596283667885e-06
626,0,0,626,0.003141591361661745,0.002078209441142483,9.869596283667695e-06
627,0,0,627,0.003141591361661782,0.005708456434768027,9.869596283667927e-06
628,0,0,628,0.003141591361661771,0.005189785131712414,9.86959628366786e-06
629,0,0,629,0.003141591361661762,0.0012796126278112928,9.869596283667806e-06
630,0,0,630,0.0031415913616618073,0.004710581951016093,9.869596283668226e-06
631,0,0,631,0.0031415913616617856,0.004344994620825349,9.869596283667953e-06
632,0,0,632,0.0031415913616616806,0.003374068821215428,9.869596283667292e-06
633,0,0,633,0.0031415913616617635,0.00454758100361371,9.86959628366781e-06
634,0,0,634,0.003141591361661787,0.003078298214420484,9.86959628366796e-06
635,0,0,635,0.0031415913616618008,0.004453499538294791,9.869596283668044e-06
636,0,0,636,0.00314159136166154,0.005739759155484693,9.869596283666408e-06
637,0,0,637,0.0031415913616618125,0.004248029930808117,9.86959628366812e-06
638,0,0,638,0.0031415913616617804,0.004804913700842608,9.869596283667916e-06
639,0,0,639,0.0031415913616615722,0.004508610487117382,9.869596283666615e-06
640,0,0,640,0.003141591361661568,0.0011271279818463602,9.869596283666582e-06
641,0,0,641,0.003141591361661807,0.004468153773921275,9.869596283668085e-06
642,0,0,642,0.0031415913616615523,0.005231784823429775,9.869596283666486e-06
643,0,0,643,0.003141591361661806,0.003010717401887519,9.869596283668078e-06
644,0,0,644,0.0031415913616617878,0.002023472304419761,9.869596283667965e-06
645,0,0,645,0.003141591361661784,0.0056747986360748005,9.86959628366794e-06
646,0,0,646,0.00314159136166176,0.005318064846323761,9.86959628366779e-06
647,0,0,647,0.0031415913616617873,0.004363521296625032,9.869596283667961e-06
648,0,0,648,0.00314159136166175,0.004406486247771529,9.869596283667726e-06
649,0,0,649,0.0031415913616617895,0.004119368097607186,9.869596283667975e-06
650,0,0,650,0.0031415913616616095,0.004092912215955083,9.869596283666847e-06
651,0,0,651,0.0031415913616618285,0.0034827567788472662,9.869596283668219e-06
652,0,0,652,0.003141591361661776,0.002809414862951669,9.869596283667889e-06
653,0,0,653,0.0031415913616617817,0.0019922457816028104,9.869596283667926e-06
654,0,0,654,0.0031415913616618285,0.0038949878635292424,9.869596283668215e-06
655,0,0,655,0.003141591361661822,0.0032110949402685755,9.86959628366818e-06
656,0,0,656,0.0031415913616617544,0.00541702935380705,9.869596283667756e-06
657,0,0,657,0.0031415913616615757,0.0043631411450034616,9.869596283666632e-06
658,0,0,658,0.0031415913616616603,0.0036743588697945545,9.869596283667162e-06
659,0,0,659,0.00314159136166181,0.0039211620400046755,9.869596283668099e-06
660,0,0,660,0.0031415913616617943,0.0049513528479240175,9.869596283668007e-06
661,0,0,661,0.0031415913616615896,0.005068286015542726,9.86959628366672e-06
662,0,0,662,0.0031415913616617734,0.0024390119953916854,9.869596283667873e-06
663,0,0,663,0.003141591361661552,0.0035080489991788162,9.869596283666484e-06
664,0,0,664,0.003141591361661746,0.004435709137967886,9.869596283667702e-06
665,0,0,665,0.0031415913616617925,0.003970312139910635,9.869596283667997e-06
666,0,0,666,0.0031415913616617878,0.0024502164596776716,9.86959628366796e-06
667,0,0,667,0.0031415913616617466,0.00438117200186444,9.869596283667702e-06
668,0,0,668,0.0031415913616617518,0.005214802171820455,9.86959628366774e-06
669,0,0,669,0.0031415913616617878,0.0007632535072859538,9.869596283667961e-06
670,0,0,670,0.0031415913616617726,0.0033728231943493093,9.869596283667872e-06
671,0,0,671,0.0031415913616617335,0.005824214113224045,9.869596283667624e-06
672,0,0,672,0.003141591361661563,0.005668157211594856,9.869596283666555e-06
673,0,0,673,0.0031415913616617756,0.006126868992079577,9.869596283667885e-06
674,0,0,674,0.003141591361661643,0.0050621454071917895,9.869596283667055e-06
675,0,0,675,0.00314159136166154,0.004443280542655393,9.869596283666408e-06
676,0,0,676,0.003141591361661815,0.004997043089557362,9.869596283668132e-06
677,0,0,677,0.0031415913616617518,0.0030349131798597727,9.869596283667736e-06
678,0,0,678,0.003141591361661769,0.006204152053714554,9.86959628366785e-06
679,0,0,679,0.0031415913616618285,0.004015080035523216,9.86959628366822e-06
680,0,0,680,0.003141591361661781,0.0033817391402488693,9.869596283667922e-06
681,0,0,681,0.0031415913616618277,0.006123719460298645,9.869596283668214e-06
682,0,0,682,0.003141591361661745,0.005805572959232201,9.869596283667694e-06
683,0,0,683,0.003141591361661877,0.0025603411696788828,9.869596283668526e-06
684,0,0,684,0.0031415913616617596,0.005895608595510277,9.869596283667787e-06
685,0,0,685,0.003141591361661798,0.005045587906143306,9.869596283668029e-06
686,0,0,686,0.00314159136166152,0.0011378755258301025,9.869596283666284e-06
687,0,0,687,0.003141591361661547,0.0019080950719287148,9.869596283666455e-06
688,0,0,688,0.0031415913616614447,0.004379541499367476,9.869596283665808e-06
689,0,0,689,0.003141591361661815,0.004481869997170966,9.869596283668138e-06
690,0,0,690,0.0031415913616615753,0.005002521404496897,9.86959628366663e-06
691,0,0,691,0.003141591361661521,0.005060906595934785,9.86959628366629e-06
692,0,0,692,0.003141591361661789,0.005210098357080537,9.869596283667975e-06
693,0,0,693,0.0031415913616617687,0.0012627544640432288,9.869596283667841e-06
694,0,0,694,0.0031415913616617526,0.0037181465920970423,9.869596283667745e-06
695,0,0,695,0.003141591361661534,0.0014972421156424496,9.869596283666366e-06
696,0,0,696,0.0031415913616618823,0.00444896555290096,9.86959628366856e-06
697,0,0,697,0.003141591361661602,0.004481077486772279,9.869596283666801e-06
698,0,0,698,0.003141591361661804,0.0054892259754531665,9.869596283668068e-06
699,0,0,699,0.0031415913616615688,0.0035357371902918237,9.869596283666587e-06
700,0,0,700,0.0031415913616614525,0.004667479959058079,9.869596283665862e-06
701,0,0,701,0.0031415913616617695,0.004811503319564653,9.869596283667844e-06
702,0,0,702,0.0031415913616617878,0.0038869828189016043,9.869596283667966e-06
703,0,0,703,0.003141591361661824,0.005956476690646511,9.869596283668193e-06
704,0,0,704,0.003141591361661756,0.0060817082311035425,9.86959628366777e-06
705,0,0,705,0.003141591361661473,0.0052155200661964315,9.869596283665984e-06
706,0,0,706,0.0031415913616618155,0.005727371517632549,9.86959628366814e-06
707,0,0,707,0.0031415913616617973,0.0010525414536453313,9.869596283668022e-06
708,0,0,708,0.0031415913616617557,0.005570948518869039,9.869596283667767e-06
709,0,0,709,0.0031415913616617444,0.005638297844848475,9.86959628366769e-06
710,0,0,710,0.0031415913616617774,0.0058052310467275004,9.869596283667897e-06
711,0,0,711,0.0031415913616616156,0.004056063643070661,9.869596283666886e-06
712,0,0,712,0.0031415913616614642,0.003402092821507985,9.86959628366593e-06
713,0,0,713,0.0031415913616617314,0.005311631159382095,9.869596283667609e-06
714,0,0,714,0.003141591361661904,0.005297195486852057,9.869596283668697e-06
715,0,0,715,0.003141591361661753,0.0024111656995852195,9.869596283667746e-06
716,0,0,716,0.0031415913616617626,0.005860309796884684,9.869596283667806e-06
717,0,0,717,0.0031415913616617414,0.00619747033605943,9.869596283667672e-06
718,0,0,718,0.003141591361661757,0.004295063633698529,9.86959628366777e-06
719,0,0,719,0.0031415913616615336,0.0046140849201381055,9.869596283666369e-06
720,0,0,720,0.003141591361661486,0.005031732641182616,9.869596283666072e-06
721,0,0,721,0.0031415913616617834,0.005025918832743539,9.869596283667936e-06
722,0,0,722,0.003141591361661785,0.004416389673612646,9.869596283667946e-06
723,0,0,723,0.003141591361661446,0.005016952722118532,9.869596283665818e-06
724,0,0,724,0.0031415913616617305,0.0038877186429125132,9.869596283667607e-06
725,0,0,725,0.0031415913616615735,0.006189370553052423,9.869596283666618e-06
726,0,0,726,0.003141591361661551,0.004115339364011065,9.869596283666476e-06
727,0,0,727,0.0031415913616615436,0.004434495050108204,9.869596283666432e-06
728,0,0,728,0.0031415913616615644,0.0028372029784554447,9.869596283666564e-06
729,0,0,729,0.003141591361661558,0.0035976658322748713,9.869596283666518e-06
730,0,0,730,0.003141591361661552,0.004228125290006846,9.869596283666486e-06
731,0,0,731,0.003141591361661577,0.004626882601768797,9.869596283666638e-06
732,0,0,732,0.0031415913616617717,0.0038703530727162375,9.869596283667863e-06
733,0,0,733,0.0031415913616617444,0.005416276777390326,9.869596283667692e-06
734,0,0,734,0.0031415913616617804,0.002377667088996694,9.869596283667916e-06
735,0,0,735,0.00314159136166156,0.005146751357047569,9.869596283666535e-06
736,0,0,736,0.003141591361661572,0.00522151520926015,9.869596283666608e-06
737,0,0,737,0.0031415913616617474,0.0033544922563463935,9.869596283667712e-06
738,0,0,738,0.0031415913616615705,0.0022119569883063466,9.8695962836666e-06
739,0,0,739,0.0031415913616617843,0.004306910393351847,9.869596283667943e-06
740,0,0,740,0.0031415913616615466,0.005836652560659459,9.869596283666449e-06
741,0,0,741,0.003141591361661547,0.0038962810515910254,9.869596283666452e-06
742,0,0,742,0.0031415913616618077,0.005413762351871771,9.869596283668088e-06
743,0,0,743,0.003141591361661786,0.0009086136797269153,9.869596283667953e-06
744,0,0,744,0.0031415913616617865,0.0007317122119911513,9.869596283667956e-06
745,0,0,745,0.003141591361661538,0.003763374950414706,9.869596283666393e-06
746,0,0,746,0.003141591361661744,0.005020966387592944,9.869596283667692e-06
747,0,0,747,0.003141591361661796,0.0020878088411195052,9.869596283668012e-06
748,0,0,748,0.003141591361661752,0.005817831524097708,9.869596283667743e-06
749,0,0,749,0.0031415913616617396,0.005576441476592299,9.86959628366766e-06
750,0,0,750,0.0031415913616617713,0.004778646263890294,9.86959628366786e-06
751,0,0,751,0.003141591361661803,0.002248760088521807,9.86959628366806e-06
752,0,0,752,0.0031415913616617565,0.005397942334259906,9.869596283667772e-06
753,0,0,753,0.003141591361661658,0.004482340280136988,9.86959628366715e-06
754,0,0,754,0.0031415913616617513,0.0020667884622286295,9.869596283667736e-06
755,0,0,755,0.0031415913616617747,0.005204698111229677,9.869596283667885e-06
756,0,0,756,0.003141591361661692,0.00445615642415309,9.869596283667363e-06
757,0,0,757,0.0031415913616617895,0.0022379135248130617,9.869596283667975e-06
758,0,0,758,0.0031415913616618437,0.0031946276482923237,9.869596283668314e-06
759,0,0,759,0.003141591361661828,0.004884337692942173,9.869596283668217e-06
760,0,0,760,0.0031415913616617843,0.00506270168155008,9.869596283667944e-06
761,0,0,761,0.0031415913616615913,0.004383227209312731,9.869596283666733e-06
762,0,0,762,0.003141591361661763,0.003701529074638042,9.869596283667809e-06
763,0,0,763,0.003141591361661575,0.0048208591619198025,9.869596283666628e-06
764,0,0,764,0.0031415913616617635,0.006245822569069112,9.869596283667812e-06
765,0,0,765,0.003141591361661751,0.0046863231539252415,9.869596283667733e-06
766,0,0,766,0.0031415913616615605,0.002823743963642151,9.869596283666538e-06
767,0,0,767,0.003141591361661771,0.00323180790204055,9.869596283667858e-06
768,0,0,768,0.003141591361661772,0.004634207757370128,9.869596283667867e-06
769,0,0,769,0.0031415913616615883,0.00369973708867952,9.869596283666713e-06
770,0,0,770,0.0031415913616617613,0.004330718489677779,9.869596283667799e-06
771,0,0,771,0.0031415913616617648,0.0034968093958077907,9.869596283667819e-06
772,0,0,772,0.003141591361661473,0.004443931592115767,9.869596283665984e-06
773,0,0,773,0.0031415913616617747,0.006190983763764083,9.869596283667883e-06
774,0,0,774,0.003141591361661536,0.0049491344865273705,9.86959628366638e-06
775,0,0,775,0.003141591361661604,0.004595483250162426,9.869596283666811e-06
776,0,0,776,0.0031415913616617626,0.0014426095625222068,9.869596283667807e-06
777,0,0,777,0.003141591361661766,0.004196275781464059,9.86959628366783e-06
778,0,0,778,0.003141591361661772,0.0034591375498963673,9.869596283667865e-06
779,0,0,779,0.0031415913616617726,0.004572894572255845,9.869596283667868e-06
780,0,0,780,0.0031415913616615375,0.005964899746454619,9.869596283666433e-06
781,0,0,781,0.0031415913616618446,0.0035999502980867894,9.86959628366832e-06
782,0,0,782,0.003141591361661787,0.003544801615743936,9.86959628366796e-06
783,0,0,783,0.0031415913616615714,0.004223889068946898,9.869596283666606e-06
784,0,0,784,0.0031415913616615588,0.004707528062391816,9.869596283666527e-06
785,0,0,785,0.0031415913616617435,0.0028714206290360966,9.869596283667685e-06
786,0,0,786,0.00314159136166178,0.00572763714978422,9.869596283667916e-06
787,0,0,787,0.003141591361661791,0.00558294113842861,9.869596283667973e-06
788,0,0,788,0.003141591361661778,0.001919034745521428,9.869596283667895e-06
789,0,0,789,0.003141591361661747,0.004335760528622631,9.869596283667709e-06
790,0,0,790,0.0031415913616616472,0.004499740906397523,9.869596283667082e-06
791,0,0,791,0.003141591361661749,0.005440523471208647,9.869596283667797e-06
792,0,0,792,0.003141591361661748,0.002333335436101227,9.869596283667712e-06
793,0,0,793,0.003141591361661586,0.004479721478207901,9.869596283666696e-06
794,0,0,794,0.003141591361661661,0.003904605569463145,9.869596283667172e-06
795,0,0,795,0.0031415913616618034,0.0031266872191712336,9.869596283668065e-06
796,0,0,796,0.003141591361661757,0.006046313760460678,9.869596283667773e-06
797,0,0,797,0.0031415913616617817,0.00574401807560589,9.869596283667924e-06
798,0,0,798,0.0031415913616617843,0.0058314388397628075,9.869596283667943e-06
799,0,0,799,0.003141591361661552,0.005336350076207959,9.86959628366648e-06
800,0,0,800,0.0031415913616618125,0.003625182612520932,9.86959628366812e-06
801,0,0,801,0.003141591361661775,0.0031340605280816467,9.869596283667885e-06
802,0,0,802,0.0031415913616617656,0.001929577117176857,9.869596283667826e-06
803,0,0,803,0.003141591361661645,0.003303716502971088,9.869596283667069e-06
804,0,0,804,0.0031415913616616256,0.003964492497817031,9.869596283666947e-06
805,0,0,805,0.0031415913616615106,0.003677574146572202,9.869596283666225e-06
806,0,0,806,0.0031415913616617943,0.005764639305598627,9.869596283668004e-06
807,0,0,807,0.0031415913616615315,0.003935312774132509,9.869596283666354e-06
808,0,0,808,0.003141591361661774,0.0013420566366586487,9.869596283667878e-06
809,0,0,809,0.0031415913616615796,0.00472111605952217,9.869596283666657e-06
810,0,0,810,0.0031415913616616204,0.004539835549440284,9.869596283666914e-06
811,0,0,811,0.0031415913616615236,0.005318486476755168,9.869596283666306e-06
812,0,0,812,0.0031415913616617565,0.006281622575285134,9.86959628366777e-06
813,0,0,813,0.0031415913616615696,0.0039315197821878515,9.869596283666591e-06
814,0,0,814,0.003141591361661707,0.005871150108380119,9.869596283667458e-06
815,0,0,815,0.0031415913616615627,0.0031028455420523985,9.869596283666549e-06
816,0,0,816,0.003141591361661792,0.0057994282595400775,9.869596283667992e-06
817,0,0,817,0.0031415913616617717,0.0026251347077943985,9.86959628366786e-06
818,0,0,818,0.0031415913616617787,0.005173844211751793,9.869596283667904e-06
819,0,0,819,0.0031415913616615614,0.0059908334167125075,9.869596283666545e-06
820,0,0,820,0.003141591361661526,0.004453306629060281,9.86959628366632e-06
821,0,0,821,0.003141591361661758,0.0027196343164244533,9.869596283667775e-06
822,0,0,822,0.0031415913616617995,0.000920552357165061,9.86959628366803e-06
823,0,0,823,0.003141591361661699,0.005371488387091463,9.869596283667406e-06
824,0,0,824,0.003141591361661535,0.0038921642828143757,9.869596283666377e-06
825,0,0,825,0.0031415913616615883,0.004730030554512039,9.86959628366671e-06
826,0,0,826,0.0031415913616617886,0.0036462843539749458,9.869596283667966e-06
827,0,0,827,0.0031415913616615588,0.002943429667570368,9.869596283666527e-06
828,0,0,828,0.0031415913616617747,0.003070135409396082,9.869596283667883e-06
829,0,0,829,0.003141591361661753,0.004555743951324343,9.869596283667748e-06
830,0,0,830,0.0031415913616617175,0.0029264961907256954,9.869596283667526e-06
831,0,0,831,0.0031415913616615293,0.003357187531898842,9.869596283666344e-06
832,0,0,832,0.0031415913616617687,0.004773421963605046,9.869596283667844e-06
833,0,0,833,0.0031415913616617813,0.002178205968319097,9.869596283667924e-06
834,0,0,834,0.0031415913616615197,0.004303730315904651,9.869596283666283e-06
835,0,0,835,0.00314159136166178,0.003478962442476537,9.869596283667916e-06
836,0,0,836,0.003141591361661805,0.004141433550808335,9.869596283668073e-06
837,0,0,837,0.0031415913616616438,0.004319825361455116,9.869596283667058e-06
838,0,0,838,0.003141591361661589,0.0028513086533093323,9.869596283666718e-06
839,0,0,839,0.003141591361661579,0.005081857590489763,9.869596283666655e-06
840,0,0,840,0.0031415913616618016,0.006056594774992073,9.869596283668053e-06
841,0,0,841,0.003141591361661818,0.0018806652984732265,9.869596283668156e-06
842,0,0,842,0.0031415913616617817,0.005887645535445805,9.86959628366793e-06
843,0,0,843,0.003141591361661737,0.004292903424796986,9.869596283667646e-06
844,0,0,844,0.0031415913616615857,0.0053731021700510855,9.869596283666694e-06
845,0,0,845,0.003141591361661785,0.002502392373147318,9.869596283667948e-06
846,0,0,846,0.003141591361661872,0.004115815510501925,9.869596283668495e-06
847,0,0,847,0.0031415913616617674,0.0037108735629049847,9.869596283667838e-06
848,0,0,848,0.003141591361661561,0.004864811950602273,9.869596283666538e-06
849,0,0,849,0.0031415913616615583,0.004283644127554367,9.869596283666521e-06
850,0,0,850,0.003141591361661786,0.005419116067248141,9.869596283667953e-06
851,0,0,851,0.003141591361661795,0.0042679485085391575,9.86959628366801e-06
852,0,0,852,0.0031415913616615787,0.002693662755210185,9.869596283666648e-06
853,0,0,853,0.0031415913616615635,0.004529834911360401,9.86959628366655e-06
854,0,0,854,0.0031415913616617604,0.006248435192463382,9.86959628366779e-06
855,0,0,855,0.003141591361661755,0.006087746588592314,9.86959628366776e-06
856,0,0,856,0.0031415913616617353,0.004978772985165019,9.869596283667799e-06
857,0,0,857,0.0031415913616615974,0.005900611227649489,9.869596283666769e-06
858,0,0,858,0.0031415913616615497,0.002541226773023926,9.869596283666467e-06
859,0,0,859,0.003141591361661733,0.002769643071518022,9.86959628366762e-06
860,0,0,860,0.0031415913616617275,0.0029114536343041635,9.869596283667587e-06
861,0,0,861,0.003141591361661817,0.0018246207830097366,9.869596283668143e-06
862,0,0,862,0.0031415913616618003,0.004007564933239745,9.869596283668041e-06
863,0,0,863,0.003141591361661773,0.005852069363296673,9.869596283667873e-06
864,0,0,864,0.003141591361661859,0.001745355748261157,9.86959628366841e-06
865,0,0,865,0.003141591361661565,0.0028036899478369325,9.869596283666565e-06
866,0,0,866,0.003141591361661802,0.005943656832191355,9.869596283668055e-06
867,0,0,867,0.0031415913616615215,0.004935688384402563,9.869596283666293e-06
868,0,0,868,0.003141591361661548,0.004285469656843098,9.869596283666459e-06
869,0,0,869,0.003141591361661614,0.004576613146398982,9.869596283666872e-06
870,0,0,870,0.0031415913616616043,0.004908381706192256,9.869596283666811e-06
871,0,0,871,0.003141591361661839,0.0034612502617662457,9.869596283668282e-06
872,0,0,872,0.0031415913616615536,0.0052274671938215035,9.869596283666493e-06
873,0,0,873,0.0031415913616615583,0.0027658710866725134,9.869596283666521e-06
874,0,0,874,0.0031415913616617656,0.005636352898352072,9.869596283667828e-06
875,0,0,875,0.0031415913616615492,0.005135957106287275,9.869596283666469e-06
876,0,0,876,0.0031415913616617743,0.004634626462329122,9.869596283667878e-06
877,0,0,877,0.0031415913616617995,0.005576721849687861,9.869596283668036e-06
878,0,0,878,0.003141591361661758,0.002144532454872533,9.869596283667777e-06
879,0,0,879,0.0031415913616617656,0.0038277952846407504,9.869596283667826e-06
880,0,0,880,0.0031415913616614764,0.005200693354831853,9.869596283666008e-06
881,0,0,881,0.0031415913616617145,0.004185385776738975,9.869596283667506e-06
882,0,0,882,0.00314159136166176,0.00472350423555996,9.86959628366779e-06
883,0,0,883,0.003141591361661816,0.004422307208997047,9.86959628366814e-06
884,0,0,884,0.0031415913616617734,0.003747887731135052,9.869596283667875e-06
885,0,0,885,0.003141591361661836,0.004533929220597694,9.869596283668268e-06
886,0,0,886,0.0031415913616617856,0.005104125427759935,9.869596283667953e-06
887,0,0,887,0.003141591361661807,0.00523885341793851,9.869596283668082e-06
888,0,0,888,0.0031415913616616347,0.004561641391516369,9.869596283667004e-06
889,0,0,889,0.0031415913616617682,0.004297824938630187,9.869596283667844e-06
890,0,0,890,0.003141591361661773,0.005272875485256627,9.869596283667872e-06
891,0,0,891,0.003141591361661761,0.0022999252293030357,9.869596283667799e-06
892,0,0,892,0.003141591361661764,0.005056147620222656,9.869596283667817e-06
893,0,0,893,0.003141591361661559,0.0029419670909413657,9.869596283666525e-06
894,0,0,894,0.0031415913616618324,0.004806769104368919,9.869596283668248e-06
895,0,0,895,0.003141591361661726,0.004017485935266666,9.869596283667573e-06
896,0,0,896,0.003141591361661797,0.003156172972978963,9.86959628366802e-06
897,0,0,897,0.0031415913616617444,0.005992347596297812,9.869596283667695e-06
898,0,0,898,0.0031415913616617283,0.005346180035436101,9.869596283667592e-06
899,0,0,899,0.0031415913616617917,0.003968689344462314,9.869596283667987e-06
900,0,0,900,0.0031415913616615544,0.00410340136585066,9.8695962836665e-06
901,0,0,901,0.0031415913616617886,0.0007894102803778855,9.869596283667968e-06
902,0,0,902,0.0031415913616618303,0.004838966118269738,9.869596283668234e-06
903,0,0,903,0.0031415913616617977,0.005565465840113436,9.869596283668027e-06
904,0,0,904,0.0031415913616617275,0.006075721060970513,9.869596283667589e-06
905,0,0,905,0.0031415913616615657,0.003322425502314443,9.86959628366657e-06
906,0,0,906,0.00314159136166184,0.004560409805121737,9.869596283668292e-06
907,0,0,907,0.003141591361661857,0.00398343976268491,9.8695962836684e-06
908,0,0,908,0.0031415913616617552,0.005501070553191805,9.86959628366776e-06
909,0,0,909,0.003141591361661547,0.0043024528859703995,9.86959628366645e-06
910,0,0,910,0.0031415913616617747,0.0038047649325477447,9.86959628366788e-06
911,0,0,911,0.003141591361661525,0.004342621930480308,9.869596283666313e-06
912,0,0,912,0.003141591361661757,0.004037617939183757,9.869596283667856e-06
913,0,0,913,0.003141591361661759,0.00251416131893387,9.869596283667785e-06
914,0,0,914,0.003141591361661599,0.005002193834836855,9.869596283666779e-06
915,0,0,915,0.0031415913616617912,0.001488680003706434,9.869596283667988e-06
916,0,0,916,0.0031415913616615614,0.006117673020079428,9.869596283666543e-06
917,0,0,917,0.0031415913616618376,0.0029245971308395576,9.869596283668275e-06
918,0,0,918,0.0031415913616614807,0.004306755659335004,9.869596283666035e-06
919,0,0,919,0.003141591361661728,0.0036524432895504097,9.869596283667587e-06
920,0,0,920,0.00314159136166185,0.003516785086507678,9.869596283668356e-06
921,0,0,921,0.003141591361661781,0.006061231466927959,9.869596283667919e-06
922,0,0,922,0.0031415913616615475,0.005067049393658014,9.869596283666454e-06
923,0,0,923,0.003141591361661784,0.0005650306972684318,9.86959628366794e-06
924,0,0,924,0.003141591361661561,0.00485798848902261,9.869596283666533e-06
925,0,0,925,0.00314159136166178,0.005979615258773512,9.869596283667914e-06
926,0,0,926,0.0031415913616617613,0.005324189437448745,9.8695962836678e-06
927,0,0,927,0.003141591361661535,0.005745069424955397,9.869596283666377e-06
928,0,0,928,0.0031415913616617817,0.005719339006953847,9.86959628366793e-06
929,0,0,929,0.003141591361661781,0.005187266424107316,9.869596283667924e-06
930,0,0,930,0.00314159136166176,0.0035198177842278152,9.86959628366779e-06
931,0,0,931,0.003141591361661538,0.002759160166315615,9.869596283666396e-06
932,0,0,932,0.0031415913616615,0.003940273984892596,9.869596283666154e-06
933,0,0,933,0.0031415913616617747,0.004204133634409065,9.869596283667882e-06
934,0,0,934,0.0031415913616615024,0.004108790145181334,9.86959628366617e-06
935,0,0,935,0.0031415913616615466,0.004997571985540506,9.869596283666449e-06
936,0,0,936,0.0031415913616618454,0.005961708263530404,9.869596283668326e-06
937,0,0,937,0.0031415913616618966,0.004007357631602086,9.86959628366865e-06
938,0,0,938,0.0031415913616616017,0.0032738689150968777,9.869596283666794e-06
939,0,0,939,0.0031415913616617535,0.005621673719358238,9.86959628366775e-06
940,0,0,940,0.0031415913616615683,0.0044131870666204685,9.869596283666586e-06
941,0,0,941,0.0031415913616617604,0.0022213113975358763,9.869596283667794e-06
942,0,0,942,0.003141591361661548,0.005703496467597779,9.869596283666462e-06
943,0,0,943,0.0031415913616618073,0.0019925206211791322,9.869596283668083e-06
944,0,0,944,0.003141591361661537,0.004471492013958068,9.86959628366639e-06
945,0,0,945,0.0031415913616617834,0.002441446456817629,9.869596283667936e-06
946,0,0,946,0.003141591361661599,0.002678615786182035,9.869596283666777e-06
947,0,0,947,0.0031415913616618055,0.0014161410408645885,9.869596283668078e-06
948,0,0,948,0.0031415913616615514,0.005774355029353765,9.869596283666479e-06
949,0,0,949,0.003141591361661789,0.005153041183896221,9.869596283667973e-06
950,0,0,950,0.0031415913616618194,0.004899010924255158,9.869596283668163e-06
951,0,0,951,0.0031415913616617847,0.005890116579610822,9.869596283667948e-06
952,0,0,952,0.003141591361661538,0.0038948023960547647,9.869596283666394e-06
953,0,0,953,0.0031415913616615683,0.005038741760595076,9.869596283666587e-06
954,0,0,954,0.003141591361661556,0.004497148679939613,9.869596283666513e-06
955,0,0,955,0.0031415913616617084,0.005707254732071534,9.869596283667467e-06
956,0,0,956,0.0031415913616617817,0.0056689149196867085,9.869596283667926e-06
957,0,0,957,0.0031415913616615813,0.004507565266704175,9.869596283666669e-06
958,0,0,958,0.0031415913616615328,0.005168930531051677,9.869596283666364e-06
959,0,0,959,0.0031415913616615315,0.005773566645130921,9.86959628366636e-06
960,0,0,960,0.003141591361661792,0.0035304266070578815,9.86959628366799e-06
961,0,0,961,0.0031415913616618545,0.004557056330633409,9.869596283668387e-06
962,0,0,962,0.0031415913616617682,0.002828779010066438,9.86959628366784e-06
963,0,0,963,0.003141591361661647,0.005131138946302455,9.869596283667082e-06
964,0,0,964,0.00314159136166176,0.00584451832336768,9.869596283667792e-06
965,0,0,965,0.003141591361661515,0.004394084160800007,9.869596283666252e-06
966,0,0,966,0.003141591361661569,0.005418797985187309,9.869596283666591e-06
967,0,0,967,0.0031415913616615605,0.005922016965356195,9.869596283666537e-06
968,0,0,968,0.00314159136166164,0.00430989998302617,9.869596283667038e-06
969,0,0,969,0.003141591361661826,0.005091610685658531,9.869596283668205e-06
970,0,0,970,0.0031415913616617296,0.004448418811639541,9.869596283667599e-06
971,0,0,971,0.0031415913616614785,0.004448107233028276,9.869596283666022e-06
972,0,0,972,0.00314159136166154,0.0038061391158718386,9.869596283666411e-06
973,0,0,973,0.0031415913616617886,0.004338254149225728,9.869596283667972e-06
974,0,0,974,0.003141591361661779,0.00447080257817839,9.869596283667909e-06
975,0,0,975,0.003141591361661534,0.004793270682805568,9.869596283666372e-06
976,0,0,976,0.0031415913616615193,0.004188848572732734,9.869596283666276e-06
977,0,0,977,1.9999975325994068,0.39640413007659436,9.869596283670284e-06
978,0,0,978,0.0031415913616616564,0.004913258364236091,9.869596283667141e-06
979,0,0,979,0.00314159136166179,0.005788156590115308,9.869596283667977e-06
980,0,0,980,0.0031415913616618103,0.0043225121486067065,9.869596283668107e-06
981,0,0,981,0.0031415913616616867,0.004874044679584779,9.869596283667328e-06
982,0,0,982,0.0031415913616614824,0.004323581358769413,9.869596283666047e-06
983,0,0,983,0.003141591361661871,0.005602704004596847,9.869596283668488e-06
984,0,0,984,0.0031415913616618285,0.004227717392386719,9.86959628366822e-06
985,0,0,985,0.003141591361661566,0.0032519431500094608,9.869596283666572e-06
986,0,0,986,0.0031415913616614885,0.004539656591653637,9.869596283666086e-06
987,0,0,987,0.003141591361661764,0.004592215722907085,9.86959628366781e-06
988,0,0,988,0.0031415913616617344,0.0024143886458442955,9.869596283667631e-06
989,0,0,989,0.0031415913616615904,0.004975540445699661,9.869596283666723e-06
990,0,0,990,0.003141591361661558,0.004576552095200398,9.869596283666518e-06
991,0,0,991,0.003141591361661765,0.00500762231686801,9.869596283667817e-06
992,0,0,992,0.003141591361661806,0.0034905250292082326,9.869596283668078e-06
993,0,0,993,0.0031415913616617817,0.005314391842615195,9.869596283667927e-06
994,0,0,994,0.003141591361661811,0.005183911481240654,9.869596283668114e-06
995,0,0,995,0.0031415913616615688,0.0049493657124974845,9.869596283666591e-06
996,0,0,996,0.0031415913616617813,0.006214029747744101,9.869596283667924e-06
997,0,0,997,0.0031415913616615297,0.00530732434980075,9.869596283666342e-06
998,0,0,998,0.0031415913616615397,0.004980893008808834,9.869596283666408e-06
999,0,0,999,0.003141591361661762,0.005894779990550184,9.869596283667807e-06
