,Layer,Qubit,Run,2-Norm,Trace Norm,Diamond Norm
0,0,1,0,0.03141463462364139,0.025266846498222417,0.0009868792685368884
1,0,0,1,0.03141463462364138,0.08012944114977782,0.0009868792685368871
2,0,0,2,0.03141463462364141,0.04816271211344438,0.0009868792685368897
3,0,0,3,0.031414634623641316,0.03935939784020093,0.000986879268536883
4,0,0,4,0.0314146346236414,0.06855161578302138,0.0009868792685368884
5,0,0,5,0.0314146346236414,0.12083403854129626,0.0009868792685368889
6,0,1,6,0.03141463462364125,0.02464218019700204,0.0009868792685368787
7,0,1,7,0.03141463462364137,0.11868005537995918,0.000986879268536887
8,0,1,8,0.03141463462364128,0.07227503750591202,0.0009868792685368802
9,0,0,9,0.031414634623641205,0.022482253353317105,0.0009868792685368765
10,0,1,10,0.031414634623641226,0.07074788360489759,0.0009868792685368776
11,0,0,11,0.0314146346236412,0.006891091460157428,0.000986879268536875
12,0,0,12,0.03141463462364141,0.07924725849143943,0.0009868792685368897
13,0,0,13,0.03141463462364118,0.02670478900908524,0.0009868792685368752
14,0,1,14,0.03141463462364136,0.027774236481940218,0.0009868792685368867
15,0,1,15,0.0314146346236414,0.08141414808038724,0.0009868792685368889
16,0,1,16,0.031414634623641316,0.035022711034861764,0.0009868792685368835
17,0,1,17,0.0314146346236414,0.06101461657645439,0.0009868792685368889
18,0,1,18,0.031414634623641156,0.06374911200183431,0.000986879268536873
19,0,0,19,0.03141463462364132,0.009115137448190369,0.0009868792685368839
20,0,0,20,0.0314146346236414,0.10316445283899996,0.0009868792685368889
21,0,0,21,0.03141463462364116,0.020991775785647704,0.0009868792685368737
22,0,1,22,0.03141463462364131,0.039142516234276226,0.0009868792685368832
23,0,0,23,0.03141463462364139,0.09854030378073231,0.0009868792685368884
24,0,1,24,0.031414634623641406,0.06557846926220456,0.0009868792685368893
25,0,0,25,0.03141463462364139,0.036964998034425656,0.0009868792685368878
26,0,1,26,0.031414634623641365,0.11539530458831271,0.0009868792685368865
27,0,1,27,0.031414634623641254,0.08788498019748303,0.0009868792685368798
28,0,0,28,0.03141463462364129,0.08646213230515776,0.0009868792685368815
29,0,0,29,0.03141463462364116,0.09895790871498278,0.000986879268536874
30,0,1,30,0.0314146346236414,0.12090331270459213,0.0009868792685368887
31,0,0,31,0.031414634623641406,0.12488652069724748,0.000986879268536889
32,0,0,32,0.03141463462364143,0.10629834329056287,0.0009868792685368906
33,0,1,33,0.031414634623641365,0.07778355595436803,0.0009868792685368863
34,0,0,34,0.0314146346236414,0.02003630430278469,0.0009868792685368887
35,0,0,35,0.03141463462364136,0.008332024665528515,0.000986879268536886
36,0,0,36,0.031414634623641136,0.004349210962874217,0.000986879268536872
37,0,1,37,0.03141463462364114,0.004675760713799049,0.0009868792685368728
38,0,0,38,0.03141463462364145,0.1041569442517285,0.0009868792685368917
39,0,0,39,0.03141463462364142,0.08447441376859599,0.0009868792685368897
40,0,1,40,0.03141463462364121,0.025874493330323656,0.000986879268536877
41,0,1,41,0.031414634623641156,0.006983222895927899,0.0009868792685368735
42,0,1,42,0.0314146346236412,0.00839121793589026,0.0009868792685368754
43,0,0,43,0.03141463462364132,0.07359114733754302,0.000986879268536884
44,0,1,44,0.03141463462364117,0.029571853509791524,0.0009868792685368722
45,0,1,45,0.03141463462364143,0.010704825660499073,0.0009868792685368906
46,0,1,46,0.03141463462364143,0.06462648632114565,0.000986879268536891
47,0,0,47,0.03141463462364139,0.08654637849949842,0.0009868792685368876
48,0,0,48,0.03141463462364142,0.08581354906144978,0.000986879268536889
49,0,0,49,0.03141463462364142,0.06928639166418343,0.0009868792685368902
50,0,0,50,0.03141463462364136,0.016655872222111512,0.0009868792685368863
51,0,1,51,0.03141463462364122,0.04443679656033339,0.0009868792685368772
52,0,0,52,0.03141463462364115,0.015278768360587947,0.0009868792685368728
53,0,1,53,0.031414634623641136,0.06354832563304003,0.000986879268536871
54,0,0,54,0.031414634623641184,0.08874451146419737,0.0009868792685368754
55,0,1,55,0.03141463462364111,0.08227729448661147,0.0009868792685368707
56,0,0,56,0.03141463462364124,0.07494248606706311,0.0009868792685368791
57,0,1,57,0.03141463462364108,0.0419844699904256,0.0009868792685368672
58,0,0,58,0.03141463462364136,0.09626922522225367,0.0009868792685368856
59,0,0,59,0.0314146346236412,0.05349016723873401,0.0009868792685368759
60,0,1,60,0.03141463462364125,0.05905769017616702,0.000986879268536879
61,0,0,61,0.03141463462364143,0.055674064139647206,0.0009868792685368897
62,0,1,62,0.03141463462364145,0.0248985003947525,0.0009868792685368926
63,0,0,63,0.03141463462364145,0.003916357499188547,0.000986879268536892
64,0,1,64,0.031414634623641455,0.09547030842319204,0.0009868792685368923
65,0,1,65,0.031414634623641156,0.03049219948404036,0.0009868792685368735
66,0,0,66,0.031414634623641365,0.0023630954832118967,0.0009868792685368865
67,0,1,67,0.03141463462364139,0.06514126791531416,0.0009868792685368887
68,0,1,68,0.031414634623641136,0.04553358408269803,0.0009868792685368726
69,0,0,69,0.03141463462364138,0.0593590653269187,0.0009868792685368871
70,0,1,70,0.03141463462364122,0.04024385902932037,0.0009868792685368767
71,0,1,71,0.031414634623641365,0.014008824241272144,0.0009868792685368867
72,0,0,72,0.03141463462364135,0.04277568815046218,0.0009868792685368854
73,0,1,73,0.03141463462364119,0.0033831241885078356,0.0009868792685368754
74,0,1,74,0.03141463462364144,0.055481185791151355,0.000986879268536891
75,0,0,75,0.0314146346236412,0.008016612836177384,0.0009868792685368754
76,0,1,76,0.031414634623641434,0.09115854953153613,0.0009868792685368906
77,0,1,77,0.031414634623641184,0.006791544200917876,0.0009868792685368756
78,0,0,78,0.031414634623641184,0.027359166365702015,0.0009868792685368743
79,0,0,79,0.03141463462364128,0.011117286929761883,0.0009868792685368813
80,0,1,80,0.03141463462364137,0.06612157524257345,0.0009868792685368871
81,0,1,81,0.03141463462364122,0.013111365512463946,0.000986879268536877
82,0,0,82,0.0314146346236414,0.0008332194858322195,0.0009868792685368887
83,0,1,83,0.03141463462364132,0.006102398515646867,0.000986879268536884
84,0,1,84,0.03141463462364143,0.05254436468911561,0.0009868792685368904
85,0,1,85,0.031414634623641066,0.015066115463289176,0.000986879268536867
86,0,0,86,0.0314146346236414,0.12115927354197117,0.0009868792685368889
87,0,1,87,0.03141463462364137,0.001908795741471625,0.0009868792685368867
88,0,1,88,0.031414634623641344,0.006052601110166089,0.0009868792685368856
89,0,1,89,0.03141463462364136,0.0005014993755276531,0.0009868792685368858
90,0,1,90,0.03141463462364137,0.11088392598241348,0.000986879268536887
91,0,0,91,0.03141463462364137,0.1124304285477381,0.0009868792685368871
92,0,0,92,0.03141463462364132,0.04021953932801958,0.000986879268536884
93,0,0,93,0.03141463462364122,0.00768255437439147,0.0009868792685368748
94,0,1,94,0.03141463462364145,0.005241414625394222,0.000986879268536892
95,0,0,95,0.031414634623641344,0.03597917646121851,0.0009868792685368863
96,0,0,96,0.03141463462364135,0.04353239335703751,0.0009868792685368856
97,0,1,97,0.031414634623641344,0.12070866865209895,0.0009868792685368854
98,0,0,98,0.03141463462364119,0.0963345887196545,0.0009868792685368756
99,0,0,99,0.03141463462364137,0.024470635346394154,0.000986879268536887
100,0,1,100,0.031414634623641184,0.0018055968733068362,0.0009868792685368752
101,0,1,101,0.03141463462364132,0.10876829142291489,0.000986879268536884
102,0,0,102,0.03141463462364142,0.08920970149594054,0.0009868792685368897
103,0,1,103,0.03141463462364119,0.04602175507893591,0.0009868792685368759
104,0,0,104,0.03141463462364144,0.029044981816833904,0.0009868792685368917
105,0,0,105,0.031414634623641385,0.016414600362753343,0.0009868792685368878
106,0,0,106,0.031414634623641434,0.09205810459332175,0.0009868792685368906
107,0,1,107,0.03141463462364139,0.013264319071645936,0.0009868792685368884
108,0,0,108,0.03141463462364143,0.018046638794627423,0.0009868792685368913
109,0,1,109,0.031414634623641476,0.047718473727839605,0.0009868792685368934
110,0,0,110,0.031414634623641365,0.004961602855224623,0.0009868792685368865
111,0,0,111,0.03141463462364119,0.06884925549645216,0.0009868792685368756
112,0,0,112,0.03141463462364138,0.020152148936812164,0.0009868792685368871
113,0,0,113,0.031414634623640955,0.0991655736813426,0.0009868792685368605
114,0,1,114,0.03141463462364116,0.048533172922884615,0.000986879268536874
115,0,1,115,0.0314146346236414,0.060604408163970835,0.0009868792685368889
116,0,0,116,0.03141463462364133,0.103544408975341,0.0009868792685368845
117,0,0,117,0.03141463462364123,0.059557472047365057,0.0009868792685368776
118,0,0,118,0.03141463462364138,0.11101834598460192,0.0009868792685368876
119,0,1,119,0.03141463462364125,0.01345373017019702,0.0009868792685368791
120,0,0,120,0.03141463462364144,0.060316978575561286,0.0009868792685368917
121,0,0,121,0.03141463462364116,0.0012627735946915825,0.0009868792685368746
122,0,1,122,0.03141463462364139,0.05899658666812502,0.0009868792685368884
123,0,0,123,0.03141463462364117,0.0032843174059418168,0.0009868792685368746
124,0,0,124,0.031414634623641455,0.07486751165543604,0.0009868792685368915
125,0,0,125,0.03141463462364143,0.04894092095092262,0.00098687926853689
126,0,0,126,0.031414634623641226,0.0813305438333658,0.0009868792685368774
127,0,0,127,0.03141463462364138,0.05966045918769769,0.0009868792685368871
128,0,0,128,0.031414634623641316,0.010875003929392113,0.0009868792685368835
129,0,0,129,0.03141463462364141,0.04312170874914745,0.000986879268536889
130,0,1,130,0.03141463462364135,0.08072532995139103,0.0009868792685368854
131,0,1,131,0.03141463462364142,0.06182140299872463,0.0009868792685368895
132,0,0,132,0.03141463462364145,0.05946354268657683,0.000986879268536892
133,0,1,133,0.03141463462364151,0.05138179536854859,0.0009868792685368947
134,0,0,134,0.031414634623641406,0.03728892294211017,0.000986879268536889
135,0,1,135,0.03141463462364114,0.06850373268110088,0.0009868792685368728
136,0,1,136,0.031414634623641156,0.022416386664978027,0.000986879268536873
137,0,0,137,0.03141463462364147,0.12005051570119529,0.0009868792685368934
138,0,0,138,0.031414634623641184,0.07894461404940145,0.0009868792685368754
139,0,0,139,0.03141463462364143,0.11453589161788513,0.0009868792685368908
140,0,1,140,0.03141463462364121,0.06460112294942988,0.0009868792685368774
141,0,1,141,0.03141463462364138,0.017771098238142713,0.0009868792685368874
142,0,0,142,0.03141463462364116,0.05736090990840159,0.0009868792685368735
143,0,1,143,0.03141463462364111,0.08239619072065096,0.0009868792685368702
144,0,1,144,0.0314146346236414,0.11902855591364037,0.000986879268536888
145,0,1,145,0.03141463462364143,0.09780574871132952,0.0009868792685368906
146,0,1,146,0.03141463462364138,0.10102289828612365,0.0009868792685368874
147,0,1,147,0.03141463462364134,0.11513241284458586,0.000986879268536885
148,0,1,148,0.031414634623641136,0.07649854653351373,0.0009868792685368726
149,0,0,149,0.03141463462364129,0.08540151682492514,0.0009868792685368815
150,0,0,150,0.03141463462364119,0.01510644718761478,0.0009868792685368756
151,0,0,151,0.03141463462364144,0.06180583924720526,0.0009868792685368893
152,0,1,152,0.03141463462364116,0.046590944633791764,0.0009868792685368726
153,0,0,153,1.9997532649633218,3.3416834331398046,0.0009868792685368904
154,0,1,154,0.031414634623641274,0.017031456763211716,0.0009868792685368804
155,0,1,155,0.0314146346236414,0.09201503778188078,0.0009868792685368889
156,0,0,156,0.03141463462364142,0.11728185140605518,0.00098687926853689
157,0,1,157,0.03141463462364132,0.08663772335657782,0.000986879268536884
158,0,0,158,0.03141463462364132,0.03757394269927916,0.0009868792685368837
159,0,0,159,0.031414634623641344,0.011747509520731336,0.0009868792685368845
160,0,1,160,0.03141463462364124,0.07718440006342453,0.000986879268536879
161,0,1,161,0.0314146346236414,0.12057691577579509,0.0009868792685368884
162,0,0,162,0.031414634623641205,0.03615001485874414,0.0009868792685368767
163,0,0,163,0.0314146346236414,0.09646947386665461,0.000986879268536888
164,0,0,164,0.031414634623641295,0.05150184167511673,0.00098687926853688
165,0,0,165,0.031414634623641406,0.10271885823191873,0.0009868792685368893
166,0,0,166,0.0314146346236412,0.006465633701175477,0.0009868792685368767
167,0,1,167,0.03141463462364125,0.10426018370769885,0.000986879268536879
168,0,0,168,0.03141463462364117,0.009837101582313323,0.000986879268536874
169,0,0,169,0.03141463462364142,0.06489135946650215,0.0009868792685368904
170,0,0,170,0.031414634623641406,0.06098212912905043,0.000986879268536889
171,0,0,171,0.03141463462364118,0.0019683566760062554,0.0009868792685368748
172,0,0,172,0.03141463462364136,0.05443180945000803,0.000986879268536886
173,0,1,173,0.0314146346236413,0.08369800025244545,0.0009868792685368828
174,0,1,174,0.03141463462364132,0.07917659731324855,0.0009868792685368837
175,0,1,175,0.031414634623641406,0.01781604755739048,0.0009868792685368887
176,0,0,176,0.031414634623641476,0.05263593245548659,0.0009868792685368932
177,0,1,177,0.031414634623641455,0.09687218749441173,0.0009868792685368897
178,0,0,178,0.03141463462364118,0.0273474546261952,0.0009868792685368748
179,0,1,179,0.0314146346236412,0.0398197618616728,0.0009868792685368763
180,0,1,180,0.031414634623641184,0.02508101304216037,0.0009868792685368756
181,0,1,181,0.03141463462364136,0.02199285703046794,0.0009868792685368865
182,0,0,182,0.031414634623641385,0.1124688098442117,0.0009868792685368871
183,0,1,183,0.031414634623641385,0.11588991318327413,0.0009868792685368878
184,0,0,184,0.031414634623641344,0.0020297170505378936,0.0009868792685368848
185,0,0,185,0.031414634623641254,0.04592316891934223,0.00098687926853688
186,0,1,186,0.03141463462364138,0.10765904047902719,0.0009868792685368876
187,0,1,187,0.03141463462364125,0.0236524504142257,0.0009868792685368787
188,0,0,188,0.031414634623641406,0.07304326057819616,0.0009868792685368893
189,0,0,189,0.03141463462364116,0.017769470803812304,0.000986879268536873
190,0,1,190,0.0314146346236414,0.12033154074449226,0.0009868792685368882
191,0,0,191,0.03141463462364143,0.05891756523141867,0.0009868792685368902
192,0,1,192,0.031414634623641295,0.051033165597958785,0.0009868792685368806
193,0,1,193,0.03141463462364117,0.04435842918364985,0.0009868792685368724
194,0,1,194,0.03141463462364143,0.07054772481745741,0.0009868792685368908
195,0,1,195,0.0314146346236414,0.09077139721581329,0.000986879268536888
196,0,1,196,0.031414634623641406,0.06539173765602468,0.00098687926853689
197,0,0,197,0.03141463462364117,0.031440505389806805,0.000986879268536875
198,0,0,198,0.03141463462364141,0.08113181488199261,0.00098687926853689
199,0,0,199,0.03141463462364144,0.1038964801844795,0.0009868792685368913
200,0,0,200,0.0314146346236414,0.04349760416403428,0.0009868792685368884
201,0,1,201,0.03141463462364138,0.09967971799492314,0.0009868792685368858
202,0,0,202,0.031414634623641385,0.11749879555483855,0.0009868792685368874
203,0,0,203,0.03141463462364146,0.05192452116210666,0.0009868792685368926
204,0,0,204,0.031414634623641156,0.012216928987538234,0.0009868792685368735
205,0,0,205,0.031414634623641184,0.09315020374661631,0.000986879268536874
206,0,0,206,0.03141463462364121,0.050938200679493395,0.000986879268536876
207,0,0,207,0.03141463462364141,0.08402366575443432,0.000986879268536889
208,0,0,208,0.03141463462364108,0.04995701484077153,0.000986879268536867
209,0,1,209,0.031414634623641385,0.001617417545958122,0.0009868792685368878
210,0,0,210,0.03141463462364136,0.002779956990563881,0.0009868792685368863
211,0,1,211,0.03141463462364141,0.014999054924389178,0.0009868792685368887
212,0,1,212,0.031414634623641385,0.10662619280947427,0.0009868792685368878
213,0,1,213,0.03141463462364135,0.0004863666793287619,0.000986879268536886
214,0,0,214,0.03141463462364114,0.0006773804710066833,0.0009868792685368726
215,0,0,215,0.031414634623641455,0.11875925302000379,0.0009868792685368917
216,0,0,216,0.0314146346236414,0.03267306346149293,0.0009868792685368882
217,0,1,217,0.0314146346236414,0.06585712687209536,0.0009868792685368889
218,0,1,218,1.9997532649633214,7.774274713107461,0.0009868792685368824
219,0,0,219,0.031414634623641136,0.046808396836510724,0.0009868792685368717
220,0,0,220,0.03141463462364124,0.02067879707562792,0.000986879268536875
221,0,1,221,0.0314146346236414,0.008159232482155457,0.0009868792685368887
222,0,1,222,0.03141463462364123,0.0121628316191833,0.0009868792685368774
223,0,1,223,0.03141463462364137,0.0011448171528811724,0.000986879268536886
224,0,1,224,0.031414634623641184,0.07640801790919349,0.0009868792685368754
225,0,1,225,0.03141463462364158,0.07463464924382768,0.0009868792685368967
226,0,1,226,0.03141463462364117,0.022606136945956035,0.0009868792685368746
227,0,1,227,0.03141463462364113,0.011461652870100036,0.0009868792685368715
228,0,1,228,0.03141463462364141,0.06972818891545884,0.0009868792685368897
229,0,0,229,0.031414634623641316,0.0031915736699720254,0.0009868792685368837
230,0,1,230,0.03141463462364115,0.04827371331231056,0.000986879268536873
231,0,1,231,0.031414634623641274,0.032290595944849954,0.0009868792685368806
232,0,1,232,0.03141463462364141,0.08380694598633465,0.0009868792685368897
233,0,0,233,0.03141463462364118,0.01229807415701134,0.0009868792685368754
234,0,0,234,0.03141463462364118,0.002363384821962633,0.0009868792685368746
235,0,1,235,0.031414634623641365,0.03079842701278951,0.0009868792685368871
236,0,0,236,0.03141463462364112,0.03284490869244461,0.0009868792685368715
237,0,1,237,0.03141463462364141,0.096136111234012,0.0009868792685368893
238,0,1,238,0.03141463462364136,0.0435816530756763,0.0009868792685368863
239,0,0,239,0.03141463462364137,0.002790568090592971,0.0009868792685368874
240,0,1,240,0.03141463462364135,0.004161869239506455,0.0009868792685368863
241,0,1,241,0.03141463462364145,0.01268919529328616,0.0009868792685368915
242,0,0,242,0.031414634623641344,0.0012792714083843248,0.0009868792685368848
243,0,1,243,0.031414634623641406,0.02165377839588259,0.000986879268536889
244,0,0,244,0.03141463462364142,0.04511963342324865,0.0009868792685368906
245,0,1,245,0.031414634623641406,0.07342458934071106,0.000986879268536889
246,0,1,246,0.03141463462364117,0.003373453759203171,0.0009868792685368743
247,0,1,247,0.031414634623641406,0.014943880789600406,0.000986879268536889
248,0,0,248,0.031414634623641385,0.0665361964287039,0.0009868792685368863
249,0,1,249,0.031414634623641385,0.08064522006454045,0.000986879268536888
250,0,1,250,0.031414634623641434,0.06511367610368723,0.0009868792685368897
251,0,1,251,0.03141463462364117,0.035859868790726335,0.000986879268536874
252,0,0,252,0.03141463462364143,0.08448126212458762,0.00098687926853689
253,0,1,253,0.031414634623641254,0.022206767227343605,0.0009868792685368791
254,0,0,254,0.03141463462364138,0.08944492817888317,0.0009868792685368876
255,0,0,255,0.03141463462364139,0.010408882504123973,0.0009868792685368871
256,0,1,256,0.03141463462364137,0.008944246692328156,0.000986879268536887
257,0,0,257,0.031414634623641476,0.07131558193678078,0.0009868792685368928
258,0,0,258,0.03141463462364143,0.10413403852960429,0.0009868792685368889
259,0,0,259,0.031414634623641406,0.12343879589638546,0.0009868792685368889
260,0,0,260,0.031414634623641136,0.06369510966011616,0.000986879268536872
261,0,1,261,0.03141463462364138,0.061946573647291725,0.0009868792685368878
262,0,1,262,0.031414634623641406,0.1038187325763319,0.000986879268536889
263,0,0,263,0.03141463462364118,0.01980745164807063,0.0009868792685368746
264,0,1,264,0.03141463462364141,0.02984952921908679,0.0009868792685368893
265,0,1,265,0.031414634623641385,0.057158944326099165,0.0009868792685368878
266,0,0,266,0.031414634623641365,0.020218145514911523,0.0009868792685368848
267,0,0,267,0.03141463462364136,0.07412032347080755,0.0009868792685368865
268,0,0,268,0.03141463462364139,0.039814820257525696,0.0009868792685368878
269,0,1,269,0.03141463462364138,0.11820951730741236,0.0009868792685368874
270,0,1,270,0.03141463462364138,0.1094873011639712,0.0009868792685368876
271,0,1,271,0.03141463462364122,0.07462597421909511,0.0009868792685368772
272,0,1,272,0.03141463462364128,0.0632795972656619,0.0009868792685368806
273,0,1,273,0.03141463462364118,0.033793575743786164,0.0009868792685368746
274,0,1,274,0.031414634623641136,0.045599503786902584,0.000986879268536872
275,0,1,275,0.03141463462364139,0.020930398326158173,0.0009868792685368856
276,0,1,276,0.031414634623641385,0.016340215643092793,0.0009868792685368878
277,0,0,277,0.0314146346236414,0.044369034955923814,0.0009868792685368895
278,0,1,278,0.03141463462364114,0.05323483707968224,0.0009868792685368737
279,0,0,279,0.03141463462364134,0.06871773782123614,0.0009868792685368852
280,0,0,280,0.03141463462364126,0.09707829672293489,0.0009868792685368802
281,0,1,281,0.03141463462364119,0.06767459297433254,0.000986879268536875
282,0,0,282,0.03141463462364136,0.0009801984137610686,0.0009868792685368858
283,0,1,283,0.031414634623641365,0.0013155498243498272,0.000986879268536887
284,0,1,284,0.03141463462364116,0.03479302114719429,0.0009868792685368746
285,0,0,285,0.03141463462364143,0.064916597987287,0.0009868792685368902
286,0,1,286,0.03141463462364119,0.013057414281248736,0.0009868792685368763
287,0,1,287,0.031414634623641385,0.005028818462647466,0.0009868792685368878
288,0,1,288,0.03141463462364138,0.043732770274785254,0.0009868792685368876
289,0,1,289,0.031414634623641365,0.1010326695783983,0.0009868792685368863
290,0,0,290,0.03141463462364142,0.10674404017118677,0.00098687926853689
291,0,1,291,0.03141463462364144,0.11806115996144839,0.0009868792685368917
292,0,1,292,0.03141463462364127,0.05162396212492659,0.0009868792685368798
293,0,0,293,0.031414634623641385,0.03071781173265631,0.0009868792685368878
294,0,0,294,0.03141463462364122,0.029096966851339667,0.0009868792685368767
295,0,1,295,0.031414634623641385,0.10284797574021026,0.000986879268536888
296,0,0,296,0.03141463462364139,0.02119676433416906,0.000986879268536887
297,0,0,297,0.0314146346236412,0.0334700021380554,0.000986879268536875
298,0,1,298,0.031414634623641184,0.05521736644539166,0.0009868792685368756
299,0,1,299,0.03141463462364139,0.1056342459605435,0.0009868792685368887
300,0,0,300,0.03141463462364136,0.009438005826261975,0.0009868792685368865
301,0,1,301,0.03141463462364126,0.09322989701324946,0.00098687926853688
302,0,0,302,0.031414634623641434,0.09234145069971367,0.0009868792685368902
303,0,0,303,0.03141463462364118,0.024413421638938892,0.0009868792685368748
304,0,1,304,0.03141463462364141,0.0247776248045935,0.00098687926853689
305,0,0,305,0.031414634623641406,0.010925600810238183,0.0009868792685368889
306,0,1,306,0.03141463462364127,0.004356194305356165,0.0009868792685368809
307,0,1,307,0.03141463462364137,0.009482161386346721,0.0009868792685368867
308,0,0,308,0.0314146346236412,0.023148192146466684,0.0009868792685368752
309,0,0,309,0.0314146346236413,0.058324178111948344,0.0009868792685368828
310,0,1,310,0.0314146346236412,0.04376741218112157,0.000986879268536876
311,0,0,311,0.03141463462364141,0.10772647169255489,0.0009868792685368893
312,0,1,312,0.03141463462364142,0.07769446371147465,0.0009868792685368906
313,0,1,313,0.03141463462364145,0.052489010117838575,0.0009868792685368902
314,0,1,314,0.03141463462364142,0.10820668451857807,0.0009868792685368884
315,0,0,315,0.031414634623641094,0.05951927282005531,0.0009868792685368694
316,0,0,316,0.031414634623641385,0.0020690722098732905,0.000986879268536886
317,0,0,317,0.03141463462364144,0.02975665531324312,0.0009868792685368915
318,0,1,318,0.03141463462364121,0.007780208845565739,0.0009868792685368772
319,0,0,319,0.03141463462364118,0.0029823088988889523,0.0009868792685368752
320,0,1,320,0.031414634623641434,0.04528557590636151,0.0009868792685368904
321,0,0,321,0.0314146346236412,0.03396011937182486,0.0009868792685368754
322,0,1,322,0.03141463462364143,0.10010515015241961,0.0009868792685368876
323,0,1,323,0.03141463462364143,0.0486352724459877,0.0009868792685368889
324,0,0,324,0.0314146346236414,0.10585359298226732,0.0009868792685368887
325,0,1,325,0.031414634623641254,0.024683153081314857,0.0009868792685368798
326,0,1,326,0.031414634623641406,0.07521381503323415,0.000986879268536889
327,0,1,327,0.031414634623641136,0.030926473922039843,0.000986879268536872
328,0,1,328,0.03141463462364118,0.02829365117482452,0.0009868792685368748
329,0,0,329,0.03141463462364124,0.05656656775135804,0.0009868792685368785
330,0,1,330,0.03141463462364132,0.03360527047942391,0.000986879268536884
331,0,1,331,0.031414634623641184,0.03571158937887464,0.000986879268536874
332,0,1,332,0.03141463462364144,0.006736799640429947,0.0009868792685368865
333,0,1,333,0.031414634623641254,0.03874750456813025,0.0009868792685368798
334,0,0,334,0.03141463462364142,0.08932678236295577,0.0009868792685368902
335,0,0,335,0.031414634623641205,0.02355134301395001,0.0009868792685368765
336,0,1,336,0.031414634623641184,0.0870699028211881,0.0009868792685368752
337,0,1,337,0.03141463462364131,0.008331626750334942,0.0009868792685368835
338,0,1,338,0.03141463462364117,0.0051508553918044875,0.000986879268536874
339,0,0,339,0.031414634623641406,0.002424497591943903,0.000986879268536888
340,0,1,340,0.03141463462364116,0.01730925836480246,0.000986879268536874
341,0,1,341,0.03141463462364112,0.10618338435538544,0.0009868792685368717
342,0,0,342,0.031414634623641385,0.0074568851884375675,0.0009868792685368863
343,0,1,343,0.03141463462364143,0.04801791561157387,0.0009868792685368908
344,0,1,344,0.03141463462364123,0.08778772962036552,0.0009868792685368782
345,0,0,345,0.031414634623641205,0.007993000374061476,0.000986879268536877
346,0,1,346,0.031414634623641476,0.09988865267748892,0.0009868792685368926
347,0,0,347,0.03141463462364139,0.03927209325961857,0.0009868792685368884
348,0,0,348,0.03141463462364133,0.017755000174464408,0.0009868792685368835
349,0,0,349,0.031414634623641496,0.05188648233238102,0.000986879268536895
350,0,1,350,0.03141463462364138,0.05009354048528625,0.0009868792685368871
351,0,1,351,0.03141463462364143,0.07014667966354457,0.0009868792685368895
352,0,1,352,0.03141463462364118,0.0009995726013769801,0.0009868792685368746
353,0,0,353,1.9997532649633214,2.179715097151541,0.0009868792685368858
354,0,0,354,0.031414634623641344,0.0226857492544692,0.000986879268536885
355,0,0,355,0.031414634623641455,0.06281158012524324,0.0009868792685368926
356,0,1,356,0.03141463462364136,0.011819709935679601,0.000986879268536886
357,0,1,357,0.03141463462364117,0.003678521065615281,0.000986879268536875
358,0,0,358,0.031414634623641406,0.12552294759093904,0.000986879268536889
359,0,1,359,0.031414634623641385,0.0302410626856795,0.0009868792685368882
360,0,0,360,0.031414634623641406,0.11710993265492364,0.000986879268536889
361,0,1,361,0.031414634623641365,0.0001310059447281152,0.0009868792685368865
362,0,1,362,0.03141463462364143,0.12254183918082762,0.0009868792685368897
363,0,0,363,0.03141463462364136,0.10732229091745271,0.0009868792685368865
364,0,1,364,0.03141463462364121,0.03045905328286236,0.0009868792685368772
365,0,0,365,0.031414634623641434,0.031165193065627372,0.0009868792685368913
366,0,1,366,0.031414634623641406,0.12558720205796012,0.000986879268536889
367,0,0,367,0.03141463462364142,0.021885996205063388,0.0009868792685368902
368,0,0,368,0.0314146346236414,0.10273453408060654,0.000986879268536889
369,0,1,369,0.03141463462364124,0.06042090742556194,0.0009868792685368787
370,0,1,370,0.03141463462364123,0.08793154877433018,0.000986879268536878
371,0,0,371,0.03141463462364117,0.015750245075345615,0.0009868792685368746
372,0,0,372,0.031414634623641476,0.06081171611160263,0.000986879268536893
373,0,0,373,0.03141463462364143,0.07584061624109584,0.0009868792685368906
374,0,0,374,0.0314146346236414,0.10862274886200099,0.000986879268536889
375,0,0,375,0.031414634623641156,0.014440055750958969,0.0009868792685368735
376,0,0,376,0.0314146346236414,0.11649828815921925,0.0009868792685368893
377,0,0,377,0.031414634623641156,0.002676157547271768,0.000986879268536874
378,0,0,378,0.03141463462364114,0.01548046565871325,0.0009868792685368728
379,0,0,379,0.031414634623641254,0.045293550859626386,0.0009868792685368795
380,0,1,380,0.031414634623641365,0.00988839419398646,0.000986879268536887
381,0,1,381,0.031414634623641156,0.00891867613633468,0.0009868792685368735
382,0,0,382,0.031414634623641184,0.05901655398189831,0.000986879268536875
383,0,1,383,0.03141463462364119,0.021206123227190732,0.0009868792685368752
384,0,1,384,0.031414634623641184,0.010979579938451334,0.0009868792685368748
385,0,1,385,0.031414634623641365,0.0001044452518630945,0.0009868792685368858
386,0,0,386,0.03141463462364139,0.07117136990603146,0.0009868792685368876
387,0,1,387,0.03141463462364136,0.0027157548253553543,0.0009868792685368863
388,0,1,388,0.0314146346236414,0.12335696757181713,0.0009868792685368887
389,0,1,389,0.03141463462364123,0.013740690813967227,0.0009868792685368765
390,0,1,390,0.031414634623641365,0.005134535734611201,0.0009868792685368878
391,0,0,391,0.03141463462364143,0.02849597906079565,0.0009868792685368906
392,0,0,392,0.031414634623641205,0.02069659339584451,0.0009868792685368759
393,0,0,393,0.031414634623641455,0.06535588861838337,0.0009868792685368923
394,0,0,394,0.03141463462364119,0.045374268641162896,0.0009868792685368754
395,0,1,395,0.03141463462364135,0.0011902281723350505,0.000986879268536886
396,0,0,396,0.03141463462364113,0.03505902379887227,0.0009868792685368722
397,0,1,397,0.03141463462364141,0.09463844285321543,0.0009868792685368897
398,0,1,398,0.03141463462364139,0.01344081507777073,0.0009868792685368878
399,0,1,399,0.03141463462364137,0.0068124767312574,0.0009868792685368867
400,0,0,400,0.031414634623641406,0.05738817287791095,0.00098687926853689
401,0,0,401,0.031414634623641406,0.07214947285866535,0.0009868792685368893
402,0,0,402,0.03141463462364113,0.018129150991650023,0.0009868792685368717
403,0,0,403,0.03141463462364134,0.0023063672747450775,0.0009868792685368852
404,0,1,404,0.03141463462364114,0.05692465740871733,0.000986879268536873
405,0,1,405,0.031414634623641184,0.003516193623740005,0.0009868792685368748
406,0,1,406,0.0314146346236414,0.10586767533021785,0.0009868792685368884
407,0,0,407,0.031414634623641496,0.03531227908871282,0.0009868792685368939
408,0,0,408,0.03141463462364135,0.09687484073565678,0.0009868792685368835
409,0,0,409,0.0314146346236414,0.0931917201374941,0.0009868792685368887
410,0,0,410,0.03141463462364133,0.00030388068216506085,0.0009868792685368848
411,0,0,411,0.031414634623641385,0.0037972716087002756,0.0009868792685368882
412,0,0,412,0.03141463462364114,0.06170890042303778,0.0009868792685368726
413,0,1,413,0.03141463462364143,0.11722284434026897,0.0009868792685368902
414,0,0,414,0.03141463462364121,0.02310101170437784,0.0009868792685368774
415,0,0,415,0.0314146346236414,0.1248606988436069,0.0009868792685368887
416,0,1,416,0.03141463462364129,0.057019041396835224,0.000986879268536881
417,0,1,417,0.0314146346236412,0.009838516226172267,0.0009868792685368759
418,0,0,418,0.031414634623641184,0.07086303874205391,0.0009868792685368752
419,0,0,419,0.031414634623641365,0.036766153654117506,0.0009868792685368845
420,0,0,420,0.031414634623641385,0.011934629188175006,0.0009868792685368874
421,0,1,421,0.03141463462364105,0.07690421908495448,0.0009868792685368672
422,0,1,422,0.03141463462364136,0.05827232790415071,0.000986879268536886
423,0,1,423,0.031414634623641274,0.08785166224995056,0.0009868792685368806
424,0,0,424,0.03141463462364127,0.01505386701624506,0.0009868792685368806
425,0,1,425,0.0314146346236412,0.038692475598568254,0.0009868792685368765
426,0,0,426,0.03141463462364141,0.0037560932739636593,0.0009868792685368895
427,0,1,427,0.03141463462364114,0.03377163351113044,0.0009868792685368722
428,0,1,428,0.03141463462364138,0.045954651672555136,0.0009868792685368871
429,0,0,429,0.03141463462364132,0.10039966303565118,0.0009868792685368839
430,0,0,430,0.031414634623641156,0.03982478973739001,0.0009868792685368737
431,0,1,431,0.03141463462364141,0.06683609020603942,0.0009868792685368897
432,0,0,432,0.031414634623641406,0.12058609127008185,0.000986879268536889
433,0,1,433,0.03141463462364108,0.023474963331635124,0.0009868792685368683
434,0,0,434,0.0314146346236414,0.11885605555756924,0.0009868792685368884
435,0,0,435,0.03141463462364121,0.013153963216010617,0.0009868792685368772
436,0,1,436,0.03141463462364137,0.01000683349905529,0.000986879268536887
437,0,1,437,0.0314146346236414,0.08185625409870648,0.0009868792685368889
438,0,0,438,0.031414634623641365,0.05189899571978085,0.000986879268536886
439,0,1,439,0.0314146346236414,0.10628837579551409,0.0009868792685368893
440,0,0,440,0.031414634623641344,0.06332624163974243,0.0009868792685368854
441,0,1,441,0.03141463462364147,0.012835477430880093,0.000986879268536893
442,0,0,442,0.03141463462364136,0.0233991991081417,0.0009868792685368867
443,0,1,443,0.031414634623641295,0.07662773785458143,0.0009868792685368815
444,0,0,444,0.03141463462364135,0.01566294289102721,0.0009868792685368856
445,0,1,445,0.031414634623641226,0.04082200332476438,0.0009868792685368787
446,0,0,446,0.03141463462364117,0.027405624254816185,0.0009868792685368746
447,0,1,447,0.03141463462364142,0.04054722280128642,0.00098687926853689
448,0,1,448,0.03141463462364133,0.030923218832901833,0.0009868792685368845
449,0,1,449,0.031414634623641136,0.07162135054188057,0.0009868792685368726
450,0,0,450,0.031414634623641455,0.02658478128180003,0.000986879268536892
451,0,0,451,0.0314146346236412,0.026972216895609802,0.0009868792685368763
452,0,0,452,0.03141463462364135,0.027100769824042525,0.0009868792685368848
453,0,1,453,0.03141463462364141,0.09606186754114976,0.0009868792685368897
454,0,1,454,0.03141463462364118,0.09417595703680925,0.0009868792685368735
455,0,1,455,0.031414634623641254,0.026656072266825648,0.0009868792685368767
456,0,1,456,0.03141463462364135,0.049400514010438434,0.0009868792685368858
457,0,0,457,0.03141463462364138,0.06255813522149051,0.000986879268536888
458,0,0,458,0.0314146346236412,0.012664707479757453,0.0009868792685368759
459,0,0,459,0.031414634623641365,0.03609498835083036,0.0009868792685368871
460,0,1,460,0.03141463462364138,0.00380716565688477,0.0009868792685368865
461,0,1,461,0.03141463462364137,0.09188858234510072,0.0009868792685368871
462,0,0,462,0.03141463462364137,0.008758736148313684,0.000986879268536887
463,0,0,463,0.031414634623641205,0.019552336398986903,0.0009868792685368767
464,0,1,464,0.03141463462364137,0.005014269154079987,0.0009868792685368863
465,0,0,465,0.03141463462364119,0.10204413082788832,0.0009868792685368756
466,0,0,466,0.0314146346236412,0.0023180410315324362,0.0009868792685368763
467,0,1,467,0.031414634623641434,0.07812591073926312,0.0009868792685368915
468,0,1,468,0.03141463462364144,0.01652246828066184,0.0009868792685368915
469,0,0,469,0.03141463462364141,0.11018512268567326,0.0009868792685368897
470,0,1,470,0.03141463462364141,0.07642391062424311,0.0009868792685368889
471,0,0,471,0.031414634623641184,0.01084961971927706,0.0009868792685368754
472,0,1,472,0.03141463462364136,0.009188247810169248,0.0009868792685368863
473,0,1,473,0.03141463462364133,0.028603785494149214,0.0009868792685368843
474,0,0,474,0.03141463462364141,0.033261889540985745,0.00098687926853689
475,0,1,475,0.03141463462364139,0.07743799017239834,0.0009868792685368887
476,0,1,476,0.03141463462364128,0.0778564451198025,0.0009868792685368791
477,0,1,477,0.031414634623641385,0.12280804888052088,0.0009868792685368876
478,0,1,478,0.0314146346236414,0.053635452371140424,0.0009868792685368889
479,0,0,479,0.03141463462364114,0.0023854363481682905,0.000986879268536873
480,0,0,480,0.03141463462364141,0.12353631940351428,0.0009868792685368897
481,0,0,481,0.031414634623641434,0.10030928796200667,0.0009868792685368906
482,0,0,482,0.031414634623641406,0.08066054240612941,0.00098687926853689
483,0,1,483,0.03141463462364144,0.020977539501261522,0.000986879268536891
484,0,1,484,0.031414634623641344,0.012598495076238336,0.0009868792685368858
485,0,0,485,0.03141463462364131,0.05098287146975666,0.0009868792685368826
486,0,1,486,0.03141463462364151,0.0754566440358242,0.0009868792685368956
487,0,1,487,0.03141463462364149,0.05847340390196987,0.0009868792685368945
488,0,0,488,0.03141463462364141,0.034883187790275993,0.0009868792685368895
489,0,0,489,0.03141463462364146,0.08661009990121538,0.0009868792685368902
490,0,0,490,0.03141463462364138,0.018078160338243665,0.0009868792685368874
491,0,1,491,0.03141463462364133,0.03607377766187447,0.0009868792685368845
492,0,1,492,0.03141463462364113,0.003691390985397766,0.000986879268536872
493,0,0,493,0.03141463462364143,0.09142407309822431,0.0009868792685368902
494,0,0,494,0.031414634623641434,0.010695970133814119,0.0009868792685368906
495,0,1,495,0.031414634623641406,0.07708165560097463,0.0009868792685368887
496,0,0,496,0.03141463462364122,0.009392779503423654,0.0009868792685368759
497,0,1,497,0.031414634623641385,0.11227516401198545,0.0009868792685368874
498,0,0,498,0.03141463462364117,0.001699825486445504,0.0009868792685368746
499,0,1,499,0.03141463462364146,0.034709195087300415,0.000986879268536893
500,0,0,500,0.031414634623641316,0.0021323947588443304,0.0009868792685368839
501,0,1,501,0.03141463462364143,0.07733431295769178,0.0009868792685368908
502,0,1,502,0.03141463462364137,0.08518847866618362,0.000986879268536887
503,0,0,503,0.03141463462364136,0.028126573156170842,0.0009868792685368848
504,0,0,504,0.03141463462364138,0.05521678300286981,0.0009868792685368876
505,0,1,505,0.03141463462364139,0.010550763892776954,0.000986879268536888
506,0,1,506,0.03141463462364136,0.009045472530098131,0.0009868792685368865
507,0,0,507,0.03141463462364119,0.07463740751552184,0.0009868792685368752
508,0,0,508,0.03141463462364134,0.0765705195139077,0.0009868792685368843
509,0,0,509,0.031414634623641476,0.09526000794613776,0.0009868792685368882
510,0,1,510,0.031414634623641365,0.06769122884172485,0.0009868792685368867
511,0,0,511,0.031414634623641406,0.10890673500385581,0.0009868792685368889
512,0,0,512,0.03141463462364136,0.010497354743043807,0.0009868792685368856
513,0,1,513,0.03141463462364137,0.015500927468013348,0.0009868792685368871
514,0,1,514,0.03141463462364135,0.0023333702389223,0.0009868792685368854
515,0,0,515,0.031414634623641434,0.07221474972990927,0.000986879268536891
516,0,0,516,0.03141463462364141,0.11347227979872043,0.0009868792685368895
517,0,1,517,0.03141463462364135,0.0019786166912174608,0.0009868792685368856
518,0,0,518,0.03141463462364136,0.002385146248831127,0.000986879268536886
519,0,0,519,0.03141463462364122,0.00676504293548974,0.0009868792685368776
520,0,0,520,0.03141463462364145,0.11040871681285247,0.0009868792685368917
521,0,1,521,0.031414634623641406,0.10036779870518231,0.0009868792685368895
522,0,1,522,0.0314146346236414,0.010516905897907075,0.0009868792685368882
523,0,0,523,0.03141463462364128,0.0967785547951534,0.0009868792685368817
524,0,0,524,0.03141463462364147,0.06423212573940873,0.0009868792685368928
525,0,1,525,0.03141463462364137,0.012715330123393542,0.0009868792685368867
526,0,1,526,0.031414634623641136,0.0566460237832358,0.000986879268536872
527,0,1,527,0.03141463462364119,0.07144374508471163,0.0009868792685368756
528,0,1,528,0.031414634623641385,0.03714409955397313,0.0009868792685368878
529,0,1,529,0.03141463462364136,0.025575949813292365,0.0009868792685368852
530,0,0,530,0.031414634623641476,0.11035222144590096,0.0009868792685368934
531,0,1,531,0.03141463462364135,0.05357438775829726,0.0009868792685368858
532,0,1,532,0.03141463462364138,0.05579415676763427,0.0009868792685368871
533,0,0,533,0.03141463462364143,0.11564051245991958,0.0009868792685368902
534,0,0,534,0.03141463462364134,0.02400008089062533,0.0009868792685368845
535,0,0,535,0.03141463462364143,0.11291233970958348,0.0009868792685368902
536,0,0,536,0.03141463462364139,0.11758254535532586,0.0009868792685368884
537,0,1,537,0.03141463462364115,0.06194401935198579,0.0009868792685368733
538,0,0,538,0.03141463462364114,0.04164630747614195,0.000986879268536873
539,0,0,539,0.031414634623641184,0.003643608614439353,0.000986879268536875
540,0,0,540,0.03141463462364141,0.028508950059563887,0.0009868792685368904
541,0,0,541,0.031414634623641385,0.04916115348203831,0.0009868792685368882
542,0,0,542,0.0314146346236414,0.05170998582664062,0.0009868792685368887
543,0,1,543,0.03141463462364142,0.034796552483008725,0.0009868792685368908
544,0,1,544,0.031414634623641406,0.05853861186728919,0.0009868792685368884
545,0,1,545,0.031414634623641455,0.0145250392741324,0.0009868792685368921
546,0,0,546,0.031414634623641344,0.06412081094097255,0.000986879268536885
547,0,1,547,0.031414634623641205,0.06385697063591911,0.0009868792685368765
548,0,0,548,0.03141463462364134,0.028373358141112526,0.000986879268536885
549,0,0,549,0.03141463462364112,0.01835370649554896,0.0009868792685368713
550,0,0,550,0.03141463462364138,0.011108422539392038,0.0009868792685368867
551,0,0,551,0.031414634623641156,0.08663609154923702,0.000986879268536874
552,0,1,552,0.0314146346236412,0.04509467392970601,0.0009868792685368767
553,0,0,553,0.03141463462364135,0.048171934037178454,0.0009868792685368848
554,0,0,554,0.031414634623641205,0.02159583164892309,0.0009868792685368743
555,0,0,555,0.03141463462364113,0.039269809681698575,0.00098687926853687
556,0,0,556,0.0314146346236413,0.062468711645629504,0.0009868792685368828
557,0,0,557,0.03141463462364143,0.1151941595693875,0.0009868792685368902
558,0,1,558,0.031414634623641136,0.1057779841306532,0.0009868792685368728
559,0,0,559,0.0314146346236414,0.07142236442833694,0.0009868792685368878
560,0,1,560,0.03141463462364137,0.0749032511873724,0.0009868792685368871
561,0,0,561,0.031414634623641406,0.08736366907908405,0.000986879268536889
562,0,1,562,0.03141463462364139,0.06146750037795767,0.0009868792685368882
563,0,0,563,0.03141463462364133,0.00019922115943341034,0.0009868792685368845
564,0,1,564,0.03141463462364114,0.05235998788966967,0.0009868792685368733
565,0,0,565,0.03141463462364144,0.006408936179969238,0.0009868792685368917
566,0,0,566,0.03141463462364142,0.11098663378377405,0.0009868792685368895
567,0,1,567,1.9997532649633214,5.499367873377143,0.0009868792685368824
568,0,1,568,0.03141463462364134,0.00991971962308913,0.000986879268536885
569,0,1,569,0.0314146346236411,0.10278271470194911,0.0009868792685368702
570,0,1,570,0.031414634623641476,0.03801711534698682,0.0009868792685368932
571,0,1,571,1.999753264963321,7.944498913115174,0.0009868792685369023
572,0,0,572,0.03141463462364139,0.014472998949164415,0.0009868792685368887
573,0,1,573,0.03141463462364117,0.057661751991532784,0.000986879268536874
574,0,1,574,0.03141463462364114,0.01551984356342384,0.0009868792685368733
575,0,1,575,0.03141463462364138,0.1232893441302294,0.0009868792685368871
576,0,1,576,0.031414634623641406,0.06745196816699892,0.0009868792685368889
577,0,0,577,0.031414634623641156,0.048991708623217445,0.000986879268536874
578,0,0,578,0.0314146346236412,0.07485409789317155,0.0009868792685368763
579,0,1,579,0.03141463462364145,0.10460242408878506,0.0009868792685368917
580,0,1,580,0.03141463462364116,0.08432361743895544,0.000986879268536874
581,0,1,581,0.03141463462364123,0.03554072161680466,0.000986879268536877
582,0,0,582,0.03141463462364117,0.0037317096766855684,0.000986879268536875
583,0,1,583,0.03141463462364115,0.007339742236536023,0.000986879268536873
584,0,0,584,0.031414634623641295,0.025322783507049973,0.0009868792685368815
585,0,0,585,0.031414634623641136,0.07431763986517348,0.0009868792685368726
586,0,1,586,0.03141463462364131,0.07116631345409274,0.0009868792685368822
587,0,0,587,0.03141463462364135,0.0014158251071627569,0.000986879268536886
588,0,0,588,0.03141463462364122,0.01010582535700244,0.0009868792685368776
589,0,1,589,0.0314146346236414,0.0927177308513036,0.0009868792685368884
590,0,1,590,0.03141463462364142,0.04358372973133948,0.0009868792685368893
591,0,0,591,0.03141463462364139,0.10560245830436854,0.0009868792685368884
592,0,1,592,0.031414634623641406,0.12191074423737247,0.0009868792685368893
593,0,1,593,0.03141463462364138,0.02494492518096375,0.0009868792685368876
594,0,0,594,0.031414634623641434,0.09884608307835252,0.0009868792685368902
595,0,1,595,0.031414634623641094,0.07519714449787562,0.0009868792685368691
596,0,1,596,0.03141463462364112,0.0691404238046247,0.000986879268536871
597,0,1,597,0.03141463462364119,0.0012769395130940997,0.0009868792685368759
598,0,0,598,0.031414634623641184,0.00476373367899674,0.000986879268536875
599,0,1,599,0.03141463462364144,0.04669266080719156,0.000986879268536891
600,0,1,600,0.03141463462364112,0.014434490690251822,0.0009868792685368715
601,0,0,601,0.03141463462364139,0.12523773442435326,0.0009868792685368884
602,0,0,602,0.03141463462364138,0.11018834473005523,0.000986879268536887
603,0,0,603,0.03141463462364118,0.003592439693706595,0.0009868792685368756
604,0,0,604,0.0314146346236412,0.005978701336065928,0.0009868792685368752
605,0,1,605,0.03141463462364137,0.02534366820250944,0.000986879268536886
606,0,1,606,0.03141463462364126,0.03091253506760072,0.0009868792685368791
607,0,0,607,0.03141463462364123,0.0644944099715945,0.0009868792685368782
608,0,0,608,0.0314146346236414,0.06547182391871156,0.0009868792685368893
609,0,0,609,0.03141463462364135,0.01831842418334917,0.0009868792685368854
610,0,1,610,0.031414634623641406,0.12521604144378065,0.0009868792685368887
611,0,1,611,0.03141463462364143,0.009943787154318665,0.0009868792685368906
612,0,1,612,0.031414634623641365,0.0035547291810495985,0.0009868792685368867
613,0,0,613,0.03141463462364107,0.06740912628779583,0.0009868792685368683
614,0,0,614,0.03141463462364118,0.06839808199864494,0.000986879268536875
615,0,1,615,0.03141463462364151,0.02172993377889021,0.0009868792685368956
616,0,0,616,0.03141463462364138,0.02123566788288156,0.0009868792685368876
617,0,1,617,0.0314146346236414,0.0540957247149253,0.0009868792685368878
618,0,0,618,1.9997532649633214,2.078817785377084,0.000986879268536907
619,0,1,619,0.03141463462364129,0.016887509225548047,0.0009868792685368817
620,0,1,620,0.0314146346236412,0.0180825923091259,0.000986879268536874
621,0,0,621,0.03141463462364117,0.03331939097113068,0.000986879268536874
622,0,0,622,0.03141463462364115,0.067055031594494,0.0009868792685368728
623,0,0,623,0.031414634623641406,0.07379582547238606,0.0009868792685368895
624,0,0,624,0.03141463462364114,0.002838653446286976,0.0009868792685368726
625,0,0,625,0.0314146346236411,0.04799660974808262,0.0009868792685368691
626,0,1,626,0.031414634623641406,0.08750957631288858,0.0009868792685368895
627,0,1,627,0.031414634623641476,0.06307358582372169,0.0009868792685368921
628,0,0,628,0.0314146346236414,0.12249512443553501,0.0009868792685368882
629,0,1,629,0.03141463462364123,0.05518593961241414,0.0009868792685368772
630,0,0,630,0.03141463462364143,0.05364207474552879,0.0009868792685368897
631,0,1,631,0.031414634623641406,0.1210686762340612,0.0009868792685368893
632,0,1,632,0.03141463462364142,0.011967250764415294,0.00098687926853689
633,0,1,633,0.031414634623641365,0.06784128990285998,0.0009868792685368867
634,0,0,634,0.03141463462364134,0.03452941932119402,0.0009868792685368852
635,0,1,635,0.03141463462364141,0.08835636279726944,0.0009868792685368897
636,0,0,636,0.03141463462364121,0.008881315094078746,0.0009868792685368772
637,0,0,637,0.03141463462364142,0.10135834052870074,0.00098687926853689
638,0,0,638,0.031414634623641184,0.016583413596447993,0.000986879268536875
639,0,0,639,0.03141463462364105,0.0010762401479436426,0.0009868792685368672
640,0,1,640,0.03141463462364137,0.006034328665200928,0.0009868792685368863
641,0,1,641,0.031414634623641385,0.012993105876275113,0.0009868792685368874
642,0,1,642,0.03141463462364138,0.11488179900883178,0.0009868792685368867
643,0,0,643,0.031414634623641344,0.01676759688431817,0.000986879268536885
644,0,0,644,0.031414634623641385,0.08347049360039949,0.000986879268536888
645,0,0,645,0.031414634623641365,0.10450755714616577,0.0009868792685368867
646,0,0,646,0.03141463462364144,0.0779023122768775,0.0009868792685368913
647,0,0,647,0.031414634623641365,0.07676728411944678,0.0009868792685368871
648,0,1,648,0.03141463462364116,0.012079268984510394,0.000986879268536874
649,0,1,649,0.03141463462364121,0.01980743397102014,0.0009868792685368752
650,0,1,650,0.03141463462364139,0.031882153035781804,0.0009868792685368884
651,0,1,651,0.03141463462364118,0.09468218264681205,0.0009868792685368748
652,0,1,652,0.03141463462364129,0.1061798845494426,0.0009868792685368817
653,0,0,653,0.031414634623641406,0.12527700141914436,0.000986879268536889
654,0,1,654,0.03141463462364142,0.016972557935942878,0.0009868792685368902
655,0,0,655,0.031414634623641344,0.025158284635061534,0.0009868792685368852
656,0,1,656,0.031414634623641476,0.029541929768671205,0.0009868792685368934
657,0,1,657,0.03141463462364138,0.12516244414553346,0.0009868792685368874
658,0,0,658,0.03141463462364141,0.06073524327772839,0.0009868792685368893
659,0,1,659,0.0314146346236414,0.07818820915741687,0.0009868792685368887
660,0,1,660,0.031414634623641476,0.05198745299437846,0.0009868792685368932
661,0,0,661,0.0314146346236414,0.012351160706747133,0.0009868792685368889
662,0,1,662,0.031414634623641524,0.044151325832590516,0.0009868792685368962
663,0,0,663,0.0314146346236411,0.029544107247219786,0.0009868792685368702
664,0,1,664,0.0314146346236414,0.07900854099575466,0.0009868792685368889
665,0,1,665,0.03141463462364144,0.06979096696486708,0.00098687926853689
666,0,0,666,0.031414634623641184,0.06251911928704734,0.0009868792685368752
667,0,0,667,0.031414634623641434,0.04348163682784856,0.0009868792685368904
668,0,0,668,0.031414634623641385,0.08049273538948903,0.0009868792685368882
669,0,0,669,0.03141463462364137,0.08077025872886145,0.000986879268536887
670,0,1,670,0.03141463462364119,0.06935262164539546,0.0009868792685368754
671,0,1,671,0.031414634623641365,0.011729502864520125,0.000986879268536886
672,0,0,672,0.03141463462364125,0.07663650801601385,0.000986879268536876
673,0,1,673,0.03141463462364146,0.08423643913205847,0.0009868792685368932
674,0,1,674,0.03141463462364141,0.07207296767748628,0.00098687926853689
675,0,0,675,0.03141463462364139,0.03141350496832285,0.000986879268536887
676,0,0,676,1.9997532649633218,7.587375056713427,0.0009868792685368986
677,0,0,677,0.03141463462364139,0.033236950803760656,0.0009868792685368882
678,0,0,678,0.031414634623641365,0.028530045131162973,0.0009868792685368867
679,0,1,679,0.03141463462364137,0.0006784538680957852,0.0009868792685368867
680,0,0,680,0.03141463462364121,0.015320823150075658,0.0009868792685368756
681,0,1,681,0.03141463462364148,0.11814052328824065,0.0009868792685368932
682,0,0,682,0.03141463462364142,0.040141985423785,0.0009868792685368904
683,0,1,683,0.031414634623641316,0.029988216859677674,0.0009868792685368835
684,0,0,684,0.03141463462364139,0.05741282342830534,0.000986879268536887
685,0,0,685,0.03141463462364138,0.020257265999697238,0.0009868792685368878
686,0,0,686,0.03141463462364123,0.10245973520641982,0.000986879268536878
687,0,0,687,0.03141463462364145,0.11132725377208508,0.0009868792685368915
688,0,1,688,0.03141463462364116,0.008647646033828504,0.000986879268536874
689,0,1,689,0.031414634623641274,0.039853185926783,0.0009868792685368785
690,0,1,690,0.03141463462364116,0.10392747032410421,0.000986879268536874
691,0,0,691,0.03141463462364142,0.0039208581088988545,0.0009868792685368904
692,0,0,692,0.03141463462364138,0.06576907045119462,0.0009868792685368876
693,0,1,693,0.03141463462364145,0.04342139655416488,0.0009868792685368913
694,0,0,694,0.03141463462364121,0.023469369793434947,0.0009868792685368752
695,0,0,695,0.03141463462364139,0.08886372510189533,0.0009868792685368884
696,0,0,696,0.03141463462364142,0.06612808850752816,0.0009868792685368876
697,0,1,697,0.03141463462364139,0.10019642037180188,0.0009868792685368884
698,0,0,698,0.031414634623641205,0.04213844668822264,0.000986879268536877
699,0,1,699,0.031414634623641344,0.01814542487615678,0.0009868792685368852
700,0,1,700,0.03141463462364139,0.0884122819153208,0.000986879268536888
701,0,0,701,0.03141463462364151,0.017432446652764833,0.0009868792685368956
702,0,0,702,0.03141463462364144,0.11964711909646064,0.000986879268536891
703,0,1,703,0.03141463462364141,0.021875535362096743,0.0009868792685368893
704,0,0,704,0.03141463462364141,0.07258554809350398,0.0009868792685368893
705,0,0,705,0.031414634623641136,0.002760512288358108,0.0009868792685368724
706,0,0,706,0.03141463462364136,0.059803721462419634,0.000986879268536886
707,0,0,707,0.03141463462364139,0.09452391876810501,0.0009868792685368882
708,0,1,708,0.03141463462364141,0.12449704102975412,0.0009868792685368893
709,0,0,709,0.03141463462364115,0.0968698039988225,0.0009868792685368733
710,0,0,710,0.03141463462364122,0.041225342185923,0.000986879268536877
711,0,1,711,0.031414634623641205,0.011648349199110841,0.0009868792685368756
712,0,0,712,0.031414634623641344,0.037967386891924804,0.000986879268536885
713,0,1,713,0.03141463462364121,0.029017090980372195,0.0009868792685368772
714,0,1,714,0.031414634623641406,0.08187723756783838,0.0009868792685368852
715,0,1,715,0.03141463462364135,0.015885479656766704,0.0009868792685368854
716,0,0,716,0.03141463462364143,0.11046679452433272,0.0009868792685368904
717,0,1,717,0.03141463462364113,0.019758181160879573,0.0009868792685368717
718,0,0,718,0.03141463462364117,0.016695087816721133,0.0009868792685368752
719,0,1,719,0.0314146346236414,0.020267360408816493,0.0009868792685368889
720,0,0,720,0.03141463462364141,0.061703268978901604,0.0009868792685368897
721,0,1,721,0.031414634623641115,0.05193366199543448,0.0009868792685368707
722,0,0,722,0.03141463462364121,0.06667651244915662,0.0009868792685368765
723,0,0,723,0.031414634623641344,0.09866976203150246,0.0009868792685368856
724,0,0,724,0.03141463462364118,0.0008993898216156371,0.000986879268536875
725,0,0,725,0.03141463462364134,0.11838003148727161,0.0009868792685368854
726,0,0,726,0.031414634623641136,0.10086428769147426,0.0009868792685368724
727,0,0,727,0.03141463462364135,0.002107211279334109,0.0009868792685368858
728,0,0,728,0.03141463462364116,0.05739393608982857,0.0009868792685368737
729,0,1,729,0.03141463462364117,0.015484317383762658,0.0009868792685368746
730,0,0,730,0.03141463462364131,0.034853890681794564,0.0009868792685368828
731,0,0,731,0.03141463462364118,0.01274557117100028,0.0009868792685368748
732,0,0,732,0.03141463462364118,0.03484494762684931,0.000986879268536875
733,0,0,733,0.031414634623641365,0.026347402047215862,0.0009868792685368858
734,0,0,734,0.03141463462364147,0.033729083700406726,0.000986879268536893
735,0,0,735,0.03141463462364143,0.07164975491836034,0.00098687926853689
736,0,0,736,0.03141463462364137,0.10203780674170737,0.0009868792685368874
737,0,1,737,0.03141463462364139,0.12290435805208022,0.0009868792685368884
738,0,0,738,0.031414634623641184,0.00301540452159732,0.0009868792685368754
739,0,1,739,0.03141463462364129,0.03438850955551864,0.0009868792685368822
740,0,1,740,0.03141463462364118,0.006697109125291423,0.0009868792685368748
741,0,0,741,0.03141463462364132,0.012706357901136944,0.0009868792685368837
742,0,1,742,0.031414634623641406,0.010578318292140718,0.0009868792685368893
743,0,1,743,0.03141463462364141,0.002997903680443996,0.0009868792685368893
744,0,0,744,0.03141463462364118,0.0018460361465412398,0.0009868792685368752
745,0,1,745,0.031414634623641406,0.09961716803929518,0.0009868792685368889
746,0,0,746,0.03141463462364127,0.08573412906307709,0.0009868792685368804
747,0,0,747,0.03141463462364136,0.08998545712955153,0.0009868792685368854
748,0,1,748,0.03141463462364132,0.03224733268539304,0.000986879268536884
749,0,0,749,0.031414634623641365,0.0333121003137925,0.0009868792685368865
750,0,0,750,0.031414634623641136,0.019562081365152695,0.0009868792685368726
751,0,0,751,0.0314146346236414,0.0027808862328885416,0.0009868792685368889
752,0,0,752,0.03141463462364135,0.08978836359092046,0.0009868792685368856
753,0,0,753,0.03141463462364131,0.008677054417449037,0.0009868792685368828
754,0,1,754,0.031414634623641455,0.09025866723268106,0.000986879268536891
755,0,1,755,0.03141463462364147,0.08665577340956787,0.0009868792685368934
756,0,1,756,0.03141463462364128,0.0892942360895237,0.0009868792685368798
757,0,1,757,0.03141463462364134,0.0960631372189864,0.0009868792685368848
758,0,1,758,0.03141463462364143,0.08940611913802488,0.0009868792685368897
759,0,1,759,0.031414634623641455,0.04414410108459599,0.0009868792685368902
760,0,0,760,0.03141463462364113,0.10151326660403437,0.0009868792685368724
761,0,1,761,0.0314146346236414,0.004764504193483697,0.0009868792685368887
762,0,0,762,0.03141463462364135,8.076479161260586e-05,0.000986879268536886
763,0,0,763,0.03141463462364132,0.051299252149730634,0.0009868792685368835
764,0,1,764,0.031414634623641226,0.025058359922224938,0.0009868792685368763
765,0,0,765,0.03141463462364135,0.0076850438717496194,0.000986879268536886
766,0,1,766,0.03141463462364132,0.012021730382567375,0.0009868792685368832
767,0,1,767,0.03141463462364136,0.004431632920908868,0.000986879268536886
768,0,0,768,0.03141463462364118,0.013252277556064396,0.0009868792685368748
769,0,1,769,0.03141463462364144,0.06727441088203234,0.0009868792685368908
770,0,1,770,0.0314146346236414,0.09068031972626894,0.000986879268536889
771,0,1,771,1.9997532649633214,7.734981394059773,0.000986879268536883
772,0,1,772,0.03141463462364131,0.08399790421755426,0.0009868792685368832
773,0,0,773,0.031414634623641205,0.046389961839562455,0.0009868792685368765
774,0,0,774,0.03141463462364137,0.054920053125245616,0.0009868792685368865
775,0,0,775,0.03141463462364138,0.11856373205779314,0.0009868792685368878
776,0,1,776,0.031414634623641136,0.058993075710895404,0.0009868792685368724
777,0,1,777,0.03141463462364139,0.1252757857458496,0.0009868792685368887
778,0,1,778,1.9997532649633214,1.4688004292826153,0.0009868792685368828
779,0,0,779,0.031414634623641136,0.05565195546779278,0.0009868792685368713
780,0,0,780,0.03141463462364139,0.12086494204901,0.0009868792685368882
781,0,0,781,0.03141463462364139,0.08427573145824256,0.0009868792685368887
782,0,0,782,0.03141463462364144,0.09310769851254053,0.0009868792685368906
783,0,0,783,0.031414634623641406,0.013745786917999825,0.0009868792685368893
784,0,1,784,0.03141463462364146,0.08123825437828591,0.0009868792685368928
785,0,1,785,0.03141463462364142,0.1124710657731871,0.0009868792685368882
786,0,0,786,0.0314146346236414,0.006856868980637754,0.0009868792685368889
787,0,1,787,0.03141463462364136,0.0017843964706674154,0.000986879268536886
788,0,0,788,0.031414634623641344,0.11743177680678141,0.000986879268536885
789,0,1,789,0.03141463462364145,0.02015172370100149,0.0009868792685368915
790,0,0,790,0.03141463462364125,0.07872319790503735,0.0009868792685368791
791,0,0,791,0.031414634623641406,0.09368544672948026,0.000986879268536889
792,0,0,792,0.03141463462364145,0.05784451936747703,0.0009868792685368913
793,0,0,793,0.0314146346236414,0.11768586164588868,0.0009868792685368884
794,0,0,794,0.03141463462364134,0.007708692368260772,0.000986879268536885
795,0,0,795,0.031414634623641406,0.024595695355614892,0.000986879268536889
796,0,1,796,0.031414634623641344,0.11764307100063509,0.0009868792685368856
797,0,0,797,0.03141463462364127,0.09552263111929715,0.0009868792685368809
798,0,0,798,0.0314146346236415,0.007499747797172052,0.0009868792685368956
799,0,0,799,0.03141463462364126,0.02565969020294423,0.000986879268536879
800,0,1,800,0.03141463462364119,0.019749837300443218,0.0009868792685368763
801,0,1,801,0.03141463462364138,0.006762243882949215,0.0009868792685368876
802,0,1,802,0.03141463462364143,0.008967983133131824,0.0009868792685368908
803,0,0,803,0.031414634623641156,0.017118234035544688,0.000986879268536874
804,0,1,804,0.03141463462364119,0.024133254423778894,0.0009868792685368754
805,0,0,805,0.03141463462364132,0.06645902867792941,0.000986879268536884
806,0,0,806,0.0314146346236414,0.009831295867442965,0.0009868792685368887
807,0,1,807,0.03141463462364138,0.0015993554171207514,0.000986879268536888
808,0,1,808,0.031414634623641385,0.11350376824185382,0.000986879268536888
809,0,0,809,0.03141463462364128,0.034040606435229215,0.00098687926853688
810,0,1,810,0.03141463462364124,0.06364286930457363,0.0009868792685368791
811,0,0,811,0.03141463462364142,0.0038842663615208523,0.0009868792685368902
812,0,0,812,0.03141463462364138,0.040673127857320523,0.0009868792685368876
813,0,0,813,0.031414634623641136,0.03139775900900155,0.000986879268536871
814,0,1,814,0.03141463462364117,0.05569270867370735,0.0009868792685368735
815,0,0,815,0.03141463462364143,0.0675456065736052,0.0009868792685368897
816,0,1,816,0.03141463462364139,0.03673591062421383,0.0009868792685368889
817,0,0,817,0.031414634623641385,0.12423548561491798,0.000986879268536888
818,0,1,818,0.03141463462364138,0.003557049848636612,0.0009868792685368871
819,0,0,819,0.031414634623641434,0.07864462020788965,0.000986879268536889
820,0,0,820,0.031414634623641184,0.0036122767651236565,0.000986879268536875
821,0,1,821,0.031414634623641385,0.015453372785932284,0.0009868792685368876
822,0,0,822,0.03141463462364119,0.0843733407885554,0.0009868792685368754
823,0,0,823,0.03141463462364123,0.012077538310641123,0.0009868792685368785
824,0,0,824,0.0314146346236412,0.00952069765824759,0.0009868792685368759
825,0,1,825,0.03141463462364143,0.08770904943770819,0.0009868792685368893
826,0,0,826,0.03141463462364139,0.09570137518042016,0.0009868792685368884
827,0,0,827,0.031414634623641365,0.04520831535355274,0.0009868792685368843
828,0,0,828,0.0314146346236414,0.044379561800085066,0.0009868792685368876
829,0,1,829,0.031414634623641385,0.08032710598344361,0.000986879268536888
830,0,1,830,0.03141463462364117,0.01904169303920278,0.000986879268536874
831,0,1,831,0.031414634623641226,0.0025233295956869073,0.0009868792685368778
832,0,1,832,0.03141463462364139,0.04915884203964105,0.0009868792685368882
833,0,0,833,0.03141463462364119,0.004544070079889884,0.0009868792685368759
834,0,0,834,0.03141463462364128,0.08999355808491094,0.0009868792685368815
835,0,0,835,0.0314146346236414,0.12432640068867308,0.000986879268536889
836,0,1,836,0.0314146346236412,0.0006061414571335161,0.000986879268536877
837,0,0,837,0.03141463462364144,0.09171519099718206,0.000986879268536891
838,0,1,838,0.03141463462364117,0.0057221646352279,0.0009868792685368746
839,0,1,839,0.03141463462364124,0.005246988053531826,0.0009868792685368787
840,0,0,840,0.03141463462364142,0.11582229122916998,0.00098687926853689
841,0,0,841,0.03141463462364145,0.005248743606066003,0.0009868792685368926
842,0,1,842,0.03141463462364139,0.06061475350721135,0.0009868792685368887
843,0,1,843,0.03141463462364118,0.06152162392758065,0.0009868792685368746
844,0,1,844,1.9997532649633214,7.9949463647437256,0.0009868792685368826
845,0,0,845,0.03141463462364136,0.048079570430654806,0.0009868792685368863
846,0,1,846,1.9997532649633218,3.1328216148434214,0.0009868792685368828
847,0,1,847,0.03141463462364139,0.058135513517608706,0.0009868792685368882
848,0,1,848,0.031414634623641254,0.05094905018828344,0.0009868792685368798
849,0,0,849,0.03141463462364152,0.06437879165159188,0.000986879268536894
850,0,0,850,0.0314146346236413,0.053866981305778605,0.000986879268536883
851,0,0,851,1.999753264963321,5.777515370535159,0.0009868792685368824
852,0,1,852,0.031414634623641385,0.05257833311737303,0.0009868792685368887
853,0,1,853,0.0314146346236414,0.05894748062928967,0.0009868792685368884
854,0,1,854,0.031414634623641254,0.033122184461477966,0.0009868792685368795
855,0,1,855,0.0314146346236414,0.0884510701646396,0.0009868792685368884
856,0,1,856,0.031414634623641226,0.021119507813523786,0.0009868792685368778
857,0,0,857,0.03141463462364137,0.11454187621481648,0.0009868792685368871
858,0,0,858,0.031414634623641406,0.0950260587052435,0.0009868792685368893
859,0,1,859,0.03141463462364142,0.03714482151299947,0.0009868792685368889
860,0,0,860,0.03141463462364122,0.034422493909805674,0.0009868792685368774
861,0,1,861,0.031414634623641385,0.03298537882283492,0.000986879268536885
862,0,1,862,0.031414634623641406,0.021022521373389003,0.0009868792685368884
863,0,0,863,0.03141463462364124,0.015316320754433815,0.000986879268536878
864,0,0,864,0.03141463462364127,0.08259919296536866,0.0009868792685368804
865,0,1,865,0.03141463462364129,0.03282216058800591,0.0009868792685368815
866,0,1,866,0.031414634623641406,0.06874064762240151,0.000986879268536889
867,0,0,867,0.03141463462364134,0.03092382323503884,0.0009868792685368852
868,0,0,868,0.031414634623641406,0.05337740492652365,0.0009868792685368884
869,0,1,869,0.03141463462364138,0.09085963514946749,0.0009868792685368871
870,0,0,870,0.0314146346236413,0.018071361232631755,0.0009868792685368828
871,0,0,871,0.031414634623641385,0.06842041596766713,0.0009868792685368878
872,0,0,872,0.03141463462364115,0.020365404718526214,0.000986879268536873
873,0,0,873,0.031414634623641226,0.10421126252877899,0.0009868792685368778
874,0,1,874,1.9997532649633214,7.987705116082386,0.000986879268536903
875,0,1,875,0.0314146346236414,0.006548498506279282,0.0009868792685368884
876,0,1,876,0.031414634623641274,0.06983524556145992,0.0009868792685368815
877,0,0,877,0.03141463462364135,0.0006386720839762772,0.0009868792685368856
878,0,1,878,0.03141463462364139,0.00017680843617013748,0.0009868792685368882
879,0,0,879,0.03141463462364124,0.004646486890420215,0.0009868792685368787
880,0,1,880,0.03141463462364141,0.050725727448970304,0.0009868792685368882
881,0,0,881,0.03141463462364117,0.03287893024819377,0.0009868792685368743
882,0,0,882,0.03141463462364121,0.08089064584193473,0.0009868792685368763
883,0,0,883,0.03141463462364141,0.12377808136209167,0.00098687926853689
884,0,1,884,0.031414634623641156,0.03720304478657166,0.0009868792685368733
885,0,0,885,0.03141463462364143,0.09855591892177873,0.000986879268536888
886,0,0,886,0.0314146346236414,0.03679719480237309,0.0009868792685368887
887,0,0,887,0.03141463462364134,0.07983420847729406,0.000986879268536885
888,0,1,888,0.03141463462364137,0.09164011002925321,0.0009868792685368871
889,0,1,889,0.0314146346236414,0.06004480290749234,0.000986879268536889
890,0,0,890,0.031414634623641406,0.016871503460941892,0.0009868792685368893
891,0,0,891,0.031414634623641434,0.06113875798649904,0.000986879268536891
892,0,0,892,0.03141463462364141,0.06387039833491734,0.0009868792685368889
893,0,1,893,0.031414634623641184,0.005666255711461066,0.0009868792685368756
894,0,1,894,0.03141463462364133,0.12084887088217977,0.0009868792685368848
895,0,0,895,0.031414634623641385,0.1020822823030147,0.0009868792685368878
896,0,1,896,0.0314146346236414,0.11068708296795321,0.000986879268536888
897,0,0,897,0.03141463462364143,0.008490494425980988,0.0009868792685368904
898,0,0,898,0.031414634623641455,0.07064753154896208,0.0009868792685368915
899,0,0,899,0.031414634623641385,0.11691670124661124,0.0009868792685368878
900,0,0,900,0.031414634623641115,0.07849598808152014,0.000986879268536871
901,0,1,901,0.03141463462364137,0.054036445545020184,0.000986879268536887
902,0,0,902,1.9997532649633214,6.970602956166474,0.0009868792685368828
903,0,1,903,0.0314146346236414,0.0003173090075685014,0.0009868792685368889
904,0,1,904,0.03141463462364141,0.10601634218508948,0.0009868792685368895
905,0,0,905,0.03141463462364132,0.006975301052106142,0.0009868792685368845
906,0,0,906,0.0314146346236414,0.12341931624227898,0.000986879268536889
907,0,1,907,0.031414634623641274,0.05777860807021762,0.0009868792685368809
908,0,0,908,0.0314146346236411,0.0456470263208093,0.0009868792685368707
909,0,1,909,0.03141463462364143,0.08174066095653165,0.0009868792685368902
910,0,1,910,0.03141463462364127,0.058285511970117554,0.0009868792685368785
911,0,1,911,0.03141463462364137,0.011135000206323409,0.0009868792685368874
912,0,0,912,0.03141463462364113,0.10279994687317462,0.0009868792685368717
913,0,1,913,0.03141463462364119,0.01214649370821741,0.0009868792685368746
914,0,1,914,0.03141463462364138,0.011948469272356155,0.0009868792685368874
915,0,1,915,0.031414634623641365,0.001564355633305592,0.000986879268536887
916,0,1,916,0.03141463462364142,0.0023889061432481665,0.0009868792685368902
917,0,0,917,0.03141463462364119,0.031070779367027512,0.0009868792685368752
918,0,0,918,0.03141463462364116,0.042715414574857835,0.0009868792685368735
919,0,0,919,0.03141463462364139,0.04894736037816805,0.0009868792685368874
920,0,1,920,0.03141463462364116,0.10069803584167403,0.000986879268536874
921,0,0,921,0.03141463462364116,0.009580194324466884,0.0009868792685368743
922,0,1,922,0.031414634623641115,0.053146353555880266,0.000986879268536871
923,0,0,923,0.03141463462364134,0.03896461437883447,0.0009868792685368832
924,0,0,924,0.0314146346236412,0.0962583650840636,0.000986879268536875
925,0,1,925,0.03141463462364128,0.07289418467132514,0.000986879268536881
926,0,0,926,0.03141463462364116,0.013546462015553817,0.000986879268536874
927,0,0,927,0.03141463462364136,0.06103088547161256,0.000986879268536886
928,0,1,928,0.03141463462364143,0.11433508557337668,0.0009868792685368902
929,0,1,929,0.03141463462364116,0.009986728696913305,0.0009868792685368743
930,0,1,930,0.03141463462364119,0.029216156501624013,0.000986879268536876
931,0,1,931,0.0314146346236414,0.0012392841811103682,0.0009868792685368889
932,0,1,932,0.03141463462364139,0.05811514320423017,0.0009868792685368882
933,0,1,933,0.03141463462364145,0.05890693264584268,0.000986879268536892
934,0,0,934,0.031414634623641156,0.1010967523995312,0.000986879268536874
935,0,0,935,0.031414634623641385,0.04700288712531528,0.0009868792685368884
936,0,0,936,0.0314146346236414,0.04893027914869552,0.0009868792685368887
937,0,0,937,0.0314146346236414,0.0816500224326383,0.0009868792685368887
938,0,0,938,0.03141463462364138,0.08923682862922777,0.0009868792685368876
939,0,1,939,0.031414634623641365,0.11682091913759463,0.0009868792685368867
940,0,0,940,0.031414634623641226,0.026465276514607394,0.0009868792685368778
941,0,1,941,0.03141463462364142,0.1128559127135238,0.00098687926853689
942,0,1,942,0.03141463462364108,0.07767258142800282,0.0009868792685368687
943,0,0,943,0.03141463462364137,0.11596766468754582,0.0009868792685368871
944,0,0,944,0.031414634623641406,0.11672131829675503,0.0009868792685368893
945,0,0,945,0.03141463462364144,0.0850571594210533,0.0009868792685368897
946,0,1,946,0.03141463462364139,0.023114213282186213,0.0009868792685368878
947,0,0,947,0.03141463462364112,0.05339155770442572,0.0009868792685368713
948,0,1,948,0.031414634623641406,0.016079619197259754,0.000986879268536889
949,0,0,949,0.03141463462364118,0.08511145982210211,0.0009868792685368733
950,0,0,950,0.031414634623641406,0.06640393489842406,0.0009868792685368884
951,0,1,951,0.031414634623641406,0.05059427622701218,0.000986879268536887
952,0,0,952,0.03141463462364149,0.08220065805691679,0.0009868792685368945
953,0,0,953,0.031414634623641406,0.0608518380886669,0.0009868792685368867
954,0,0,954,0.03141463462364137,0.03089676974592015,0.0009868792685368871
955,0,1,955,0.03141463462364142,0.1031579585130935,0.0009868792685368897
956,0,0,956,0.03141463462364137,0.10567188010604589,0.000986879268536887
957,0,1,957,0.031414634623641406,0.0989009806273658,0.000986879268536889
958,0,0,958,0.031414634623641295,0.027790107862693425,0.0009868792685368802
959,0,1,959,0.031414634623641496,0.0744292118654113,0.000986879268536895
960,0,1,960,0.031414634623641434,0.03417022742274378,0.0009868792685368904
961,0,0,961,0.031414634623641344,0.016645649247444272,0.0009868792685368856
962,0,0,962,0.03141463462364137,0.11584947263605544,0.0009868792685368871
963,0,1,963,0.03141463462364144,0.04314997714368962,0.0009868792685368917
964,0,0,964,0.031414634623641115,0.008502523812760732,0.000986879268536871
965,0,1,965,0.03141463462364134,0.003653623754714952,0.0009868792685368845
966,0,1,966,0.03141463462364139,0.10079112649151334,0.0009868792685368876
967,0,1,967,0.03141463462364126,0.03326101994819197,0.0009868792685368774
968,0,0,968,0.03141463462364136,0.024261561702781265,0.000986879268536886
969,0,0,969,0.03141463462364142,0.020847851782377358,0.0009868792685368897
970,0,1,970,0.031414634623641365,0.00899685184637078,0.000986879268536887
971,0,0,971,0.03141463462364118,0.0123606258960276,0.000986879268536875
972,0,1,972,0.03141463462364111,0.06627074466125515,0.0009868792685368707
973,0,1,973,0.03141463462364125,0.011104374038278353,0.000986879268536879
974,0,0,974,0.03141463462364117,0.005623124320822889,0.0009868792685368743
975,0,0,975,0.031414634623641385,0.0411207158103393,0.0009868792685368878
976,0,0,976,0.0314146346236413,0.0895468928032126,0.0009868792685368828
977,0,0,977,0.031414634623641316,0.0011090615279112648,0.0009868792685368837
978,0,1,978,0.0314146346236414,0.12265318501580225,0.0009868792685368889
979,0,1,979,0.031414634623641254,0.053331240585035466,0.0009868792685368798
980,0,0,980,0.03141463462364107,0.0482423560680898,0.0009868792685368683
981,0,0,981,0.03141463462364114,0.002344586561660811,0.0009868792685368728
982,0,0,982,1.9997532649633214,0.3249778729719158,0.0009868792685368828
983,0,0,983,0.031414634623641156,0.04367290678961755,0.0009868792685368735
984,0,1,984,0.031414634623641226,0.11173030428744601,0.0009868792685368782
985,0,0,985,0.03141463462364136,0.021504478556685358,0.000986879268536886
986,0,1,986,0.031414634623641344,0.09296391420409389,0.000986879268536884
987,0,1,987,0.03141463462364138,0.1191652202941087,0.0009868792685368874
988,0,1,988,0.031414634623641156,0.04546023320439385,0.0009868792685368735
989,0,1,989,0.03141463462364107,0.039880641908305536,0.0009868792685368685
990,0,0,990,0.03141463462364145,0.10444671691777829,0.000986879268536892
991,0,0,991,0.03141463462364143,0.07254825564356926,0.000986879268536889
992,0,1,992,0.031414634623641476,0.09271093611801673,0.0009868792685368936
993,0,1,993,0.03141463462364138,0.06943380923042586,0.0009868792685368874
994,0,1,994,0.031414634623641184,0.0034828810832823187,0.0009868792685368752
995,0,1,995,0.03141463462364141,0.07230134658435206,0.000986879268536888
996,0,1,996,0.03141463462364135,0.10787823927798423,0.0009868792685368856
997,0,1,997,0.03141463462364123,0.07288277883858374,0.0009868792685368785
998,0,0,998,0.03141463462364117,0.005880616200130806,0.0009868792685368743
999,0,0,999,0.0314146346236412,0.028635298476876514,0.0009868792685368763
