,Layer,Qubit,Run,2-Norm,Trace Norm,Diamond Norm
0,0,1,0,0.01570780177742257,0.04868899383003977,0.0002467350366787997
1,0,0,1,0.01570780177742256,0.02739140430548237,0.0002467350366787994
2,0,1,2,0.015707801777422682,0.0056724985474121414,0.00024673503667880294
3,0,1,3,0.01570780177742269,0.009635779030706892,0.00024673503667880316
4,0,1,4,0.01570780177742261,0.01755613153431712,0.00024673503667879925
5,0,1,5,0.015707801777422682,0.010253645650319498,0.00024673503667880294
6,0,1,6,0.01570780177742258,0.06279090041415471,0.00024673503667879996
7,0,0,7,0.015707801777422592,0.05472950355575029,0.0002467350366788002
8,0,0,8,0.01570780177742259,0.024069959853674217,0.0002467350366788002
9,0,0,9,0.01570780177742262,0.024404098911275485,0.0002467350366788011
10,0,0,10,0.015707801777422693,0.0014451071493102319,0.00024673503667880283
11,0,1,11,0.015707801777422606,0.009838182290938274,0.0002467350366788007
12,0,0,12,0.015707801777422585,0.03529333973596127,0.00024673503667879996
13,0,0,13,0.015707801777422613,4.1732380171027525e-05,0.000246735036678801
14,0,1,14,0.01570780177742257,0.05434473313977656,0.00024673503667879974
15,0,0,15,0.015707801777422502,0.024153230464100783,0.0002467350366787974
16,0,1,16,0.015707801777422568,0.02792858047426372,0.0002467350366787994
17,0,0,17,0.015707801777422523,0.0032279953287984164,0.00024673503667879817
18,0,0,18,0.01570780177742259,0.03454774182211562,0.0002467350366787999
19,0,0,19,0.015707801777422595,0.048436299248043185,0.0002467350366787997
20,0,0,20,0.01570780177742262,0.015083905850666435,0.0002467350366788013
21,0,0,21,0.01570780177742276,0.032110784721950836,0.0002467350366788056
22,0,1,22,0.01570780177742265,0.025737908611547233,0.00024673503667880164
23,0,0,23,0.015707801777422845,0.015994955007640366,0.00024673503667880706
24,0,0,24,0.015707801777422783,0.03985334113224859,0.0002467350366788062
25,0,0,25,0.015707801777422568,0.015239726243859053,0.0002467350366787993
26,0,1,26,0.01570780177742263,0.02838936590881369,0.00024673503667880104
27,0,0,27,0.015707801777422602,0.013974515581814728,0.0002467350366788006
28,0,1,28,0.015707801777422585,0.029008203998482696,0.0002467350366788
29,0,1,29,0.015707801777422738,0.010176519167277132,0.0002467350366788032
30,0,0,30,0.015707801777422686,0.038005376188189555,0.000246735036678803
31,0,1,31,0.015707801777422595,0.0053607970518972925,0.00024673503667880023
32,0,0,32,0.015707801777422554,0.024646110063653248,0.0002467350366787983
33,0,1,33,0.0157078017774226,0.02531256938671672,0.00024673503667880045
34,0,0,34,0.0157078017774226,0.01888287654650611,0.0002467350366788001
35,0,1,35,0.015707801777422665,0.03253030678336266,0.0002467350366788026
36,0,0,36,0.015707801777422706,0.022498771638922666,0.0002467350366788039
37,0,0,37,0.015707801777422595,0.05411355123530526,0.00024673503667880034
38,0,1,38,0.01570780177742257,0.06208229762509587,0.0002467350366787997
39,0,0,39,0.015707801777422536,0.011040362127238135,0.00024673503667879844
40,0,0,40,0.015707801777422578,0.0006739883951130121,0.0002467350366787999
41,0,1,41,0.015707801777422637,0.0071459056437293,0.0002467350366788018
42,0,1,42,0.01570780177742258,0.02925187265435586,0.0002467350366788
43,0,1,43,0.015707801777422533,0.02766533500985202,0.00024673503667879833
44,0,1,44,0.015707801777422585,0.057701692171140614,0.0002467350366787999
45,0,1,45,0.01570780177742261,0.007579672056789999,0.0002467350366788004
46,0,0,46,0.01570780177742259,0.049097055610245244,0.00024673503667879996
47,0,0,47,0.015707801777422703,0.0006850626486024913,0.00024673503667880375
48,0,1,48,0.015707801777422613,0.013856776038355223,0.0002467350366788005
49,0,0,49,0.015707801777422578,0.015250050104881119,0.00024673503667879985
50,0,1,50,0.015707801777422675,0.002553738566651753,0.00024673503667880283
51,0,1,51,0.015707801777422568,0.03514445886255779,0.00024673503667879855
52,0,1,52,0.015707801777422523,0.039406227591995746,0.00024673503667879806
53,0,1,53,0.01570780177742253,0.0039712746957614176,0.0002467350366787981
54,0,1,54,0.01570780177742277,0.045318475760757426,0.0002467350366788059
55,0,1,55,0.015707801777422672,0.008597728471077204,0.0002467350366788028
56,0,1,56,0.01570780177742258,0.04599718595838026,0.0002467350366788001
57,0,1,57,0.01570780177742267,0.0010909383003717965,0.0002467350366788026
58,0,0,58,0.015707801777422554,0.015145578522074876,0.0002467350366787988
59,0,0,59,0.015707801777422647,0.006121918537544291,0.00024673503667880153
60,0,0,60,0.015707801777422595,0.000899374596046631,0.00024673503667880034
61,0,1,61,0.015707801777422606,0.03939128553457916,0.0002467350366788007
62,0,1,62,0.015707801777422647,0.013824993097798277,0.0002467350366788021
63,0,1,63,0.01570780177742257,0.013154793620126393,0.00024673503667879963
64,0,0,64,0.01570780177742245,0.052463185947239754,0.0002467350366787956
65,0,0,65,0.015707801777422772,0.037334718838849756,0.00024673503667880603
66,0,0,66,0.015707801777422554,0.06072037703970179,0.000246735036678799
67,0,1,67,0.015707801777422578,0.02809794829288803,0.0002467350366787999
68,0,1,68,0.015707801777422602,0.010002970975531433,0.0002467350366788005
69,0,1,69,0.01570780177742267,0.000682329226691536,0.00024673503667880283
70,0,0,70,0.015707801777422616,0.007485176070646249,0.00024673503667880077
71,0,1,71,0.01570780177742263,0.005378679053316793,0.00024673503667880066
72,0,0,72,0.015707801777422557,0.009373712585824645,0.0002467350366787989
73,0,1,73,0.015707801777422595,0.023732696597336123,0.00024673503667879996
74,0,1,74,1.9999383152895795,7.249595891883742,0.00024673503667880804
75,0,1,75,0.01570780177742258,0.0004538347984612834,0.0002467350366787999
76,0,1,76,0.01570780177742272,0.0345426953636192,0.0002467350366788042
77,0,1,77,0.01570780177742268,0.01096963050067834,0.0002467350366788029
78,0,1,78,0.01570780177742256,0.03416645510809452,0.00024673503667879947
79,0,0,79,0.015707801777422547,0.005892741732152734,0.0002467350366787988
80,0,1,80,0.01570780177742261,0.035711689561903515,0.0002467350366788008
81,0,1,81,0.01570780177742257,0.038992301483279146,0.0002467350366787998
82,0,1,82,0.01570780177742261,0.018554297055100255,0.00024673503667880077
83,0,1,83,0.01570780177742265,0.03834069350563851,0.00024673503667880213
84,0,0,84,0.015707801777422748,0.031612586889501415,0.00024673503667880527
85,0,1,85,0.01570780177742255,0.019406239064334474,0.00024673503667879866
86,0,0,86,0.015707801777422647,0.019712252960594867,0.0002467350366788013
87,0,0,87,0.015707801777422613,0.0269087625554012,0.0002467350366788007
88,0,1,88,0.015707801777422592,0.0328508658818667,0.0002467350366788
89,0,1,89,0.015707801777422564,0.04523484741017558,0.0002467350366787991
90,0,1,90,0.015707801777422606,0.03433493040196944,0.00024673503667880066
91,0,0,91,0.015707801777422613,0.01835789037006519,0.00024673503667880034
92,0,1,92,0.01570780177742255,0.019909185045595024,0.00024673503667879893
93,0,0,93,0.015707801777422564,0.037776801045874775,0.00024673503667879936
94,0,1,94,0.01570780177742257,0.016371303249304414,0.0002467350366787996
95,0,0,95,0.01570780177742247,0.012615448827469011,0.0002467350366787962
96,0,0,96,0.015707801777422724,0.032871711374536705,0.0002467350366788037
97,0,1,97,0.015707801777422606,0.02681158473055323,0.0002467350366788007
98,0,1,98,0.015707801777422606,0.008619903236061877,0.00024673503667880023
99,0,0,99,0.015707801777422568,0.022597371722594184,0.0002467350366787989
100,0,0,100,0.015707801777422564,0.00025568230420171256,0.00024673503667879947
101,0,1,101,0.015707801777422706,0.007152956919423248,0.00024673503667880386
102,0,0,102,0.015707801777422592,0.0007222264746931661,0.00024673503667880034
103,0,1,103,0.015707801777422717,0.003563568640328141,0.00024673503667880424
104,0,0,104,0.0157078017774225,0.02196194695005982,0.00024673503667879736
105,0,0,105,0.01570780177742252,0.009216190571740723,0.0002467350366787975
106,0,1,106,0.015707801777422602,0.05025380377890509,0.00024673503667880056
107,0,0,107,0.01570780177742259,0.0014494898455321703,0.00024673503667880007
108,0,0,108,0.01570780177742281,0.03217046269670032,0.00024673503667880554
109,0,1,109,0.015707801777422477,0.030895501619883525,0.0002467350366787966
110,0,1,110,0.015707801777422658,0.00503662069195876,0.00024673503667880256
111,0,1,111,0.01570780177742279,0.051931048918804734,0.00024673503667880646
112,0,1,112,0.01570780177742268,0.0009646100736824259,0.00024673503667880294
113,0,0,113,0.015707801777422578,0.0055851079905284845,0.00024673503667879996
114,0,1,114,0.015707801777422647,0.03063713047093586,0.0002467350366788019
115,0,1,115,0.01570780177742274,0.012805910875737236,0.00024673503667880305
116,0,0,116,0.015707801777422578,0.048327270473598416,0.0002467350366787999
117,0,1,117,0.01570780177742269,0.01172638739418097,0.0002467350366788032
118,0,0,118,0.01570780177742269,0.004849017204706096,0.00024673503667880343
119,0,1,119,0.015707801777422595,0.05517705616319968,0.0002467350366788004
120,0,1,120,0.01570780177742259,0.013635061518990632,0.0002467350366788001
121,0,1,121,0.015707801777422686,0.011795113590771011,0.00024673503667880245
122,0,1,122,0.015707801777422755,0.018154891753472846,0.0002467350366788054
123,0,0,123,0.01570780177742268,0.013338633272788059,0.0002467350366788031
124,0,0,124,0.01570780177742275,0.036721342995975625,0.0002467350366788053
125,0,1,125,0.015707801777422644,0.005993063817363975,0.00024673503667880197
126,0,1,126,0.015707801777422543,0.04320973124629868,0.00024673503667879877
127,0,0,127,0.015707801777422637,0.004927316676811566,0.00024673503667880186
128,0,0,128,0.015707801777422665,0.002721826056290233,0.0002467350366788026
129,0,1,129,0.01570780177742259,0.00805262447627797,0.0002467350366787999
130,0,0,130,0.01570780177742265,0.04479588158075387,0.0002467350366788019
131,0,0,131,0.015707801777422703,0.014831794259821507,0.00024673503667880327
132,0,1,132,0.015707801777422606,0.0008997676220769968,0.00024673503667880007
133,0,0,133,0.015707801777422665,0.013816058758711725,0.0002467350366788026
134,0,1,134,0.015707801777422568,0.030300881179314176,0.0002467350366787989
135,0,0,135,0.015707801777422613,0.014760822145849395,0.00024673503667880104
136,0,1,136,0.01570780177742275,0.00926429554594721,0.00024673503667880495
137,0,0,137,0.0157078017774226,0.00026831878741928605,0.0002467350366787999
138,0,1,138,0.015707801777422568,0.032166643123600736,0.0002467350366787998
139,0,1,139,0.01570780177742269,0.04436740027514574,0.0002467350366788031
140,0,0,140,0.01570780177742258,0.021934420516253675,0.00024673503667879996
141,0,0,141,0.015707801777422533,0.0008121738138390233,0.0002467350366787984
142,0,1,142,0.01570780177742259,0.02630289152476121,0.0002467350366788
143,0,1,143,0.015707801777422606,0.013772199622968662,0.0002467350366788007
144,0,0,144,0.01570780177742267,0.006486397141291178,0.0002467350366788026
145,0,1,145,0.01570780177742259,0.020923926224942768,0.00024673503667879996
146,0,0,146,0.015707801777422592,0.006998195189566708,0.00024673503667880034
147,0,0,147,0.015707801777422578,0.05911855388578774,0.00024673503667879985
148,0,1,148,0.015707801777422523,0.026536953332495394,0.00024673503667879806
149,0,1,149,0.015707801777422703,0.02067482047222491,0.00024673503667880354
150,0,1,150,0.015707801777422693,0.0007379815347304253,0.00024673503667880343
151,0,0,151,0.015707801777422526,0.03603597748556586,0.00024673503667879844
152,0,0,152,0.01570780177742265,0.002999433997655787,0.000246735036678802
153,0,0,153,0.015707801777422724,0.016007054052157743,0.0002467350366788042
154,0,0,154,0.015707801777422623,0.05607621625251147,0.0002467350366788013
155,0,1,155,0.015707801777422654,0.02829452440705582,0.0002467350366788018
156,0,0,156,0.01570780177742256,0.05407188388803874,0.0002467350366787992
157,0,1,157,0.015707801777422554,0.026944414787844817,0.0002467350366787991
158,0,1,158,0.015707801777422696,0.016088297827139608,0.0002467350366788027
159,0,0,159,0.015707801777422602,0.05591174487855033,0.0002467350366788004
160,0,1,160,0.015707801777422675,0.015717782093940147,0.00024673503667880294
161,0,1,161,0.015707801777422585,0.003465208483415805,0.00024673503667880007
162,0,1,162,0.015707801777422557,0.015894383200326878,0.0002467350366787991
163,0,1,163,0.015707801777422703,0.005646192943227102,0.0002467350366788036
164,0,1,164,0.015707801777422585,0.030431284581009077,0.0002467350366788002
165,0,1,165,0.01570780177742259,0.014094939771603952,0.0002467350366788001
166,0,0,166,0.015707801777422564,0.01441366509182701,0.0002467350366787995
167,0,1,167,0.0157078017774226,0.02592889064134729,0.0002467350366788005
168,0,0,168,0.015707801777422727,0.032874126050451924,0.00024673503667880473
169,0,0,169,0.01570780177742257,0.045060437272653964,0.0002467350366787996
170,0,1,170,0.015707801777422724,0.0006506096908079628,0.0002467350366788044
171,0,0,171,0.01570780177742257,0.05467339311087427,0.0002467350366787996
172,0,0,172,0.01570780177742257,0.005804753831553544,0.0002467350366787994
173,0,0,173,0.015707801777422585,0.008044586823105826,0.00024673503667880007
174,0,1,174,0.01570780177742261,0.0036334398398655543,0.00024673503667880077
175,0,1,175,0.01570780177742259,0.0021341418292810665,0.0002467350366788003
176,0,0,176,0.015707801777422623,0.00600259138878334,0.00024673503667880066
177,0,0,177,0.015707801777422568,0.027575365623315973,0.00024673503667879963
178,0,1,178,0.01570780177742257,0.02377166173050682,0.00024673503667879963
179,0,0,179,0.015707801777422564,0.061866366415213925,0.0002467350366787994
180,0,0,180,0.01570780177742259,0.04091755836923161,0.0002467350366787998
181,0,1,181,0.01570780177742258,0.0002525908232227092,0.00024673503667880007
182,0,0,182,0.01570780177742262,0.0015284046388877731,0.0002467350366788012
183,0,1,183,0.015707801777422568,0.060258640849508716,0.0002467350366787996
184,0,1,184,0.015707801777422658,0.004803778673249881,0.00024673503667880234
185,0,1,185,0.015707801777422693,0.02471090725611802,0.00024673503667880224
186,0,1,186,0.01570780177742267,0.0009839779242160063,0.0002467350366788028
187,0,0,187,0.015707801777422613,0.05173683285703312,0.0002467350366788007
188,0,1,188,0.015707801777422613,0.009635803300963128,0.0002467350366788007
189,0,1,189,0.01570780177742269,0.008179244129941199,0.0002467350366788034
190,0,0,190,0.015707801777422606,0.010560073221985489,0.00024673503667880077
191,0,0,191,0.01570780177742258,0.02007183564467769,0.00024673503667879985
192,0,0,192,0.015707801777422564,0.008323174845124098,0.00024673503667879963
193,0,1,193,0.015707801777422602,0.019945053448199968,0.0002467350366788006
194,0,0,194,0.015707801777422675,0.01102399955944966,0.0002467350366788029
195,0,0,195,0.015707801777422547,0.03816156350534228,0.0002467350366787988
196,0,0,196,0.015707801777422634,0.0004329228224153447,0.0002467350366788016
197,0,1,197,0.01570780177742272,0.00012746640711042666,0.00024673503667880446
198,0,0,198,0.015707801777422713,0.019069520250052152,0.00024673503667880424
199,0,0,199,0.015707801777422727,0.02172391753614855,0.00024673503667880386
200,0,1,200,0.01570780177742277,0.056191203856251315,0.0002467350366788059
201,0,1,201,0.015707801777422713,0.01779265492938409,0.0002467350366788041
202,0,0,202,0.015707801777422634,0.0107548623844681,0.00024673503667880137
203,0,1,203,0.015707801777422613,0.03311164077781681,0.00024673503667880094
204,0,0,204,0.01570780177742269,0.004666151512587646,0.00024673503667880327
205,0,0,205,0.015707801777422557,0.03157919165586187,0.0002467350366787988
206,0,0,206,0.015707801777422693,0.000466458879722742,0.00024673503667880267
207,0,0,207,0.015707801777422568,0.01425057253584594,0.00024673503667879936
208,0,1,208,0.015707801777422613,0.029238710048958172,0.00024673503667880094
209,0,0,209,0.015707801777422762,0.03616772571946303,0.00024673503667880576
210,0,0,210,0.015707801777422606,0.03827141210241369,0.00024673503667880007
211,0,0,211,0.01570780177742277,0.022339236843089028,0.00024673503667880587
212,0,0,212,0.01570780177742257,0.05696208676892178,0.00024673503667879974
213,0,1,213,0.015707801777422578,0.00383033042801173,0.0002467350366788
214,0,0,214,0.01570780177742253,0.00553689477025493,0.00024673503667879844
215,0,0,215,0.01570780177742263,0.04979741137286231,0.0002467350366788012
216,0,0,216,0.01570780177742251,0.008530196045050897,0.0002467350366787975
217,0,1,217,0.015707801777422693,0.00716594961507977,0.0002467350366788033
218,0,0,218,0.015707801777422675,0.0008714343703051797,0.00024673503667880294
219,0,1,219,0.01570780177742267,0.03101543747737301,0.00024673503667880224
220,0,0,220,0.01570780177742258,0.02378493203829371,0.00024673503667879996
221,0,1,221,0.01570780177742262,0.05529874363861964,0.00024673503667880115
222,0,1,222,0.015707801777422547,0.00895736881250217,0.00024673503667879893
223,0,0,223,0.01570780177742252,0.04597863396366941,0.000246735036678798
224,0,0,224,0.015707801777422627,0.037161548695378244,0.00024673503667880115
225,0,1,225,0.01570780177742259,0.039207927495577166,0.00024673503667880023
226,0,1,226,0.01570780177742276,0.023812477583549096,0.0002467350366788054
227,0,1,227,0.015707801777422585,0.0027537198576055646,0.00024673503667880007
228,0,1,228,0.01570780177742266,0.057506921466808913,0.00024673503667880245
229,0,0,229,0.0157078017774226,0.003787130646601966,0.0002467350366788002
230,0,0,230,0.015707801777422776,0.024519730031421272,0.00024673503667880603
231,0,1,231,0.015707801777422675,0.030593478486691028,0.0002467350366788016
232,0,0,232,0.015707801777422703,0.03891278526563102,0.0002467350366788038
233,0,0,233,0.015707801777422592,0.059768862191544536,0.0002467350366788003
234,0,1,234,0.01570780177742261,0.010254330731861216,0.00024673503667880023
235,0,0,235,0.015707801777422675,0.015543659595040893,0.000246735036678803
236,0,1,236,0.015707801777422793,0.010613212340114364,0.00024673503667880636
237,0,1,237,0.015707801777422585,0.013009645225511013,0.00024673503667879963
238,0,0,238,0.015707801777422647,0.04438623897616889,0.000246735036678802
239,0,0,239,0.015707801777422765,0.02843171782554621,0.0002467350366788056
240,0,1,240,0.01570780177742262,0.01610770562033642,0.0002467350366788008
241,0,0,241,0.01570780177742262,0.008804771300900127,0.00024673503667880126
242,0,1,242,0.01570780177742259,0.06211761293504442,0.0002467350366788002
243,0,1,243,0.01570780177742255,0.0153973528856155,0.000246735036678799
244,0,0,244,0.015707801777422557,0.03883277466501456,0.00024673503667879925
245,0,1,245,0.01570780177742258,0.025919992231673385,0.00024673503667879996
246,0,1,246,0.015707801777422606,0.04721082788525721,0.0002467350366788008
247,0,1,247,0.015707801777422706,0.005109350656667955,0.00024673503667880294
248,0,1,248,0.015707801777422682,0.005944616309773831,0.00024673503667880316
249,0,0,249,0.015707801777422595,0.05774703079409982,0.00024673503667880034
250,0,0,250,0.015707801777422755,2.8450398429179583e-05,0.00024673503667880543
251,0,0,251,0.015707801777422706,0.012041033181843908,0.00024673503667880386
252,0,0,252,0.015707801777422568,0.023706189789428844,0.00024673503667879904
253,0,1,253,0.01570780177742257,0.05752557727716057,0.00024673503667879985
254,0,1,254,0.01570780177742259,0.032772592349502805,0.00024673503667879996
255,0,0,255,0.015707801777422748,0.027716480626216233,0.0002467350366788051
256,0,0,256,0.015707801777422557,0.023665168053335517,0.000246735036678799
257,0,1,257,0.015707801777422693,0.009856400468556514,0.0002467350366788034
258,0,1,258,0.015707801777422713,0.030969180753866787,0.00024673503667880397
259,0,0,259,0.01570780177742267,0.012770502847549547,0.0002467350366788028
260,0,0,260,0.0157078017774227,0.0323981961917692,0.00024673503667880375
261,0,1,261,0.01570780177742258,0.0011275620493439997,0.00024673503667880007
262,0,0,262,0.01570780177742278,0.0008569304847225179,0.00024673503667880614
263,0,0,263,0.015707801777422734,0.008685210382667563,0.0002467350366788042
264,0,0,264,0.015707801777422783,0.03082505655991241,0.000246735036678806
265,0,0,265,0.015707801777422592,0.039200541025614266,0.00024673503667879996
266,0,1,266,0.015707801777422484,0.01309125040147524,0.0002467350366787969
267,0,0,267,0.015707801777422627,0.048317308577598084,0.00024673503667880137
268,0,0,268,0.015707801777422658,0.005884521285429933,0.00024673503667880245
269,0,0,269,0.01570780177742257,0.0009775484077043442,0.00024673503667879974
270,0,0,270,0.01570780177742266,0.005049126754776423,0.00024673503667880234
271,0,1,271,0.01570780177742271,0.05397281322719594,0.000246735036678804
272,0,1,272,0.015707801777422793,0.025673233051594746,0.0002467350366788085
273,0,1,273,0.015707801777422634,0.019179949758018067,0.0002467350366788017
274,0,1,274,0.015707801777422623,0.043352147726760215,0.0002467350366788012
275,0,0,275,0.015707801777422613,0.05055683968041169,0.0002467350366788006
276,0,1,276,0.01570780177742258,0.025388263655024917,0.0002467350366787998
277,0,0,277,0.015707801777422665,0.0015984970043387836,0.00024673503667880256
278,0,1,278,0.015707801777422696,0.019884561474627027,0.0002467350366788036
279,0,1,279,0.01570780177742256,0.0013840942622882178,0.0002467350366787993
280,0,1,280,0.01570780177742259,0.048420659989929504,0.00024673503667879985
281,0,1,281,0.015707801777422578,0.042419512110743934,0.00024673503667879985
282,0,0,282,0.01570780177742259,0.01815645677892741,0.0002467350366788003
283,0,1,283,0.015707801777422606,0.0599703202210875,0.0002467350366788008
284,0,0,284,0.015707801777422675,0.0014383381185194555,0.0002467350366788028
285,0,1,285,0.015707801777422713,0.03095414377561667,0.0002467350366788041
286,0,0,286,0.015707801777422557,0.017585226599763026,0.00024673503667879866
287,0,0,287,0.01570780177742243,0.05219897737477863,0.0002467350366787952
288,0,0,288,0.015707801777422523,0.02686206464065699,0.0002467350366787983
289,0,1,289,0.015707801777422554,0.0157707756660172,0.00024673503667879925
290,0,1,290,0.015707801777422654,0.012238445641225226,0.00024673503667880224
291,0,1,291,0.01570780177742258,0.0628113753210871,0.0002467350366787999
292,0,1,292,0.015707801777422703,0.043546036392036136,0.00024673503667880386
293,0,0,293,0.01570780177742259,0.017542307870991147,0.0002467350366788001
294,0,0,294,0.015707801777422627,0.007394190990496097,0.00024673503667880137
295,0,0,295,0.01570780177742263,0.020325703732373857,0.0002467350366788015
296,0,0,296,0.015707801777422564,0.027866831376869516,0.0002467350366787993
297,0,0,297,0.015707801777422727,0.049498340018703235,0.00024673503667880457
298,0,0,298,0.015707801777422523,0.023186438591541236,0.000246735036678798
299,0,0,299,0.015707801777422772,0.023618362164593343,0.00024673503667880576
300,0,0,300,0.01570780177742257,0.011871634682165677,0.00024673503667879915
301,0,0,301,0.01570780177742269,0.00047241305192269323,0.0002467350366788028
302,0,0,302,0.01570780177742252,0.03798645038857207,0.00024673503667879763
303,0,0,303,0.015707801777422578,0.0019352693024065615,0.0002467350366787998
304,0,0,304,0.01570780177742256,0.04981787133534521,0.00024673503667879925
305,0,1,305,0.015707801777422616,0.02278794738931289,0.0002467350366788006
306,0,1,306,0.01570780177742267,0.01648919474628574,0.0002467350366788026
307,0,0,307,0.015707801777422526,0.004148134562022454,0.00024673503667879817
308,0,0,308,0.015707801777422717,0.0017508602398776663,0.000246735036678804
309,0,1,309,0.015707801777422578,0.05150614053194791,0.00024673503667879925
310,0,1,310,0.015707801777422616,0.016078485025308176,0.000246735036678801
311,0,1,311,0.01570780177742255,0.01550357874186803,0.00024673503667879866
312,0,1,312,0.015707801777422665,0.025940038330801496,0.00024673503667880267
313,0,1,313,0.01570780177742253,0.013215507396730608,0.00024673503667879833
314,0,1,314,1.9999383152895795,7.870118852042353,0.00024673503667880766
315,0,0,315,0.015707801777422724,0.0015786046215865157,0.0002467350366788046
316,0,1,316,0.015707801777422547,0.014721958763715182,0.0002467350366787989
317,0,1,317,0.015707801777422568,0.03182700226978863,0.00024673503667879947
318,0,1,318,0.01570780177742272,0.03776762434630854,0.0002467350366788042
319,0,0,319,0.01570780177742256,0.0006343659035968341,0.00024673503667879936
320,0,0,320,0.01570780177742256,0.03384158534356879,0.00024673503667879936
321,0,1,321,0.015707801777422568,0.009397354253204204,0.000246735036678799
322,0,1,322,0.01570780177742259,0.024000585391557916,0.0002467350366788003
323,0,1,323,0.015707801777422592,0.02610300245481878,0.0002467350366788003
324,0,0,324,0.015707801777422637,0.031672211585159094,0.00024673503667880175
325,0,0,325,0.015707801777422585,0.048072816940273655,0.0002467350366787999
326,0,0,326,0.01570780177742264,0.033324683209583705,0.0002467350366788018
327,0,0,327,0.015707801777422738,0.014996428035515041,0.0002467350366788039
328,0,1,328,0.01570780177742273,0.0035614848489826656,0.0002467350366788029
329,0,0,329,0.015707801777422675,0.004866909634324568,0.0002467350366788025
330,0,0,330,0.015707801777422616,0.0587889991504722,0.0002467350366788011
331,0,1,331,0.015707801777422703,0.02898241201265117,0.0002467350366788038
332,0,0,332,0.01570780177742271,0.010754531269904444,0.000246735036678803
333,0,0,333,0.015707801777422578,0.021918316974467,0.00024673503667879963
334,0,1,334,0.015707801777422505,0.006595439124541455,0.0002467350366787976
335,0,0,335,0.015707801777422627,0.02135691439925924,0.0002467350366788014
336,0,1,336,0.0157078017774228,0.0475541566421942,0.0002467350366788071
337,0,0,337,0.015707801777422602,0.03331713720892382,0.00024673503667880056
338,0,0,338,0.015707801777422654,0.0272869740737951,0.00024673503667880164
339,0,1,339,0.015707801777422505,0.035064617102099405,0.00024673503667879774
340,0,1,340,0.01570780177742261,0.048256867773450285,0.0002467350366788009
341,0,1,341,0.01570780177742258,0.0615347773009155,0.0002467350366787998
342,0,1,342,0.015707801777422502,0.03353951140603728,0.00024673503667879736
343,0,1,343,0.0157078017774226,0.003501527498107837,0.00024673503667880023
344,0,0,344,0.015707801777422703,0.005377191823985106,0.0002467350366788029
345,0,0,345,0.01570780177742258,0.03556374988226607,0.00024673503667879947
346,0,0,346,0.015707801777422554,0.0024031781955612536,0.0002467350366787992
347,0,0,347,0.01570780177742261,0.005572283253940324,0.0002467350366788006
348,0,0,348,0.015707801777422543,0.01443083814621493,0.0002467350366787987
349,0,1,349,0.015707801777422682,0.007795027249140496,0.00024673503667880316
350,0,0,350,0.015707801777422613,0.01733560033489434,0.0002467350366788008
351,0,1,351,0.015707801777422613,0.05151007623576276,0.0002467350366788008
352,0,0,352,0.015707801777422557,0.0387545334440611,0.0002467350366787991
353,0,1,353,0.01570780177742275,0.011377953637859983,0.00024673503667880516
354,0,0,354,0.01570780177742257,0.0009181781647091113,0.00024673503667879985
355,0,1,355,0.015707801777422592,0.051072445503546615,0.0002467350366788003
356,0,1,356,0.015707801777422606,0.03613034037481122,0.00024673503667880034
357,0,1,357,0.015707801777422585,0.014802851855458155,0.0002467350366787998
358,0,1,358,0.01570780177742254,0.022971866329182244,0.0002467350366787986
359,0,1,359,0.015707801777422557,0.05954100095394699,0.0002467350366787992
360,0,1,360,0.01570780177742273,0.024231400068084774,0.0002467350366788047
361,0,1,361,0.015707801777422516,0.054020494160032184,0.00024673503667879785
362,0,1,362,0.015707801777422568,0.034003365175827804,0.0002467350366787994
363,0,0,363,0.015707801777422585,0.0014382328120721155,0.0002467350366788
364,0,0,364,0.015707801777422578,0.0031885936135895854,0.00024673503667879985
365,0,1,365,0.01570780177742254,0.0029743900941893164,0.0002467350366787986
366,0,0,366,0.01570780177742256,0.00803765985157312,0.0002467350366787993
367,0,0,367,0.01570780177742254,0.02508004569573352,0.00024673503667879866
368,0,0,368,0.015707801777422654,0.04215016115816628,0.000246735036678802
369,0,0,369,0.01570780177742256,0.017590232410319206,0.00024673503667879936
370,0,1,370,0.01570780177742266,0.022804061457720515,0.00024673503667880197
371,0,0,371,0.01570780177742258,0.035413429456724765,0.0002467350366787992
372,0,1,372,0.015707801777422595,0.041400508627909005,0.0002467350366788003
373,0,1,373,0.01570780177742267,0.0034304259178488117,0.00024673503667880283
374,0,1,374,0.015707801777422658,0.010132101753573153,0.00024673503667880213
375,0,0,375,0.015707801777422703,0.030210676985244156,0.00024673503667880375
376,0,0,376,0.015707801777422564,0.02358915455586086,0.0002467350366787992
377,0,0,377,0.015707801777422634,0.02493743379678004,0.00024673503667880153
378,0,0,378,0.015707801777422654,0.03593200861639545,0.0002467350366788025
379,0,1,379,0.01570780177742269,0.05122825988701152,0.0002467350366788034
380,0,1,380,0.015707801777422568,0.006738121653009799,0.00024673503667879947
381,0,1,381,0.015707801777422585,0.03308739409632791,0.0002467350366788001
382,0,0,382,0.015707801777422564,0.026045019716525175,0.0002467350366787994
383,0,1,383,0.01570780177742264,0.000666228699774174,0.0002467350366788017
384,0,0,384,0.015707801777422682,0.030350222903462676,0.000246735036678803
385,0,0,385,0.01570780177742261,0.037619385227462,0.00024673503667880066
386,0,1,386,0.015707801777422634,0.047028295679833576,0.0002467350366788014
387,0,0,387,0.015707801777422516,0.007163047952273294,0.00024673503667879763
388,0,0,388,0.015707801777422578,0.037406641333401325,0.00024673503667879974
389,0,0,389,0.0157078017774226,0.002938343325621151,0.00024673503667880045
390,0,1,390,0.015707801777422686,0.012446246035552999,0.00024673503667880327
391,0,0,391,0.01570780177742284,0.0004110601409197147,0.0002467350366788081
392,0,1,392,0.01570780177742258,0.05979588027830209,0.0002467350366787999
393,0,1,393,0.015707801777422578,0.018452939685617606,0.00024673503667879974
394,0,1,394,0.015707801777422672,0.052305612997118445,0.00024673503667880294
395,0,1,395,0.015707801777422602,0.04421581933813323,0.00024673503667880066
396,0,1,396,0.015707801777422727,0.009295549935193659,0.00024673503667880446
397,0,1,397,0.01570780177742256,0.016498927745980524,0.000246735036678799
398,0,1,398,0.015707801777422613,0.04012955092556947,0.0002467350366788009
399,0,1,399,0.015707801777422578,0.002964976180021582,0.0002467350366787998
400,0,1,400,0.01570780177742273,0.005719351739681355,0.00024673503667880457
401,0,0,401,0.015707801777422568,0.04402137965432251,0.00024673503667879915
402,0,1,402,0.01570780177742257,0.03708715360150694,0.0002467350366787997
403,0,1,403,0.01570780177742274,0.035682114439207435,0.000246735036678805
404,0,1,404,0.01570780177742257,0.051128434421797306,0.0002467350366787998
405,0,1,405,0.015707801777422554,0.024186145312578233,0.00024673503667879904
406,0,1,406,0.015707801777422543,0.02126078778638929,0.00024673503667879877
407,0,1,407,0.01570780177742257,0.05002002909596136,0.00024673503667879985
408,0,1,408,0.015707801777422727,0.026621894728854123,0.0002467350366788044
409,0,1,409,0.01570780177742264,0.028242286467609734,0.0002467350366788019
410,0,1,410,0.015707801777422585,0.06231364784647071,0.00024673503667879996
411,0,1,411,0.01570780177742254,0.009049481107688162,0.00024673503667879844
412,0,1,412,0.015707801777422665,0.012547201112183881,0.0002467350366788024
413,0,0,413,0.015707801777422554,0.05956576152669513,0.0002467350366787991
414,0,0,414,0.015707801777422547,0.05255167184680243,0.000246735036678799
415,0,0,415,0.01570780177742279,0.00494393906012891,0.000246735036678806
416,0,0,416,0.01570780177742257,0.05732946967192337,0.00024673503667879974
417,0,1,417,0.015707801777422696,0.05097294999518809,0.0002467350366788036
418,0,1,418,0.01570780177742267,0.001214495458747411,0.0002467350366788027
419,0,0,419,0.015707801777422585,0.0029727037427023095,0.0002467350366788
420,0,1,420,0.015707801777422682,0.003935717687251539,0.00024673503667880316
421,0,1,421,0.01570780177742266,0.045088553183751934,0.0002467350366788025
422,0,1,422,0.015707801777422613,0.025342538319158003,0.0002467350366788003
423,0,1,423,0.015707801777422578,0.008482612669020728,0.0002467350366787993
424,0,1,424,0.015707801777422627,0.03165620211734632,0.000246735036678801
425,0,0,425,0.01570780177742282,0.04318427981748174,0.00024673503667880755
426,0,1,426,0.015707801777422592,0.056076855639677514,0.00024673503667880023
427,0,1,427,0.015707801777422578,0.017334969443329573,0.00024673503667879996
428,0,0,428,0.015707801777422644,0.05926891276180846,0.0002467350366788019
429,0,0,429,0.015707801777422672,0.015735811367243224,0.00024673503667880267
430,0,1,430,0.01570780177742257,0.06134580124495048,0.0002467350366787997
431,0,0,431,0.015707801777422724,0.02005467433724739,0.00024673503667880397
432,0,0,432,0.015707801777422595,0.013805997785024726,0.0002467350366788004
433,0,0,433,0.015707801777422686,0.01992488368871248,0.00024673503667880256
434,0,0,434,0.015707801777422568,0.03217278076592134,0.0002467350366787996
435,0,1,435,0.01570780177742265,0.010511247635250687,0.00024673503667880213
436,0,1,436,0.01570780177742269,0.0070458237158004255,0.00024673503667880256
437,0,0,437,0.015707801777422762,0.035461774942102675,0.00024673503667880543
438,0,1,438,0.015707801777422665,0.011111402130441483,0.0002467350366788026
439,0,1,439,0.01570780177742257,0.0003106204885298322,0.0002467350366787997
440,0,1,440,0.015707801777422654,0.008128030738102865,0.0002467350366788023
441,0,1,441,0.01570780177742273,0.018425267401157797,0.0002467350366788047
442,0,0,442,0.015707801777422658,0.009158125489160174,0.0002467350366788024
443,0,1,443,0.01570780177742262,0.0175289756724184,0.0002467350366788011
444,0,1,444,0.01570780177742261,0.04033136463444609,0.00024673503667880023
445,0,0,445,0.015707801777422585,0.007357565407253033,0.0002467350366788
446,0,0,446,0.015707801777422512,0.05632289051846273,0.0002467350366787978
447,0,1,447,0.01570780177742274,0.024772924298445798,0.00024673503667880495
448,0,0,448,0.015707801777422693,0.046518552641977795,0.00024673503667880343
449,0,0,449,0.015707801777422675,0.00612148297767634,0.0002467350366788029
450,0,1,450,0.015707801777422654,0.011294856818611532,0.00024673503667880197
451,0,0,451,0.01570780177742269,0.051566973320722465,0.00024673503667880327
452,0,1,452,0.015707801777422557,0.002043316982552945,0.00024673503667879925
453,0,1,453,0.01570780177742257,0.0624359974128012,0.0002467350366787997
454,0,0,454,0.015707801777422762,0.005311072441945952,0.0002467350366788049
455,0,0,455,0.01570780177742272,0.01708961939751452,0.000246735036678804
456,0,1,456,0.015707801777422658,0.00013821328454208942,0.0002467350366788025
457,0,1,457,0.015707801777422547,0.044372008952021647,0.0002467350366787988
458,0,0,458,0.015707801777422585,0.05482340024464755,0.00024673503667880007
459,0,1,459,0.015707801777422717,0.020895304060338127,0.00024673503667880397
460,0,1,460,0.0157078017774226,0.003206508694356458,0.00024673503667880007
461,0,0,461,0.015707801777422623,0.0029044908238550354,0.00024673503667880126
462,0,0,462,0.015707801777422623,0.011448258439140435,0.00024673503667880126
463,0,1,463,0.01570780177742262,0.01694687084812907,0.00024673503667880077
464,0,0,464,0.015707801777422706,0.0017414584143023992,0.00024673503667880397
465,0,0,465,0.015707801777422564,0.01881857465016301,0.00024673503667879947
466,0,1,466,0.015707801777422557,0.01157309494577241,0.00024673503667879877
467,0,1,467,0.01570780177742258,0.0280755001821514,0.0002467350366788
468,0,1,468,0.015707801777422762,0.040527485002735286,0.0002467350366788057
469,0,1,469,0.015707801777422592,0.04374418156611787,0.0002467350366788
470,0,0,470,0.015707801777422564,0.0013666387165491185,0.0002467350366787994
471,0,0,471,0.01570780177742257,0.058379792002807074,0.0002467350366787996
472,0,1,472,0.015707801777422686,0.01703048746140201,0.00024673503667880245
473,0,0,473,0.015707801777422568,0.02357313270863981,0.0002467350366787994
474,0,0,474,0.015707801777422592,0.018068994994676253,0.0002467350366788
475,0,1,475,0.015707801777422713,0.007166484690051433,0.00024673503667880245
476,0,1,476,0.01570780177742256,0.05294935090232,0.0002467350366787992
477,0,0,477,0.01570780177742255,0.05604634396328234,0.000246735036678799
478,0,1,478,0.015707801777422585,0.0030313305329205953,0.0002467350366788001
479,0,0,479,0.015707801777422672,0.00215998007237328,0.0002467350366788029
480,0,0,480,0.015707801777422578,0.0535574280248593,0.00024673503667879974
481,0,1,481,0.015707801777422637,0.03917393422532367,0.0002467350366788014
482,0,0,482,0.01570780177742257,0.02059742177956303,0.00024673503667879947
483,0,0,483,0.01570780177742263,0.028576207203523496,0.00024673503667880153
484,0,1,484,0.015707801777422526,0.05399685035336499,0.00024673503667879817
485,0,0,485,0.01570780177742268,0.04173288811049147,0.00024673503667880305
486,0,0,486,0.01570780177742266,0.010345031743145938,0.00024673503667880175
487,0,1,487,0.015707801777422505,0.03871821729880276,0.0002467350366787968
488,0,0,488,0.01570780177742263,0.013563823224131966,0.00024673503667880094
489,0,0,489,0.015707801777422703,0.03309428318645802,0.00024673503667880305
490,0,0,490,0.015707801777422637,0.022367638120334044,0.0002467350366788009
491,0,0,491,0.015707801777422564,0.005280059234155116,0.00024673503667879947
492,0,0,492,0.01570780177742262,0.05308781820669117,0.0002467350366788011
493,0,1,493,0.01570780177742268,0.0009314150133135635,0.00024673503667880294
494,0,1,494,0.01570780177742268,0.03534464659666603,0.00024673503667880316
495,0,1,495,0.01570780177742269,0.006247099900725583,0.00024673503667880267
496,0,0,496,0.01570780177742257,0.006881954908889654,0.00024673503667879963
497,0,1,497,0.01570780177742271,0.0051410837102113804,0.00024673503667880386
498,0,0,498,0.015707801777422585,0.002150480230584381,0.0002467350366788002
499,0,1,499,0.01570780177742258,0.02397218326892564,0.0002467350366787998
500,0,1,500,0.015707801777422627,0.007089193380446196,0.0002467350366788013
501,0,0,501,0.015707801777422665,0.011728783005310106,0.00024673503667880256
502,0,0,502,0.015707801777422564,0.058945147570830914,0.0002467350366787993
503,0,1,503,0.015707801777422703,0.037867035661749426,0.00024673503667880375
504,0,1,504,0.01570780177742265,0.0007015352762305138,0.0002467350366788021
505,0,1,505,0.015707801777422706,0.04442926877692566,0.00024673503667880397
506,0,1,506,0.015707801777422686,0.00865174619570741,0.00024673503667880327
507,0,1,507,0.01570780177742267,0.001131723578081556,0.0002467350366788027
508,0,0,508,0.015707801777422595,0.028234085609806114,0.0002467350366787998
509,0,1,509,0.015707801777422595,0.06153068657364724,0.00024673503667880034
510,0,1,510,0.015707801777422724,0.0024073403005593352,0.0002467350366788045
511,0,0,511,0.015707801777422578,0.047267094961902956,0.00024673503667879996
512,0,0,512,0.015707801777422665,0.004323852528138161,0.00024673503667880234
513,0,1,513,0.01570780177742254,0.03154509255945914,0.0002467350366787988
514,0,0,514,0.01570780177742269,0.023031956898749817,0.0002467350366788029
515,0,1,515,0.015707801777422585,0.004171724869124427,0.0002467350366788
516,0,1,516,0.015707801777422547,0.009792808792559116,0.0002467350366787989
517,0,0,517,0.015707801777422564,0.016057191174767393,0.00024673503667879904
518,0,0,518,0.015707801777422738,0.032595627142144146,0.000246735036678804
519,0,1,519,0.015707801777422595,0.0019493283414925983,0.0002467350366788004
520,0,1,520,0.015707801777422696,0.029862622808500827,0.0002467350366788036
521,0,0,521,0.01570780177742258,0.03919347553338581,0.0002467350366787998
522,0,1,522,0.01570780177742273,0.012342665980126899,0.00024673503667880457
523,0,1,523,0.015707801777422696,0.031918444044531924,0.0002467350366788036
524,0,1,524,0.0157078017774226,0.010424450533419005,0.0002467350366787995
525,0,1,525,0.01570780177742265,0.004096458301258155,0.00024673503667880175
526,0,1,526,0.01570780177742273,0.037644126207765805,0.0002467350366788047
527,0,0,527,0.015707801777422665,0.0404542734495168,0.0002467350366788026
528,0,0,528,0.01570780177742267,0.04496317830247687,0.00024673503667880267
529,0,0,529,0.015707801777422637,0.009934714547556678,0.0002467350366788019
530,0,1,530,0.015707801777422595,0.018518398343998932,0.0002467350366788005
531,0,0,531,0.015707801777422797,0.00886914218631829,0.0002467350366788061
532,0,1,532,0.01570780177742268,0.010411942037527933,0.00024673503667880316
533,0,1,533,0.015707801777422592,0.014889907538075065,0.00024673503667880023
534,0,0,534,0.015707801777422682,0.0007660907054262284,0.0002467350366788032
535,0,0,535,0.01570780177742272,0.01935099798390505,0.00024673503667880435
536,0,1,536,0.015707801777422706,0.01605600803262508,0.00024673503667880375
537,0,0,537,0.015707801777422568,0.056210292267125234,0.0002467350366787996
538,0,0,538,0.01570780177742259,0.0015124118676178577,0.0002467350366788001
539,0,0,539,0.01570780177742258,0.011406521774764755,0.0002467350366787998
540,0,0,540,0.01570780177742254,0.04279653547496798,0.0002467350366787986
541,0,1,541,0.015707801777422776,0.034546059367734916,0.00024673503667880603
542,0,0,542,0.015707801777422446,0.042643282214488654,0.00024673503667879573
543,0,1,543,0.015707801777422578,0.0009798260672413406,0.0002467350366788
544,0,1,544,0.015707801777422592,0.049100912776932404,0.00024673503667880034
545,0,1,545,0.015707801777422703,0.011455100124174056,0.0002467350366788035
546,0,0,546,0.01570780177742257,0.015643399608261,0.00024673503667879974
547,0,1,547,0.015707801777422585,0.04976205637620203,0.0002467350366787999
548,0,1,548,0.015707801777422637,0.02246031671582127,0.0002467350366788017
549,0,1,549,0.015707801777422696,0.002322689043324444,0.00024673503667880354
550,0,1,550,0.01570780177742257,0.05892782282864639,0.00024673503667879936
551,0,0,551,0.01570780177742275,0.013446648584171772,0.0002467350366788042
552,0,0,552,0.01570780177742257,0.00396083952235049,0.0002467350366787993
553,0,0,553,0.015707801777422634,0.03651140805751307,0.00024673503667880164
554,0,0,554,0.015707801777422578,0.021047048667151805,0.00024673503667879963
555,0,0,555,0.015707801777422658,0.0007245798498607403,0.00024673503667880213
556,0,0,556,0.01570780177742261,0.0051382053504840375,0.0002467350366788008
557,0,1,557,0.01570780177742264,0.014061059966917644,0.0002467350366788019
558,0,1,558,0.015707801777422585,0.04313896383834018,0.00024673503667879996
559,0,0,559,0.01570780177742268,0.04184247844409539,0.00024673503667880267
560,0,0,560,0.015707801777422557,0.004457880256844571,0.0002467350366787991
561,0,1,561,0.015707801777422654,0.012008608251576902,0.00024673503667880224
562,0,1,562,0.01570780177742257,0.015611369042852985,0.00024673503667879915
563,0,0,563,0.015707801777422627,0.0031722972290223472,0.00024673503667880137
564,0,1,564,0.01570780177742273,0.00035318092001043744,0.00024673503667880457
565,0,1,565,0.015707801777422613,0.031935929239131466,0.0002467350366788009
566,0,1,566,0.015707801777422665,0.0200877071318577,0.00024673503667880256
567,0,1,567,0.01570780177742259,0.051559535088411046,0.0002467350366788002
568,0,1,568,0.01570780177742256,1.366125192814923e-05,0.00024673503667879915
569,0,0,569,0.01570780177742275,0.03858634587298804,0.0002467350366788054
570,0,1,570,0.015707801777422568,0.05017105088178431,0.00024673503667879947
571,0,0,571,0.015707801777422713,0.009363275713605956,0.00024673503667880424
572,0,0,572,0.01570780177742267,0.002084141061798883,0.00024673503667880256
573,0,1,573,0.015707801777422616,0.056799893509583255,0.00024673503667880094
574,0,1,574,0.015707801777422672,0.0031693978539193424,0.00024673503667880283
575,0,1,575,0.015707801777422682,0.012739094888352565,0.00024673503667880213
576,0,1,576,0.015707801777422564,0.03812079851220851,0.0002467350366787991
577,0,0,577,0.01570780177742257,0.011234036426664318,0.00024673503667879985
578,0,0,578,0.015707801777422585,0.05687209768654977,0.0002467350366788001
579,0,1,579,0.01570780177742264,0.01119756232316238,0.0002467350366788018
580,0,0,580,0.015707801777422578,0.04279684211566777,0.00024673503667879996
581,0,1,581,0.01570780177742268,0.009230176176632021,0.0002467350366788031
582,0,0,582,0.01570780177742258,0.05340321617514099,0.00024673503667879996
583,0,0,583,0.015707801777422672,0.01319032996122882,0.00024673503667880197
584,0,0,584,0.015707801777422585,0.06264883086479434,0.00024673503667879974
585,0,0,585,0.015707801777422703,0.04127063987133939,0.00024673503667880354
586,0,0,586,0.01570780177742268,0.03450607709969944,0.00024673503667880294
587,0,0,587,0.015707801777422717,0.04083537018318539,0.00024673503667880424
588,0,1,588,0.015707801777422592,0.011583050517183224,0.00024673503667880034
589,0,1,589,0.015707801777422592,0.002742435683104727,0.0002467350366788001
590,0,1,590,0.01570780177742261,0.05266438710128063,0.00024673503667880066
591,0,0,591,0.015707801777422623,0.04179089748092535,0.00024673503667880115
592,0,1,592,0.015707801777422602,0.056298280484270435,0.0002467350366788005
593,0,1,593,0.015707801777422568,0.004261801329171533,0.00024673503667879947
594,0,1,594,0.015707801777422675,0.003853137679663776,0.0002467350366788028
595,0,1,595,0.015707801777422547,0.024163899946476608,0.0002467350366787991
596,0,0,596,0.01570780177742258,0.05800640334165803,0.00024673503667879985
597,0,1,597,0.015707801777422623,0.04495380111470082,0.00024673503667880137
598,0,0,598,0.0157078017774226,0.004504914944000515,0.00024673503667880056
599,0,0,599,0.015707801777422727,0.030917563982779672,0.0002467350366788047
600,0,0,600,0.015707801777422682,0.010792593588035082,0.00024673503667880316
601,0,0,601,0.015707801777422686,0.008306907918522732,0.0002467350366788032
602,0,0,602,0.015707801777422568,0.035485620924030015,0.0002467350366787996
603,0,0,603,0.015707801777422672,0.006425514178599823,0.00024673503667880267
604,0,1,604,0.015707801777422706,0.0276217374382155,0.00024673503667880365
605,0,0,605,0.015707801777422637,0.020391949586976654,0.0002467350366788015
606,0,1,606,0.015707801777422686,0.02622928178003958,0.0002467350366788027
607,0,1,607,0.015707801777422616,0.03937344068082016,0.000246735036678801
608,0,1,608,0.015707801777422578,0.062432495406207114,0.00024673503667879985
609,0,1,609,0.01570780177742253,0.05288802793612346,0.00024673503667879833
610,0,0,610,0.01570780177742268,0.0012626951485414928,0.000246735036678803
611,0,1,611,0.01570780177742258,0.061489023180950175,0.0002467350366787998
612,0,0,612,0.015707801777422557,0.051712767500600165,0.00024673503667879904
613,0,1,613,0.015707801777422672,0.014946064843753049,0.0002467350366788028
614,0,0,614,0.015707801777422543,0.05118271843632316,0.00024673503667879855
615,0,0,615,0.015707801777422592,0.02425508131306664,0.00024673503667880023
616,0,0,616,0.01570780177742271,0.03464704519768835,0.00024673503667880397
617,0,0,617,0.015707801777422592,0.00805890988634328,0.00024673503667879985
618,0,1,618,0.015707801777422658,0.00387347801270449,0.00024673503667880234
619,0,1,619,0.015707801777422557,0.057899617838176765,0.00024673503667879904
620,0,0,620,0.015707801777422696,0.05067989671003481,0.00024673503667880316
621,0,1,621,0.015707801777422585,0.02844786450793342,0.00024673503667880007
622,0,1,622,0.015707801777422682,0.017395653201670913,0.00024673503667880316
623,0,1,623,0.015707801777422453,0.05200723633123383,0.00024673503667879595
624,0,1,624,0.015707801777422672,0.00263344573430091,0.0002467350366788029
625,0,1,625,0.015707801777422602,0.027293735563695964,0.0002467350366787999
626,0,1,626,0.0157078017774226,0.0004059950762743958,0.0002467350366788005
627,0,0,627,0.015707801777422606,0.06139957084728176,0.00024673503667880066
628,0,0,628,0.01570780177742257,0.003439101899718189,0.0002467350366787997
629,0,1,629,0.01570780177742258,0.010165651291568462,0.00024673503667879996
630,0,1,630,0.015707801777422585,0.05996881920290986,0.00024673503667880007
631,0,0,631,0.015707801777422516,0.001784240287701716,0.0002467350366787978
632,0,1,632,0.015707801777422686,0.044636535075418426,0.0002467350366788035
633,0,0,633,0.015707801777422585,0.04424348490526164,0.00024673503667879985
634,0,1,634,0.015707801777422762,0.02835032095795187,0.0002467350366788056
635,0,1,635,0.015707801777422703,0.015215022667414146,0.0002467350366788037
636,0,1,636,0.0157078017774226,0.03870046738937427,0.00024673503667880066
637,0,1,637,0.01570780177742262,0.013791230891030404,0.0002467350366788009
638,0,0,638,0.0157078017774227,0.0004765720205955615,0.00024673503667880375
639,0,1,639,0.015707801777422595,0.04056611540759736,0.00024673503667880045
640,0,0,640,0.01570780177742255,0.005545761319385278,0.00024673503667879904
641,0,0,641,0.01570780177742257,0.03951198198596062,0.0002467350366787995
642,0,0,642,0.015707801777422693,0.04300408137243572,0.00024673503667880343
643,0,0,643,0.01570780177742261,0.023086980178755878,0.0002467350366788002
644,0,0,644,0.01570780177742275,0.03754148181145078,0.00024673503667880527
645,0,1,645,0.015707801777422568,0.051256997138189986,0.0002467350366787996
646,0,1,646,0.01570780177742258,0.023758065643967985,0.00024673503667879985
647,0,1,647,0.01570780177742258,0.0003989759465352627,0.0002467350366787999
648,0,0,648,0.015707801777422623,0.02543893121076979,0.0002467350366788
649,0,1,649,0.01570780177742254,0.058117451516987884,0.00024673503667879866
650,0,0,650,0.01570780177742273,0.04050735442619624,0.0002467350366788048
651,0,0,651,0.015707801777422672,0.02657758050838188,0.00024673503667880283
652,0,1,652,0.015707801777422776,0.016420748884476977,0.0002467350366788061
653,0,1,653,0.01570780177742277,0.010820151212876938,0.00024673503667880565
654,0,0,654,0.01570780177742257,0.05196096684731355,0.00024673503667879963
655,0,0,655,0.01570780177742259,0.015731752038395164,0.0002467350366788003
656,0,0,656,0.01570780177742262,0.04819295275663804,0.00024673503667880094
657,0,0,657,0.01570780177742258,0.04195785800815521,0.00024673503667879996
658,0,1,658,0.01570780177742285,0.012844232894486107,0.0002467350366788083
659,0,0,659,0.015707801777422696,0.007667056374971559,0.00024673503667880354
660,0,0,660,0.015707801777422578,0.0001361908887537247,0.0002467350366787999
661,0,0,661,0.01570780177742259,0.01873046016877611,0.0002467350366787999
662,0,1,662,0.015707801777422606,0.028471886236784982,0.0002467350366788008
663,0,1,663,0.015707801777422672,0.0030439992134705385,0.0002467350366788028
664,0,1,664,0.015707801777422557,0.02859609683306319,0.0002467350366787992
665,0,0,665,0.015707801777422613,0.029938644933037772,0.00024673503667880077
666,0,0,666,0.015707801777422644,0.014231185726292894,0.0002467350366788019
667,0,0,667,0.01570780177742259,0.0449672655454012,0.0002467350366787996
668,0,0,668,0.015707801777422564,0.013194083298363635,0.00024673503667879947
669,0,1,669,0.015707801777422665,0.0320440396586581,0.0002467350366788026
670,0,1,670,0.015707801777422644,0.051992850550768965,0.00024673503667880197
671,0,0,671,0.015707801777422734,0.03302543031957006,0.00024673503667880473
672,0,1,672,0.015707801777422606,0.054180633983647475,0.00024673503667880077
673,0,1,673,0.015707801777422623,0.02177982290213465,0.00024673503667880126
674,0,1,674,0.01570780177742277,0.04714109737636152,0.0002467350366788057
675,0,0,675,0.0157078017774226,0.0140495064295455,0.0002467350366787997
676,0,0,676,0.015707801777422516,0.03261964064240397,0.0002467350366787979
677,0,0,677,0.01570780177742267,0.0011501893126322216,0.00024673503667880267
678,0,1,678,0.01570780177742256,0.0593185594480794,0.0002467350366787993
679,0,0,679,0.01570780177742256,0.029316799756359258,0.0002467350366787993
680,0,1,680,0.015707801777422578,0.00557784495113527,0.00024673503667879996
681,0,0,681,0.015707801777422602,0.004376033693542891,0.0002467350366788005
682,0,1,682,0.01570780177742255,0.01429015193580252,0.0002467350366787989
683,0,0,683,0.015707801777422592,0.0006944373652699731,0.00024673503667879996
684,0,1,684,0.015707801777422745,0.040075911192702485,0.00024673503667880495
685,0,0,685,0.015707801777422623,0.04016284739867726,0.00024673503667880126
686,0,0,686,0.015707801777422675,0.003452098363512235,0.00024673503667880283
687,0,0,687,0.01570780177742259,0.0033319049513057947,0.0002467350366788003
688,0,1,688,0.01570780177742274,0.032372793033133895,0.000246735036678805
689,0,0,689,0.015707801777422606,0.05114724838204876,0.0002467350366788007
690,0,0,690,0.01570780177742258,0.005536406461420923,0.0002467350366788
691,0,1,691,0.015707801777422627,0.01860810692022241,0.0002467350366788012
692,0,0,692,0.015707801777422616,0.0515138475897674,0.0002467350366788002
693,0,1,693,0.01570780177742265,0.016171756782526137,0.00024673503667880224
694,0,0,694,0.015707801777422484,0.02909662588341977,0.00024673503667879703
695,0,0,695,0.01570780177742258,0.046686839935584895,0.0002467350366788031
696,0,1,696,0.015707801777422585,0.000580943995543759,0.0002467350366788
697,0,0,697,0.01570780177742257,0.04446074289657265,0.00024673503667879963
698,0,1,698,0.01570780177742259,0.030834436880501803,0.0002467350366788002
699,0,1,699,0.015707801777422595,0.038713564634361486,0.0002467350366788004
700,0,1,700,1.9999383152895802,1.1028683980086202,0.0002467350366788076
701,0,0,701,0.015707801777422693,0.03474376660301015,0.00024673503667880294
702,0,1,702,0.015707801777422592,0.004405846842898561,0.0002467350366788002
703,0,0,703,0.015707801777422703,0.0030014673487004373,0.0002467350366788033
704,0,0,704,0.015707801777422533,0.02820986516164048,0.00024673503667879844
705,0,1,705,0.01570780177742261,0.05146364706416784,0.0002467350366788006
706,0,1,706,0.015707801777422682,0.0031279699851918807,0.0002467350366788032
707,0,1,707,0.01570780177742258,0.04584269945588593,0.00024673503667879996
708,0,0,708,0.01570780177742259,0.016799116316319,0.00024673503667880007
709,0,1,709,0.015707801777422644,0.02319856986523705,0.00024673503667880186
710,0,0,710,0.01570780177742264,0.011959150699728971,0.0002467350366788014
711,0,0,711,0.0157078017774226,0.04682642507088475,0.00024673503667880056
712,0,0,712,0.015707801777422554,0.047706583925407386,0.0002467350366787991
713,0,1,713,0.01570780177742267,0.02159163137249598,0.0002467350366788028
714,0,1,714,0.015707801777422696,0.0012193424435449352,0.0002467350366788029
715,0,0,715,0.01570780177742257,0.017225931859912724,0.0002467350366787997
716,0,0,716,0.015707801777422602,0.045311083521208884,0.0002467350366788002
717,0,1,717,0.015707801777422578,0.043655433045404396,0.00024673503667879963
718,0,1,718,0.01570780177742272,0.016815809831277395,0.0002467350366788043
719,0,1,719,0.015707801777422696,0.03363254821861528,0.00024673503667880354
720,0,0,720,0.015707801777422516,0.0037662659763836315,0.00024673503667879795
721,0,0,721,0.01570780177742267,0.003444527271492248,0.0002467350366788027
722,0,1,722,0.015707801777422554,0.03590897216309674,0.0002467350366787991
723,0,0,723,0.015707801777422585,0.03947724210521247,0.0002467350366787999
724,0,1,724,0.015707801777422616,0.029423940755639588,0.0002467350366788011
725,0,0,725,0.015707801777422606,0.0232578447668228,0.0002467350366788006
726,0,0,726,0.0157078017774227,0.0009314448653567897,0.00024673503667880386
727,0,0,727,0.01570780177742253,0.056961100088207095,0.00024673503667879817
728,0,0,728,0.01570780177742257,0.016047370313209797,0.00024673503667879963
729,0,1,729,0.01570780177742252,0.04051155485723967,0.00024673503667879806
730,0,0,730,0.015707801777422578,0.02853187943523794,0.00024673503667879936
731,0,0,731,0.015707801777422762,0.03865979009838716,0.00024673503667880554
732,0,0,732,0.015707801777422592,0.009724713620845024,0.00024673503667880034
733,0,0,733,0.015707801777422568,0.024961443901628577,0.0002467350366787993
734,0,1,734,0.01570780177742267,0.03211474121880009,0.0002467350366788028
735,0,1,735,0.01570780177742266,0.013500403348713164,0.0002467350366788023
736,0,0,736,0.01570780177742257,0.045314786239625704,0.000246735036678799
737,0,1,737,0.01570780177742263,0.008240562970040666,0.0002467350366788015
738,0,0,738,0.01570780177742253,0.022430263080620794,0.0002467350366787979
739,0,0,739,0.015707801777422578,0.05153976019340395,0.0002467350366787999
740,0,0,740,0.015707801777422658,0.01627532249435637,0.00024673503667880094
741,0,0,741,0.015707801777422686,0.023073553604922914,0.00024673503667880327
742,0,0,742,0.01570780177742244,0.03850003241456079,0.0002467350366787955
743,0,1,743,0.015707801777422606,0.023089898085430383,0.0002467350366788008
744,0,0,744,0.015707801777422536,0.04316157410615484,0.0002467350366787985
745,0,0,745,0.015707801777422738,0.012920955545340895,0.000246735036678805
746,0,0,746,0.015707801777422706,0.003019398979571708,0.00024673503667880294
747,0,0,747,0.015707801777422696,0.0027501233543533177,0.0002467350366788036
748,0,1,748,0.015707801777422578,0.003930975467356143,0.0002467350366787999
749,0,0,749,0.015707801777422585,0.0001205913069901865,0.0002467350366788001
750,0,1,750,0.01570780177742273,0.04281624048953159,0.00024673503667880473
751,0,0,751,0.015707801777422696,0.011165109218278513,0.0002467350366788027
752,0,1,752,0.015707801777422585,0.037520644044279905,0.00024673503667880007
753,0,0,753,0.015707801777422505,0.0249269463494608,0.000246735036678797
754,0,0,754,0.015707801777422658,0.01373464132452984,0.00024673503667880245
755,0,1,755,0.015707801777422644,0.013246637744911194,0.00024673503667880197
756,0,1,756,0.015707801777422585,0.002628739908671296,0.0002467350366788001
757,0,1,757,0.015707801777422613,0.04447628786166802,0.0002467350366788024
758,0,0,758,0.01570780177742255,0.0014855812848427186,0.00024673503667879904
759,0,0,759,0.01570780177742272,0.007470789546931034,0.0002467350366788037
760,0,1,760,0.015707801777422592,0.06113332158872686,0.00024673503667880023
761,0,1,761,0.015707801777422654,0.05347364367223051,0.0002467350366788023
762,0,1,762,0.015707801777422613,0.018593819235280695,0.0002467350366788008
763,0,1,763,0.015707801777422585,0.06043231831338869,0.0002467350366788002
764,0,0,764,0.015707801777422564,0.025180786977428538,0.0002467350366787993
765,0,0,765,0.015707801777422602,0.04155782449144674,0.00024673503667880045
766,0,0,766,0.01570780177742263,0.022829874376643744,0.0002467350366788006
767,0,0,767,0.015707801777422578,0.05079542198320364,0.0002467350366787997
768,0,0,768,0.015707801777422606,0.05018090392414709,0.00024673503667880294
769,0,1,769,0.015707801777422523,0.04598891401652372,0.00024673503667879817
770,0,1,770,0.01570780177742256,0.059848218660748076,0.0002467350366787993
771,0,1,771,0.015707801777422693,0.005186065611002433,0.0002467350366788035
772,0,1,772,0.01570780177742268,0.015858019635377474,0.000246735036678803
773,0,0,773,0.01570780177742265,0.02920037535279496,0.00024673503667880164
774,0,0,774,0.015707801777422592,0.0031259551787914397,0.0002467350366788004
775,0,1,775,0.01570780177742266,0.0021211128100331322,0.00024673503667880245
776,0,1,776,0.015707801777422526,0.0009388167398197561,0.0002467350366787982
777,0,0,777,0.015707801777422578,0.008290663892827167,0.00024673503667879996
778,0,0,778,0.015707801777422623,0.030262594633814643,0.00024673503667880126
779,0,0,779,0.015707801777422592,0.04035056589930974,0.0002467350366788001
780,0,1,780,0.015707801777422554,0.0410210921941947,0.00024673503667879915
781,0,1,781,0.015707801777422602,0.01902372268360719,0.0002467350366788005
782,0,1,782,0.0157078017774227,0.03631899721416576,0.0002467350366788035
783,0,0,783,0.015707801777422578,0.03919046207844845,0.0002467350366787998
784,0,1,784,0.01570780177742257,0.01826662240588539,0.0002467350366787998
785,0,0,785,0.01570780177742256,0.027955189513370726,0.0002467350366787992
786,0,1,786,0.01570780177742262,0.011731244360690729,0.00024673503667880126
787,0,0,787,0.015707801777422568,0.013805947125431484,0.0002467350366787991
788,0,1,788,0.015707801777422724,0.031195063741929818,0.00024673503667880435
789,0,1,789,0.015707801777422585,0.027682649170962748,0.00024673503667879996
790,0,1,790,0.015707801777422564,0.0008596852776454889,0.0002467350366787994
791,0,1,791,0.015707801777422595,0.05484462983009686,0.0002467350366788005
792,0,1,792,0.015707801777422554,0.0011087821936021994,0.00024673503667879904
793,0,1,793,0.015707801777422516,0.038804844595267785,0.00024673503667879785
794,0,0,794,0.015707801777422613,0.003131579959864572,0.00024673503667880104
795,0,1,795,0.0157078017774226,0.032878779685421244,0.00024673503667880007
796,0,1,796,0.015707801777422595,0.055483728274432265,0.0002467350366788005
797,0,1,797,0.015707801777422585,0.0294832853087916,0.0002467350366788001
798,0,0,798,0.015707801777422564,0.006247265388060086,0.0002467350366787994
799,0,1,799,0.015707801777422564,0.019443050236275572,0.00024673503667879936
800,0,1,800,0.015707801777422765,0.011222879915875339,0.00024673503667880576
801,0,0,801,0.015707801777422644,0.05853857157194731,0.0002467350366788019
802,0,0,802,0.01570780177742256,0.04653726006488168,0.0002467350366787991
803,0,0,803,0.015707801777422724,0.04161629238076481,0.00024673503667880413
804,0,1,804,0.01570780177742259,0.007391734886390111,0.0002467350366787997
805,0,0,805,0.015707801777422526,0.010236545163740729,0.00024673503667879806
806,0,1,806,0.01570780177742259,0.04871318601055252,0.00024673503667880023
807,0,1,807,0.015707801777422724,0.051023466833500564,0.00024673503667880424
808,0,1,808,0.015707801777422585,0.061298840676807353,0.0002467350366787999
809,0,0,809,0.015707801777422654,0.0008620318292219195,0.0002467350366788023
810,0,0,810,0.01570780177742249,0.03484883546208506,0.0002467350366787965
811,0,0,811,0.015707801777422745,0.011979103615218145,0.00024673503667880506
812,0,0,812,0.015707801777422602,0.030781097501558552,0.0002467350366788006
813,0,0,813,0.01570780177742258,0.0003734701060909753,0.0002467350366787999
814,0,1,814,0.01570780177742262,0.05440119419394218,0.00024673503667880077
815,0,1,815,0.015707801777422578,0.0034247625983447882,0.0002467350366787998
816,0,0,816,0.015707801777422602,0.008705958052580176,0.00024673503667880045
817,0,1,817,0.015707801777422564,0.03780030442649718,0.0002467350366787991
818,0,0,818,0.015707801777422703,0.018675163519070948,0.0002467350366788035
819,0,0,819,0.01570780177742268,0.04703921969907432,0.00024673503667880294
820,0,1,820,0.01570780177742258,0.00030745491144933135,0.0002467350366788
821,0,1,821,0.01570780177742257,0.03623695889909395,0.0002467350366787996
822,0,0,822,0.015707801777422665,0.007160668228927136,0.00024673503667880245
823,0,1,823,0.01570780177742265,0.010394320158630066,0.00024673503667880224
824,0,1,824,0.015707801777422613,0.015743808350269006,0.00024673503667880104
825,0,0,825,0.01570780177742259,0.012146977454407626,0.0002467350366788002
826,0,1,826,0.015707801777422675,0.021696026389137035,0.0002467350366788027
827,0,0,827,0.01570780177742254,0.03575464848394283,0.00024673503667879855
828,0,1,828,0.015707801777422623,0.01701755435440777,0.00024673503667880077
829,0,1,829,0.015707801777422627,0.023912331101060946,0.0002467350366788014
830,0,1,830,0.01570780177742259,0.03664911147920025,0.0002467350366788002
831,0,0,831,0.01570780177742269,0.020084279814919448,0.0002467350366788033
832,0,0,832,0.0157078017774226,0.0036599078580943356,0.00024673503667880045
833,0,1,833,0.015707801777422658,0.014786228152491088,0.0002467350366788023
834,0,0,834,0.015707801777422585,0.04544328701547107,0.00024673503667879985
835,0,1,835,0.01570780177742258,0.054763763428355594,0.00024673503667879985
836,0,0,836,0.01570780177742254,0.04831670799527776,0.0002467350366787982
837,0,1,837,0.01570780177742259,0.06180519445783434,0.0002467350366788
838,0,0,838,0.015707801777422672,0.000812423592315259,0.00024673503667880283
839,0,0,839,0.015707801777422578,0.023654778363456863,0.0002467350366787993
840,0,0,840,0.015707801777422578,0.011940671652041157,0.0002467350366787999
841,0,0,841,0.01570780177742268,0.031757696478709185,0.000246735036678803
842,0,1,842,0.01570780177742259,0.04543814193323792,0.00024673503667879996
843,0,1,843,0.015707801777422578,0.01803833352531159,0.000246735036678799
844,0,1,844,0.01570780177742256,0.006242843112461038,0.0002467350366787993
845,0,1,845,0.015707801777422915,0.05183959746474409,0.00024673503667881026
846,0,0,846,0.015707801777422564,0.030553017587602316,0.00024673503667879925
847,0,1,847,0.0157078017774226,0.013561085481814367,0.00024673503667880056
848,0,0,848,0.015707801777422654,0.004595262090021035,0.0002467350366788023
849,0,0,849,0.01570780177742272,0.03453369421907038,0.00024673503667880435
850,0,1,850,0.015707801777422675,0.005961354381814332,0.00024673503667880213
851,0,0,851,0.01570780177742259,0.059660388860759195,0.0002467350366788002
852,0,1,852,0.015707801777422613,0.010313260285580106,0.0002467350366788005
853,0,0,853,0.015707801777422557,0.03957404658381525,0.0002467350366787992
854,0,1,854,0.015707801777422568,0.05252243036756521,0.0002467350366787996
855,0,0,855,0.015707801777422717,0.02892534319065998,0.00024673503667880424
856,0,1,856,0.01570780177742257,0.003883760083222783,0.00024673503667879947
857,0,1,857,0.015707801777422665,0.011285280946578213,0.0002467350366788026
858,0,1,858,0.015707801777422693,0.006697710741049079,0.0002467350366788027
859,0,0,859,0.015707801777422602,0.029077105901883282,0.00024673503667880034
860,0,1,860,0.01570780177742257,0.02659800181790084,0.0002467350366787994
861,0,0,861,0.01570780177742265,0.03648451127443342,0.0002467350366788022
862,0,1,862,0.015707801777422578,0.016543142321088666,0.00024673503667879915
863,0,0,863,0.015707801777422738,0.023689796676631847,0.00024673503667880473
864,0,0,864,0.015707801777422477,0.045472868004804656,0.0002467350366787967
865,0,1,865,0.015707801777422644,0.048571035291431586,0.0002467350366788004
866,0,1,866,0.015707801777422585,0.03187132404140558,0.0002467350366788
867,0,1,867,0.01570780177742264,0.021344185797930848,0.0002467350366788018
868,0,1,868,0.01570780177742257,0.0012218074148389046,0.0002467350366787997
869,0,0,869,0.015707801777422672,0.0029563273703820947,0.00024673503667880283
870,0,0,870,0.01570780177742267,0.0016873115997807775,0.0002467350366788026
871,0,0,871,0.015707801777422543,0.01710356730649165,0.00024673503667879877
872,0,1,872,0.01570780177742259,0.05317783330185799,0.0002467350366788
873,0,0,873,0.015707801777422602,0.03426635643958598,0.00024673503667880056
874,0,0,874,0.01570780177742258,0.047026780844957344,0.0002467350366787999
875,0,0,875,0.015707801777422578,0.005020310592798172,0.0002467350366787999
876,0,1,876,0.015707801777422776,0.03585166053655042,0.00024673503667880543
877,0,1,877,0.015707801777422706,0.02109007527507112,0.00024673503667880386
878,0,1,878,0.015707801777422606,0.055541498245298526,0.00024673503667880066
879,0,1,879,0.015707801777422713,0.028052422959874646,0.000246735036678804
880,0,1,880,0.015707801777422703,0.0002567723522184512,0.00024673503667880375
881,0,0,881,0.015707801777422616,0.027792122187781043,0.000246735036678801
882,0,0,882,0.015707801777422516,0.025243196541082424,0.0002467350366787978
883,0,1,883,0.0157078017774226,0.03313632906791053,0.0002467350366788005
884,0,0,884,0.015707801777422644,0.011626704689759126,0.0002467350366788019
885,0,1,885,0.015707801777422554,0.001771460629028998,0.0002467350366787991
886,0,1,886,0.01570780177742256,0.021518183678438857,0.00024673503667879925
887,0,0,887,0.0157078017774226,0.05798231750598681,0.0002467350366788006
888,0,1,888,0.01570780177742259,0.045916817214209704,0.0002467350366788002
889,0,1,889,0.01570780177742267,0.0008846922473814134,0.0002467350366788027
890,0,1,890,0.01570780177742271,0.043849335408073564,0.000246735036678804
891,0,0,891,0.01570780177742269,0.016022339419449083,0.00024673503667880343
892,0,1,892,0.015707801777422686,0.019948150700595413,0.0002467350366788027
893,0,0,893,0.015707801777422616,0.011314040192690111,0.00024673503667880104
894,0,0,894,0.01570780177742259,0.02088493264403013,0.0002467350366787998
895,0,1,895,0.015707801777422706,0.024357118226444152,0.00024673503667880375
896,0,0,896,0.0157078017774227,0.013738960159720648,0.00024673503667880365
897,0,1,897,0.01570780177742256,0.0132227476395812,0.0002467350366787995
898,0,1,898,0.015707801777422682,0.016435457853966273,0.00024673503667880267
899,0,1,899,0.015707801777422675,0.009561429187589399,0.00024673503667880267
900,0,0,900,0.01570780177742254,0.028828966470588302,0.0002467350366787985
901,0,0,901,0.015707801777422554,0.016903918456785405,0.0002467350366787991
902,0,1,902,0.015707801777422627,0.03781919192780148,0.00024673503667880023
903,0,1,903,0.01570780177742267,0.0017713283682299075,0.0002467350366788028
904,0,0,904,0.015707801777422634,0.04599577298980817,0.0002467350366788011
905,0,0,905,0.015707801777422696,0.005188794369769045,0.0002467350366788033
906,0,1,906,0.015707801777422616,0.018924065811734225,0.0002467350366788012
907,0,0,907,0.01570780177742262,0.035442716446846045,0.0002467350366788011
908,0,0,908,0.015707801777422637,0.04092932818574391,0.00024673503667880164
909,0,0,909,0.01570780177742259,0.022285972094881076,0.00024673503667880007
910,0,0,910,0.01570780177742258,0.009501613315262815,0.0002467350366788001
911,0,0,911,0.015707801777422408,0.013682614983958064,0.00024673503667879454
912,0,0,912,0.015707801777422578,0.039379127097207256,0.00024673503667879985
913,0,1,913,0.01570780177742268,0.02749324727073299,0.00024673503667880294
914,0,1,914,0.015707801777422693,0.0002924187989885828,0.0002467350366788035
915,0,0,915,0.015707801777422578,0.028576145607726144,0.00024673503667879985
916,0,0,916,0.01570780177742258,0.001110584739516085,0.00024673503667879985
917,0,1,917,0.015707801777422693,0.007673206700707591,0.00024673503667880343
918,0,0,918,0.01570780177742268,0.0026703963584527868,0.000246735036678803
919,0,1,919,0.015707801777422783,0.037015499028901555,0.00024673503667880636
920,0,1,920,0.015707801777422693,0.0028002740918271485,0.0002467350366788034
921,0,0,921,0.015707801777422637,0.01119816086042924,0.0002467350366788017
922,0,0,922,0.01570780177742257,0.056058899250254424,0.00024673503667879963
923,0,1,923,0.015707801777422703,0.03205512459137627,0.0002467350366788037
924,0,0,924,0.01570780177742262,0.026126571196419146,0.0002467350366788007
925,0,0,925,0.01570780177742272,0.03595168598994536,0.00024673503667880327
926,0,1,926,0.015707801777422713,0.042561747790873294,0.0002467350366788041
927,0,0,927,0.015707801777422738,0.025814996861787343,0.000246735036678805
928,0,0,928,0.015707801777422606,0.003197040678941887,0.00024673503667880034
929,0,1,929,0.015707801777422616,0.060061836692801185,0.00024673503667880094
930,0,1,930,0.015707801777422585,0.03888688650781047,0.0002467350366788001
931,0,1,931,0.015707801777422783,0.04479014262785119,0.00024673503667880614
932,0,1,932,0.01570780177742266,0.000946857355726749,0.00024673503667880256
933,0,0,933,0.015707801777422682,0.021494324711558377,0.00024673503667880256
934,0,1,934,0.015707801777422602,0.004683386381022503,0.0002467350366788
935,0,1,935,0.0157078017774228,0.03618436895930843,0.00024673503667880684
936,0,0,936,0.015707801777422585,0.05470766880515483,0.00024673503667879985
937,0,1,937,0.015707801777422585,0.027258552609458774,0.0002467350366787999
938,0,0,938,0.015707801777422616,0.03449781373267102,0.00024673503667880115
939,0,0,939,0.01570780177742271,0.01637054915121361,0.0002467350366788028
940,0,0,940,0.01570780177742259,0.0063051292418527805,0.0002467350366788003
941,0,0,941,0.015707801777422585,0.012560269437382532,0.0002467350366788002
942,0,0,942,0.015707801777422634,0.05490700740722976,0.0002467350366788015
943,0,0,943,0.015707801777422713,0.043718505881320535,0.00024673503667880413
944,0,1,944,0.01570780177742259,0.060437360863457856,0.0002467350366788002
945,0,0,945,0.015707801777422672,0.0035749483687143035,0.0002467350366788026
946,0,0,946,0.01570780177742259,0.05811726067157652,0.0002467350366788002
947,0,0,947,0.015707801777422616,0.010904623205879094,0.0002467350366788011
948,0,1,948,0.015707801777422578,0.005068430056592632,0.00024673503667879985
949,0,1,949,0.01570780177742254,0.04560687827569865,0.0002467350366787984
950,0,0,950,0.015707801777422627,0.05683208515732119,0.00024673503667880137
951,0,1,951,0.015707801777422592,0.03649536512882384,0.0002467350366788003
952,0,1,952,0.015707801777422578,0.05335833115302535,0.0002467350366787999
953,0,1,953,0.015707801777422682,0.02738771828849007,0.0002467350366788031
954,0,1,954,0.015707801777422637,0.02465167734778606,0.00024673503667880164
955,0,0,955,0.015707801777422623,0.052815019798573726,0.00024673503667880094
956,0,1,956,0.015707801777422502,0.0007172074405109308,0.00024673503667879747
957,0,1,957,0.01570780177742265,0.04054792325204115,0.00024673503667880224
958,0,0,958,0.015707801777422634,0.01026284585993964,0.0002467350366788016
959,0,1,959,0.0157078017774226,0.020308863843642166,0.00024673503667880056
960,0,0,960,0.01570780177742258,0.03800674470899612,0.00024673503667880007
961,0,0,961,0.015707801777422512,0.04502030469852647,0.0002467350366787976
962,0,0,962,0.01570780177742264,0.018208142986245734,0.00024673503667880153
963,0,0,963,0.01570780177742257,0.023858746655157526,0.0002467350366787999
964,0,0,964,0.015707801777422613,0.041850261875923334,0.0002467350366788007
965,0,1,965,0.015707801777422564,0.0211721147456001,0.0002467350366787981
966,0,0,966,0.015707801777422564,0.001788820090840429,0.0002467350366787993
967,0,1,967,0.01570780177742267,0.0006547547333115578,0.00024673503667880267
968,0,0,968,0.01570780177742258,0.004371238067855554,0.0002467350366787998
969,0,1,969,0.015707801777422724,0.026338472778128175,0.0002467350366788045
970,0,0,970,0.015707801777422585,0.046716300408711775,0.00024673503667879915
971,0,1,971,0.01570780177742272,0.0023794607341435514,0.0002467350366788043
972,0,1,972,0.015707801777422738,0.008733824126494483,0.00024673503667880256
973,0,0,973,0.015707801777422578,0.015695822484579125,0.00024673503667879893
974,0,1,974,0.01570780177742256,0.016656319403121955,0.00024673503667879925
975,0,1,975,0.01570780177742251,0.02139229654397551,0.0002467350366787972
976,0,1,976,0.015707801777422717,0.03558940176679748,0.00024673503667880354
977,0,1,977,0.015707801777422578,0.03495083003507826,0.0002467350366787999
978,0,0,978,0.01570780177742258,0.030916728554802445,0.0002467350366788
979,0,0,979,0.015707801777422554,0.03411631378451352,0.00024673503667879904
980,0,0,980,0.015707801777422543,0.029485262339016938,0.0002467350366787986
981,0,1,981,0.015707801777422592,0.061991666711696314,0.0002467350366788003
982,0,1,982,0.015707801777422616,0.012795125209403846,0.00024673503667880115
983,0,0,983,0.01570780177742258,0.06089087169557989,0.00024673503667879996
984,0,1,984,0.015707801777422713,0.01395528603322349,0.00024673503667880375
985,0,1,985,0.015707801777422672,0.00045795290136041444,0.0002467350366788028
986,0,1,986,0.01570780177742255,0.007887320159117195,0.00024673503667879904
987,0,1,987,0.015707801777422547,0.021992114133479124,0.0002467350366787989
988,0,0,988,0.01570780177742258,0.025420296152681265,0.00024673503667879996
989,0,0,989,0.015707801777422585,0.00504559230050905,0.00024673503667879947
990,0,1,990,0.01570780177742258,0.014471818873011744,0.0002467350366787994
991,0,0,991,0.015707801777422592,0.028180734704026544,0.0002467350366787995
992,0,0,992,0.015707801777422772,0.022999210128209935,0.000246735036678806
993,0,0,993,0.015707801777422762,0.039726843717803995,0.00024673503667880565
994,0,0,994,0.015707801777422564,0.0619316465757046,0.00024673503667879947
995,0,1,995,0.015707801777422592,0.006247028383582716,0.0002467350366788001
996,0,0,996,0.015707801777422724,0.011938468327708396,0.0002467350366788043
997,0,1,997,0.015707801777422595,0.05670643024270072,0.0002467350366788004
998,0,0,998,0.015707801777422606,0.022937411544913466,0.00024673503667880056
999,0,0,999,0.015707801777422557,0.02602896217424533,0.00024673503667879915
