,Layer,Qubit,Run,2-Norm,Trace Norm,Diamond Norm
0,0,1,0,0.015707801777422575,0.06283120710969006,0.0002467350366787997
1,0,0,1,0.01570780177742261,0.06283120710969028,0.00024673503667880094
2,0,0,2,0.015707801777422592,0.06283120710969028,0.00024673503667880045
3,0,0,3,0.01570780177742273,0.06283120710969084,0.0002467350366788047
4,0,1,4,0.01570780177742254,0.06283120710969012,0.0002467350366787987
5,0,1,5,0.015707801777422654,0.06283120710969056,0.00024673503667880234
6,0,1,6,0.015707801777422637,0.06283120710969042,0.0002467350366788017
7,0,0,7,0.01570780177742268,0.0628312071096907,0.00024673503667880305
8,0,0,8,0.015707801777422682,0.06283120710969042,0.0002467350366788031
9,0,0,9,0.0157078017774226,0.06283120710969035,0.00024673503667880056
10,0,1,10,0.015707801777422616,0.06283120710969026,0.000246735036678801
11,0,0,11,0.015707801777422602,0.06283120710969027,0.0002467350366788007
12,0,0,12,0.015707801777422602,0.06283120710969034,0.00024673503667880066
13,0,0,13,0.015707801777422602,0.06283120710969034,0.0002467350366788007
14,0,1,14,0.01570780177742256,0.06283120710969023,0.00024673503667879936
15,0,0,15,0.015707801777422568,0.06283120710969013,0.0002467350366787997
16,0,0,16,0.01570780177742253,0.06283120710969006,0.00024673503667879833
17,0,0,17,0.015707801777422634,0.06283120710969028,0.00024673503667880153
18,0,0,18,0.015707801777422536,0.0628312071096901,0.0002467350366787986
19,0,1,19,0.015707801777422672,0.06283120710969067,0.00024673503667880283
20,0,0,20,0.015707801777422585,0.06283120710969034,0.0002467350366788001
21,0,0,21,0.01570780177742279,0.06283120710969103,0.00024673503667880663
22,0,1,22,0.0157078017774226,0.0628312071096903,0.00024673503667880056
23,0,1,23,0.015707801777422543,0.06283120710969009,0.00024673503667879877
24,0,1,24,0.015707801777422644,0.06283120710969026,0.00024673503667880197
25,0,0,25,0.01570780177742258,0.06283120710969031,0.00024673503667880007
26,0,0,26,0.015707801777422564,0.06283120710969013,0.0002467350366787994
27,0,1,27,0.015707801777422654,0.06283120710969042,0.0002467350366788023
28,0,1,28,0.015707801777422675,0.06283120710969062,0.00024673503667880294
29,0,0,29,0.015707801777422693,0.06283120710969067,0.0002467350366788035
30,0,1,30,0.015707801777422675,0.0628312071096907,0.00024673503667880294
31,0,0,31,0.015707801777422776,0.062831207109691,0.00024673503667880614
32,0,1,32,0.015707801777422488,0.06283120710968995,0.00024673503667879703
33,0,0,33,0.015707801777422658,0.06283120710969037,0.0002467350366788024
34,0,0,34,0.01570780177742263,0.06283120710969045,0.00024673503667880153
35,0,0,35,0.015707801777422595,0.06283120710969033,0.00024673503667880045
36,0,1,36,0.015707801777422706,0.06283120710969065,0.0002467350366788039
37,0,0,37,0.015707801777422686,0.06283120710969074,0.00024673503667880327
38,0,1,38,0.01570780177742262,0.06283120710969028,0.00024673503667880115
39,0,0,39,0.01570780177742272,0.06283120710969087,0.0002467350366788044
40,0,0,40,0.015707801777422578,0.0628312071096902,0.0002467350366787999
41,0,0,41,0.015707801777422703,0.06283120710969071,0.00024673503667880386
42,0,0,42,0.01570780177742269,0.06283120710969076,0.00024673503667880343
43,0,1,43,0.015707801777422637,0.06283120710969042,0.0002467350366788018
44,0,1,44,0.015707801777422658,0.06283120710969062,0.0002467350366788024
45,0,0,45,0.015707801777422665,0.06283120710969044,0.0002467350366788026
46,0,0,46,0.01570780177742256,0.06283120710969009,0.0002467350366787993
47,0,0,47,0.015707801777422654,0.06283120710969052,0.0002467350366788023
48,0,1,48,0.015707801777422647,0.06283120710969048,0.00024673503667880213
49,0,1,49,0.01570780177742263,0.0628312071096903,0.0002467350366788015
50,0,1,50,0.01570780177742262,0.06283120710969038,0.0002467350366788012
51,0,0,51,0.015707801777422658,0.0628312071096905,0.0002467350366788024
52,0,1,52,0.01570780177742259,0.06283120710969031,0.00024673503667880023
53,0,1,53,0.01570780177742265,0.06283120710969059,0.0002467350366788022
54,0,1,54,0.01570780177742273,0.06283120710969078,0.0002467350366788046
55,0,0,55,0.015707801777422665,0.06283120710969062,0.0002467350366788026
56,0,0,56,0.01570780177742281,0.06283120710969123,0.0002467350366788071
57,0,1,57,0.015707801777422516,0.06283120710969006,0.0002467350366787979
58,0,0,58,0.01570780177742266,0.06283120710969062,0.0002467350366788025
59,0,1,59,0.01570780177742258,0.0628312071096902,0.00024673503667879996
60,0,1,60,0.01570780177742262,0.06283120710969047,0.0002467350366788012
61,0,0,61,0.015707801777422585,0.0628312071096902,0.0002467350366788001
62,0,0,62,0.015707801777422606,0.06283120710969042,0.0002467350366788008
63,0,0,63,0.015707801777422713,0.06283120710969074,0.00024673503667880413
64,0,0,64,0.015707801777422602,0.0628312071096903,0.00024673503667880077
65,0,0,65,0.015707801777422606,0.0628312071096904,0.00024673503667880077
66,0,1,66,0.015707801777422644,0.06283120710969048,0.0002467350366788021
67,0,1,67,0.01570780177742267,0.06283120710969062,0.0002467350366788028
68,0,0,68,0.015707801777422654,0.06283120710969031,0.0002467350366788023
69,0,0,69,0.015707801777422602,0.06283120710969037,0.0002467350366788007
70,0,0,70,0.015707801777422727,0.06283120710969078,0.00024673503667880457
71,0,1,71,0.015707801777422672,0.06283120710969067,0.00024673503667880283
72,0,1,72,0.015707801777422592,0.06283120710969035,0.0002467350366788003
73,0,1,73,0.015707801777422654,0.06283120710969062,0.0002467350366788023
74,0,0,74,0.015707801777422637,0.06283120710969049,0.00024673503667880175
75,0,1,75,0.01570780177742263,0.0628312071096904,0.0002467350366788016
76,0,1,76,0.015707801777422703,0.06283120710969062,0.00024673503667880386
77,0,1,77,0.015707801777422665,0.06283120710969056,0.00024673503667880256
78,0,1,78,0.01570780177742261,0.0628312071096904,0.00024673503667880094
79,0,0,79,0.015707801777422623,0.06283120710969045,0.00024673503667880137
80,0,0,80,0.015707801777422568,0.06283120710969017,0.0002467350366787996
81,0,0,81,0.01570780177742256,0.06283120710969006,0.0002467350366787993
82,0,1,82,0.015707801777422647,0.06283120710969056,0.0002467350366788021
83,0,1,83,0.015707801777422613,0.06283120710969031,0.00024673503667880094
84,0,1,84,0.015707801777422547,0.06283120710969017,0.0002467350366787989
85,0,1,85,0.015707801777422585,0.06283120710969031,0.0002467350366788002
86,0,1,86,0.01570780177742254,0.06283120710969009,0.0002467350366787987
87,0,0,87,0.015707801777422672,0.06283120710969062,0.0002467350366788029
88,0,1,88,0.015707801777422613,0.0628312071096902,0.000246735036678801
89,0,1,89,0.01570780177742257,0.06283120710969022,0.0002467350366787997
90,0,1,90,0.015707801777422665,0.06283120710969065,0.00024673503667880256
91,0,0,91,0.015707801777422654,0.06283120710969059,0.0002467350366788024
92,0,1,92,0.01570780177742261,0.06283120710969034,0.0002467350366788009
93,0,0,93,0.015707801777422713,0.0628312071096907,0.00024673503667880413
94,0,0,94,0.015707801777422623,0.06283120710969024,0.0002467350366788013
95,0,0,95,0.015707801777422595,0.06283120710969031,0.00024673503667880045
96,0,0,96,0.01570780177742263,0.06283120710969048,0.0002467350366788016
97,0,0,97,0.015707801777422578,0.06283120710969031,0.00024673503667879985
98,0,0,98,0.015707801777422557,0.0628312071096901,0.0002467350366787993
99,0,1,99,0.015707801777422713,0.06283120710969078,0.00024673503667880413
100,0,0,100,0.015707801777422637,0.0628312071096904,0.00024673503667880175
101,0,0,101,0.01570780177742269,0.06283120710969067,0.00024673503667880343
102,0,0,102,0.015707801777422675,0.06283120710969062,0.0002467350366788029
103,0,1,103,0.015707801777422634,0.06283120710969042,0.0002467350366788017
104,0,1,104,0.01570780177742283,0.06283120710969109,0.0002467350366788078
105,0,1,105,0.015707801777422686,0.06283120710969071,0.0002467350366788033
106,0,0,106,0.015707801777422606,0.06283120710969034,0.00024673503667880077
107,0,1,107,0.0157078017774227,0.06283120710969056,0.0002467350366788037
108,0,0,108,0.015707801777422526,0.06283120710969009,0.0002467350366787983
109,0,0,109,0.015707801777422606,0.06283120710969037,0.00024673503667880077
110,0,1,110,0.015707801777422675,0.06283120710969067,0.0002467350366788029
111,0,1,111,0.015707801777422765,0.06283120710969095,0.00024673503667880576
112,0,1,112,0.015707801777422647,0.06283120710969053,0.00024673503667880213
113,0,0,113,0.015707801777422634,0.0628312071096904,0.00024673503667880164
114,0,0,114,0.015707801777422602,0.06283120710969023,0.0002467350366788006
115,0,0,115,0.01570780177742258,0.06283120710969026,0.0002467350366788
116,0,1,116,0.015707801777422696,0.0628312071096903,0.00024673503667880354
117,0,1,117,0.015707801777422547,0.06283120710969017,0.000246735036678799
118,0,1,118,0.015707801777422786,0.06283120710969095,0.00024673503667880636
119,0,0,119,0.0157078017774226,0.06283120710969037,0.0002467350366788006
120,0,1,120,0.01570780177742258,0.06283120710969028,0.0002467350366787999
121,0,1,121,0.01570780177742261,0.06283120710969037,0.00024673503667880094
122,0,1,122,0.015707801777422637,0.06283120710969048,0.00024673503667880175
123,0,1,123,0.015707801777422602,0.0628312071096902,0.00024673503667880066
124,0,1,124,0.01570780177742263,0.06283120710969037,0.00024673503667880164
125,0,0,125,0.01570780177742265,0.06283120710969053,0.00024673503667880213
126,0,0,126,0.015707801777422592,0.06283120710969035,0.00024673503667880045
127,0,1,127,0.015707801777422672,0.06283120710969062,0.0002467350366788029
128,0,0,128,0.015707801777422713,0.06283120710969076,0.0002467350366788042
129,0,0,129,0.01570780177742262,0.06283120710969045,0.0002467350366788012
130,0,0,130,0.015707801777422745,0.06283120710969081,0.00024673503667880516
131,0,0,131,0.015707801777422654,0.06283120710969056,0.00024673503667880234
132,0,0,132,0.015707801777422682,0.0628312071096907,0.00024673503667880316
133,0,1,133,0.015707801777422672,0.06283120710969056,0.0002467350366788028
134,0,0,134,0.015707801777422595,0.0628312071096902,0.0002467350366788004
135,0,1,135,0.015707801777422564,0.06283120710969017,0.00024673503667879947
136,0,1,136,0.01570780177742276,0.06283120710969087,0.0002467350366788056
137,0,0,137,0.015707801777422554,0.06283120710968998,0.00024673503667879915
138,0,0,138,0.015707801777422693,0.06283120710969053,0.0002467350366788036
139,0,0,139,0.015707801777422703,0.06283120710969077,0.0002467350366788038
140,0,1,140,0.015707801777422575,0.06283120710969028,0.0002467350366787998
141,0,1,141,0.01570780177742266,0.06283120710969058,0.0002467350366788025
142,0,1,142,0.01570780177742263,0.0628312071096905,0.00024673503667880153
143,0,0,143,0.015707801777422658,0.0628312071096905,0.00024673503667880245
144,0,0,144,0.01570780177742265,0.06283120710969038,0.00024673503667880224
145,0,0,145,0.01570780177742266,0.06283120710969055,0.00024673503667880256
146,0,0,146,0.015707801777422488,0.06283120710968995,0.0002467350366787971
147,0,0,147,0.015707801777422804,0.06283120710969096,0.000246735036678807
148,0,1,148,0.0157078017774226,0.06283120710969031,0.0002467350366788005
149,0,0,149,0.01570780177742273,0.06283120710969087,0.0002467350366788047
150,0,1,150,0.01570780177742248,0.0628312071096899,0.00024673503667879676
151,0,1,151,0.0157078017774226,0.06283120710969037,0.0002467350366788005
152,0,1,152,0.0157078017774227,0.0628312071096907,0.00024673503667880375
153,0,1,153,0.015707801777422575,0.06283120710969027,0.00024673503667879985
154,0,1,154,0.015707801777422585,0.0628312071096902,0.0002467350366788002
155,0,0,155,0.015707801777422696,0.06283120710969076,0.00024673503667880365
156,0,1,156,0.015707801777422654,0.06283120710969045,0.0002467350366788023
157,0,0,157,0.015707801777422675,0.06283120710969052,0.0002467350366788029
158,0,0,158,0.015707801777422457,0.06283120710968981,0.00024673503667879606
159,0,0,159,0.015707801777422543,0.06283120710969015,0.0002467350366787988
160,0,0,160,0.01570780177742259,0.06283120710969026,0.0002467350366788003
161,0,0,161,0.015707801777422595,0.06283120710969023,0.0002467350366788004
162,0,1,162,0.01570780177742259,0.06283120710969024,0.0002467350366788002
163,0,0,163,0.01570780177742257,0.06283120710969028,0.00024673503667879974
164,0,1,164,0.015707801777422748,0.06283120710969067,0.00024673503667880527
165,0,0,165,0.015707801777422682,0.0628312071096907,0.0002467350366788031
166,0,1,166,0.015707801777422557,0.06283120710969015,0.0002467350366787993
167,0,1,167,0.01570780177742259,0.06283120710969033,0.0002467350366788002
168,0,1,168,0.015707801777422654,0.06283120710969044,0.00024673503667880224
169,0,0,169,0.015707801777422727,0.0628312071096909,0.0002467350366788047
170,0,1,170,0.01570780177742257,0.06283120710969028,0.0002467350366787997
171,0,1,171,0.01570780177742252,0.06283120710969006,0.0002467350366787981
172,0,1,172,0.015707801777422762,0.062831207109691,0.00024673503667880565
173,0,0,173,0.015707801777422724,0.06283120710969084,0.00024673503667880446
174,0,0,174,0.01570780177742252,0.06283120710969006,0.00024673503667879806
175,0,0,175,0.0157078017774226,0.06283120710969035,0.00024673503667880056
176,0,0,176,0.01570780177742256,0.06283120710969003,0.0002467350366787993
177,0,1,177,0.01570780177742264,0.06283120710969053,0.0002467350366788019
178,0,1,178,0.015707801777422706,0.06283120710969081,0.00024673503667880397
179,0,0,179,0.015707801777422595,0.06283120710969034,0.0002467350366788005
180,0,0,180,0.015707801777422606,0.06283120710969037,0.00024673503667880077
181,0,0,181,0.015707801777422602,0.06283120710969028,0.00024673503667880066
182,0,0,182,0.015707801777422627,0.0628312071096904,0.0002467350366788013
183,0,1,183,0.01570780177742258,0.06283120710969033,0.0002467350366788001
184,0,0,184,0.01570780177742264,0.06283120710969053,0.0002467350366788019
185,0,0,185,0.015707801777422675,0.06283120710969067,0.00024673503667880294
186,0,0,186,0.01570780177742269,0.06283120710969071,0.0002467350366788035
187,0,1,187,0.015707801777422512,0.06283120710968992,0.00024673503667879785
188,0,1,188,0.015707801777422554,0.06283120710969017,0.0002467350366787991
189,0,0,189,0.015707801777422745,0.0628312071096909,0.00024673503667880516
190,0,1,190,0.01570780177742266,0.06283120710969056,0.00024673503667880256
191,0,1,191,0.015707801777422564,0.06283120710969023,0.0002467350366787995
192,0,1,192,0.015707801777422602,0.06283120710969026,0.0002467350366788007
193,0,0,193,0.015707801777422654,0.0628312071096904,0.00024673503667880234
194,0,0,194,0.01570780177742259,0.0628312071096903,0.00024673503667880023
195,0,1,195,0.015707801777422647,0.06283120710969047,0.000246735036678802
196,0,1,196,0.015707801777422606,0.06283120710969031,0.0002467350366788009
197,0,0,197,0.015707801777422547,0.0628312071096901,0.0002467350366787989
198,0,0,198,0.015707801777422658,0.06283120710969062,0.00024673503667880245
199,0,1,199,0.015707801777422665,0.06283120710969058,0.00024673503667880267
200,0,0,200,0.01570780177742259,0.06283120710969034,0.00024673503667880023
201,0,1,201,0.015707801777422564,0.06283120710969026,0.00024673503667879947
202,0,1,202,0.01570780177742279,0.06283120710969081,0.00024673503667880646
203,0,0,203,0.015707801777422592,0.06283120710969035,0.00024673503667880034
204,0,0,204,0.015707801777422644,0.06283120710969045,0.00024673503667880197
205,0,1,205,0.015707801777422755,0.06283120710969081,0.0002467350366788054
206,0,0,206,0.015707801777422554,0.06283120710969003,0.0002467350366787992
207,0,1,207,0.015707801777422647,0.06283120710969053,0.0002467350366788021
208,0,1,208,0.01570780177742257,0.06283120710969019,0.00024673503667879963
209,0,0,209,0.01570780177742257,0.06283120710969027,0.0002467350366787996
210,0,1,210,0.015707801777422595,0.06283120710969031,0.00024673503667880045
211,0,1,211,0.015707801777422557,0.06283120710969023,0.0002467350366787992
212,0,0,212,0.015707801777422554,0.06283120710969017,0.0002467350366787991
213,0,0,213,0.015707801777422564,0.06283120710969023,0.00024673503667879936
214,0,1,214,0.015707801777422592,0.06283120710969022,0.00024673503667880034
215,0,0,215,0.015707801777422654,0.0628312071096904,0.0002467350366788024
216,0,0,216,0.01570780177742255,0.06283120710969016,0.00024673503667879904
217,0,1,217,0.015707801777422654,0.06283120710969052,0.00024673503667880234
218,0,0,218,0.01570780177742258,0.0628312071096903,0.0002467350366788
219,0,0,219,0.015707801777422738,0.06283120710969092,0.00024673503667880495
220,0,1,220,0.015707801777422734,0.06283120710969077,0.0002467350366788049
221,0,0,221,0.015707801777422495,0.06283120710968992,0.00024673503667879725
222,0,1,222,0.0157078017774228,0.06283120710969115,0.00024673503667880684
223,0,1,223,0.015707801777422665,0.06283120710969053,0.0002467350366788026
224,0,0,224,0.01570780177742267,0.06283120710969056,0.0002467350366788027
225,0,1,225,0.015707801777422686,0.06283120710969074,0.0002467350366788033
226,0,0,226,0.01570780177742267,0.06283120710969053,0.0002467350366788027
227,0,1,227,0.015707801777422595,0.06283120710969023,0.0002467350366788004
228,0,1,228,0.01570780177742257,0.06283120710969023,0.0002467350366787997
229,0,0,229,0.015707801777422713,0.0628312071096907,0.0002467350366788042
230,0,1,230,0.015707801777422634,0.06283120710969052,0.0002467350366788017
231,0,1,231,0.01570780177742264,0.0628312071096904,0.0002467350366788018
232,0,0,232,0.01570780177742271,0.06283120710969078,0.0002467350366788041
233,0,1,233,0.015707801777422654,0.06283120710969058,0.0002467350366788023
234,0,0,234,0.01570780177742264,0.06283120710969047,0.00024673503667880186
235,0,1,235,0.01570780177742259,0.06283120710969034,0.00024673503667880023
236,0,0,236,0.015707801777422644,0.06283120710969053,0.00024673503667880197
237,0,0,237,0.015707801777422606,0.06283120710969028,0.00024673503667880077
238,0,1,238,0.01570780177742257,0.06283120710969022,0.00024673503667879974
239,0,0,239,0.015707801777422592,0.06283120710969034,0.0002467350366788004
240,0,1,240,0.01570780177742251,0.06283120710969,0.00024673503667879774
241,0,1,241,0.01570780177742264,0.06283120710969053,0.0002467350366788019
242,0,1,242,0.015707801777422724,0.06283120710969076,0.00024673503667880446
243,0,0,243,0.015707801777422613,0.06283120710969037,0.00024673503667880094
244,0,1,244,0.015707801777422693,0.06283120710969069,0.0002467350366788034
245,0,1,245,0.015707801777422727,0.06283120710969084,0.0002467350366788046
246,0,0,246,0.015707801777422658,0.06283120710969062,0.00024673503667880245
247,0,1,247,0.015707801777422627,0.06283120710969034,0.0002467350366788014
248,0,0,248,0.015707801777422575,0.06283120710969027,0.0002467350366787998
249,0,0,249,0.015707801777422738,0.06283120710969095,0.00024673503667880495
250,0,1,250,0.015707801777422665,0.06283120710969065,0.00024673503667880267
251,0,1,251,0.01570780177742267,0.0628312071096905,0.0002467350366788027
252,0,0,252,0.015707801777422783,0.06283120710969092,0.0002467350366788063
253,0,1,253,0.01570780177742262,0.06283120710969042,0.0002467350366788012
254,0,1,254,0.015707801777422585,0.06283120710969028,0.0002467350366788001
255,0,1,255,0.015707801777422606,0.06283120710969031,0.0002467350366788007
256,0,1,256,0.01570780177742258,0.06283120710969026,0.0002467350366788
257,0,0,257,0.015707801777422595,0.06283120710969037,0.00024673503667880045
258,0,1,258,0.015707801777422745,0.06283120710969098,0.00024673503667880516
259,0,0,259,0.015707801777422713,0.0628312071096907,0.0002467350366788042
260,0,1,260,0.015707801777422623,0.0628312071096904,0.0002467350366788013
261,0,0,261,0.015707801777422776,0.06283120710969108,0.00024673503667880614
262,0,0,262,0.015707801777422658,0.0628312071096905,0.00024673503667880234
263,0,0,263,0.015707801777422557,0.06283120710969008,0.00024673503667879925
264,0,0,264,0.015707801777422526,0.06283120710969003,0.0002467350366787983
265,0,1,265,0.015707801777422748,0.06283120710969084,0.00024673503667880527
266,0,0,266,0.015707801777422627,0.06283120710969042,0.0002467350366788015
267,0,1,267,0.015707801777422734,0.06283120710969084,0.0002467350366788049
268,0,0,268,0.015707801777422595,0.06283120710969034,0.00024673503667880045
269,0,0,269,0.015707801777422585,0.06283120710969031,0.0002467350366788001
270,0,0,270,0.015707801777422602,0.0628312071096904,0.0002467350366788006
271,0,0,271,0.015707801777422734,0.06283120710969088,0.0002467350366788048
272,0,0,272,0.015707801777422647,0.0628312071096905,0.0002467350366788021
273,0,0,273,0.0157078017774226,0.06283120710969028,0.00024673503667880056
274,0,0,274,0.01570780177742262,0.06283120710969045,0.00024673503667880126
275,0,1,275,0.015707801777422786,0.062831207109691,0.0002467350366788064
276,0,1,276,0.015707801777422634,0.0628312071096904,0.0002467350366788017
277,0,0,277,0.01570780177742251,0.06283120710968992,0.00024673503667879774
278,0,1,278,0.01570780177742257,0.06283120710969027,0.0002467350366787997
279,0,1,279,0.01570780177742265,0.06283120710969059,0.00024673503667880224
280,0,0,280,0.015707801777422665,0.06283120710969056,0.0002467350366788026
281,0,1,281,0.015707801777422734,0.06283120710969073,0.0002467350366788048
282,0,0,282,0.01570780177742264,0.06283120710969053,0.0002467350366788018
283,0,0,283,0.015707801777422734,0.06283120710969092,0.0002467350366788048
284,0,1,284,0.01570780177742267,0.06283120710969065,0.0002467350366788027
285,0,1,285,0.015707801777422595,0.06283120710969028,0.0002467350366788004
286,0,0,286,0.015707801777422634,0.06283120710969045,0.0002467350366788017
287,0,1,287,0.015707801777422665,0.06283120710969056,0.00024673503667880267
288,0,1,288,0.015707801777422817,0.062831207109691,0.00024673503667880744
289,0,0,289,0.015707801777422665,0.06283120710969048,0.00024673503667880267
290,0,1,290,0.015707801777422686,0.06283120710969073,0.0002467350366788033
291,0,1,291,0.01570780177742256,0.06283120710969019,0.00024673503667879936
292,0,0,292,0.01570780177742256,0.06283120710969023,0.0002467350366787993
293,0,0,293,0.015707801777422654,0.0628312071096905,0.0002467350366788023
294,0,0,294,0.015707801777422658,0.06283120710969062,0.00024673503667880245
295,0,1,295,0.015707801777422578,0.06283120710969027,0.0002467350366787999
296,0,1,296,0.015707801777422706,0.06283120710969073,0.0002467350366788039
297,0,1,297,0.015707801777422675,0.06283120710969067,0.00024673503667880294
298,0,0,298,0.015707801777422557,0.0628312071096902,0.00024673503667879925
299,0,0,299,0.01570780177742253,0.06283120710969006,0.0002467350366787984
300,0,0,300,0.015707801777422578,0.0628312071096902,0.00024673503667879996
301,0,0,301,0.01570780177742264,0.06283120710969042,0.00024673503667880186
302,0,0,302,0.01570780177742272,0.06283120710969065,0.0002467350366788044
303,0,1,303,0.015707801777422682,0.06283120710969059,0.00024673503667880327
304,0,1,304,0.015707801777422613,0.06283120710969045,0.000246735036678801
305,0,0,305,0.015707801777422543,0.06283120710969017,0.0002467350366787989
306,0,0,306,0.01570780177742263,0.06283120710969037,0.00024673503667880153
307,0,0,307,0.015707801777422592,0.06283120710969033,0.0002467350366788003
308,0,1,308,0.015707801777422564,0.06283120710969026,0.0002467350366787994
309,0,1,309,0.01570780177742263,0.06283120710969044,0.00024673503667880153
310,0,1,310,0.01570780177742272,0.06283120710969077,0.0002467350366788044
311,0,0,311,0.015707801777422606,0.06283120710969033,0.0002467350366788007
312,0,1,312,0.0157078017774227,0.06283120710969078,0.00024673503667880375
313,0,0,313,0.01570780177742269,0.06283120710969071,0.0002467350366788034
314,0,1,314,0.015707801777422627,0.06283120710969034,0.00024673503667880137
315,0,1,315,0.015707801777422613,0.06283120710969037,0.000246735036678801
316,0,1,316,0.015707801777422703,0.06283120710969078,0.0002467350366788038
317,0,1,317,0.015707801777422568,0.06283120710969023,0.0002467350366787996
318,0,1,318,0.01570780177742262,0.06283120710969042,0.00024673503667880126
319,0,0,319,0.01570780177742281,0.06283120710969124,0.00024673503667880717
320,0,1,320,0.015707801777422592,0.06283120710969034,0.0002467350366788003
321,0,1,321,0.015707801777422675,0.06283120710969055,0.00024673503667880294
322,0,1,322,0.0157078017774226,0.06283120710969031,0.0002467350366788005
323,0,1,323,0.015707801777422606,0.06283120710969023,0.0002467350366788007
324,0,0,324,0.015707801777422772,0.06283120710969092,0.000246735036678806
325,0,1,325,0.015707801777422502,0.06283120710968998,0.0002467350366787975
326,0,0,326,0.015707801777422568,0.0628312071096902,0.00024673503667879963
327,0,0,327,0.015707801777422627,0.06283120710969045,0.0002467350366788014
328,0,1,328,0.015707801777422595,0.06283120710969033,0.0002467350366788004
329,0,1,329,0.015707801777422713,0.0628312071096905,0.00024673503667880413
330,0,1,330,0.015707801777422613,0.06283120710969034,0.000246735036678801
331,0,0,331,0.01570780177742258,0.06283120710969031,0.0002467350366788
332,0,0,332,0.015707801777422647,0.06283120710969053,0.0002467350366788021
333,0,1,333,0.015707801777422682,0.06283120710969071,0.00024673503667880305
334,0,0,334,0.015707801777422696,0.06283120710969059,0.00024673503667880354
335,0,0,335,0.01570780177742273,0.06283120710969084,0.0002467350366788047
336,0,0,336,0.015707801777422575,0.06283120710969026,0.0002467350366787998
337,0,1,337,0.0157078017774225,0.06283120710968992,0.0002467350366787974
338,0,0,338,0.015707801777422592,0.06283120710969037,0.00024673503667880034
339,0,0,339,0.015707801777422578,0.0628312071096903,0.0002467350366787998
340,0,0,340,0.015707801777422554,0.06283120710969022,0.00024673503667879915
341,0,0,341,0.01570780177742261,0.06283120710969034,0.000246735036678801
342,0,0,342,0.015707801777422592,0.06283120710969034,0.0002467350366788004
343,0,1,343,0.015707801777422606,0.06283120710969028,0.00024673503667880077
344,0,0,344,0.01570780177742259,0.06283120710969006,0.0002467350366788003
345,0,0,345,0.015707801777422647,0.06283120710969058,0.0002467350366788021
346,0,0,346,0.015707801777422613,0.06283120710969045,0.000246735036678801
347,0,0,347,0.015707801777422713,0.06283120710969077,0.0002467350366788042
348,0,0,348,0.015707801777422557,0.06283120710969012,0.0002467350366787993
349,0,1,349,0.015707801777422776,0.06283120710969109,0.00024673503667880614
350,0,1,350,0.015707801777422602,0.06283120710969027,0.0002467350366788007
351,0,0,351,0.015707801777422647,0.0628312071096905,0.00024673503667880213
352,0,1,352,0.015707801777422627,0.06283120710969034,0.0002467350366788014
353,0,0,353,0.015707801777422623,0.06283120710969038,0.0002467350366788013
354,0,1,354,0.015707801777422606,0.06283120710969041,0.00024673503667880077
355,0,1,355,0.01570780177742265,0.0628312071096905,0.0002467350366788022
356,0,1,356,0.01570780177742263,0.06283120710969045,0.00024673503667880153
357,0,1,357,0.015707801777422665,0.06283120710969035,0.0002467350366788027
358,0,1,358,0.015707801777422696,0.06283120710969065,0.0002467350366788036
359,0,0,359,0.015707801777422627,0.06283120710969045,0.00024673503667880137
360,0,0,360,0.015707801777422564,0.06283120710969026,0.0002467350366787994
361,0,0,361,0.015707801777422734,0.06283120710969083,0.00024673503667880484
362,0,0,362,0.015707801777422595,0.0628312071096903,0.0002467350366788005
363,0,1,363,0.015707801777422658,0.0628312071096905,0.00024673503667880245
364,0,1,364,0.015707801777422533,0.06283120710969012,0.0002467350366787985
365,0,1,365,0.015707801777422616,0.06283120710969031,0.00024673503667880104
366,0,0,366,0.015707801777422602,0.06283120710969028,0.00024673503667880077
367,0,0,367,0.01570780177742264,0.06283120710969056,0.00024673503667880186
368,0,1,368,0.01570780177742259,0.06283120710969035,0.0002467350366788003
369,0,0,369,0.015707801777422592,0.06283120710969031,0.0002467350366788003
370,0,0,370,0.01570780177742277,0.06283120710969098,0.0002467350366788058
371,0,0,371,0.015707801777422686,0.06283120710969073,0.00024673503667880327
372,0,1,372,0.015707801777422682,0.06283120710969053,0.0002467350366788031
373,0,0,373,0.015707801777422592,0.06283120710969003,0.0002467350366788003
374,0,0,374,0.015707801777422554,0.06283120710969015,0.00024673503667879925
375,0,0,375,0.01570780177742267,0.06283120710969067,0.00024673503667880283
376,0,1,376,0.015707801777422585,0.06283120710969019,0.0002467350366788001
377,0,0,377,0.01570780177742265,0.06283120710969048,0.0002467350366788023
378,0,1,378,0.015707801777422703,0.06283120710969073,0.00024673503667880386
379,0,1,379,0.015707801777422682,0.0628312071096907,0.0002467350366788031
380,0,0,380,0.015707801777422564,0.06283120710969023,0.00024673503667879947
381,0,1,381,0.01570780177742263,0.06283120710969045,0.0002467350366788016
382,0,1,382,0.015707801777422644,0.06283120710969026,0.00024673503667880197
383,0,0,383,0.01570780177742262,0.06283120710969048,0.00024673503667880126
384,0,1,384,0.015707801777422727,0.0628312071096908,0.0002467350366788046
385,0,0,385,0.015707801777422703,0.0628312071096907,0.00024673503667880386
386,0,1,386,0.015707801777422616,0.06283120710969027,0.0002467350366788011
387,0,1,387,0.015707801777422672,0.06283120710969065,0.0002467350366788029
388,0,0,388,0.015707801777422672,0.06283120710969066,0.0002467350366788029
389,0,0,389,0.015707801777422627,0.0628312071096904,0.00024673503667880137
390,0,1,390,0.015707801777422564,0.06283120710969016,0.00024673503667879947
391,0,0,391,0.015707801777422696,0.06283120710969073,0.0002467350366788037
392,0,1,392,0.015707801777422665,0.06283120710969059,0.00024673503667880267
393,0,1,393,0.015707801777422554,0.06283120710969012,0.0002467350366787992
394,0,1,394,0.01570780177742266,0.06283120710969059,0.00024673503667880256
395,0,0,395,0.015707801777422602,0.06283120710969031,0.0002467350366788007
396,0,1,396,0.015707801777422762,0.06283120710969073,0.00024673503667880565
397,0,1,397,0.01570780177742254,0.06283120710969003,0.0002467350366787987
398,0,1,398,0.015707801777422675,0.06283120710969067,0.00024673503667880283
399,0,0,399,0.015707801777422627,0.06283120710969045,0.0002467350366788015
400,0,0,400,0.01570780177742263,0.06283120710969047,0.00024673503667880153
401,0,0,401,0.01570780177742259,0.06283120710969035,0.0002467350366788003
402,0,1,402,0.01570780177742257,0.06283120710969015,0.00024673503667879974
403,0,1,403,0.015707801777422672,0.06283120710969042,0.0002467350366788028
404,0,0,404,0.0157078017774227,0.0628312071096905,0.0002467350366788037
405,0,0,405,0.01570780177742262,0.06283120710969034,0.0002467350366788013
406,0,0,406,0.015707801777422595,0.06283120710969031,0.0002467350366788004
407,0,0,407,0.015707801777422724,0.06283120710969081,0.00024673503667880446
408,0,1,408,0.01570780177742267,0.06283120710969065,0.0002467350366788028
409,0,0,409,0.015707801777422713,0.06283120710969076,0.0002467350366788042
410,0,0,410,0.015707801777422706,0.06283120710969034,0.00024673503667880397
411,0,1,411,0.015707801777422592,0.06283120710969037,0.0002467350366788004
412,0,0,412,0.015707801777422568,0.06283120710969024,0.0002467350366787995
413,0,1,413,0.015707801777422793,0.06283120710969092,0.0002467350366788067
414,0,0,414,0.015707801777422578,0.0628312071096903,0.00024673503667879996
415,0,1,415,0.015707801777422647,0.06283120710969037,0.000246735036678802
416,0,0,416,0.015707801777422627,0.0628312071096904,0.0002467350366788013
417,0,1,417,0.015707801777422706,0.0628312071096907,0.00024673503667880386
418,0,0,418,0.01570780177742258,0.06283120710969033,0.0002467350366788001
419,0,0,419,0.015707801777422783,0.06283120710969105,0.00024673503667880636
420,0,0,420,0.01570780177742256,0.06283120710969015,0.00024673503667879936
421,0,1,421,0.015707801777422595,0.06283120710969038,0.00024673503667880045
422,0,1,422,0.015707801777422706,0.06283120710969081,0.00024673503667880397
423,0,0,423,0.015707801777422686,0.06283120710969073,0.0002467350366788034
424,0,1,424,0.015707801777422575,0.0628312071096902,0.0002467350366787998
425,0,1,425,0.015707801777422533,0.06283120710969008,0.00024673503667879855
426,0,1,426,0.015707801777422644,0.06283120710969024,0.0002467350366788019
427,0,1,427,0.0157078017774228,0.06283120710969098,0.0002467350366788069
428,0,0,428,0.01570780177742261,0.06283120710969042,0.00024673503667880094
429,0,1,429,0.015707801777422675,0.06283120710969033,0.000246735036678803
430,0,0,430,0.015707801777422783,0.06283120710969098,0.0002467350366788063
431,0,1,431,0.015707801777422717,0.06283120710969083,0.0002467350366788042
432,0,0,432,0.015707801777422637,0.0628312071096904,0.0002467350366788017
433,0,1,433,0.015707801777422613,0.0628312071096903,0.00024673503667880094
434,0,1,434,0.015707801777422644,0.06283120710969047,0.0002467350366788019
435,0,0,435,0.015707801777422748,0.06283120710969096,0.0002467350366788052
436,0,1,436,0.015707801777422786,0.06283120710969098,0.00024673503667880646
437,0,1,437,0.015707801777422547,0.06283120710969015,0.000246735036678799
438,0,0,438,0.015707801777422644,0.06283120710969042,0.000246735036678802
439,0,0,439,0.01570780177742264,0.0628312071096904,0.00024673503667880186
440,0,0,440,0.01570780177742258,0.06283120710969031,0.00024673503667880007
441,0,0,441,0.01570780177742265,0.06283120710969053,0.0002467350366788022
442,0,1,442,0.015707801777422765,0.06283120710969081,0.0002467350366788058
443,0,1,443,0.01570780177742261,0.06283120710969041,0.00024673503667880094
444,0,1,444,0.015707801777422547,0.06283120710969013,0.00024673503667879893
445,0,1,445,0.01570780177742278,0.06283120710969106,0.00024673503667880625
446,0,0,446,0.015707801777422606,0.06283120710969038,0.00024673503667880077
447,0,1,447,0.015707801777422595,0.06283120710969033,0.0002467350366788005
448,0,1,448,0.01570780177742267,0.06283120710969045,0.0002467350366788027
449,0,1,449,0.01570780177742257,0.06283120710969023,0.00024673503667879963
450,0,0,450,0.01570780177742249,0.06283120710968995,0.00024673503667879725
451,0,1,451,0.01570780177742263,0.06283120710969041,0.00024673503667880164
452,0,1,452,0.015707801777422585,0.06283120710969031,0.00024673503667880007
453,0,0,453,0.015707801777422776,0.06283120710969103,0.0002467350366788061
454,0,0,454,0.015707801777422644,0.06283120710969056,0.0002467350366788019
455,0,1,455,0.015707801777422568,0.06283120710969023,0.0002467350366787995
456,0,1,456,0.015707801777422658,0.06283120710969059,0.0002467350366788024
457,0,1,457,0.01570780177742267,0.06283120710969066,0.0002467350366788027
458,0,0,458,0.015707801777422644,0.06283120710969056,0.000246735036678802
459,0,1,459,0.015707801777422613,0.06283120710969028,0.00024673503667880104
460,0,0,460,0.015707801777422564,0.06283120710969024,0.0002467350366787994
461,0,0,461,0.01570780177742264,0.06283120710969053,0.0002467350366788019
462,0,0,462,0.01570780177742267,0.06283120710969059,0.00024673503667880267
463,0,0,463,0.01570780177742257,0.06283120710969023,0.0002467350366787998
464,0,1,464,0.015707801777422637,0.06283120710969048,0.0002467350366788018
465,0,0,465,0.015707801777422602,0.06283120710969037,0.00024673503667880066
466,0,1,466,0.01570780177742256,0.06283120710969017,0.0002467350366787993
467,0,0,467,0.015707801777422654,0.06283120710969062,0.00024673503667880234
468,0,1,468,0.015707801777422592,0.0628312071096903,0.00024673503667880034
469,0,1,469,0.015707801777422585,0.0628312071096902,0.0002467350366788001
470,0,1,470,0.01570780177742263,0.06283120710969034,0.00024673503667880153
471,0,0,471,0.015707801777422543,0.06283120710969017,0.0002467350366787988
472,0,0,472,0.01570780177742263,0.06283120710969048,0.00024673503667880153
473,0,0,473,0.015707801777422682,0.06283120710969055,0.0002467350366788031
474,0,1,474,0.01570780177742269,0.06283120710969062,0.00024673503667880343
475,0,1,475,0.015707801777422658,0.06283120710969059,0.00024673503667880245
476,0,1,476,0.015707801777422606,0.06283120710969023,0.0002467350366788008
477,0,0,477,0.015707801777422595,0.06283120710969022,0.00024673503667880045
478,0,1,478,0.015707801777422606,0.06283120710969028,0.0002467350366788008
479,0,0,479,0.015707801777422568,0.06283120710969023,0.00024673503667879947
480,0,1,480,0.015707801777422623,0.06283120710969031,0.0002467350366788013
481,0,1,481,0.01570780177742257,0.0628312071096902,0.0002467350366787998
482,0,1,482,0.01570780177742262,0.06283120710969042,0.00024673503667880126
483,0,1,483,0.0157078017774226,0.06283120710969034,0.0002467350366788006
484,0,0,484,0.015707801777422634,0.06283120710969052,0.0002467350366788017
485,0,0,485,0.01570780177742271,0.06283120710969078,0.00024673503667880397
486,0,0,486,0.01570780177742267,0.06283120710969065,0.0002467350366788027
487,0,1,487,0.01570780177742263,0.06283120710969031,0.0002467350366788015
488,0,1,488,0.01570780177742254,0.06283120710969008,0.00024673503667879877
489,0,1,489,0.015707801777422564,0.06283120710969026,0.00024673503667879947
490,0,0,490,0.015707801777422592,0.06283120710969034,0.00024673503667880034
491,0,1,491,0.015707801777422592,0.06283120710969028,0.00024673503667880034
492,0,1,492,0.01570780177742274,0.06283120710969081,0.000246735036678805
493,0,1,493,0.01570780177742256,0.06283120710969012,0.0002467350366787994
494,0,1,494,0.015707801777422686,0.06283120710969059,0.0002467350366788033
495,0,0,495,0.015707801777422647,0.0628312071096905,0.0002467350366788021
496,0,1,496,0.01570780177742266,0.06283120710969059,0.00024673503667880245
497,0,0,497,0.015707801777422658,0.06283120710969037,0.0002467350366788024
498,0,1,498,0.015707801777422738,0.06283120710969081,0.00024673503667880484
499,0,0,499,0.015707801777422564,0.06283120710969015,0.00024673503667879947
500,0,0,500,0.01570780177742265,0.06283120710969059,0.00024673503667880224
501,0,0,501,0.015707801777422686,0.06283120710969063,0.0002467350366788033
502,0,0,502,0.0157078017774227,0.06283120710969078,0.00024673503667880375
503,0,1,503,0.015707801777422665,0.06283120710969059,0.00024673503667880267
504,0,0,504,0.01570780177742265,0.06283120710969049,0.0002467350366788021
505,0,0,505,0.015707801777422672,0.06283120710969065,0.00024673503667880283
506,0,0,506,0.015707801777422786,0.06283120710969103,0.00024673503667880646
507,0,0,507,0.01570780177742262,0.06283120710969045,0.00024673503667880126
508,0,0,508,0.015707801777422672,0.06283120710969067,0.0002467350366788029
509,0,1,509,0.015707801777422623,0.06283120710969042,0.00024673503667880137
510,0,0,510,0.015707801777422675,0.06283120710969053,0.00024673503667880294
511,0,1,511,0.01570780177742269,0.06283120710969059,0.00024673503667880343
512,0,1,512,0.015707801777422602,0.06283120710969012,0.00024673503667880066
513,0,1,513,0.015707801777422644,0.0628312071096904,0.00024673503667880197
514,0,1,514,0.01570780177742263,0.06283120710969048,0.00024673503667880153
515,0,0,515,0.015707801777422616,0.06283120710969031,0.00024673503667880115
516,0,1,516,0.015707801777422738,0.06283120710969092,0.0002467350366788049
517,0,0,517,0.0157078017774226,0.0628312071096903,0.0002467350366788006
518,0,1,518,0.015707801777422578,0.06283120710969003,0.0002467350366787999
519,0,1,519,0.015707801777422634,0.0628312071096905,0.00024673503667880164
520,0,1,520,0.01570780177742263,0.06283120710969038,0.00024673503667880153
521,0,1,521,0.015707801777422665,0.06283120710969055,0.0002467350366788026
522,0,1,522,0.01570780177742256,0.06283120710969022,0.0002467350366787994
523,0,1,523,0.0157078017774226,0.06283120710969026,0.0002467350366788006
524,0,1,524,0.01570780177742263,0.06283120710969037,0.00024673503667880164
525,0,1,525,0.015707801777422693,0.06283120710969063,0.00024673503667880354
526,0,1,526,0.015707801777422533,0.0628312071096901,0.00024673503667879855
527,0,1,527,0.015707801777422672,0.06283120710969055,0.00024673503667880294
528,0,1,528,0.015707801777422536,0.06283120710969009,0.00024673503667879866
529,0,0,529,0.015707801777422634,0.06283120710969048,0.0002467350366788017
530,0,1,530,0.015707801777422523,0.06283120710969003,0.0002467350366787981
531,0,0,531,0.01570780177742258,0.06283120710969028,0.00024673503667880007
532,0,0,532,0.01570780177742271,0.0628312071096907,0.000246735036678804
533,0,1,533,0.01570780177742276,0.06283120710969087,0.00024673503667880565
534,0,0,534,0.015707801777422727,0.06283120710969071,0.00024673503667880457
535,0,1,535,0.015707801777422575,0.06283120710969026,0.0002467350366787999
536,0,1,536,0.015707801777422543,0.06283120710969003,0.00024673503667879877
537,0,1,537,0.015707801777422585,0.06283120710969028,0.00024673503667880007
538,0,1,538,0.01570780177742269,0.06283120710969073,0.00024673503667880343
539,0,0,539,0.015707801777422575,0.06283120710969028,0.0002467350366787998
540,0,1,540,0.01570780177742268,0.06283120710969062,0.0002467350366788031
541,0,0,541,0.0157078017774226,0.06283120710969028,0.00024673503667880056
542,0,1,542,0.015707801777422575,0.06283120710969026,0.0002467350366787998
543,0,0,543,0.015707801777422696,0.06283120710969076,0.0002467350366788036
544,0,1,544,0.015707801777422814,0.06283120710969109,0.0002467350366788073
545,0,0,545,0.01570780177742261,0.06283120710969031,0.0002467350366788008
546,0,1,546,0.01570780177742274,0.06283120710969084,0.00024673503667880495
547,0,0,547,0.015707801777422568,0.06283120710969026,0.0002467350366787995
548,0,1,548,0.01570780177742264,0.06283120710969053,0.00024673503667880186
549,0,0,549,0.015707801777422606,0.06283120710969027,0.0002467350366788008
550,0,1,550,0.01570780177742256,0.06283120710969016,0.00024673503667879936
551,0,1,551,0.01570780177742262,0.06283120710969037,0.0002467350366788013
552,0,1,552,0.01570780177742265,0.06283120710969028,0.00024673503667880213
553,0,0,553,0.015707801777422727,0.06283120710969084,0.00024673503667880457
554,0,1,554,0.015707801777422852,0.06283120710969137,0.00024673503667880847
555,0,1,555,1.9999383152895795,7.999753261158318,0.0002467350366788179
556,0,0,556,0.015707801777422693,0.0628312071096907,0.00024673503667880354
557,0,1,557,0.015707801777422637,0.0628312071096905,0.00024673503667880175
558,0,0,558,0.015707801777422706,0.06283120710969073,0.00024673503667880397
559,0,1,559,0.015707801777422568,0.06283120710969022,0.00024673503667879963
560,0,1,560,0.01570780177742268,0.0628312071096907,0.000246735036678803
561,0,0,561,0.015707801777422595,0.06283120710969034,0.0002467350366788005
562,0,1,562,0.015707801777422585,0.06283120710969031,0.00024673503667880007
563,0,1,563,0.015707801777422623,0.06283120710969042,0.0002467350366788013
564,0,1,564,0.015707801777422578,0.06283120710969027,0.0002467350366787999
565,0,0,565,0.01570780177742254,0.06283120710969012,0.0002467350366787986
566,0,1,566,0.01570780177742262,0.0628312071096904,0.0002467350366788012
567,0,1,567,1.9999383152895795,7.999753261158318,0.0002467350366788076
568,0,1,568,0.01570780177742263,0.0628312071096905,0.00024673503667880153
569,0,0,569,0.015707801777422675,0.06283120710969059,0.0002467350366788029
570,0,1,570,0.015707801777422554,0.06283120710969017,0.0002467350366787992
571,0,1,571,0.015707801777422595,0.06283120710969034,0.00024673503667880034
572,0,1,572,0.015707801777422557,0.06283120710969012,0.00024673503667879925
573,0,0,573,0.015707801777422727,0.06283120710969084,0.0002467350366788046
574,0,0,574,0.015707801777422616,0.06283120710969044,0.0002467350366788011
575,0,1,575,0.01570780177742258,0.06283120710969028,0.00024673503667880007
576,0,1,576,0.015707801777422675,0.06283120710969062,0.000246735036678803
577,0,0,577,0.015707801777422602,0.0628312071096904,0.0002467350366788006
578,0,1,578,0.015707801777422682,0.06283120710969063,0.0002467350366788032
579,0,0,579,0.015707801777422686,0.06283120710969063,0.00024673503667880327
580,0,0,580,0.015707801777422554,0.06283120710969015,0.0002467350366787991
581,0,0,581,0.01570780177742257,0.06283120710969023,0.00024673503667879974
582,0,1,582,0.015707801777422592,0.06283120710969023,0.0002467350366788004
583,0,0,583,0.01570780177742278,0.0628312071096909,0.00024673503667880625
584,0,1,584,0.015707801777422568,0.06283120710969019,0.00024673503667879963
585,0,0,585,0.01570780177742263,0.06283120710969027,0.00024673503667880164
586,0,1,586,0.01570780177742268,0.06283120710969065,0.00024673503667880316
587,0,1,587,0.015707801777422672,0.06283120710969067,0.0002467350366788029
588,0,1,588,0.015707801777422745,0.06283120710969077,0.00024673503667880516
589,0,1,589,0.015707801777422693,0.06283120710969076,0.0002467350366788035
590,0,0,590,0.015707801777422557,0.06283120710969022,0.0002467350366787993
591,0,1,591,0.01570780177742261,0.06283120710969042,0.0002467350366788009
592,0,1,592,0.015707801777422578,0.06283120710969028,0.00024673503667879996
593,0,0,593,0.015707801777422765,0.06283120710969094,0.0002467350366788057
594,0,1,594,0.01570780177742248,0.06283120710968987,0.0002467350366787968
595,0,1,595,0.015707801777422585,0.06283120710969034,0.00024673503667880007
596,0,0,596,0.015707801777422703,0.0628312071096907,0.0002467350366788039
597,0,1,597,0.01570780177742267,0.06283120710969048,0.0002467350366788028
598,0,0,598,0.01570780177742272,0.06283120710969078,0.00024673503667880446
599,0,0,599,0.015707801777422724,0.06283120710969088,0.0002467350366788045
600,0,0,600,0.015707801777422575,0.06283120710969026,0.00024673503667879974
601,0,1,601,0.015707801777422682,0.06283120710969066,0.00024673503667880316
602,0,1,602,0.015707801777422557,0.06283120710969017,0.0002467350366787992
603,0,1,603,0.015707801777422682,0.06283120710969059,0.00024673503667880316
604,0,1,604,0.015707801777422564,0.0628312071096902,0.00024673503667879947
605,0,0,605,0.01570780177742258,0.06283120710969009,0.0002467350366788
606,0,0,606,0.015707801777422602,0.06283120710969033,0.0002467350366788006
607,0,0,607,0.015707801777422613,0.06283120710969034,0.000246735036678801
608,0,0,608,0.015707801777422578,0.06283120710969031,0.00024673503667879996
609,0,0,609,0.015707801777422665,0.06283120710969065,0.00024673503667880267
610,0,1,610,0.01570780177742253,0.06283120710968998,0.00024673503667879833
611,0,0,611,0.015707801777422762,0.06283120710969103,0.00024673503667880565
612,0,1,612,0.01570780177742279,0.06283120710969109,0.00024673503667880663
613,0,0,613,0.015707801777422536,0.06283120710969012,0.0002467350366787986
614,0,1,614,0.015707801777422585,0.06283120710969033,0.00024673503667880007
615,0,0,615,0.015707801777422554,0.0628312071096902,0.00024673503667879915
616,0,0,616,0.01570780177742279,0.06283120710969099,0.0002467350366788066
617,0,1,617,0.015707801777422543,0.06283120710969015,0.0002467350366787989
618,0,0,618,0.015707801777422637,0.06283120710969037,0.00024673503667880175
619,0,0,619,0.015707801777422672,0.06283120710969069,0.0002467350366788029
620,0,0,620,0.015707801777422595,0.06283120710969027,0.0002467350366788005
621,0,1,621,0.015707801777422755,0.06283120710969095,0.00024673503667880543
622,0,1,622,0.015707801777422647,0.06283120710969048,0.000246735036678802
623,0,1,623,0.015707801777422623,0.06283120710969041,0.0002467350366788013
624,0,1,624,0.015707801777422575,0.06283120710969028,0.0002467350366787998
625,0,0,625,0.015707801777422765,0.06283120710969106,0.00024673503667880576
626,0,1,626,0.015707801777422616,0.06283120710969045,0.0002467350366788011
627,0,1,627,0.015707801777422693,0.06283120710969067,0.00024673503667880354
628,0,0,628,1.9999383152895795,7.999753261158318,0.0002467350366788068
629,0,1,629,0.015707801777422748,0.06283120710969084,0.0002467350366788053
630,0,0,630,0.015707801777422623,0.06283120710969041,0.00024673503667880126
631,0,1,631,0.015707801777422765,0.06283120710969095,0.00024673503667880587
632,0,1,632,0.01570780177742264,0.06283120710969056,0.0002467350366788018
633,0,1,633,0.0157078017774226,0.06283120710969028,0.0002467350366788006
634,0,1,634,0.01570780177742262,0.06283120710969047,0.0002467350366788012
635,0,0,635,0.015707801777422637,0.0628312071096905,0.00024673503667880175
636,0,1,636,0.015707801777422713,0.0628312071096908,0.00024673503667880413
637,0,1,637,0.015707801777422686,0.06283120710969067,0.00024673503667880327
638,0,0,638,0.015707801777422807,0.06283120710969106,0.00024673503667880706
639,0,1,639,0.015707801777422717,0.06283120710969067,0.0002467350366788043
640,0,0,640,0.01570780177742265,0.06283120710969047,0.00024673503667880224
641,0,0,641,0.015707801777422658,0.06283120710969055,0.00024673503667880245
642,0,1,642,0.015707801777422627,0.06283120710969049,0.0002467350366788015
643,0,0,643,0.015707801777422533,0.06283120710969008,0.00024673503667879855
644,0,1,644,0.015707801777422623,0.06283120710969042,0.0002467350366788013
645,0,1,645,0.015707801777422575,0.06283120710969015,0.0002467350366787998
646,0,1,646,0.015707801777422554,0.06283120710969017,0.0002467350366787992
647,0,0,647,0.01570780177742265,0.0628312071096905,0.0002467350366788022
648,0,0,648,0.015707801777422672,0.06283120710969063,0.00024673503667880283
649,0,0,649,0.01570780177742256,0.06283120710969023,0.00024673503667879936
650,0,1,650,0.015707801777422738,0.0628312071096909,0.00024673503667880495
651,0,1,651,0.01570780177742265,0.06283120710969056,0.0002467350366788022
652,0,0,652,0.015707801777422658,0.06283120710969062,0.0002467350366788024
653,0,1,653,0.015707801777422647,0.06283120710969045,0.0002467350366788021
654,0,1,654,0.015707801777422658,0.06283120710969053,0.0002467350366788024
655,0,1,655,0.015707801777422762,0.06283120710969094,0.0002467350366788057
656,0,1,656,0.015707801777422575,0.06283120710969027,0.00024673503667879985
657,0,1,657,0.015707801777422717,0.06283120710969076,0.00024673503667880424
658,0,1,658,0.015707801777422578,0.06283120710969031,0.00024673503667879996
659,0,1,659,0.015707801777422585,0.06283120710969034,0.00024673503667880007
660,0,1,660,0.015707801777422675,0.06283120710969055,0.000246735036678803
661,0,0,661,0.015707801777422703,0.06283120710969073,0.0002467350366788038
662,0,0,662,0.01570780177742264,0.06283120710969052,0.0002467350366788019
663,0,0,663,0.015707801777422578,0.0628312071096902,0.0002467350366787999
664,0,0,664,0.01570780177742271,0.06283120710969069,0.000246735036678804
665,0,1,665,0.015707801777422658,0.06283120710969056,0.0002467350366788024
666,0,1,666,0.015707801777422592,0.06283120710969028,0.0002467350366788004
667,0,0,667,0.015707801777422585,0.06283120710969026,0.0002467350366788001
668,0,1,668,0.015707801777422602,0.06283120710969024,0.00024673503667880066
669,0,0,669,0.01570780177742269,0.06283120710969073,0.00024673503667880343
670,0,1,670,0.015707801777422602,0.06283120710969031,0.00024673503667880066
671,0,1,671,0.01570780177742263,0.06283120710969041,0.00024673503667880153
672,0,1,672,0.01570780177742259,0.06283120710969034,0.0002467350366788002
673,0,0,673,0.015707801777422606,0.06283120710969028,0.0002467350366788007
674,0,0,674,0.015707801777422606,0.0628312071096904,0.0002467350366788007
675,0,1,675,0.015707801777422693,0.0628312071096907,0.00024673503667880354
676,0,1,676,0.015707801777422554,0.06283120710969016,0.00024673503667879915
677,0,1,677,0.01570780177742258,0.0628312071096903,0.0002467350366788
678,0,0,678,0.01570780177742257,0.06283120710969028,0.0002467350366787997
679,0,0,679,0.01570780177742257,0.06283120710968992,0.0002467350366787997
680,0,0,680,0.01570780177742269,0.06283120710969073,0.00024673503667880343
681,0,1,681,0.015707801777422526,0.06283120710969009,0.0002467350366787982
682,0,1,682,0.015707801777422637,0.06283120710969052,0.00024673503667880175
683,0,1,683,0.015707801777422554,0.0628312071096901,0.0002467350366787991
684,0,1,684,0.015707801777422634,0.06283120710969037,0.00024673503667880164
685,0,1,685,0.01570780177742254,0.06283120710969012,0.00024673503667879866
686,0,1,686,0.015707801777422616,0.06283120710969033,0.00024673503667880104
687,0,0,687,0.015707801777422665,0.06283120710969062,0.00024673503667880267
688,0,0,688,0.015707801777422724,0.06283120710969074,0.0002467350366788044
689,0,1,689,0.015707801777422693,0.06283120710969059,0.0002467350366788036
690,0,0,690,0.01570780177742261,0.06283120710969017,0.0002467350366788009
691,0,1,691,0.015707801777422734,0.06283120710969084,0.00024673503667880473
692,0,0,692,0.015707801777422672,0.06283120710969026,0.0002467350366788028
693,0,0,693,0.015707801777422824,0.06283120710969123,0.00024673503667880766
694,0,0,694,0.01570780177742257,0.06283120710969026,0.00024673503667879974
695,0,1,695,0.01570780177742273,0.06283120710969065,0.0002467350366788047
696,0,1,696,0.015707801777422623,0.06283120710969016,0.00024673503667880126
697,0,0,697,0.015707801777422686,0.0628312071096905,0.0002467350366788033
698,0,1,698,0.01570780177742261,0.06283120710969034,0.0002467350366788008
699,0,1,699,0.01570780177742257,0.06283120710969009,0.00024673503667879963
700,0,1,700,0.015707801777422672,0.06283120710969069,0.000246735036678803
701,0,1,701,0.015707801777422765,0.06283120710969085,0.0002467350366788058
702,0,1,702,0.015707801777422647,0.06283120710969035,0.00024673503667880197
703,0,0,703,0.015707801777422647,0.06283120710969026,0.000246735036678802
704,0,1,704,0.015707801777422592,0.06283120710969026,0.0002467350366788004
705,0,1,705,0.015707801777422592,0.06283120710969015,0.0002467350366788004
706,0,1,706,0.015707801777422734,0.06283120710969073,0.0002467350366788049
707,0,1,707,0.015707801777422686,0.06283120710969065,0.00024673503667880327
708,0,0,708,0.015707801777422602,0.06283120710969015,0.0002467350366788006
709,0,1,709,0.015707801777422682,0.06283120710969067,0.00024673503667880316
710,0,1,710,0.01570780177742261,0.06283120710969034,0.0002467350366788009
711,0,0,711,0.015707801777422613,0.06283120710969034,0.00024673503667880104
712,0,0,712,0.015707801777422602,0.06283120710969038,0.00024673503667880066
713,0,0,713,0.01570780177742267,0.06283120710969059,0.0002467350366788027
714,0,0,714,0.01570780177742263,0.06283120710969045,0.0002467350366788016
715,0,0,715,0.015707801777422706,0.06283120710969078,0.00024673503667880397
716,0,1,716,0.015707801777422585,0.06283120710969031,0.00024673503667880007
717,0,1,717,0.01570780177742263,0.06283120710969037,0.00024673503667880153
718,0,0,718,0.015707801777422713,0.06283120710969071,0.00024673503667880413
719,0,0,719,0.015707801777422623,0.06283120710969033,0.00024673503667880126
720,0,0,720,0.015707801777422554,0.06283120710969019,0.0002467350366787991
721,0,1,721,0.015707801777422616,0.06283120710969035,0.0002467350366788011
722,0,0,722,0.015707801777422634,0.06283120710969019,0.0002467350366788016
723,0,1,723,0.01570780177742262,0.06283120710969034,0.0002467350366788012
724,0,0,724,0.01570780177742261,0.06283120710969019,0.00024673503667880077
725,0,1,725,0.015707801777422467,0.06283120710968987,0.00024673503667879644
726,0,0,726,0.015707801777422623,0.06283120710969042,0.00024673503667880137
727,0,0,727,0.015707801777422578,0.06283120710969026,0.0002467350366787999
728,0,0,728,0.015707801777422696,0.0628312071096906,0.00024673503667880365
729,0,0,729,0.01570780177742258,0.06283120710969027,0.00024673503667879996
730,0,1,730,0.015707801777422592,0.06283120710969026,0.00024673503667880034
731,0,1,731,0.01570780177742266,0.06283120710969048,0.00024673503667880256
732,0,1,732,0.015707801777422644,0.06283120710969048,0.000246735036678802
733,0,0,733,0.01570780177742265,0.06283120710969055,0.00024673503667880213
734,0,1,734,0.01570780177742257,0.06283120710969019,0.0002467350366787997
735,0,0,735,0.015707801777422797,0.06283120710969098,0.0002467350366788068
736,0,0,736,0.015707801777422727,0.0628312071096909,0.00024673503667880457
737,0,0,737,0.01570780177742251,0.06283120710969001,0.0002467350366787977
738,0,1,738,0.01570780177742284,0.06283120710969106,0.00024673503667880815
739,0,0,739,0.01570780177742279,0.06283120710969112,0.00024673503667880663
740,0,1,740,0.015707801777422658,0.06283120710969048,0.0002467350366788024
741,0,1,741,0.01570780177742267,0.06283120710969066,0.0002467350366788028
742,0,1,742,0.015707801777422606,0.06283120710969037,0.0002467350366788008
743,0,0,743,0.015707801777422717,0.06283120710969081,0.00024673503667880424
744,0,1,744,0.015707801777422616,0.06283120710969028,0.00024673503667880115
745,0,1,745,0.015707801777422797,0.06283120710969117,0.0002467350366788068
746,0,0,746,0.01570780177742265,0.06283120710969059,0.0002467350366788022
747,0,1,747,0.01570780177742247,0.06283120710968967,0.00024673503667879644
748,0,0,748,0.01570780177742272,0.06283120710969066,0.00024673503667880435
749,0,0,749,0.015707801777422637,0.06283120710969045,0.00024673503667880175
750,0,0,750,0.01570780177742263,0.0628312071096904,0.00024673503667880153
751,0,0,751,0.01570780177742263,0.06283120710969044,0.00024673503667880153
752,0,1,752,0.015707801777422578,0.06283120710969028,0.00024673503667879985
753,0,1,753,0.0157078017774228,0.06283120710969099,0.00024673503667880684
754,0,1,754,0.015707801777422623,0.06283120710969045,0.0002467350366788014
755,0,0,755,0.015707801777422613,0.0628312071096904,0.000246735036678801
756,0,1,756,0.01570780177742265,0.06283120710969059,0.0002467350366788023
757,0,1,757,0.015707801777422568,0.06283120710969024,0.00024673503667879963
758,0,1,758,0.015707801777422637,0.06283120710969048,0.00024673503667880175
759,0,1,759,0.015707801777422616,0.06283120710969034,0.00024673503667880115
760,0,1,760,0.01570780177742257,0.06283120710969028,0.0002467350366787997
761,0,1,761,0.015707801777422717,0.0628312071096908,0.00024673503667880424
762,0,0,762,0.015707801777422585,0.06283120710969023,0.0002467350366788001
763,0,1,763,0.015707801777422776,0.06283120710969084,0.00024673503667880614
764,0,1,764,0.01570780177742261,0.0628312071096904,0.0002467350366788009
765,0,0,765,0.015707801777422658,0.06283120710969055,0.0002467350366788024
766,0,0,766,0.01570780177742266,0.06283120710969052,0.00024673503667880245
767,0,1,767,0.0157078017774227,0.06283120710969067,0.0002467350366788037
768,0,0,768,0.01570780177742256,0.06283120710969022,0.00024673503667879936
769,0,0,769,0.01570780177742264,0.06283120710969053,0.0002467350366788019
770,0,0,770,0.015707801777422783,0.062831207109691,0.00024673503667880636
771,0,1,771,0.015707801777422557,0.06283120710969023,0.00024673503667879925
772,0,0,772,0.015707801777422706,0.06283120710969073,0.000246735036678804
773,0,1,773,0.01570780177742259,0.06283120710969023,0.00024673503667880023
774,0,0,774,0.01570780177742255,0.06283120710969017,0.00024673503667879893
775,0,1,775,0.0157078017774226,0.06283120710969023,0.00024673503667880056
776,0,1,776,0.015707801777422606,0.06283120710969031,0.0002467350366788007
777,0,0,777,0.015707801777422717,0.06283120710969059,0.00024673503667880424
778,0,1,778,0.01570780177742258,0.06283120710969031,0.0002467350366788
779,0,0,779,0.01570780177742271,0.06283120710969073,0.000246735036678804
780,0,1,780,0.015707801777422592,0.06283120710969033,0.00024673503667880034
781,0,0,781,0.015707801777422616,0.06283120710969033,0.0002467350366788011
782,0,1,782,0.01570780177742272,0.06283120710969076,0.00024673503667880435
783,0,0,783,0.015707801777422658,0.06283120710969053,0.0002467350366788024
784,0,0,784,0.01570780177742284,0.06283120710969121,0.00024673503667880804
785,0,0,785,0.015707801777422533,0.06283120710969012,0.00024673503667879844
786,0,1,786,0.01570780177742278,0.06283120710969099,0.0002467350366788063
787,0,0,787,0.015707801777422675,0.0628312071096907,0.00024673503667880294
788,0,1,788,0.01570780177742262,0.06283120710969033,0.00024673503667880115
789,0,1,789,0.015707801777422693,0.06283120710969065,0.00024673503667880354
790,0,0,790,0.01570780177742263,0.06283120710969041,0.0002467350366788014
791,0,1,791,0.01570780177742258,0.06283120710969001,0.0002467350366788
792,0,0,792,0.01570780177742267,0.06283120710969056,0.0002467350366788028
793,0,0,793,0.01570780177742257,0.06283120710969019,0.0002467350366787997
794,0,0,794,0.015707801777422703,0.06283120710969073,0.0002467350366788038
795,0,0,795,0.01570780177742257,0.06283120710969023,0.00024673503667879963
796,0,0,796,0.01570780177742264,0.06283120710969045,0.00024673503667880186
797,0,1,797,0.015707801777422547,0.06283120710969017,0.00024673503667879893
798,0,1,798,0.015707801777422578,0.06283120710969023,0.00024673503667879985
799,0,0,799,0.015707801777422557,0.06283120710969015,0.0002467350366787993
800,0,1,800,0.01570780177742266,0.06283120710969062,0.00024673503667880256
801,0,1,801,0.01570780177742262,0.06283120710969037,0.0002467350366788012
802,0,0,802,0.01570780177742262,0.06283120710969045,0.0002467350366788012
803,0,0,803,0.01570780177742257,0.06283120710969006,0.00024673503667879963
804,0,0,804,0.015707801777422627,0.06283120710969026,0.0002467350366788015
805,0,0,805,0.015707801777422647,0.06283120710969031,0.0002467350366788021
806,0,1,806,0.015707801777422613,0.06283120710969026,0.00024673503667880094
807,0,1,807,0.015707801777422578,0.06283120710969031,0.00024673503667879985
808,0,0,808,0.01570780177742267,0.06283120710969048,0.0002467350366788027
809,0,1,809,0.015707801777422543,0.06283120710969009,0.00024673503667879877
810,0,1,810,0.015707801777422616,0.06283120710969028,0.00024673503667880104
811,0,0,811,0.015707801777422568,0.0628312071096902,0.0002467350366787996
812,0,0,812,0.01570780177742263,0.06283120710969044,0.00024673503667880164
813,0,1,813,0.01570780177742262,0.0628312071096904,0.0002467350366788012
814,0,0,814,0.015707801777422613,0.0628312071096901,0.000246735036678801
815,0,1,815,0.01570780177742269,0.0628312071096907,0.0002467350366788035
816,0,1,816,0.015707801777422804,0.06283120710969115,0.00024673503667880695
817,0,1,817,0.015707801777422602,0.06283120710969038,0.00024673503667880056
818,0,0,818,0.015707801777422693,0.06283120710969073,0.00024673503667880354
819,0,0,819,0.015707801777422654,0.06283120710969047,0.00024673503667880224
820,0,1,820,0.015707801777422672,0.06283120710969067,0.0002467350366788028
821,0,1,821,0.015707801777422693,0.0628312071096907,0.00024673503667880354
822,0,1,822,0.015707801777422658,0.06283120710969059,0.0002467350366788024
823,0,0,823,0.015707801777422772,0.062831207109691,0.00024673503667880603
824,0,0,824,0.0157078017774225,0.0628312071096899,0.0002467350366787974
825,0,1,825,0.01570780177742257,0.0628312071096902,0.00024673503667879963
826,0,1,826,0.01570780177742259,0.06283120710969026,0.00024673503667880023
827,0,0,827,0.015707801777422613,0.06283120710969031,0.00024673503667880104
828,0,0,828,0.015707801777422592,0.06283120710969037,0.00024673503667880034
829,0,1,829,0.015707801777422578,0.06283120710969026,0.00024673503667879985
830,0,1,830,0.015707801777422682,0.06283120710969062,0.00024673503667880316
831,0,0,831,0.015707801777422547,0.06283120710969012,0.0002467350366787989
832,0,1,832,0.015707801777422613,0.06283120710969042,0.0002467350366788011
833,0,0,833,0.015707801777422814,0.06283120710969123,0.0002467350366788073
834,0,1,834,0.01570780177742255,0.06283120710969019,0.000246735036678799
835,0,1,835,0.015707801777422647,0.06283120710969053,0.0002467350366788021
836,0,1,836,0.015707801777422647,0.0628312071096904,0.000246735036678802
837,0,1,837,0.015707801777422696,0.06283120710969059,0.0002467350366788036
838,0,0,838,0.01570780177742273,0.06283120710969092,0.0002467350366788047
839,0,1,839,0.015707801777422682,0.06283120710969053,0.0002467350366788032
840,0,1,840,0.015707801777422755,0.0628312071096908,0.00024673503667880543
841,0,0,841,0.01570780177742269,0.0628312071096907,0.0002467350366788034
842,0,1,842,0.015707801777422734,0.0628312071096908,0.00024673503667880484
843,0,0,843,0.015707801777422627,0.06283120710969041,0.0002467350366788014
844,0,0,844,0.015707801777422682,0.06283120710969071,0.00024673503667880316
845,0,0,845,0.015707801777422592,0.06283120710969031,0.00024673503667880034
846,0,0,846,0.01570780177742262,0.06283120710969042,0.0002467350366788013
847,0,1,847,0.015707801777422585,0.06283120710969031,0.0002467350366788002
848,0,1,848,0.015707801777422585,0.06283120710969026,0.00024673503667880007
849,0,1,849,0.01570780177742269,0.0628312071096907,0.0002467350366788033
850,0,0,850,0.01570780177742269,0.06283120710969065,0.00024673503667880343
851,0,0,851,0.015707801777422557,0.0628312071096902,0.0002467350366787992
852,0,0,852,0.015707801777422616,0.06283120710969035,0.00024673503667880104
853,0,0,853,0.01570780177742269,0.0628312071096907,0.00024673503667880343
854,0,1,854,0.015707801777422765,0.06283120710969095,0.00024673503667880576
855,0,1,855,0.01570780177742257,0.0628312071096902,0.00024673503667879974
856,0,1,856,0.015707801777422706,0.0628312071096907,0.00024673503667880397
857,0,0,857,0.015707801777422575,0.06283120710969023,0.00024673503667879974
858,0,0,858,0.015707801777422717,0.06283120710969084,0.00024673503667880424
859,0,1,859,0.01570780177742264,0.06283120710969037,0.0002467350366788019
860,0,1,860,0.01570780177742265,0.06283120710969037,0.0002467350366788022
861,0,1,861,0.01570780177742248,0.0628312071096899,0.00024673503667879676
862,0,0,862,0.015707801777422627,0.06283120710969037,0.0002467350366788015
863,0,1,863,0.015707801777422703,0.06283120710969065,0.00024673503667880375
864,0,0,864,0.015707801777422717,0.06283120710969084,0.00024673503667880424
865,0,1,865,0.015707801777422523,0.06283120710969006,0.00024673503667879817
866,0,1,866,0.01570780177742256,0.0628312071096902,0.0002467350366787993
867,0,0,867,0.015707801777422484,0.06283120710968979,0.0002467350366787969
868,0,0,868,0.015707801777422595,0.06283120710969023,0.00024673503667880056
869,0,0,869,0.015707801777422575,0.06283120710969026,0.00024673503667879974
870,0,1,870,0.01570780177742267,0.06283120710969063,0.00024673503667880283
871,0,0,871,0.01570780177742259,0.06283120710969034,0.00024673503667880023
872,0,1,872,0.015707801777422536,0.06283120710969006,0.0002467350366787985
873,0,0,873,0.015707801777422575,0.06283120710969026,0.00024673503667879974
874,0,0,874,0.015707801777422568,0.06283120710969026,0.0002467350366787996
875,0,0,875,0.015707801777422665,0.06283120710969058,0.0002467350366788026
876,0,1,876,0.015707801777422578,0.06283120710969028,0.00024673503667879996
877,0,1,877,0.015707801777422713,0.06283120710969078,0.0002467350366788042
878,0,1,878,0.015707801777422616,0.06283120710969033,0.0002467350366788011
879,0,1,879,0.015707801777422613,0.0628312071096904,0.000246735036678801
880,0,0,880,0.01570780177742269,0.06283120710969067,0.00024673503667880343
881,0,1,881,0.01570780177742257,0.06283120710969017,0.00024673503667879963
882,0,1,882,0.015707801777422592,0.06283120710969035,0.0002467350366788004
883,0,0,883,0.015707801777422623,0.06283120710969042,0.0002467350366788014
884,0,1,884,0.015707801777422634,0.06283120710969038,0.0002467350366788016
885,0,1,885,0.01570780177742259,0.06283120710969023,0.00024673503667880023
886,0,1,886,0.01570780177742265,0.06283120710969038,0.00024673503667880213
887,0,0,887,0.015707801777422627,0.06283120710969037,0.00024673503667880137
888,0,1,888,0.015707801777422797,0.06283120710969092,0.0002467350366788068
889,0,1,889,0.01570780177742272,0.06283120710969048,0.00024673503667880446
890,0,0,890,0.015707801777422595,0.06283120710969023,0.00024673503667880056
891,0,1,891,0.01570780177742262,0.06283120710969042,0.0002467350366788012
892,0,0,892,0.015707801777422717,0.06283120710969081,0.00024673503667880424
893,0,0,893,0.0157078017774227,0.06283120710969078,0.0002467350366788037
894,0,1,894,0.01570780177742263,0.0628312071096905,0.0002467350366788016
895,0,1,895,0.015707801777422748,0.06283120710969095,0.00024673503667880527
896,0,0,896,0.01570780177742259,0.06283120710969031,0.0002467350366788003
897,0,1,897,0.015707801777422654,0.06283120710969053,0.00024673503667880224
898,0,0,898,0.01570780177742261,0.06283120710969034,0.0002467350366788009
899,0,0,899,0.015707801777422693,0.06283120710969059,0.00024673503667880354
900,0,1,900,0.015707801777422592,0.06283120710969031,0.0002467350366788003
901,0,1,901,0.015707801777422606,0.06283120710969033,0.0002467350366788008
902,0,1,902,0.015707801777422557,0.06283120710969006,0.0002467350366787993
903,0,1,903,0.01570780177742277,0.06283120710969103,0.0002467350366788059
904,0,1,904,0.015707801777422762,0.06283120710969084,0.0002467350366788056
905,0,0,905,0.015707801777422547,0.06283120710969015,0.0002467350366787989
906,0,0,906,0.015707801777422724,0.06283120710969081,0.0002467350366788045
907,0,0,907,0.015707801777422536,0.06283120710969015,0.0002467350366787985
908,0,1,908,0.015707801777422516,0.06283120710968987,0.0002467350366787979
909,0,1,909,0.015707801777422602,0.06283120710969034,0.00024673503667880066
910,0,1,910,0.015707801777422665,0.06283120710969062,0.0002467350366788026
911,0,0,911,0.01570780177742269,0.06283120710969067,0.0002467350366788034
912,0,0,912,0.015707801777422564,0.06283120710969022,0.0002467350366787994
913,0,0,913,0.01570780177742262,0.06283120710969044,0.00024673503667880126
914,0,1,914,0.01570780177742262,0.06283120710969034,0.0002467350366788012
915,0,0,915,0.01570780177742264,0.06283120710969053,0.00024673503667880186
916,0,1,916,0.01570780177742261,0.06283120710969037,0.0002467350366788008
917,0,0,917,0.015707801777422637,0.06283120710969049,0.0002467350366788017
918,0,1,918,0.01570780177742261,0.06283120710969042,0.0002467350366788008
919,0,1,919,0.01570780177742258,0.06283120710969028,0.00024673503667879996
920,0,0,920,0.01570780177742266,0.06283120710969045,0.00024673503667880256
921,0,1,921,0.01570780177742252,0.06283120710969001,0.000246735036678798
922,0,1,922,0.015707801777422578,0.0628312071096902,0.00024673503667879996
923,0,0,923,0.015707801777422634,0.0628312071096905,0.00024673503667880164
924,0,0,924,0.015707801777422602,0.06283120710969038,0.0002467350366788006
925,0,1,925,0.015707801777422557,0.0628312071096902,0.0002467350366787992
926,0,0,926,0.015707801777422505,0.06283120710968998,0.0002467350366787977
927,0,0,927,0.015707801777422592,0.06283120710969026,0.0002467350366788003
928,0,0,928,0.01570780177742259,0.06283120710969033,0.00024673503667880023
929,0,1,929,0.015707801777422592,0.06283120710969033,0.00024673503667880034
930,0,1,930,0.015707801777422592,0.06283120710969024,0.0002467350366788003
931,0,0,931,0.01570780177742256,0.06283120710969016,0.00024673503667879936
932,0,0,932,0.01570780177742269,0.0628312071096907,0.00024673503667880343
933,0,1,933,0.015707801777422613,0.0628312071096904,0.000246735036678801
934,0,1,934,0.015707801777422644,0.06283120710969056,0.00024673503667880197
935,0,0,935,0.015707801777422675,0.0628312071096907,0.000246735036678803
936,0,1,936,0.015707801777422644,0.06283120710969053,0.0002467350366788021
937,0,0,937,0.01570780177742258,0.06283120710969028,0.00024673503667879996
938,0,0,938,0.015707801777422706,0.06283120710969078,0.0002467350366788039
939,0,1,939,0.015707801777422564,0.06283120710969017,0.00024673503667879947
940,0,0,940,0.01570780177742259,0.06283120710969031,0.0002467350366788003
941,0,0,941,0.01570780177742264,0.0628312071096905,0.0002467350366788018
942,0,1,942,0.015707801777422595,0.0628312071096903,0.0002467350366788004
943,0,1,943,0.015707801777422748,0.06283120710969087,0.00024673503667880527
944,0,1,944,0.015707801777422658,0.06283120710969037,0.00024673503667880245
945,0,1,945,0.015707801777422665,0.06283120710969053,0.0002467350366788026
946,0,0,946,0.015707801777422675,0.06283120710969069,0.00024673503667880294
947,0,0,947,0.015707801777422592,0.06283120710969031,0.00024673503667880034
948,0,1,948,0.015707801777422745,0.0628312071096909,0.00024673503667880516
949,0,0,949,0.01570780177742274,0.06283120710969087,0.000246735036678805
950,0,0,950,0.01570780177742275,0.06283120710969081,0.0002467350366788053
951,0,0,951,0.015707801777422724,0.06283120710969067,0.00024673503667880446
952,0,1,952,0.01570780177742259,0.06283120710969028,0.0002467350366788003
953,0,0,953,0.015707801777422776,0.06283120710969106,0.0002467350366788062
954,0,0,954,0.01570780177742262,0.06283120710969037,0.00024673503667880126
955,0,1,955,0.015707801777422606,0.06283120710969028,0.0002467350366788007
956,0,1,956,0.015707801777422672,0.06283120710969053,0.00024673503667880283
957,0,1,957,0.01570780177742257,0.06283120710969023,0.00024673503667879974
958,0,1,958,0.015707801777422606,0.06283120710969033,0.00024673503667880077
959,0,0,959,0.015707801777422536,0.06283120710969009,0.0002467350366787986
960,0,1,960,0.015707801777422536,0.06283120710969015,0.00024673503667879866
961,0,0,961,0.015707801777422602,0.0628312071096904,0.00024673503667880066
962,0,0,962,0.015707801777422488,0.06283120710968992,0.0002467350366787971
963,0,0,963,0.015707801777422724,0.06283120710969084,0.0002467350366788045
964,0,1,964,0.015707801777422644,0.06283120710969053,0.00024673503667880197
965,0,0,965,0.01570780177742257,0.06283120710969003,0.0002467350366787997
966,0,0,966,0.01570780177742261,0.06283120710969026,0.00024673503667880094
967,0,1,967,0.015707801777422602,0.06283120710969031,0.00024673503667880066
968,0,0,968,0.01570780177742267,0.06283120710969067,0.0002467350366788028
969,0,1,969,0.015707801777422634,0.06283120710969042,0.00024673503667880175
970,0,0,970,0.01570780177742261,0.06283120710969034,0.0002467350366788009
971,0,1,971,0.0157078017774226,0.06283120710969037,0.0002467350366788006
972,0,1,972,0.01570780177742256,0.06283120710969023,0.0002467350366787994
973,0,0,973,0.0157078017774226,0.06283120710969035,0.0002467350366788006
974,0,0,974,0.015707801777422634,0.06283120710969044,0.0002467350366788017
975,0,1,975,0.015707801777422693,0.06283120710969067,0.00024673503667880343
976,0,0,976,0.015707801777422477,0.06283120710968987,0.0002467350366787968
977,0,0,977,0.015707801777422595,0.06283120710969028,0.0002467350366788004
978,0,0,978,0.015707801777422717,0.06283120710969078,0.00024673503667880424
979,0,0,979,0.015707801777422786,0.06283120710969108,0.0002467350366788065
980,0,1,980,0.015707801777422585,0.06283120710969031,0.00024673503667880007
981,0,0,981,0.015707801777422543,0.06283120710969003,0.0002467350366787989
982,0,1,982,0.01570780177742252,0.06283120710969,0.00024673503667879806
983,0,0,983,0.015707801777422703,0.0628312071096907,0.0002467350366788039
984,0,1,984,0.01570780177742276,0.06283120710969092,0.0002467350366788055
985,0,0,985,0.015707801777422623,0.06283120710969045,0.00024673503667880137
986,0,0,986,0.01570780177742256,0.06283120710969022,0.00024673503667879936
987,0,0,987,1.9999383152895798,7.999753261158318,0.0002467350366788146
988,0,1,988,0.0157078017774226,0.06283120710969034,0.00024673503667880056
989,0,1,989,0.015707801777422713,0.06283120710969073,0.00024673503667880413
990,0,0,990,0.015707801777422634,0.0628312071096904,0.0002467350366788016
991,0,0,991,0.01570780177742268,0.06283120710969067,0.000246735036678803
992,0,0,992,0.015707801777422575,0.06283120710969023,0.00024673503667879974
993,0,0,993,0.015707801777422606,0.06283120710969034,0.00024673503667880077
994,0,0,994,0.015707801777422745,0.0628312071096909,0.0002467350366788051
995,0,1,995,0.015707801777422665,0.0628312071096906,0.0002467350366788026
996,0,0,996,0.01570780177742269,0.06283120710969073,0.0002467350366788033
997,0,1,997,0.015707801777422634,0.06283120710969037,0.00024673503667880164
998,0,1,998,0.015707801777422568,0.06283120710969027,0.0002467350366787996
999,0,1,999,0.015707801777422516,0.06283120710969003,0.00024673503667879785
