,Layer,Qubit,Run,2-Norm,Trace Norm,Diamond Norm
0,0,1,0,0.031414634623641385,0.09720458148581768,0.0009868792685368876
1,0,0,1,0.03141463462364139,0.05486352017770979,0.0009868792685368884
2,0,1,2,0.03141463462364133,0.011032718753704263,0.0009868792685368845
3,0,1,3,0.03141463462364135,0.018307511033535562,0.0009868792685368854
4,0,1,4,0.0314146346236412,0.035924423010071926,0.000986879268536875
5,0,1,5,0.031414634623641365,0.02103594269741338,0.0009868792685368865
6,0,1,6,0.0314146346236414,0.12560540833825312,0.0009868792685368887
7,0,0,7,0.03141463462364139,0.10936836406133432,0.0009868792685368882
8,0,0,8,0.03141463462364117,0.047433877545937975,0.0009868792685368735
9,0,0,9,0.031414634623641295,0.04849764933806,0.0009868792685368795
10,0,0,10,0.03141463462364136,0.002116984615996742,0.000986879268536886
11,0,1,11,0.0314146346236414,0.019703397237769316,0.0009868792685368889
12,0,0,12,0.0314146346236414,0.07063350501823712,0.0009868792685368889
13,0,0,13,0.03141463462364119,8.415872881097465e-05,0.000986879268536876
14,0,1,14,0.03141463462364139,0.10859781832488496,0.0009868792685368878
15,0,0,15,0.03141463462364105,0.047906618255067146,0.0009868792685368674
16,0,1,16,0.03141463462364142,0.05594676395327919,0.0009868792685368876
17,0,0,17,0.031414634623641205,0.006397659035902947,0.000986879268536877
18,0,0,18,0.0314146346236412,0.0686928906530071,0.0009868792685368763
19,0,0,19,0.0314146346236414,0.09680836417977315,0.000986879268536888
20,0,0,20,0.03141463462364128,0.02971640851869206,0.0009868792685368813
21,0,0,21,0.03141463462364149,0.06338247343905445,0.0009868792685368945
22,0,1,22,0.03141463462364127,0.05230195858802489,0.0009868792685368798
23,0,0,23,0.03141463462364144,0.03179591709551721,0.000986879268536891
24,0,0,24,0.031414634623641365,0.08046286309337303,0.0009868792685368865
25,0,0,25,0.03141463462364113,0.031431461611301614,0.0009868792685368717
26,0,1,26,0.03141463462364119,0.05742961482811326,0.0009868792685368756
27,0,0,27,0.03141463462364114,0.02889412036702721,0.0009868792685368733
28,0,1,28,0.03141463462364112,0.05841818982327096,0.000986879268536871
29,0,1,29,0.03141463462364135,0.019853218011135265,0.0009868792685368856
30,0,0,30,0.03141463462364121,0.0755036176917625,0.0009868792685368765
31,0,1,31,0.031414634623641184,0.010476431175612477,0.0009868792685368746
32,0,0,32,0.031414634623641136,0.04973658494873057,0.0009868792685368724
33,0,1,33,0.03141463462364141,0.05072206237964755,0.0009868792685368897
34,0,0,34,0.0314146346236413,0.03744736942138349,0.000986879268536883
35,0,1,35,0.03141463462364132,0.0657743939985056,0.000986879268536884
36,0,0,36,0.03141463462364132,0.04575129542472878,0.0009868792685368843
37,0,0,37,0.03141463462364138,0.10783006782754057,0.0009868792685368871
38,0,1,38,0.03141463462364142,0.12403296684268472,0.0009868792685368897
39,0,0,39,0.03141463462364108,0.021922921437377063,0.0009868792685368691
40,0,0,40,0.03141463462364118,0.0017329217854622492,0.000986879268536875
41,0,1,41,0.03141463462364138,0.014929854634584405,0.0009868792685368878
42,0,1,42,0.031414634623641455,0.058598331913306545,0.0009868792685368917
43,0,1,43,0.031414634623641184,0.05554763645158656,0.0009868792685368746
44,0,1,44,0.0314146346236414,0.11539812297527431,0.0009868792685368889
45,0,1,45,0.031414634623641205,0.01589070982862184,0.0009868792685368765
46,0,0,46,0.031414634623641434,0.09849371545039531,0.000986879268536889
47,0,0,47,0.0314146346236414,0.0014086687791045605,0.0009868792685368887
48,0,1,48,0.03141463462364123,0.027284176967668605,0.0009868792685368782
49,0,0,49,0.03141463462364116,0.03142617535402481,0.000986879268536874
50,0,1,50,0.03141463462364137,0.005314573180994375,0.0009868792685368867
51,0,1,51,0.031414634623641385,0.07009281951254642,0.0009868792685368871
52,0,1,52,0.03141463462364114,0.07925357831422053,0.0009868792685368715
53,0,1,53,0.03141463462364115,0.007789191356579517,0.000986879268536873
54,0,1,54,0.03141463462364146,0.09125661384671213,0.0009868792685368926
55,0,1,55,0.031414634623641365,0.016336528760084068,0.000986879268536884
56,0,1,56,0.03141463462364137,0.09211398983708213,0.0009868792685368867
57,0,1,57,0.03141463462364131,0.0022133157757157074,0.0009868792685368832
58,0,0,58,0.03141463462364118,0.030590921634636725,0.0009868792685368748
59,0,0,59,0.03141463462364143,0.012355458851724954,0.0009868792685368904
60,0,0,60,0.031414634623641406,0.0017969433792468332,0.0009868792685368897
61,0,1,61,0.03141463462364141,0.0785531675993909,0.0009868792685368884
62,0,1,62,0.03141463462364131,0.028603269469220205,0.0009868792685368828
63,0,1,63,0.03141463462364116,0.026729104622742028,0.0009868792685368728
64,0,0,64,0.03141463462364131,0.1054204636749072,0.0009868792685368835
65,0,0,65,0.03141463462364138,0.07408619943165196,0.0009868792685368871
66,0,0,66,0.031414634623641406,0.12121914182548932,0.0009868792685368893
67,0,1,67,0.03141463462364116,0.055565076113312184,0.000986879268536874
68,0,1,68,0.03141463462364138,0.01992237701967592,0.0009868792685368876
69,0,1,69,1.9997532649633214,5.173843896783243,0.0009868792685368813
70,0,0,70,0.0314146346236412,0.015100084811348058,0.0009868792685368765
71,0,1,71,0.031414634623641205,0.011231504742590825,0.000986879268536876
72,0,0,72,0.0314146346236412,0.019582538519606008,0.0009868792685368748
73,0,1,73,0.03141463462364116,0.04819323927317232,0.0009868792685368715
74,0,1,74,1.9997532649633214,7.24877301390957,0.0009868792685368806
75,0,1,75,0.03141463462364119,0.0011328500227530958,0.0009868792685368752
76,0,1,76,0.031414634623641365,0.06833613249150483,0.0009868792685368871
77,0,1,77,0.03141463462364143,0.022246759097023006,0.0009868792685368895
78,0,1,78,0.031414634623641365,0.06822548213993457,0.0009868792685368867
79,0,0,79,0.03141463462364136,0.011822025003949438,0.0009868792685368865
80,0,1,80,0.03141463462364119,0.07117641466556102,0.0009868792685368756
81,0,1,81,0.031414634623641115,0.07721405471089637,0.0009868792685368707
82,0,1,82,0.03141463462364113,0.036786884865925185,0.000986879268536872
83,0,1,83,0.031414634623641226,0.07591796449583921,0.0009868792685368774
84,0,0,84,0.03141463462364146,0.06236841683031802,0.000986879268536893
85,0,1,85,0.03141463462364126,0.03899726208676113,0.00098687926853688
86,0,0,86,0.03141463462364129,0.04001546891101748,0.0009868792685368791
87,0,0,87,0.031414634623641254,0.054665094799808855,0.0009868792685368791
88,0,1,88,0.03141463462364119,0.06611139262482202,0.000986879268536875
89,0,1,89,0.031414634623641365,0.09081826705580132,0.0009868792685368867
90,0,1,90,0.031414634623641365,0.06851276153319563,0.0009868792685368867
91,0,0,91,0.03141463462364136,0.03620519967043645,0.0009868792685368848
92,0,1,92,0.03141463462364119,0.04072759838637152,0.0009868792685368759
93,0,0,93,0.031414634623641066,0.07588096803824151,0.0009868792685368683
94,0,1,94,0.031414634623641455,0.032847397606837914,0.0009868792685368906
95,0,0,95,0.03141463462364111,0.024977783497731387,0.0009868792685368707
96,0,0,96,0.03141463462364129,0.06495525986014572,0.000986879268536881
97,0,1,97,0.03141463462364123,0.05427856565268607,0.000986879268536878
98,0,1,98,0.03141463462364119,0.017846787608870596,0.0009868792685368737
99,0,0,99,0.03141463462364138,0.04523928514999806,0.0009868792685368871
100,0,0,100,0.03141463462364119,0.0005301591327773053,0.0009868792685368756
101,0,1,101,0.03141463462364143,0.014224559446758711,0.000986879268536891
102,0,0,102,0.0314146346236412,0.001393448090576066,0.0009868792685368756
103,0,1,103,0.03141463462364132,0.006927360497007817,0.0009868792685368837
104,0,0,104,0.03141463462364113,0.04482029159709411,0.000986879268536872
105,0,0,105,0.03141463462364118,0.01815157068207296,0.000986879268536875
106,0,1,106,0.03141463462364141,0.10033091800660132,0.000986879268536889
107,0,0,107,0.03141463462364118,0.0020218682034101043,0.0009868792685368752
108,0,0,108,0.03141463462364152,0.06390898201570505,0.0009868792685368952
109,0,1,109,0.03141463462364121,0.06253001914053602,0.0009868792685368772
110,0,1,110,0.03141463462364136,0.011056276584089364,0.0009868792685368856
111,0,1,111,0.03141463462364153,0.10440920329522774,0.0009868792685368973
112,0,1,112,0.03141463462364136,0.0016024102469709423,0.0009868792685368858
113,0,0,113,0.0314146346236414,0.011161015508320882,0.0009868792685368884
114,0,1,114,0.031414634623641344,0.060641347850428406,0.0009868792685368848
115,0,1,115,0.03141463462364133,0.02613052235934976,0.0009868792685368848
116,0,0,116,0.031414634623641434,0.09686503695720594,0.0009868792685368889
117,0,1,117,0.03141463462364137,0.023307249643124694,0.0009868792685368867
118,0,0,118,0.03141463462364141,0.009910905971957207,0.0009868792685368893
119,0,1,119,0.0314146346236414,0.1104401175299694,0.0009868792685368887
120,0,1,120,0.03141463462364115,0.028231176710829864,0.0009868792685368726
121,0,1,121,0.031414634623641385,0.023320645669121287,0.0009868792685368878
122,0,1,122,0.03141463462364141,0.03542399004108221,0.0009868792685368882
123,0,0,123,0.031414634623641365,0.027613310181451745,0.0009868792685368865
124,0,0,124,0.03141463462364149,0.0742152900464288,0.0009868792685368936
125,0,1,125,0.03141463462364136,0.011004348311389744,0.0009868792685368852
126,0,1,126,0.03141463462364116,0.08709960831265429,0.0009868792685368735
127,0,0,127,0.03141463462364121,0.009895461099479586,0.0009868792685368772
128,0,0,128,0.03141463462364135,0.00525976258886407,0.0009868792685368843
129,0,1,129,0.03141463462364122,0.01683629777090978,0.0009868792685368746
130,0,0,130,0.0314146346236413,0.0890489822578524,0.0009868792685368835
131,0,0,131,0.03141463462364136,0.030570826919848137,0.000986879268536886
132,0,1,132,1.999753264963321,7.650013734369695,0.0009868792685368828
133,0,0,133,0.03141463462364145,0.0278476646722583,0.0009868792685368923
134,0,1,134,0.03141463462364123,0.06021838743943442,0.0009868792685368759
135,0,0,135,0.03141463462364122,0.029416555683666357,0.0009868792685368776
136,0,1,136,0.03141463462364139,0.018005877482632826,0.0009868792685368882
137,0,0,137,1.9997532649633214,4.040131287464209,0.000986879268536883
138,0,1,138,0.0314146346236414,0.06427147143775191,0.0009868792685368889
139,0,1,139,0.03141463462364134,0.08929682379406279,0.0009868792685368852
140,0,0,140,0.03141463462364141,0.043875093165794694,0.0009868792685368887
141,0,0,141,0.03141463462364118,0.0015885836046037605,0.000986879268536875
142,0,1,142,0.031414634623641406,0.05261390441903095,0.0009868792685368889
143,0,1,143,0.031414634623641455,0.027599935957724198,0.0009868792685368926
144,0,0,144,0.031414634623641365,0.012032675932989623,0.0009868792685368867
145,0,1,145,0.03141463462364142,0.04193611196576397,0.0009868792685368895
146,0,0,146,0.03141463462364141,0.014030579357204531,0.0009868792685368897
147,0,0,147,0.03141463462364141,0.11820052609707568,0.0009868792685368884
148,0,1,148,0.03141463462364139,0.05330804604066275,0.0009868792685368878
149,0,1,149,0.03141463462364137,0.04203273661001594,0.0009868792685368852
150,0,1,150,0.03141463462364142,0.0015453614463402654,0.0009868792685368895
151,0,0,151,0.03141463462364119,0.07166444590527199,0.0009868792685368746
152,0,0,152,0.03141463462364136,0.006479633974849186,0.0009868792685368854
153,0,0,153,0.03141463462364147,0.03174964893834398,0.0009868792685368917
154,0,0,154,0.031414634623641406,0.11257919010357353,0.0009868792685368897
155,0,1,155,0.03141463462364148,0.05718920028184815,0.0009868792685368917
156,0,0,156,0.0314146346236412,0.10863539133136091,0.0009868792685368759
157,0,1,157,0.031414634623641115,0.05322039101196996,0.000986879268536871
158,0,1,158,0.0314146346236414,0.03234556679025968,0.000986879268536889
159,0,0,159,0.03141463462364143,0.1119849279259959,0.0009868792685368893
160,0,1,160,0.0314146346236413,0.0316374372481969,0.0009868792685368822
161,0,1,161,0.03141463462364121,0.006709382211112724,0.0009868792685368774
162,0,1,162,0.03141463462364113,0.0326503145837318,0.0009868792685368715
163,0,1,163,0.031414634623641496,0.011418431139187168,0.0009868792685368932
164,0,1,164,0.031414634623641136,0.061473678382141905,0.0009868792685368722
165,0,1,165,0.03141463462364141,0.02819503849293563,0.0009868792685368895
166,0,0,166,0.03141463462364143,0.028746657816465848,0.0009868792685368906
167,0,1,167,0.03141463462364136,0.0516219651043992,0.0009868792685368858
168,0,0,168,0.03141463462364149,0.06609447955590908,0.0009868792685368934
169,0,0,169,0.031414634623641184,0.08946465469594411,0.0009868792685368754
170,0,1,170,0.03141463462364135,0.001277271208793715,0.0009868792685368856
171,0,0,171,0.031414634623641385,0.10952830659737,0.000986879268536887
172,0,0,172,0.03141463462364121,0.011996171576307502,0.0009868792685368767
173,0,0,173,0.03141463462364122,0.015594433552552855,0.0009868792685368772
174,0,1,174,0.03141463462364136,0.0073015819092597245,0.0009868792685368865
175,0,1,175,0.0314146346236412,0.0033722437050842657,0.0009868792685368752
176,0,0,176,0.03141463462364118,0.01121205333926989,0.0009868792685368754
177,0,0,177,0.03141463462364124,0.05557285179510307,0.0009868792685368782
178,0,1,178,0.031414634623641205,0.0467808007251036,0.0009868792685368763
179,0,0,179,0.03141463462364137,0.1235862257272704,0.000986879268536887
180,0,0,180,0.031414634623641434,0.0819725981099978,0.0009868792685368897
181,0,1,181,0.03141463462364118,0.0005778605786597724,0.000986879268536874
182,0,0,182,0.031414634623641406,0.0030628456259678624,0.0009868792685368895
183,0,1,183,0.031414634623641385,0.12028269181832574,0.0009868792685368882
184,0,1,184,0.03141463462364117,0.00938644224710583,0.0009868792685368746
185,0,1,185,0.03141463462364137,0.049953388214956984,0.0009868792685368865
186,0,1,186,1.9997532649633214,7.225133385030926,0.0009868792685369019
187,0,0,187,0.03141463462364116,0.1038983579357673,0.000986879268536874
188,0,1,188,0.031414634623641385,0.01924207705517801,0.0009868792685368882
189,0,1,189,0.031414634623641434,0.016194099984773613,0.0009868792685368897
190,0,0,190,0.03141463462364123,0.021433061032607226,0.0009868792685368776
191,0,0,191,0.0314146346236414,0.04012715809801413,0.000986879268536889
192,0,0,192,0.03141463462364143,0.016671783391322803,0.0009868792685368902
193,0,1,193,0.03141463462364121,0.040778682433075364,0.0009868792685368767
194,0,0,194,0.03141463462364133,0.022685959772330566,0.0009868792685368843
195,0,0,195,0.031414634623641365,0.07661293726283303,0.0009868792685368843
196,0,0,196,0.03141463462364139,0.0008628811047143824,0.000986879268536888
197,0,1,197,0.03141463462364137,0.0002572262766394485,0.000986879268536887
198,0,0,198,0.031414634623641455,0.03772795446824939,0.0009868792685368926
199,0,0,199,0.03141463462364135,0.04270299057809046,0.0009868792685368863
200,0,1,200,0.03141463462364139,0.1119648147352903,0.0009868792685368884
201,0,1,201,0.03141463462364139,0.03494738863471625,0.000986879268536888
202,0,0,202,0.03141463462364135,0.02163572557115162,0.000986879268536886
203,0,1,203,0.03141463462364143,0.06644606899096384,0.0009868792685368902
204,0,0,204,0.03141463462364133,0.009524764057252222,0.0009868792685368848
205,0,0,205,0.03141463462364141,0.06301653190405598,0.0009868792685368889
206,0,0,206,1.9997532649633218,3.7951064448061107,0.0009868792685369064
207,0,0,207,0.03141463462364115,0.02928150992410039,0.0009868792685368728
208,0,1,208,0.03141463462364112,0.0587845053282634,0.0009868792685368687
209,0,0,209,0.031414634623641385,0.07152398728706677,0.0009868792685368878
210,0,0,210,0.03141463462364146,0.07676025360006011,0.0009868792685368902
211,0,0,211,0.031414634623641406,0.045082203481787486,0.0009868792685368893
212,0,0,212,0.03141463462364137,0.11350364978624872,0.0009868792685368874
213,0,1,213,0.031414634623641136,0.0078240173278602,0.0009868792685368728
214,0,0,214,0.03141463462364114,0.01117681470602283,0.0009868792685368728
215,0,0,215,0.03141463462364141,0.09932343409627342,0.00098687926853689
216,0,0,216,0.03141463462364103,0.016891932445359137,0.0009868792685368655
217,0,1,217,0.03141463462364142,0.014414294191422317,0.0009868792685368902
218,0,0,218,0.03141463462364134,0.0017686160450234162,0.000986879268536885
219,0,1,219,0.03141463462364127,0.062440634126240235,0.0009868792685368802
220,0,0,220,0.03141463462364142,0.04756385059657008,0.0009868792685368893
221,0,1,221,0.03141463462364122,0.11012450907097637,0.0009868792685368772
222,0,1,222,0.03141463462364136,0.017888315773627844,0.000986879268536886
223,0,0,223,0.0314146346236411,0.09239235153446712,0.0009868792685368702
224,0,0,224,0.0314146346236413,0.07510267370388757,0.0009868792685368828
225,0,1,225,0.0314146346236414,0.07834058547394557,0.000986879268536889
226,0,1,226,0.03141463462364146,0.04814809653719232,0.0009868792685368928
227,0,1,227,0.031414634623641365,0.005518654760775135,0.0009868792685368863
228,0,1,228,0.03141463462364143,0.11540428532227875,0.0009868792685368904
229,0,0,229,0.0314146346236412,0.006897781791644686,0.000986879268536875
230,0,0,230,0.031414634623641385,0.04813017173645706,0.000986879268536888
231,0,1,231,0.03141463462364117,0.06096818617173527,0.0009868792685368748
232,0,0,232,0.03141463462364141,0.07849169817645851,0.0009868792685368893
233,0,0,233,0.03141463462364142,0.1197290618075233,0.0009868792685368902
234,0,1,234,0.031414634623641205,0.021131422489192087,0.0009868792685368767
235,0,0,235,0.03141463462364131,0.031850253781735116,0.0009868792685368837
236,0,1,236,0.03141463462364143,0.02170391954879669,0.0009868792685368893
237,0,1,237,0.031414634623641455,0.025965357333880168,0.0009868792685368913
238,0,0,238,0.0314146346236414,0.08945264755679228,0.0009868792685368884
239,0,0,239,0.031414634623641455,0.05734581864779331,0.0009868792685368913
240,0,1,240,0.03141463462364141,0.0321417531830851,0.0009868792685368893
241,0,0,241,0.031414634623641274,0.01749854153274827,0.0009868792685368804
242,0,1,242,0.031414634623641385,0.12416020468737127,0.0009868792685368878
243,0,1,243,0.03141463462364112,0.02988136656144702,0.0009868792685368713
244,0,0,244,0.031414634623641156,0.07839930423370634,0.0009868792685368735
245,0,1,245,0.0314146346236414,0.051848119333113875,0.0009868792685368889
246,0,1,246,0.031414634623641184,0.09404952303124547,0.0009868792685368756
247,0,1,247,0.03141463462364136,0.01065505629008423,0.0009868792685368852
248,0,1,248,0.031414634623641365,0.012835782736969836,0.0009868792685368865
249,0,0,249,0.03141463462364141,0.11564877376702298,0.0009868792685368897
250,0,0,250,0.03141463462364141,5.762687167166136e-05,0.0009868792685368897
251,0,0,251,0.031414634623641316,0.023369349958602292,0.000986879268536884
252,0,0,252,0.031414634623641184,0.04654375095750529,0.0009868792685368756
253,0,1,253,0.031414634623641385,0.11473832290296881,0.0009868792685368882
254,0,1,254,0.03141463462364143,0.06569585698666003,0.0009868792685368904
255,0,0,255,0.03141463462364145,0.05514419502771606,0.0009868792685368921
256,0,0,256,0.03141463462364118,0.047713862963177256,0.000986879268536874
257,0,1,257,0.03141463462364149,0.019475487229926647,0.000986879268536894
258,0,1,258,0.031414634623641385,0.06260404055693636,0.0009868792685368889
259,0,0,259,0.03141463462364134,0.02645843221876154,0.0009868792685368843
260,0,0,260,0.031414634623641406,0.06400358657935357,0.0009868792685368893
261,0,1,261,0.03141463462364119,0.0021643175859689667,0.0009868792685368756
262,0,0,262,0.03141463462364151,0.0016959370329608092,0.0009868792685368958
263,0,0,263,0.03141463462364143,0.017589307736395665,0.0009868792685368908
264,0,0,264,0.0314146346236414,0.06105493869674783,0.0009868792685368887
265,0,0,265,0.031414634623641406,0.07848239373351362,0.0009868792685368887
266,0,1,266,0.03141463462364112,0.026075428390661515,0.0009868792685368713
267,0,0,267,0.031414634623641136,0.09713984546117094,0.000986879268536871
268,0,0,268,0.0314146346236414,0.011512316905105457,0.0009868792685368887
269,0,0,269,0.03141463462364144,0.001964562938732199,0.0009868792685368915
270,0,0,270,0.03141463462364132,0.009867305366836665,0.000986879268536884
271,0,1,271,0.031414634623641254,0.10842177454891089,0.0009868792685368795
272,0,1,272,0.03141463462364148,0.05190906608370005,0.0009868792685368923
273,0,1,273,0.031414634623641344,0.03865007445630164,0.0009868792685368848
274,0,1,274,0.03141463462364127,0.08598597589391543,0.0009868792685368806
275,0,0,275,0.03141463462364145,0.10091975743849857,0.0009868792685368897
276,0,1,276,0.031414634623641385,0.05075065172178475,0.0009868792685368882
277,0,0,277,0.03141463462364135,0.002936821739680573,0.0009868792685368858
278,0,1,278,0.031414634623641385,0.03897189931820755,0.0009868792685368878
279,0,1,279,0.031414634623641365,0.002764101283947086,0.0009868792685368865
280,0,1,280,0.031414634623641455,0.09653608761143495,0.0009868792685368923
281,0,1,281,0.03141463462364139,0.0847779843380233,0.0009868792685368884
282,0,0,282,0.031414634623641295,0.03576311951228517,0.0009868792685368817
283,0,1,283,0.03141463462364143,0.12007675061429635,0.00098687926853689
284,0,0,284,0.031414634623641365,0.002453749546256878,0.0009868792685368863
285,0,1,285,0.03141463462364126,0.06160782947758903,0.0009868792685368802
286,0,0,286,0.03141463462364115,0.0353048025261995,0.0009868792685368728
287,0,0,287,0.03141463462364109,0.10391347819262342,0.000986879268536868
288,0,0,288,0.03141463462364143,0.05352520562989205,0.0009868792685368908
289,0,1,289,0.03141463462364138,0.03163518186316194,0.0009868792685368876
290,0,1,290,0.03141463462364135,0.025395651809543285,0.0009868792685368852
291,0,1,291,0.031414634623641406,0.12562540142005607,0.0009868792685368887
292,0,1,292,0.03141463462364147,0.0877965717414817,0.0009868792685368936
293,0,0,293,0.0314146346236414,0.03504867724620317,0.0009868792685368871
294,0,0,294,0.03141463462364121,0.014669250169346892,0.000986879268536877
295,0,0,295,0.031414634623641156,0.039763958702629054,0.0009868792685368737
296,0,0,296,0.03141463462364113,0.05659020024597705,0.0009868792685368715
297,0,0,297,0.03141463462364148,0.09955356362714651,0.0009868792685368939
298,0,0,298,0.03141463462364118,0.04712749304589847,0.0009868792685368724
299,0,0,299,0.03141463462364153,0.04681637586555043,0.0009868792685368971
300,0,0,300,0.031414634623641385,0.02371481424226174,0.0009868792685368878
301,0,0,301,0.03141463462364135,0.0018101197209330344,0.0009868792685368858
302,0,0,302,0.0314146346236414,0.0763269913300193,0.0009868792685368884
303,0,0,303,0.03141463462364116,0.003793711270427269,0.0009868792685368733
304,0,0,304,0.031414634623641226,0.09903653869363449,0.0009868792685368774
305,0,1,305,0.03141463462364123,0.046259661953014675,0.0009868792685368759
306,0,1,306,0.03141463462364142,0.03272756418230216,0.0009868792685368897
307,0,0,307,0.031414634623641025,0.008367774816100404,0.0009868792685368655
308,0,0,308,0.031414634623641406,0.0034700511987947324,0.0009868792685368893
309,0,1,309,0.03141463462364136,0.10255194019945413,0.0009868792685368854
310,0,1,310,0.031414634623641295,0.03195042745660914,0.0009868792685368826
311,0,1,311,0.03141463462364116,0.03186515752994179,0.0009868792685368743
312,0,1,312,0.03141463462364135,0.052492982486414874,0.0009868792685368852
313,0,1,313,0.03141463462364112,0.02739381629801585,0.0009868792685368715
314,0,1,314,1.9997532649633214,7.8686645609906,0.0009868792685368828
315,0,0,315,0.03141463462364124,0.003130784136184256,0.000986879268536879
316,0,1,316,0.03141463462364142,0.02952518981361807,0.000986879268536889
317,0,1,317,0.03141463462364123,0.06426177659478904,0.0009868792685368778
318,0,1,318,0.03141463462364135,0.07626709864708081,0.0009868792685368848
319,0,0,319,0.03141463462364117,0.0013799919844662556,0.0009868792685368746
320,0,0,320,0.03141463462364143,0.06778180961860453,0.0009868792685368889
321,0,1,321,0.031414634623641156,0.019197236080040092,0.0009868792685368735
322,0,1,322,0.03141463462364118,0.04878670224064052,0.0009868792685368737
323,0,1,323,0.031414634623641316,0.0526480726815346,0.000986879268536883
324,0,0,324,0.03141463462364116,0.06395659361990358,0.000986879268536874
325,0,0,325,0.0314146346236414,0.09596246071045578,0.000986879268536887
326,0,0,326,0.031414634623641385,0.06686670247003756,0.0009868792685368878
327,0,0,327,0.03141463462364131,0.030556690108628715,0.0009868792685368826
328,0,1,328,0.031414634623641344,0.007817554855312991,0.0009868792685368854
329,0,0,329,0.0314146346236414,0.009098658890760447,0.0009868792685368865
330,0,0,330,0.03141463462364141,0.11787482673250094,0.000986879268536889
331,0,1,331,0.031414634623641385,0.057343528690231516,0.0009868792685368882
332,0,0,332,0.031414634623641385,0.020635355465001837,0.0009868792685368876
333,0,0,333,0.031414634623641136,0.043655211302190855,0.000986879268536871
334,0,1,334,0.031414634623641385,0.013218885354894419,0.0009868792685368878
335,0,0,335,0.031414634623641406,0.04256503234608533,0.0009868792685368878
336,0,1,336,0.03141463462364145,0.0957409895490664,0.000986879268536892
337,0,0,337,0.031414634623641406,0.06679879125577393,0.0009868792685368893
338,0,0,338,0.031414634623641274,0.054013957318468364,0.0009868792685368787
339,0,1,339,0.031414634623641226,0.07094080931779523,0.000986879268536878
340,0,1,340,0.03141463462364119,0.09712325150339307,0.0009868792685368763
341,0,1,341,0.031414634623641365,0.12326064808524972,0.0009868792685368867
342,0,1,342,0.03141463462364109,0.0677897547990276,0.0009868792685368685
343,0,1,343,0.03141463462364117,0.0064166329215114,0.000986879268536874
344,0,0,344,0.03141463462364137,0.011218736038549837,0.0009868792685368871
345,0,0,345,0.031414634623641094,0.07062863919565632,0.00098687926853687
346,0,0,346,0.03141463462364111,0.00482497243775272,0.00098687926853687
347,0,0,347,0.031414634623641184,0.011309448303531422,0.0009868792685368754
348,0,0,348,0.03141463462364141,0.028962497892898564,0.00098687926853689
349,0,1,349,0.03141463462364136,0.01500789180473383,0.0009868792685368865
350,0,0,350,0.03141463462364122,0.035591119176570984,0.0009868792685368776
351,0,1,351,0.03141463462364147,0.10269341387122388,0.0009868792685368917
352,0,0,352,0.03141463462364143,0.0777557843107296,0.0009868792685368887
353,0,1,353,0.03141463462364139,0.022367301045996824,0.0009868792685368884
354,0,0,354,0.03141463462364141,0.0018329829888677433,0.0009868792685368897
355,0,1,355,0.03141463462364141,0.10233955556816743,0.00098687926853689
356,0,1,356,0.03141463462364117,0.071846316444385,0.0009868792685368733
357,0,1,357,0.03141463462364122,0.030223456213054334,0.0009868792685368774
358,0,1,358,0.03141463462364113,0.04657353766841643,0.0009868792685368715
359,0,1,359,0.031414634623641385,0.11891239400394482,0.0009868792685368874
360,0,1,360,0.03141463462364146,0.04784381489900502,0.0009868792685368928
361,0,1,361,0.03141463462364117,0.10847043554525859,0.0009868792685368743
362,0,1,362,0.03141463462364113,0.0683021829375805,0.0009868792685368715
363,0,0,363,0.03141463462364119,0.003813073338600592,0.0009868792685368748
364,0,0,364,0.03141463462364122,0.007107135105464568,0.0009868792685368756
365,0,1,365,0.03141463462364117,0.005809094219966671,0.0009868792685368743
366,0,0,366,0.03141463462364127,0.015903786561886513,0.0009868792685368804
367,0,0,367,0.03141463462364112,0.04992239139029142,0.0009868792685368713
368,0,0,368,0.03141463462364143,0.08356612122165918,0.0009868792685368906
369,0,0,369,0.0314146346236412,0.034234118404678604,0.000986879268536876
370,0,1,370,0.03141463462364119,0.045089470329994885,0.0009868792685368748
371,0,0,371,0.0314146346236412,0.07053804267586083,0.0009868792685368737
372,0,1,372,0.03141463462364122,0.08216302662824804,0.0009868792685368759
373,0,1,373,0.031414634623641344,0.00784055662545402,0.0009868792685368852
374,0,1,374,0.031414634623641365,0.019615086075690513,0.0009868792685368865
375,0,0,375,0.03141463462364138,0.06124469183911163,0.0009868792685368878
376,0,0,376,0.03141463462364115,0.04638611607130505,0.0009868792685368728
377,0,0,377,0.03141463462364125,0.049571293312355325,0.0009868792685368795
378,0,0,378,0.03141463462364115,0.07232192939905513,0.0009868792685368724
379,0,1,379,0.0314146346236414,0.10300079367660997,0.0009868792685368884
380,0,1,380,0.03141463462364119,0.014380958020929757,0.0009868792685368756
381,0,1,381,0.0314146346236414,0.0662142106506918,0.000986879268536889
382,0,0,382,0.03141463462364118,0.05120301450346565,0.0009868792685368752
383,0,1,383,0.03141463462364133,0.0012460900990193258,0.0009868792685368845
384,0,0,384,0.031414634623641434,0.060537395320269805,0.0009868792685368915
385,0,0,385,0.03141463462364144,0.07511429498197619,0.0009868792685368889
386,0,1,386,0.031414634623641344,0.09341476865266118,0.0009868792685368854
387,0,0,387,0.03141463462364113,0.014464815080818427,0.0009868792685368715
388,0,0,388,0.03141463462364118,0.07406723066808762,0.0009868792685368746
389,0,0,389,0.031414634623641184,0.00523882869480774,0.0009868792685368756
390,0,1,390,0.03141463462364134,0.024347316898503113,0.000986879268536885
391,0,0,391,0.03141463462364154,0.0008289549198714392,0.0009868792685368975
392,0,1,392,0.0314146346236414,0.11958660651630224,0.0009868792685368889
393,0,1,393,0.0314146346236414,0.03688493287193011,0.000986879268536889
394,0,1,394,0.03141463462364154,0.10406349261780523,0.0009868792685368971
395,0,1,395,0.031414634623641344,0.08892613548584904,0.000986879268536885
396,0,1,396,0.0314146346236414,0.018727455619553024,0.0009868792685368884
397,0,1,397,0.03141463462364142,0.03305133795182949,0.0009868792685368897
398,0,1,398,0.03141463462364107,0.08093028121738577,0.0009868792685368683
399,0,1,399,0.03141463462364142,0.005939243477967503,0.0009868792685368902
400,0,1,400,0.03141463462364149,0.011555406127964685,0.0009868792685368945
401,0,0,401,0.03141463462364114,0.08855242129685958,0.0009868792685368722
402,0,1,402,0.03141463462364137,0.07431816113215728,0.0009868792685368871
403,0,1,403,0.031414634623641316,0.07068976697343254,0.0009868792685368835
404,0,1,404,0.031414634623641385,0.10222192066194301,0.0009868792685368882
405,0,1,405,0.03141463462364148,0.04861569803697119,0.0009868792685368926
406,0,1,406,0.03141463462364114,0.04182299603819306,0.0009868792685368709
407,0,1,407,0.0314146346236414,0.10006500966640358,0.0009868792685368884
408,0,1,408,0.031414634623641455,0.05395961469227206,0.0009868792685368904
409,0,1,409,0.03141463462364134,0.0556141784990305,0.0009868792685368839
410,0,1,410,0.031414634623641406,0.12460630947385463,0.000986879268536889
411,0,1,411,0.03141463462364111,0.017997309983076526,0.0009868792685368707
412,0,1,412,0.0314146346236413,0.025617599227538257,0.0009868792685368828
413,0,0,413,0.031414634623641406,0.11943613355082561,0.0009868792685368893
414,0,0,414,0.03141463462364113,0.10468245730845438,0.0009868792685368722
415,0,0,415,0.031414634623641344,0.009798240560119575,0.0009868792685368852
416,0,0,416,0.031414634623641406,0.11472904683734539,0.0009868792685368887
417,0,1,417,0.03141463462364146,0.10251651087941216,0.0009868792685368928
418,0,1,418,0.0314146346236414,0.003094235600439532,0.0009868792685368863
419,0,0,419,0.031414634623641205,0.0063576619267446954,0.0009868792685368759
420,0,1,420,0.03141463462364135,0.007929987474881467,0.0009868792685368854
421,0,1,421,0.03141463462364123,0.08971942304961411,0.000986879268536878
422,0,1,422,0.031414634623641205,0.0508770171703522,0.0009868792685368763
423,0,1,423,0.03141463462364114,0.016648200395706914,0.0009868792685368715
424,0,1,424,0.0314146346236414,0.06398746778124842,0.0009868792685368889
425,0,0,425,0.0314146346236415,0.08703024500043499,0.000986879268536895
426,0,1,426,0.0314146346236414,0.11222142396651913,0.0009868792685368889
427,0,1,427,0.03141463462364123,0.035165132439634705,0.0009868792685368765
428,0,0,428,0.031414634623641406,0.11825963123564498,0.0009868792685368893
429,0,0,429,0.03141463462364141,0.031912101284668815,0.0009868792685368884
430,0,1,430,0.0314146346236414,0.12250378638062909,0.0009868792685368887
431,0,0,431,0.03141463462364134,0.03955081456961418,0.0009868792685368848
432,0,0,432,0.031414634623641434,0.02753559592610827,0.0009868792685368913
433,0,0,433,0.03141463462364116,0.04015394571475217,0.0009868792685368728
434,0,0,434,0.03141463462364117,0.06407756184348967,0.0009868792685368746
435,0,1,435,0.03141463462364135,0.021929707531289644,0.0009868792685368863
436,0,1,436,0.031414634623641406,0.014517509666898798,0.000986879268536889
437,0,0,437,0.03141463462364147,0.07129707591696044,0.0009868792685368934
438,0,1,438,0.031414634623641385,0.021877705303005257,0.0009868792685368878
439,0,1,439,0.031414634623641156,0.0006080249932179094,0.000986879268536873
440,0,1,440,0.0314146346236414,0.01677991771187326,0.0009868792685368889
441,0,1,441,0.03141463462364136,0.03603368011923047,0.0009868792685368843
442,0,0,442,0.031414634623641316,0.01785927612781868,0.0009868792685368835
443,0,1,443,0.0314146346236412,0.03411180753311216,0.0009868792685368759
444,0,1,444,0.03141463462364117,0.08112739560614601,0.0009868792685368743
445,0,0,445,0.03141463462364139,0.014719904299037448,0.0009868792685368889
446,0,0,446,0.031414634623641316,0.11302443594988998,0.0009868792685368837
447,0,1,447,0.031414634623641385,0.048849073809181576,0.0009868792685368878
448,0,0,448,0.03141463462364136,0.09367312971319253,0.0009868792685368865
449,0,0,449,0.03141463462364136,0.011260381180024925,0.0009868792685368863
450,0,1,450,0.03141463462364146,0.022529223889288963,0.0009868792685368928
451,0,0,451,0.031414634623641205,0.10256376519623656,0.0009868792685368765
452,0,1,452,0.03141463462364118,0.003989355136063744,0.0009868792685368743
453,0,1,453,0.031414634623641385,0.12475404050554595,0.0009868792685368876
454,0,0,454,0.03141463462364139,0.010374605320386476,0.000986879268536888
455,0,0,455,0.03141463462364136,0.03331657530471377,0.0009868792685368865
456,0,1,456,0.031414634623641385,0.0002645089513452978,0.0009868792685368867
457,0,1,457,0.031414634623641316,0.08916000841487692,0.000986879268536884
458,0,0,458,0.031414634623641406,0.10971976239618472,0.000986879268536889
459,0,1,459,0.03141463462364145,0.041569869210760446,0.000986879268536892
460,0,1,460,0.03141463462364117,0.006898530167634753,0.000986879268536874
461,0,0,461,0.031414634623641406,0.00578412843402526,0.0009868792685368889
462,0,0,462,0.03141463462364121,0.02321651686672177,0.0009868792685368772
463,0,1,463,0.031414634623641156,0.03325104925915667,0.0009868792685368737
464,0,0,464,0.03141463462364132,0.003382646934675382,0.0009868792685368843
465,0,0,465,0.03141463462364111,0.03831854423738745,0.0009868792685368704
466,0,1,466,0.03141463462364118,0.02226258083982513,0.0009868792685368748
467,0,1,467,0.03141463462364142,0.05616624546709037,0.0009868792685368889
468,0,1,468,0.031414634623641295,0.08029581268530794,0.000986879268536882
469,0,1,469,0.03141463462364141,0.0873808103790531,0.0009868792685368897
470,0,0,470,0.031414634623641385,0.0027310935556264532,0.0009868792685368878
471,0,0,471,0.03141463462364139,0.11701302043260364,0.0009868792685368882
472,0,1,472,0.03141463462364125,0.03346957276043794,0.000986879268536877
473,0,0,473,0.0314146346236414,0.04727619694195573,0.0009868792685368884
474,0,0,474,0.0314146346236414,0.036132045129654566,0.0009868792685368887
475,0,1,475,0.031414634623641385,0.01513913446002979,0.0009868792685368882
476,0,1,476,0.03141463462364138,0.105455458228922,0.0009868792685368876
477,0,0,477,0.03141463462364135,0.11253041042035816,0.0009868792685368854
478,0,1,478,0.031414634623641184,0.005087011234961469,0.0009868792685368748
479,0,0,479,0.0314146346236414,0.005169514660109176,0.0009868792685368858
480,0,0,480,0.0314146346236414,0.10687726924058738,0.0009868792685368889
481,0,1,481,0.031414634623641455,0.07808696145326621,0.0009868792685368923
482,0,0,482,0.03141463462364141,0.04139396007595131,0.0009868792685368895
483,0,0,483,0.03141463462364149,0.056970254427956335,0.0009868792685368945
484,0,1,484,0.03141463462364112,0.10754349652931694,0.000986879268536871
485,0,0,485,0.031414634623641476,0.0841943130034144,0.0009868792685368939
486,0,0,486,0.03141463462364134,0.02145046304629039,0.000986879268536885
487,0,1,487,0.031414634623641156,0.07803964532625018,0.0009868792685368726
488,0,0,488,0.03141463462364119,0.027827987232124318,0.0009868792685368752
489,0,0,489,0.0314146346236414,0.06539107040531844,0.000986879268536889
490,0,0,490,0.03141463462364123,0.04454028597279147,0.0009868792685368776
491,0,0,491,0.03141463462364138,0.010537018544807014,0.0009868792685368867
492,0,0,492,0.03141463462364147,0.10583117658857977,0.0009868792685368928
493,0,1,493,0.03141463462364137,0.001743301693895416,0.0009868792685368871
494,0,1,494,0.031414634623641295,0.07104788991236322,0.0009868792685368806
495,0,1,495,0.031414634623641344,0.01183947606166802,0.0009868792685368858
496,0,0,496,0.031414634623641205,0.013449216430105215,0.0009868792685368759
497,0,1,497,0.03141463462364129,0.010127035286880859,0.000986879268536882
498,0,0,498,0.03141463462364145,0.0043178345916521504,0.0009868792685368917
499,0,1,499,0.03141463462364141,0.04804738727780433,0.0009868792685368889
500,0,1,500,0.03141463462364119,0.014125932284043602,0.0009868792685368754
501,0,0,501,0.031414634623641156,0.02363290885768754,0.0009868792685368735
502,0,0,502,0.031414634623641434,0.1181803104939092,0.000986879268536891
503,0,1,503,0.03141463462364138,0.07514907175167407,0.0009868792685368876
504,0,1,504,0.031414634623641344,0.001314230028599428,0.0009868792685368852
505,0,1,505,0.031414634623641496,0.0895410715196534,0.000986879268536895
506,0,1,506,0.031414634623641385,0.018197556979438367,0.0009868792685368884
507,0,1,507,0.03141463462364134,0.0021380797280882158,0.0009868792685368852
508,0,0,508,0.03141463462364144,0.05668719567494962,0.0009868792685368917
509,0,1,509,0.0314146346236414,0.12319203131982343,0.0009868792685368887
510,0,1,510,0.03141463462364141,0.004764978426746114,0.0009868792685368897
511,0,0,511,0.03141463462364138,0.0948448179753818,0.000986879268536886
512,0,0,512,0.03141463462364135,0.009550955416714135,0.0009868792685368854
513,0,1,513,0.03141463462364117,0.06223699080136891,0.0009868792685368743
514,0,0,514,0.03141463462364115,0.04635985531989495,0.0009868792685368735
515,0,1,515,0.03141463462364122,0.008597587929209283,0.0009868792685368772
516,0,1,516,0.0314146346236414,0.01949990517168182,0.0009868792685368887
517,0,0,517,0.031414634623641385,0.032023174826059764,0.0009868792685368878
518,0,0,518,0.031414634623641365,0.06452437336379546,0.0009868792685368826
519,0,1,519,0.031414634623641136,0.003884849144505681,0.0009868792685368722
520,0,1,520,0.03141463462364141,0.06054568962603524,0.0009868792685368895
521,0,0,521,0.031414634623641434,0.07811343992005226,0.00098687926853689
522,0,1,522,0.03141463462364144,0.025457175116013087,0.0009868792685368893
523,0,1,523,0.031414634623641406,0.06300350149890699,0.0009868792685368887
524,0,1,524,0.031414634623641136,0.021631835168859137,0.0009868792685368722
525,0,1,525,0.03141463462364135,0.007756415205650846,0.0009868792685368858
526,0,1,526,0.03141463462364134,0.07449364779545187,0.000986879268536885
527,0,0,527,0.0314146346236415,0.08160623654201782,0.0009868792685368954
528,0,0,528,0.031414634623641496,0.0893713887632841,0.0009868792685368947
529,0,0,529,0.031414634623641365,0.0200591697434499,0.0009868792685368867
530,0,1,530,0.03141463462364117,0.0365563491462404,0.0009868792685368748
531,0,0,531,0.03141463462364139,0.017312750654658426,0.0009868792685368887
532,0,1,532,0.03141463462364138,0.02125009600880845,0.0009868792685368867
533,0,1,533,0.031414634623641184,0.030186694490381694,0.000986879268536875
534,0,0,534,0.03141463462364135,0.0015578205594988098,0.000986879268536886
535,0,0,535,0.031414634623641434,0.03932994879125662,0.0009868792685368895
536,0,1,536,0.03141463462364137,0.03179126531045706,0.000986879268536887
537,0,0,537,0.03141463462364139,0.11246183206997958,0.0009868792685368882
538,0,0,538,0.03141463462364119,0.0031485613918951216,0.000986879268536876
539,0,0,539,0.0314146346236412,0.02374363436236493,0.000986879268536876
540,0,0,540,0.03141463462364116,0.08631023995706988,0.000986879268536874
541,0,1,541,0.03141463462364143,0.06836219810515098,0.000986879268536891
542,0,0,542,0.03141463462364107,0.08586825363452322,0.0009868792685368685
543,0,1,543,0.03141463462364118,0.0027880418245360694,0.000986879268536875
544,0,1,544,0.03141463462364137,0.0978857036723293,0.0009868792685368874
545,0,1,545,0.03141463462364139,0.022599560813046926,0.0009868792685368882
546,0,0,546,0.03141463462364121,0.030980592125701367,0.0009868792685368763
547,0,1,547,0.0314146346236414,0.09952924208574057,0.0009868792685368887
548,0,1,548,0.031414634623641226,0.045741830625709134,0.0009868792685368767
549,0,1,549,0.03141463462364135,0.004818296704229841,0.0009868792685368858
550,0,1,550,0.03141463462364141,0.1176640866638069,0.000986879268536889
551,0,0,551,0.0314146346236414,0.02728869974224435,0.0009868792685368854
552,0,0,552,0.03141463462364123,0.007384504375163026,0.0009868792685368743
553,0,0,553,0.03141463462364129,0.07247674217099886,0.000986879268536882
554,0,0,554,0.0314146346236414,0.04206103921163441,0.000986879268536889
555,0,0,555,0.03141463462364134,0.001543127742661965,0.000986879268536885
556,0,0,556,0.03141463462364119,0.01050032341361462,0.0009868792685368756
557,0,1,557,0.031414634623641205,0.028331346604876684,0.0009868792685368765
558,0,1,558,0.03141463462364139,0.08627720383282575,0.0009868792685368887
559,0,0,559,0.03141463462364127,0.08310061728800111,0.000986879268536881
560,0,0,560,0.03141463462364121,0.009156649658030314,0.0009868792685368772
561,0,1,561,0.03141463462364132,0.02496768958973883,0.0009868792685368839
562,0,1,562,0.03141463462364119,0.03212533632744785,0.0009868792685368756
563,0,0,563,0.031414634623641184,0.006273884367121951,0.0009868792685368754
564,0,1,564,0.031414634623641406,0.000710998210394876,0.000986879268536889
565,0,1,565,0.03141463462364142,0.06415799900329877,0.00098687926853689
566,0,1,566,0.03141463462364143,0.04077198321714315,0.0009868792685368874
567,0,1,567,0.03141463462364139,0.10338252590546815,0.0009868792685368882
568,0,1,568,0.031414634623641156,2.5684156238292913e-05,0.0009868792685368735
569,0,0,569,0.03141463462364132,0.0766627415795944,0.0009868792685368839
570,0,1,570,0.03141463462364138,0.10049214418906971,0.0009868792685368878
571,0,0,571,0.03141463462364143,0.01847740296102174,0.0009868792685368908
572,0,0,572,0.031414634623641365,0.0038919983370053757,0.000986879268536887
573,0,1,573,0.03141463462364139,0.11344671190608235,0.0009868792685368887
574,0,1,574,0.03141463462364136,0.006851603367901138,0.0009868792685368863
575,0,1,575,0.03141463462364122,0.02599063730424822,0.0009868792685368774
576,0,1,576,0.03141463462364115,0.07695813003893637,0.0009868792685368735
577,0,0,577,0.03141463462364143,0.022550291771730124,0.0009868792685368895
578,0,0,578,0.031414634623641385,0.1141254428931362,0.000986879268536888
579,0,1,579,0.03141463462364123,0.02275369813235195,0.000986879268536878
580,0,0,580,0.031414634623641406,0.08559553057332109,0.0009868792685368887
581,0,1,581,0.0314146346236414,0.017572639324573203,0.0009868792685368878
582,0,0,582,0.031414634623641156,0.10633693808533518,0.0009868792685368735
583,0,0,583,0.031414634623641344,0.027047589678925732,0.0009868792685368852
584,0,0,584,0.031414634623641406,0.12525544550146403,0.0009868792685368884
585,0,0,585,0.031414634623641226,0.08198400637003811,0.0009868792685368772
586,0,0,586,0.03141463462364125,0.06982482946878577,0.0009868792685368795
587,0,0,587,0.03141463462364153,0.0809157091506103,0.0009868792685368967
588,0,1,588,0.03141463462364118,0.024072022224511436,0.0009868792685368746
589,0,1,589,0.03141463462364118,0.006450045906860602,0.0009868792685368748
590,0,1,590,0.031414634623641184,0.10581598860330499,0.000986879268536875
591,0,0,591,0.031414634623641184,0.08290296846023226,0.0009868792685368752
592,0,1,592,0.031414634623641545,0.11224472308321132,0.0009868792685368954
593,0,1,593,0.03141463462364117,0.009505860613302719,0.000986879268536874
594,0,1,594,0.03141463462364143,0.007974023311017264,0.0009868792685368882
595,0,1,595,0.031414634623641136,0.04750662364334124,0.0009868792685368715
596,0,0,596,0.0314146346236414,0.116035698817645,0.0009868792685368887
597,0,1,597,0.031414634623641205,0.08921413168055814,0.0009868792685368767
598,0,0,598,0.03141463462364107,0.0089629313622481,0.0009868792685368685
599,0,0,599,0.03141463462364144,0.061174085961500424,0.0009868792685368897
600,0,0,600,0.03141463462364139,0.02086584432674643,0.0009868792685368884
601,0,0,601,0.03141463462364136,0.01579363195319683,0.0009868792685368858
602,0,0,602,0.03141463462364139,0.07100571877031449,0.0009868792685368887
603,0,0,603,0.03141463462364139,0.012153777875083538,0.0009868792685368874
604,0,1,604,0.03141463462364131,0.05561927608274497,0.0009868792685368824
605,0,0,605,0.03141463462364116,0.039978868783168586,0.000986879268536874
606,0,1,606,0.031414634623641385,0.051989832652924006,0.000986879268536886
607,0,1,607,0.03141463462364125,0.07815741596999448,0.000986879268536879
608,0,1,608,0.0314146346236414,0.12487746532857531,0.0009868792685368884
609,0,1,609,0.031414634623641344,0.10552574283011529,0.0009868792685368854
610,0,0,610,0.03141463462364136,0.0030833337174400732,0.0009868792685368856
611,0,1,611,0.031414634623641385,0.12310569838521707,0.000986879268536888
612,0,0,612,0.03141463462364139,0.10312427822299752,0.0009868792685368878
613,0,1,613,0.03141463462364136,0.02972354893196072,0.0009868792685368863
614,0,0,614,0.03141463462364141,0.10267899834084715,0.0009868792685368893
615,0,0,615,0.031414634623641205,0.049175766392728804,0.0009868792685368759
616,0,0,616,0.0314146346236414,0.0685684483039668,0.0009868792685368889
617,0,0,617,0.03141463462364123,0.016840882872811935,0.000986879268536875
618,0,1,618,0.03141463462364138,0.007867974890852503,0.0009868792685368871
619,0,1,619,0.03141463462364136,0.11615482753964512,0.0009868792685368852
620,0,0,620,0.03141463462364144,0.10183582561693938,0.0009868792685368908
621,0,1,621,0.0314146346236414,0.05691596386172426,0.0009868792685368889
622,0,1,622,0.03141463462364141,0.034584584477020286,0.0009868792685368906
623,0,1,623,0.03141463462364138,0.10452023819992018,0.0009868792685368876
624,0,1,624,0.03141463462364136,0.006195060183175727,0.0009868792685368863
625,0,1,625,0.03141463462364112,0.05402629421253646,0.0009868792685368685
626,0,1,626,0.0314146346236412,0.0007600041154095238,0.000986879268536876
627,0,0,627,0.03141463462364143,0.12258270908425395,0.0009868792685368902
628,0,0,628,0.03141463462364117,0.005945151254481473,0.0009868792685368743
629,0,1,629,0.03141463462364138,0.02029488330577589,0.0009868792685368876
630,0,1,630,0.03141463462364142,0.12008394472328643,0.0009868792685368902
631,0,0,631,0.03141463462364138,0.003575355212800075,0.0009868792685368871
632,0,1,632,0.03141463462364146,0.08945281481648648,0.0009868792685368906
633,0,0,633,0.03141463462364137,0.08866137137591601,0.0009868792685368858
634,0,1,634,0.03141463462364147,0.05722431631328151,0.0009868792685368932
635,0,1,635,0.03141463462364131,0.029575469820922073,0.0009868792685368832
636,0,1,636,0.03141463462364131,0.07696292025203144,0.0009868792685368832
637,0,1,637,0.03141463462364115,0.027820195642517254,0.0009868792685368733
638,0,0,638,0.031414634623641344,0.000981943159863427,0.0009868792685368852
639,0,1,639,0.03141463462364115,0.08049110601976484,0.0009868792685368728
640,0,0,640,0.0314146346236412,0.0111471745136896,0.0009868792685368767
641,0,0,641,0.03141463462364114,0.07970696894854123,0.000986879268536871
642,0,0,642,0.031414634623641365,0.08669404673772263,0.0009868792685368867
643,0,0,643,0.031414634623641316,0.046459401171281334,0.0009868792685368835
644,0,0,644,0.03141463462364153,0.07430587717759218,0.0009868792685368975
645,0,1,645,0.031414634623641385,0.10245093521804743,0.000986879268536888
646,0,1,646,0.03141463462364113,0.04690643837047226,0.0009868792685368724
647,0,1,647,0.03141463462364117,0.001111609594143692,0.0009868792685368748
648,0,0,648,0.03141463462364142,0.051017531426092444,0.0009868792685368902
649,0,1,649,0.03141463462364136,0.11597923824662904,0.0009868792685368854
650,0,0,650,0.03141463462364148,0.08038545807340558,0.0009868792685368928
651,0,0,651,0.03141463462364136,0.05402888931457639,0.000986879268536886
652,0,1,652,0.031414634623641365,0.033093680775610146,0.0009868792685368865
653,0,1,653,0.03141463462364138,0.021371176530488034,0.0009868792685368874
654,0,0,654,0.03141463462364113,0.10337264042221772,0.0009868792685368717
655,0,0,655,0.03141463462364138,0.03168631412977685,0.0009868792685368867
656,0,0,656,0.03141463462364148,0.09604214105355657,0.0009868792685368934
657,0,0,657,0.0314146346236411,0.08459237748674298,0.00098687926853687
658,0,1,658,0.031414634623641455,0.025538009429827646,0.000986879268536891
659,0,0,659,0.03141463462364139,0.015480683095121517,0.0009868792685368882
660,0,0,660,0.031414634623641156,0.00026626758241725737,0.0009868792685368735
661,0,0,661,0.03141463462364114,0.036884234376299396,0.000986879268536873
662,0,1,662,0.0314146346236414,0.056473779225742815,0.0009868792685368865
663,0,1,663,0.031414634623641365,0.005114794025506075,0.0009868792685368863
664,0,1,664,0.0314146346236412,0.05686695927913399,0.000986879268536876
665,0,0,665,0.03141463462364137,0.06011410925076355,0.0009868792685368863
666,0,0,666,0.03141463462364119,0.02881113240529576,0.000986879268536876
667,0,0,667,0.031414634623641385,0.08964833810144435,0.000986879268536888
668,0,0,668,0.031414634623641385,0.026345554198678817,0.000986879268536888
669,0,1,669,0.031414634623641316,0.06344172402361892,0.0009868792685368837
670,0,1,670,0.03141463462364118,0.1035177606442852,0.000986879268536875
671,0,0,671,0.03141463462364149,0.06687958079360756,0.000986879268536894
672,0,1,672,0.03141463462364116,0.10790003491058409,0.0009868792685368737
673,0,1,673,0.03141463462364145,0.04326720816467211,0.0009868792685368902
674,0,1,674,0.031414634623641385,0.09368599090111118,0.0009868792685368884
675,0,0,675,0.031414634623641094,0.02833803367217569,0.0009868792685368702
676,0,0,676,0.031414634623641045,0.06439941108607972,0.000986879268536866
677,0,0,677,1.9997532649633214,7.963641569561488,0.0009868792685369006
678,0,1,678,0.0314146346236414,0.11880917642299704,0.0009868792685368882
679,0,0,679,0.03141463462364144,0.0588570988496403,0.0009868792685368913
680,0,1,680,0.031414634623641406,0.011156112296148105,0.0009868792685368889
681,0,0,681,0.03141463462364122,0.008600459640379698,0.0009868792685368774
682,0,1,682,0.03141463462364118,0.02783339588455025,0.0009868792685368748
683,0,0,683,1.9997532649633214,6.184389915761264,0.0009868792685368828
684,0,1,684,0.03141463462364152,0.0809069518408605,0.000986879268536896
685,0,0,685,0.03141463462364145,0.08069962798711972,0.0009868792685368917
686,0,0,686,0.03141463462364136,0.006009364489171887,0.000986879268536886
687,0,0,687,0.03141463462364142,0.006642632880408089,0.0009868792685368902
688,0,1,688,0.03141463462364134,0.06558352233574505,0.000986879268536885
689,0,0,689,0.031414634623641434,0.10257939943155048,0.0009868792685368893
690,0,0,690,0.031414634623641406,0.011093089540457846,0.0009868792685368889
691,0,1,691,0.031414634623641434,0.037084822208902746,0.0009868792685368895
692,0,0,692,0.03141463462364137,0.10332634523339879,0.000986879268536887
693,0,1,693,0.031414634623641316,0.03205777316135672,0.0009868792685368832
694,0,0,694,0.031414634623641156,0.05766617594464574,0.0009868792685368735
695,0,0,695,0.0314146346236414,0.09335515192884052,0.0009868792685368887
696,0,1,696,1.9997532649633214,4.532888036400559,0.0009868792685368828
697,0,0,697,0.0314146346236411,0.08941533162057591,0.0009868792685368687
698,0,1,698,0.03141463462364146,0.06141127808493896,0.000986879268536892
699,0,1,699,0.031414634623641295,0.07687072846918541,0.000986879268536882
700,0,1,700,1.9997532649633214,1.10273217223545,0.0009868792685368828
701,0,0,701,0.03141463462364123,0.07001620670013642,0.0009868792685368785
702,0,1,702,0.0314146346236414,0.008822849008402557,0.000986879268536889
703,0,0,703,0.03141463462364138,0.005291961129076039,0.0009868792685368867
704,0,0,704,0.03141463462364113,0.055544023741328274,0.000986879268536872
705,0,1,705,0.03141463462364142,0.10278825520643353,0.0009868792685368893
706,0,1,706,0.03141463462364139,0.006299891657114254,0.0009868792685368882
707,0,1,707,0.0314146346236414,0.09166466861735713,0.0009868792685368889
708,0,0,708,0.03141463462364139,0.03357660206204102,0.0009868792685368882
709,0,1,709,0.031414634623641455,0.04660572802173513,0.0009868792685368917
710,0,0,710,0.03141463462364128,0.023530202233131847,0.0009868792685368776
711,0,0,711,0.03141463462364143,0.09394763909770032,0.0009868792685368876
712,0,0,712,0.03141463462364118,0.0959143520322363,0.000986879268536874
713,0,1,713,0.03141463462364141,0.04291712293418204,0.000986879268536889
714,0,1,714,1.9997532649633214,6.698191383689343,0.000986879268536896
715,0,0,715,0.031414634623641254,0.03460651138911586,0.000986879268536879
716,0,0,716,0.0314146346236414,0.09048972538418537,0.0009868792685368876
717,0,1,717,0.03141463462364139,0.08734262726751926,0.0009868792685368884
718,0,1,718,0.03141463462364131,0.032826241737240025,0.000986879268536883
719,0,1,719,0.03141463462364143,0.06802334904566276,0.00098687926853689
720,0,0,720,0.03141463462364113,0.00738842350025104,0.000986879268536871
721,0,0,721,0.03141463462364141,0.006585824346766911,0.0009868792685368893
722,0,1,722,0.031414634623641365,0.07166744999879804,0.0009868792685368867
723,0,0,723,0.031414634623641406,0.07907784646235677,0.000986879268536889
724,0,1,724,0.03141463462364144,0.058944907554201564,0.0009868792685368902
725,0,0,725,0.03141463462364122,0.047414842652915734,0.0009868792685368774
726,0,0,726,0.03141463462364134,0.0017954745807744477,0.0009868792685368852
727,0,0,727,0.03141463462364137,0.1135585083420434,0.0009868792685368871
728,0,0,728,0.031414634623641136,0.033021770071552936,0.000986879268536872
729,0,1,729,0.03141463462364133,0.08071993694572166,0.0009868792685368848
730,0,0,730,0.031414634623641365,0.05716990190058946,0.000986879268536887
731,0,0,731,0.031414634623641344,0.07656261724749935,0.0009868792685368848
732,0,0,732,0.031414634623641406,0.0194270383806366,0.0009868792685368889
733,0,0,733,0.03141463462364124,0.04905808564197933,0.0009868792685368763
734,0,1,734,0.03141463462364129,0.06339753983786967,0.000986879268536882
735,0,1,735,0.031414634623641316,0.026043347313212895,0.000986879268536884
736,0,0,736,0.03141463462364116,0.09112939453648217,0.0009868792685368743
737,0,1,737,0.03141463462364142,0.01653375946688379,0.0009868792685368904
738,0,0,738,0.0314146346236412,0.045590524122749,0.0009868792685368765
739,0,0,739,0.0314146346236414,0.10301133880791574,0.0009868792685368887
740,0,0,740,0.03141463462364126,0.03166430788109986,0.00098687926853688
741,0,0,741,0.031414634623641365,0.04547555562570249,0.0009868792685368856
742,0,0,742,0.03141463462364104,0.07621555400161517,0.0009868792685368657
743,0,1,743,0.03141463462364141,0.046301691796321154,0.0009868792685368893
744,0,0,744,0.031414634623641385,0.08597354789594291,0.0009868792685368876
745,0,0,745,0.031414634623641385,0.026222531590636367,0.0009868792685368876
746,0,0,746,0.031414634623641365,0.00527521092980443,0.0009868792685368863
747,0,0,747,0.03141463462364136,0.0053656284145745525,0.0009868792685368865
748,0,1,748,0.03141463462364139,0.007866379350282443,0.0009868792685368884
749,0,0,749,0.03141463462364118,0.00020547348005428567,0.000986879268536875
750,0,1,750,0.031414634623641344,0.08632265554515772,0.0009868792685368858
751,0,0,751,0.03141463462364148,0.022472840060076327,0.0009868792685368928
752,0,1,752,0.03141463462364138,0.07529133995079484,0.000986879268536887
753,0,0,753,0.03141463462364116,0.05016183695421916,0.0009868792685368722
754,0,0,754,0.03141463462364137,0.02684753130428863,0.0009868792685368854
755,0,1,755,0.031414634623641365,0.02562775038592502,0.0009868792685368854
756,0,1,756,0.03141463462364119,0.004489525962939833,0.000986879268536875
757,0,1,757,0.03141463462364123,0.08861721754280527,0.0009868792685368774
758,0,0,758,0.031414634623641184,0.0028652424517509045,0.000986879268536875
759,0,0,759,0.03141463462364135,0.015879552576100853,0.0009868792685368856
760,0,1,760,0.0314146346236414,0.12242622602946007,0.0009868792685368889
761,0,1,761,0.0314146346236414,0.10722881843353149,0.0009868792685368884
762,0,1,762,0.031414634623641434,0.0373270449470825,0.0009868792685368908
763,0,1,763,0.031414634623641406,0.12102899273561907,0.0009868792685368893
764,0,0,764,0.03141463462364139,0.050304717214764844,0.0009868792685368887
765,0,0,765,0.03141463462364141,0.08302592179941093,0.000986879268536889
766,0,0,766,0.03141463462364121,0.04632512299333902,0.0009868792685368774
767,0,0,767,0.03141463462364139,0.10131307027875591,0.000986879268536888
768,0,0,768,0.03141463462364143,0.10029206000611551,0.0009868792685368893
769,0,1,769,0.031414634623641136,0.09258155195201923,0.0009868792685368713
770,0,1,770,0.03141463462364139,0.11988761953451132,0.0009868792685368884
771,0,1,771,0.031414634623641385,0.010542022153921748,0.0009868792685368874
772,0,1,772,0.03141463462364136,0.03099146882076509,0.000986879268536884
773,0,0,773,0.031414634623641344,0.05758661439271329,0.0009868792685368845
774,0,0,774,0.031414634623641205,0.00585636733562489,0.0009868792685368754
775,0,1,775,0.031414634623641365,0.0038445267194966437,0.0009868792685368865
776,0,1,776,0.03141463462364117,0.0018992420965361217,0.0009868792685368743
777,0,0,777,0.0314146346236414,0.016586175795763887,0.000986879268536889
778,0,0,778,0.03141463462364126,0.05967004954832866,0.0009868792685368791
779,0,0,779,0.03141463462364146,0.08051858526417588,0.000986879268536892
780,0,1,780,0.031414634623641184,0.08277002487383811,0.000986879268536875
781,0,1,781,0.0314146346236413,0.037649300208095315,0.000986879268536883
782,0,1,782,0.03141463462364141,0.07225956042445025,0.0009868792685368889
783,0,0,783,0.03141463462364108,0.07888925881884035,0.0009868792685368685
784,0,1,784,0.03141463462364123,0.037008234766192194,0.0009868792685368785
785,0,0,785,0.03141463462364116,0.056730175408759465,0.0009868792685368737
786,0,1,786,0.031414634623641406,0.02363218949799184,0.0009868792685368889
787,0,0,787,0.03141463462364123,0.028129559692776862,0.0009868792685368756
788,0,1,788,0.031414634623641254,0.06269699265943407,0.0009868792685368795
789,0,1,789,0.03141463462364116,0.054787862732683656,0.000986879268536873
790,0,1,790,0.03141463462364116,0.0017803486291132764,0.0009868792685368746
791,0,1,791,0.03141463462364143,0.10988925451159548,0.0009868792685368904
792,0,1,792,0.03141463462364141,0.0022261669679844096,0.0009868792685368895
793,0,1,793,0.03141463462364122,0.07837264555822898,0.0009868792685368776
794,0,0,794,0.031414634623641136,0.006214291457452503,0.0009868792685368715
795,0,1,795,0.03141463462364142,0.06563780073292386,0.0009868792685368897
796,0,1,796,0.03141463462364141,0.11057070026980576,0.000986879268536889
797,0,1,797,0.0314146346236414,0.058902229061927575,0.000986879268536889
798,0,0,798,0.03141463462364119,0.011553352114370252,0.0009868792685368746
799,0,1,799,0.03141463462364137,0.038809733523867185,0.000986879268536887
800,0,1,800,0.03141463462364149,0.022739267907609273,0.0009868792685368932
801,0,0,801,0.03141463462364144,0.11672359851967506,0.0009868792685368908
802,0,0,802,0.031414634623641205,0.09348528786432198,0.0009868792685368765
803,0,0,803,0.031414634623641295,0.08364326646408893,0.000986879268536879
804,0,1,804,0.03141463462364119,0.014111861319318741,0.000986879268536875
805,0,0,805,0.0314146346236412,0.020081719898397576,0.000986879268536875
806,0,1,806,0.031414634623641455,0.09726325652028678,0.0009868792685368904
807,0,1,807,0.0314146346236414,0.10149300830696895,0.000986879268536889
808,0,1,808,0.0314146346236414,0.1224557820396599,0.0009868792685368889
809,0,0,809,0.0314146346236414,0.0017111523143923321,0.000986879268536889
810,0,0,810,0.03141463462364115,0.06914496652262336,0.0009868792685368707
811,0,0,811,0.031414634623641344,0.024281791914932294,0.0009868792685368856
812,0,0,812,0.03141463462364124,0.0621681264061662,0.0009868792685368791
813,0,0,813,0.03141463462364144,0.0007488040039810668,0.0009868792685368915
814,0,1,814,0.031414634623641385,0.1090217367560713,0.000986879268536888
815,0,1,815,0.03141463462364118,0.005865833929382003,0.0009868792685368746
816,0,0,816,0.03141463462364137,0.01747169860225381,0.0009868792685368874
817,0,1,817,0.031414634623641094,0.07505429795838747,0.0009868792685368696
818,0,0,818,0.03141463462364127,0.037133035293241634,0.0009868792685368791
819,0,0,819,0.03141463462364116,0.09457944541959362,0.000986879268536874
820,0,1,820,0.031414634623641184,0.0006260860869504448,0.0009868792685368752
821,0,1,821,0.031414634623641406,0.07228393263581501,0.000986879268536888
822,0,0,822,0.03141463462364132,0.015300841483776306,0.0009868792685368843
823,0,1,823,0.03141463462364136,0.021737138846033233,0.0009868792685368852
824,0,1,824,0.0314146346236414,0.03158229181120409,0.0009868792685368882
825,0,0,825,0.031414634623641156,0.02508858078442522,0.0009868792685368737
826,0,1,826,0.031414634623641344,0.044034056525364296,0.0009868792685368852
827,0,0,827,0.0314146346236411,0.07069651170952751,0.00098687926853687
828,0,1,828,0.03141463462364119,0.03459605737103333,0.0009868792685368759
829,0,1,829,0.031414634623641205,0.04838960201773901,0.0009868792685368737
830,0,1,830,0.03141463462364123,0.07409529434082529,0.0009868792685368782
831,0,0,831,0.03141463462364133,0.0392311212983798,0.0009868792685368843
832,0,0,832,0.03141463462364122,0.0064341300661361345,0.000986879268536876
833,0,1,833,0.031414634623641295,0.030201565573733102,0.0009868792685368822
834,0,0,834,0.03141463462364115,0.09024825700575612,0.0009868792685368733
835,0,1,835,0.0314146346236414,0.10940770630422836,0.0009868792685368889
836,0,0,836,0.03141463462364142,0.09696789358322522,0.0009868792685368863
837,0,1,837,0.031414634623641406,0.12359482840080488,0.000986879268536889
838,0,0,838,1.9997532649633218,7.998556237380343,0.0009868792685369004
839,0,0,839,0.03141463462364115,0.04817907675753963,0.0009868792685368717
840,0,0,840,0.031414634623641205,0.02484865130480607,0.000986879268536876
841,0,0,841,0.03141463462364131,0.06278458193789449,0.0009868792685368832
842,0,1,842,0.03141463462364116,0.0915304040125946,0.000986879268536874
843,0,1,843,0.03141463462364122,0.03570574999753129,0.0009868792685368756
844,0,1,844,0.03141463462364116,0.013001738319150302,0.000986879268536874
845,0,1,845,0.03141463462364149,0.10311730068535407,0.0009868792685368945
846,0,0,846,0.03141463462364117,0.06023990576487659,0.0009868792685368748
847,0,1,847,0.03141463462364143,0.027076167791273142,0.000986879268536891
848,0,0,848,0.03141463462364136,0.00902502955526896,0.000986879268536886
849,0,0,849,0.03141463462364138,0.06825510081737285,0.0009868792685368878
850,0,1,850,0.03141463462364136,0.011702387842079442,0.0009868792685368865
851,0,0,851,0.03141463462364138,0.11952157412944198,0.000986879268536887
852,0,1,852,0.031414634623641184,0.020472005395872572,0.000986879268536875
853,0,0,853,0.03141463462364134,0.07879651502425467,0.0009868792685368832
854,0,1,854,0.03141463462364142,0.10491172050881792,0.00098687926853689
855,0,0,855,0.03141463462364147,0.05850098349946453,0.0009868792685368932
856,0,1,856,0.031414634623641406,0.007755119917191418,0.0009868792685368893
857,0,1,857,0.0314146346236414,0.022432044037911436,0.0009868792685368889
858,0,1,858,0.031414634623641406,0.012754536707903608,0.0009868792685368893
859,0,0,859,0.03141463462364126,0.05729550796126226,0.0009868792685368802
860,0,1,860,0.031414634623641136,0.05250966932234169,0.0009868792685368722
861,0,0,861,0.031414634623641365,0.07248225257930674,0.0009868792685368865
862,0,1,862,0.0314146346236411,0.03336027678981934,0.00098687926853687
863,0,0,863,0.0314146346236414,0.04687302028573459,0.000986879268536888
864,0,0,864,0.031414634623641184,0.09153303268875446,0.0009868792685368746
865,0,1,865,0.03141463462364139,0.09696390375893627,0.000986879268536888
866,0,1,866,0.03141463462364118,0.06350217302443073,0.000986879268536874
867,0,1,867,0.03141463462364141,0.042782723725572624,0.0009868792685368893
868,0,1,868,0.03141463462364116,0.001995092846534652,0.000986879268536874
869,0,0,869,0.03141463462364138,0.005138985486634162,0.000986879268536886
870,0,0,870,0.0314146346236412,0.0033405252819750375,0.000986879268536876
871,0,0,871,0.031414634623641156,0.035132857632572456,0.000986879268536874
872,0,1,872,0.03141463462364114,0.10584504458158506,0.000986879268536873
873,0,0,873,0.03141463462364122,0.0679755748422135,0.0009868792685368776
874,0,0,874,0.03141463462364141,0.09401413039021114,0.0009868792685368887
875,0,0,875,0.03141463462364117,0.009888896367147848,0.0009868792685368737
876,0,1,876,0.03141463462364152,0.07104949765434476,0.0009868792685368958
877,0,1,877,0.031414634623641295,0.04124851639349281,0.0009868792685368826
878,0,1,878,0.03141463462364141,0.11089098947380494,0.0009868792685368897
879,0,1,879,0.031414634623641344,0.0556304897623634,0.000986879268536884
880,0,1,880,0.03141463462364137,0.000529761175356705,0.0009868792685368871
881,0,0,881,0.03141463462364115,0.05645731367520579,0.0009868792685368733
882,0,0,882,0.03141463462364105,0.05017458969237154,0.000986879268536867
883,0,1,883,0.031414634623641184,0.06662251173267952,0.0009868792685368743
884,0,0,884,0.031414634623641184,0.023512698034294788,0.0009868792685368752
885,0,1,885,0.03141463462364114,0.003749777977368307,0.0009868792685368724
886,0,1,886,0.03141463462364135,0.04309700539163375,0.000986879268536886
887,0,0,887,0.03141463462364136,0.11629164571603945,0.0009868792685368863
888,0,1,888,0.0314146346236414,0.09147469717251,0.000986879268536889
889,0,1,889,0.03141463462364135,0.001628572419653529,0.0009868792685368858
890,0,1,890,0.03141463462364133,0.08699745225038935,0.0009868792685368845
891,0,0,891,0.03141463462364134,0.031821723058742646,0.000986879268536885
892,0,1,892,0.0314146346236413,0.040654687715795834,0.000986879268536883
893,0,0,893,0.03141463462364119,0.023103732784375275,0.0009868792685368743
894,0,0,894,0.03141463462364137,0.041877212234423256,0.000986879268536887
895,0,1,895,0.031414634623641156,0.04833319787692192,0.0009868792685368733
896,0,0,896,0.031414634623641316,0.027004288199964588,0.000986879268536884
897,0,1,897,0.03141463462364118,0.027294612693252063,0.000986879268536874
898,0,1,898,0.03141463462364131,0.03365722537716698,0.0009868792685368832
899,0,1,899,0.03141463462364132,0.01873534099421592,0.0009868792685368843
900,0,0,900,0.031414634623641385,0.057744739195982664,0.0009868792685368882
901,0,0,901,0.03141463462364117,0.03474037633521787,0.000986879268536874
902,0,1,902,0.03141463462364122,0.07532395239127254,0.000986879268536876
903,0,1,903,0.03141463462364137,0.0031208693029025625,0.000986879268536887
904,0,0,904,0.031414634623641385,0.0924482582716899,0.0009868792685368876
905,0,0,905,0.03141463462364135,0.01066430005918817,0.0009868792685368852
906,0,1,906,0.03141463462364133,0.03746378926584404,0.0009868792685368832
907,0,0,907,0.031414634623641455,0.07143874133568628,0.0009868792685368921
908,0,0,908,0.031414634623641406,0.08140331859842553,0.0009868792685368865
909,0,0,909,0.0314146346236414,0.044556781173130965,0.000986879268536889
910,0,0,910,0.0314146346236414,0.01900489510008142,0.0009868792685368889
911,0,0,911,0.03141463462364115,0.027542612871874317,0.0009868792685368728
912,0,0,912,0.03141463462364135,0.07798472293716863,0.0009868792685368856
913,0,1,913,0.031414634623641476,0.055309526550199495,0.0009868792685368932
914,0,1,914,0.031414634623641455,0.0005889298362448045,0.0009868792685368923
915,0,0,915,0.031414634623641385,0.05697481262542803,0.0009868792685368863
916,0,0,916,1.9997532649633214,7.86184995327862,0.0009868792685368828
917,0,1,917,0.031414634623641295,0.015134737390364306,0.000986879268536882
918,0,0,918,0.0314146346236413,0.0054937888111000754,0.000986879268536883
919,0,1,919,0.031414634623641344,0.07457227900307606,0.000986879268536885
920,0,1,920,0.031414634623641406,0.005852389511948886,0.0009868792685368882
921,0,0,921,0.031414634623641365,0.021846599326223348,0.000986879268536885
922,0,0,922,0.031414634623641385,0.11167347463535471,0.000986879268536888
923,0,1,923,0.03141463462364139,0.06458009429928313,0.0009868792685368882
924,0,0,924,0.031414634623641184,0.053040521985066924,0.0009868792685368752
925,0,0,925,0.03141463462364152,0.07233296602147665,0.000986879268536895
926,0,1,926,0.03141463462364141,0.08583460237712792,0.000986879268536889
927,0,0,927,0.03141463462364145,0.05111030770628178,0.000986879268536892
928,0,0,928,0.03141463462364118,0.0059257424040535245,0.0009868792685368752
929,0,1,929,0.0314146346236414,0.12039966898744092,0.000986879268536888
930,0,1,930,0.03141463462364137,0.07805810029757154,0.0009868792685368865
931,0,1,931,0.03141463462364136,0.0901942828569049,0.0009868792685368856
932,0,1,932,0.03141463462364133,0.0020309328050690523,0.0009868792685368843
933,0,0,933,0.031414634623641406,0.04310567071858756,0.0009868792685368895
934,0,1,934,0.03141463462364117,0.009021234416707768,0.000986879268536874
935,0,1,935,0.031414634623641455,0.07157008077609284,0.0009868792685368913
936,0,0,936,0.031414634623641406,0.10942040907080998,0.0009868792685368889
937,0,1,937,0.0314146346236414,0.05451299692443088,0.0009868792685368889
938,0,0,938,0.03141463462364141,0.06882183555597898,0.0009868792685368887
939,0,0,939,0.031414634623641344,0.033524789370582564,0.0009868792685368835
940,0,0,940,0.03141463462364125,0.012791732941170086,0.0009868792685368785
941,0,0,941,0.031414634623641406,0.025145769411374655,0.0009868792685368893
942,0,0,942,0.03141463462364112,0.10939809942476386,0.0009868792685368715
943,0,0,943,0.03141463462364142,0.08814029712643467,0.00098687926853689
944,0,1,944,0.03141463462364139,0.12108409807070597,0.0009868792685368878
945,0,0,945,0.03141463462364135,0.007003509331848012,0.0009868792685368865
946,0,0,946,0.031414634623641385,0.11608609924217561,0.0009868792685368878
947,0,0,947,0.031414634623641434,0.02188265179331278,0.0009868792685368906
948,0,1,948,0.03141463462364118,0.011119277925549564,0.000986879268536875
949,0,1,949,0.03141463462364113,0.09065522775786361,0.000986879268536871
950,0,0,950,0.03141463462364141,0.11405149530727221,0.0009868792685368897
951,0,1,951,0.031414634623641406,0.07309055435741213,0.0009868792685368887
952,0,1,952,0.0314146346236414,0.10687354123818316,0.0009868792685368889
953,0,1,953,0.031414634623641385,0.05394850518402228,0.0009868792685368878
954,0,1,954,0.03141463462364112,0.04961436132845498,0.0009868792685368707
955,0,0,955,0.03141463462364137,0.10611656217373588,0.0009868792685368874
956,0,1,956,0.031414634623641136,0.0014600137496431354,0.0009868792685368724
957,0,1,957,0.03141463462364121,0.08143137904896114,0.0009868792685368756
958,0,0,958,0.03141463462364125,0.020723016894985014,0.0009868792685368785
959,0,1,959,0.03141463462364137,0.040573278200541796,0.0009868792685368871
960,0,0,960,0.031414634623641434,0.07589629919132684,0.0009868792685368895
961,0,0,961,0.03141463462364119,0.08934744433399056,0.0009868792685368754
962,0,0,962,0.031414634623641115,0.036799238156481895,0.0009868792685368713
963,0,0,963,0.031414634623641184,0.04792055167535647,0.0009868792685368748
964,0,0,964,0.03141463462364142,0.08319390878839306,0.0009868792685368893
965,0,1,965,0.031414634623641136,0.041645523487026104,0.0009868792685368724
966,0,0,966,0.03141463462364117,0.003556552408481864,0.0009868792685368743
967,0,1,967,0.031414634623641385,0.0010371516944240877,0.0009868792685368865
968,0,0,968,0.031414634623641184,0.009405025468126826,0.0009868792685368754
969,0,1,969,0.031414634623641385,0.05309800479020854,0.0009868792685368882
970,0,0,970,0.031414634623641385,0.09361290776101738,0.0009868792685368876
971,0,1,971,0.03141463462364114,0.0047842132666039705,0.0009868792685368724
972,0,1,972,0.03141463462364134,0.017961120068529457,0.0009868792685368856
973,0,0,973,0.03141463462364125,0.030603913176074027,0.000986879268536874
974,0,1,974,0.03141463462364115,0.03236041272650336,0.0009868792685368733
975,0,1,975,0.03141463462364137,0.04288097475597652,0.0009868792685368863
976,0,1,976,0.03141463462364142,0.0704333796707135,0.0009868792685368906
977,0,1,977,0.031414634623641066,0.07071439832644222,0.0009868792685368676
978,0,0,978,0.0314146346236414,0.061854664422540874,0.0009868792685368882
979,0,0,979,0.03141463462364119,0.06771363977133582,0.0009868792685368724
980,0,0,980,0.03141463462364115,0.05978601667301797,0.0009868792685368728
981,0,1,981,0.03141463462364141,0.12389295000041589,0.0009868792685368897
982,0,1,982,0.03141463462364134,0.02653032987578907,0.0009868792685368852
983,0,0,983,0.0314146346236414,0.1217673852045875,0.000986879268536889
984,0,1,984,0.03141463462364132,0.02743544217268501,0.000986879268536884
985,0,1,985,0.03141463462364139,0.001812838580845355,0.0009868792685368867
986,0,1,986,0.03141463462364115,0.016306802411955257,0.0009868792685368735
987,0,1,987,0.03141463462364111,0.04458298015998796,0.0009868792685368687
988,0,0,988,0.03141463462364143,0.05070619214632255,0.0009868792685368893
989,0,0,989,0.03141463462364125,0.010601733310443784,0.000986879268536875
990,0,1,990,0.031414634623641184,0.029412991066827043,0.0009868792685368748
991,0,0,991,0.03141463462364138,0.05642465253538073,0.0009868792685368876
992,0,0,992,0.03141463462364145,0.04540600811157347,0.0009868792685368906
993,0,0,993,0.03141463462364155,0.08020014676424125,0.0009868792685368978
994,0,0,994,0.0314146346236414,0.12369883244725277,0.0009868792685368887
995,0,1,995,0.03141463462364145,0.012481094040383042,0.0009868792685368915
996,0,0,996,0.03141463462364135,0.024314219994287845,0.000986879268536886
997,0,1,997,0.031414634623641184,0.11302093476600183,0.0009868792685368754
998,0,0,998,0.03141463462364122,0.04669731860192794,0.0009868792685368772
999,0,0,999,0.03141463462364128,0.051474480596195527,0.0009868792685368754
