,Layer,Qubit,Run,2-Norm,Trace Norm,Diamond Norm
0,0,1,0,0.003141591361661833,0.005223747210988755,9.86959628366825e-06
1,0,0,1,0.0031415913616618003,0.004960327703935688,9.869596283668043e-06
2,0,1,2,0.0031415913616617635,0.004961506225296453,9.869596283667924e-06
3,0,1,3,0.0031415913616617774,0.0041291462409140944,9.869596283667889e-06
4,0,1,4,0.0031415913616615995,0.005408897303895932,9.869596283666784e-06
5,0,1,5,0.0031415913616618238,0.005425191918185024,9.86959628366819e-06
6,0,1,6,0.0031415913616617865,0.0033122924937189534,9.869596283667956e-06
7,0,0,7,0.0031415913616617843,0.0046396079971731605,9.869596283667943e-06
8,0,0,8,0.0031415913616615896,0.005954458504101423,9.86959628366671e-06
9,0,0,9,0.0031415913616615913,0.006024804801013528,9.869596283666696e-06
10,0,0,10,0.003141591361661754,0.004567927677464469,9.86959628366775e-06
11,0,1,11,0.00314159136166179,0.004208607117436033,9.869596283667965e-06
12,0,0,12,0.00314159136166179,0.004773809483880051,9.86959628366798e-06
13,0,0,13,0.0031415913616616494,0.00444390333358833,9.869596283667096e-06
14,0,1,14,0.0031415913616617834,0.004663002985824373,9.869596283667938e-06
15,0,0,15,0.0031415913616614647,0.006162729333191619,9.869596283666125e-06
16,0,1,16,0.0031415913616618042,0.005031313998061851,9.869596283668073e-06
17,0,0,17,0.0031415913616614794,0.0047672819653913345,9.869596283666027e-06
18,0,0,18,0.0031415913616616793,0.006200699411312904,9.869596283667282e-06
19,0,0,19,0.0031415913616618368,0.00472039290428157,9.86959628366827e-06
20,0,0,20,0.00314159136166184,0.005834596081672,9.869596283668297e-06
21,0,0,21,0.003141591361661874,0.004921960925712718,9.869596283668656e-06
22,0,1,22,0.003141591361661816,0.005406436293605293,9.869596283668305e-06
23,0,0,23,0.003141591361661866,0.005577793550908233,9.869596283668463e-06
24,0,0,24,0.0031415913616617422,0.004652100007236988,9.869596283667682e-06
25,0,0,25,0.00314159136166153,0.004101063012715261,9.869596283666344e-06
26,0,1,26,0.0031415913616615727,0.0061004078161222,9.869596283666616e-06
27,0,0,27,0.003141591361661557,0.0043499624243193424,9.869596283666515e-06
28,0,1,28,0.0031415913616615206,0.006230097083502251,9.869596283666288e-06
29,0,1,29,0.0031415913616617977,0.005462348367896219,9.869596283668033e-06
30,0,0,30,0.00314159136166169,0.006206659320680263,9.869596283667352e-06
31,0,1,31,0.003141591361661547,0.0049150923305576605,9.86959628366653e-06
32,0,0,32,0.00314159136166153,0.006200361803605503,9.869596283666352e-06
33,0,1,33,0.0031415913616617804,0.005071625870649563,9.869596283668134e-06
34,0,0,34,0.003141591361661665,0.00594077595186715,9.86959628366739e-06
35,0,1,35,0.0031415913616617886,0.005878904301969967,9.869596283667966e-06
36,0,0,36,0.0031415913616618277,0.005745982101060809,9.869596283668344e-06
37,0,0,37,0.003141591361661792,0.0052651150943119895,9.869596283667994e-06
38,0,1,38,0.0031415913616618042,0.0037927216009186714,9.86959628366811e-06
39,0,0,39,0.003141591361661601,0.005359154222450174,9.869596283666792e-06
40,0,0,40,0.0031415913616615666,0.004204959376563802,9.869596283666562e-06
41,0,1,41,0.0031415913616617435,0.005109946169348553,9.86959628366783e-06
42,0,1,42,0.0031415913616618016,0.005074778410367645,9.86959628366817e-06
43,0,1,43,0.003141591361661523,0.0057688306555015445,9.86959628366631e-06
44,0,1,44,0.0031415913616617843,0.004162629409795135,9.86959628366814e-06
45,0,1,45,0.003141591361661625,0.005064260521200584,9.869596283666943e-06
46,0,0,46,0.003141591361661859,0.0056523198761418425,9.869596283668415e-06
47,0,0,47,0.0031415913616618025,0.004009085879482748,9.869596283668056e-06
48,0,1,48,0.003141591361661534,0.005757599076851028,9.86959628366637e-06
49,0,0,49,0.003141591361661566,0.004612831841209093,9.869596283666549e-06
50,0,1,50,0.003141591361661757,0.004364865660950068,9.869596283667763e-06
51,0,1,51,0.003141591361661745,0.005572718497109774,9.869596283667743e-06
52,0,1,52,0.0031415913616615245,0.006178201957879326,9.869596283666313e-06
53,0,1,53,0.0031415913616615423,0.00473551482410306,9.869596283666421e-06
54,0,1,54,0.0031415913616617826,0.005499695674774124,9.869596283667926e-06
55,0,1,55,0.0031415913616617583,0.00488926316541749,9.869596283667773e-06
56,0,1,56,0.0031415913616617973,0.005152305916141159,9.869596283668027e-06
57,0,1,57,0.0031415913616618164,0.004403620534920546,9.869596283668143e-06
58,0,0,58,0.003141591361661623,0.0057772712192812326,9.869596283667057e-06
59,0,0,59,0.0031415913616617747,0.005040741839665019,9.869596283667883e-06
60,0,0,60,0.003141591361661794,0.003525888722964621,9.869596283667999e-06
61,0,1,61,0.003141591361661903,0.005666504470479006,9.869596283668695e-06
62,0,1,62,0.0031415913616617526,0.004178539757278492,9.869596283667734e-06
63,0,1,63,0.0031415913616616095,0.00568491220118203,9.869596283667021e-06
64,0,0,64,0.0031415913616616616,0.0051454688338953974,9.869596283667172e-06
65,0,0,65,0.0031415913616618446,0.006154515269017113,9.869596283668304e-06
66,0,0,66,0.003141591361661763,0.004217955269177023,9.869596283667817e-06
67,0,1,67,0.0031415913616615262,0.006162744654837293,9.869596283666315e-06
68,0,1,68,0.0031415913616618294,0.0049242307154900855,9.86959628366817e-06
69,0,1,69,0.003141591361661863,0.00452894207585775,9.869596283668429e-06
70,0,0,70,0.003141591361661613,0.00515415606946909,9.869596283666889e-06
71,0,1,71,0.003141591361661618,0.004937266574198171,9.869596283666903e-06
72,0,0,72,0.00314159136166157,0.004963116259421738,9.869596283666787e-06
73,0,1,73,0.0031415913616615948,0.005850138784804199,9.869596283666747e-06
74,0,1,74,0.003141591361661776,0.0042065861845746655,9.869596283667982e-06
75,0,1,75,0.0031415913616615844,0.003870458075087075,9.86959628366672e-06
76,0,1,76,0.0031415913616617288,0.0056738646889870625,9.869596283667712e-06
77,0,1,77,0.0031415913616618407,0.005511925237726506,9.869596283668298e-06
78,0,1,78,0.00314159136166179,0.005078020915322709,9.86959628366819e-06
79,0,0,79,0.0031415913616617596,0.004491858025064084,9.86959628366779e-06
80,0,1,80,0.0031415913616617865,0.0057864121290165105,9.869596283667956e-06
81,0,1,81,0.0031415913616615653,0.004891202265711256,9.869596283666555e-06
82,0,1,82,0.003141591361661573,0.005935685980317351,9.869596283666615e-06
83,0,1,83,0.003141591361661534,0.00518078771429735,9.869596283666367e-06
84,0,0,84,0.0031415913616618385,0.004337674229846713,9.869596283668285e-06
85,0,1,85,0.003141591361661561,0.0056017095669238515,9.86959628366652e-06
86,0,0,86,0.003141591361661591,0.005977428849520683,9.869596283666914e-06
87,0,0,87,0.0031415913616616104,0.005182632420887304,9.869596283667026e-06
88,0,1,88,0.003141591361661579,0.006241568556168142,9.869596283666623e-06
89,0,1,89,0.003141591361661792,0.005904262018420925,9.869596283668153e-06
90,0,1,90,0.0031415913616618355,0.005377078573308047,9.869596283668265e-06
91,0,0,91,0.00314159136166173,0.005997314239805651,9.869596283667761e-06
92,0,1,92,0.003141591361661581,0.004740995531008443,9.869596283666669e-06
93,0,0,93,0.003141591361661527,0.006055339927154013,9.869596283666327e-06
94,0,1,94,0.0031415913616617682,0.005111234114902274,9.869596283667819e-06
95,0,0,95,0.003141591361661536,0.00560879674651743,9.86959628366659e-06
96,0,0,96,0.0031415913616617496,0.005488170714130547,9.869596283667723e-06
97,0,1,97,0.003141591361661629,0.006076917902850865,9.869596283666969e-06
98,0,1,98,0.003141591361661549,0.0052534353248411825,9.869596283666572e-06
99,0,0,99,0.0031415913616617487,0.004591162107106965,9.869596283667851e-06
100,0,0,100,0.0031415913616615557,0.003784341402225511,9.869596283666501e-06
101,0,1,101,0.003141591361661824,0.0049487507976063855,9.869596283668195e-06
102,0,0,102,0.003141591361661575,0.003958224666456048,9.869596283666625e-06
103,0,1,103,0.0031415913616618042,0.004616574742180107,9.869596283668068e-06
104,0,0,104,0.0031415913616614547,0.004834238672479466,9.869596283665873e-06
105,0,0,105,0.003141591361661529,0.00537447309170605,9.869596283666338e-06
106,0,1,106,0.003141591361661862,0.005180723195586434,9.869596283668432e-06
107,0,0,107,0.0031415913616615627,0.004366047036626243,9.869596283666665e-06
108,0,0,108,0.0031415913616617843,0.006250556190224965,9.869596283667944e-06
109,0,1,109,0.0031415913616614707,0.005805378973708836,9.869596283665959e-06
110,0,1,110,0.003141591361661746,0.0034069322837329535,9.869596283667695e-06
111,0,1,111,0.003141591361661859,0.0045738181154467705,9.869596283668415e-06
112,0,1,112,0.0031415913616617544,0.004210285570299739,9.869596283667709e-06
113,0,0,113,0.0031415913616617782,0.003703604893394767,9.869596283667902e-06
114,0,1,114,0.003141591361661704,0.006166746550413327,9.869596283667418e-06
115,0,1,115,0.0031415913616618194,0.005632514782265452,9.869596283668163e-06
116,0,0,116,0.003141591361661826,0.005454844607925863,9.869596283668209e-06
117,0,1,117,0.0031415913616617322,0.005325257973229219,9.869596283667616e-06
118,0,0,118,0.003141591361661792,0.0048148131429132796,9.869596283667994e-06
119,0,1,119,0.0031415913616618073,0.004699835119380262,9.86959628366812e-06
120,0,1,120,0.0031415913616615596,0.0038657358046460585,9.869596283666547e-06
121,0,1,121,0.003141591361661861,0.005574877153665114,9.869596283668427e-06
122,0,1,122,0.0031415913616618424,0.005077584348174929,9.869596283668351e-06
123,0,0,123,0.0031415913616617813,0.004490716616715892,9.869596283667944e-06
124,0,0,124,0.003141591361661755,0.0051657913740290745,9.869596283667755e-06
125,0,1,125,0.0031415913616617557,0.003621277552389183,9.869596283667763e-06
126,0,1,126,0.0031415913616616316,0.005280847958667928,9.869596283667138e-06
127,0,0,127,0.0031415913616615874,0.004622533961231953,9.869596283666662e-06
128,0,0,128,0.0031415913616617283,0.004440516924218325,9.869596283667594e-06
129,0,1,129,0.003141591361661558,0.0051001968643805545,9.869596283666643e-06
130,0,0,130,0.0031415913616618424,0.005891190474195729,9.869596283668305e-06
131,0,0,131,0.003141591361661744,0.004800724976141493,9.86959628366783e-06
132,0,1,132,0.003141591361661568,0.004004676367771789,9.869596283666582e-06
133,0,0,133,0.003141591361661761,0.0056045956960577015,9.869596283667931e-06
134,0,1,134,0.003141591361661655,0.006193877821861593,9.869596283667133e-06
135,0,0,135,0.003141591361661855,0.005062934703741959,9.869596283668475e-06
136,0,1,136,0.0031415913616618476,0.0053780916251709165,9.869596283668527e-06
137,0,0,137,0.003141591361661564,0.0043610534892956215,9.869596283666549e-06
138,0,1,138,0.003141591361661848,0.004749719003404734,9.86959628366834e-06
139,0,1,139,0.003141591361661813,0.005854706772533358,9.869596283668271e-06
140,0,0,140,0.0031415913616618216,0.004169208997970398,9.869596283668185e-06
141,0,0,141,0.0031415913616615453,0.004179626771156566,9.869596283666449e-06
142,0,1,142,0.003141591361661791,0.004306924263925557,9.869596283667985e-06
143,0,1,143,0.003141591361661782,0.0046281935514505615,9.86959628366793e-06
144,0,0,144,0.00314159136166177,0.00433631714299039,9.869596283667973e-06
145,0,1,145,0.0031415913616618385,0.004979940350036585,9.869596283668332e-06
146,0,0,146,0.003141591361661763,0.004396098055890564,9.869596283667833e-06
147,0,0,147,0.003141591361661787,0.00411738107634445,9.86959628366796e-06
148,0,1,148,0.0031415913616617826,0.005837041303459495,9.869596283667992e-06
149,0,1,149,0.003141591361661847,0.005878986012737342,9.869596283668337e-06
150,0,1,150,0.003141591361661769,0.0038471510240337924,9.869596283667863e-06
151,0,0,151,0.003141591361661536,0.006189458242009727,9.869596283666376e-06
152,0,0,152,0.003141591361661751,0.0046500704456201095,9.869596283667733e-06
153,0,0,153,0.003141591361661817,0.0057662115992719865,9.869596283668151e-06
154,0,0,154,0.003141591361661812,0.004622335736193271,9.869596283668166e-06
155,0,1,155,0.003141591361661763,0.006187375719005184,9.869596283667868e-06
156,0,0,156,0.003141591361661539,0.004584282550886748,9.869596283666396e-06
157,0,1,157,0.003141591361661557,0.006081944840437059,9.86959628366651e-06
158,0,1,158,0.0031415913616617934,0.005503894447307145,9.869596283667985e-06
159,0,0,159,0.0031415913616617635,0.0049079585282927884,9.86959628366786e-06
160,0,1,160,0.003141591361661812,0.005621512653177535,9.869596283668119e-06
161,0,1,161,0.0031415913616615818,0.004593302449183788,9.869596283666596e-06
162,0,1,162,0.0031415913616615783,0.005131777843295882,9.869596283666652e-06
163,0,1,163,0.003141591361661747,0.005001173169010664,9.869596283667643e-06
164,0,1,164,0.0031415913616615475,0.006181619790951942,9.869596283666457e-06
165,0,1,165,0.00314159136166179,0.003904847712552152,9.869596283668116e-06
166,0,0,166,0.0031415913616617587,0.004837580553098783,9.869596283667814e-06
167,0,1,167,0.0031415913616618164,0.005797999916245189,9.869596283668298e-06
168,0,0,168,0.003141591361661834,0.006146742409095907,9.869596283668258e-06
169,0,0,169,0.0031415913616616295,0.005325285515599215,9.869596283666974e-06
170,0,1,170,0.0031415913616617986,0.004242183871083818,9.869596283668041e-06
171,0,0,171,0.0031415913616617604,0.005053044164094259,9.869596283667834e-06
172,0,0,172,0.003141591361661557,0.004960934532128966,9.869596283666657e-06
173,0,0,173,0.0031415913616615705,0.005266641572650305,9.8695962836666e-06
174,0,1,174,0.0031415913616617995,0.004612822280585842,9.869596283668043e-06
175,0,1,175,0.0031415913616615666,0.0043457630864004275,9.869596283666593e-06
176,0,0,176,0.0031415913616615735,0.004900548650793285,9.869596283666616e-06
177,0,0,177,0.0031415913616615076,0.006235917731036766,9.869596283666211e-06
178,0,1,178,0.0031415913616615852,0.005781457533998308,9.869596283666693e-06
179,0,0,179,0.0031415913616617574,0.003884204843546334,9.869596283667773e-06
180,0,0,180,0.003141591361661768,0.005312422068636691,9.869596283668017e-06
181,0,1,181,0.003141591361661561,0.003523134764881769,9.86959628366654e-06
182,0,0,182,0.0031415913616617574,0.003938997942854366,9.869596283667782e-06
183,0,1,183,0.0031415913616617743,0.004344300333757073,9.869596283667983e-06
184,0,1,184,0.0031415913616615874,0.004833521054730491,9.869596283666667e-06
185,0,1,185,0.0031415913616618186,0.006190805268469213,9.86959628366812e-06
186,0,1,186,0.0031415913616617977,0.004283286092697678,9.86959628366803e-06
187,0,0,187,0.0031415913616615753,0.005507977938296382,9.869596283666698e-06
188,0,1,188,0.0031415913616617995,0.004175129494177868,9.869596283668034e-06
189,0,1,189,0.0031415913616618034,0.00524538580036743,9.86959628366806e-06
190,0,0,190,0.0031415913616615774,0.005477684801967031,9.869596283666701e-06
191,0,0,191,0.0031415913616617826,0.004130417248286791,9.869596283667933e-06
192,0,0,192,0.003141591361661784,0.004186086759498869,9.869596283667936e-06
193,0,1,193,0.0031415913616615315,0.004980086077355339,9.869596283666543e-06
194,0,0,194,0.003141591361661785,0.005423414578663799,9.869596283667936e-06
195,0,0,195,0.0031415913616618285,0.005954143432940262,9.869596283668224e-06
196,0,0,196,0.00314159136166181,0.004144719759140036,9.869596283668104e-06
197,0,1,197,0.003141591361661786,0.0044432836128503435,9.869596283667956e-06
198,0,0,198,0.0031415913616618003,0.006028284567461628,9.869596283668043e-06
199,0,0,199,0.003141591361661814,0.005800383999023495,9.869596283668127e-06
200,0,1,200,0.0031415913616617795,0.004792107177283955,9.869596283667956e-06
201,0,1,201,0.0031415913616618654,0.00586935645487191,9.869596283668451e-06
202,0,0,202,0.003141591361661746,0.005245038354281695,9.869596283667855e-06
203,0,1,203,0.003141591361661837,0.005775629286407125,9.869596283668271e-06
204,0,0,204,0.0031415913616617383,0.004796583790569159,9.869596283667651e-06
205,0,0,205,0.0031415913616618238,0.005299526864874754,9.869596283668182e-06
206,0,0,206,0.003141591361661757,0.00434834033779103,9.869596283667748e-06
207,0,0,207,0.0031415913616615683,0.005382572093542537,9.869596283666713e-06
208,0,1,208,0.003141591361661578,0.006066986143708042,9.869596283666628e-06
209,0,0,209,0.0031415913616618884,0.004389553097934754,9.869596283668595e-06
210,0,0,210,0.0031415913616618238,0.005706192988263081,9.869596283668358e-06
211,0,0,211,0.0031415913616617847,0.006125615551561769,9.869596283667951e-06
212,0,0,212,0.0031415913616617518,0.004364807407331455,9.869596283667753e-06
213,0,1,213,0.003141591361661505,0.004667788964188478,9.869596283666272e-06
214,0,0,214,0.003141591361661519,0.004988168357104389,9.869596283666269e-06
215,0,0,215,0.0031415913616618138,0.00549781243350933,9.869596283668129e-06
216,0,0,216,0.003141591361661514,0.005273313240925531,9.869596283666213e-06
217,0,1,217,0.0031415913616617912,0.0049775707000400266,9.869596283667965e-06
218,0,0,218,0.003141591361661767,0.004361887953545286,9.869596283667831e-06
219,0,1,219,0.0031415913616615835,0.006244838416160858,9.869596283666676e-06
220,0,0,220,0.0031415913616618225,0.00410509214188327,9.869596283668183e-06
221,0,1,221,0.003141591361661652,0.004443972454802311,9.869596283667116e-06
222,0,1,222,0.003141591361661765,0.004120128229758036,9.869596283667824e-06
223,0,0,223,0.003141591361661589,0.005934016722794644,9.869596283666721e-06
224,0,0,224,0.003141591361661578,0.004953285688337056,9.869596283666648e-06
225,0,1,225,0.003141591361661832,0.00486664374672427,9.869596283668243e-06
226,0,1,226,0.0031415913616618936,0.006172469975437356,9.869596283668634e-06
227,0,1,227,0.0031415913616617596,0.00403099589596095,9.869596283667782e-06
228,0,1,228,0.0031415913616618294,0.004177939249426077,9.869596283668226e-06
229,0,0,229,0.003141591361661561,0.00483870311212313,9.86959628366654e-06
230,0,0,230,0.003141591361661851,0.0043970972490477885,9.869596283668361e-06
231,0,1,231,0.0031415913616618233,0.005711060625638226,9.869596283668192e-06
232,0,0,232,0.003141591361661805,0.005822753928212077,9.869596283668202e-06
233,0,0,233,0.0031415913616617682,0.004509176326865406,9.869596283667885e-06
234,0,1,234,0.0031415913616615666,0.005377411790932651,9.869596283666543e-06
235,0,0,235,0.0031415913616617925,0.0054899209094086965,9.869596283667992e-06
236,0,1,236,0.003141591361661847,0.005469789458610347,9.869596283668375e-06
237,0,1,237,0.0031415913616617977,0.004534425120850581,9.869596283668202e-06
238,0,0,238,0.003141591361661851,0.0050028330748923405,9.869596283668366e-06
239,0,0,239,0.0031415913616618177,0.006267029713225514,9.869596283668153e-06
240,0,1,240,0.003141591361661822,0.004755366562309293,9.869596283668268e-06
241,0,0,241,0.0031415913616618034,0.005129161503398982,9.869596283668058e-06
242,0,1,242,0.0031415913616617726,0.0037482414857751365,9.86959628366786e-06
243,0,1,243,0.0031415913616615245,0.0048222215719172234,9.869596283666425e-06
244,0,0,244,0.00314159136166158,0.005354482137834959,9.86959628366682e-06
245,0,1,245,0.0031415913616618194,0.00429748589494007,9.869596283668165e-06
246,0,1,246,0.0031415913616616225,0.005809895988188318,9.869596283666923e-06
247,0,1,247,0.003141591361661762,0.004890933521279603,9.869596283667802e-06
248,0,1,248,0.0031415913616617583,0.0041978697987865195,9.869596283667904e-06
249,0,0,249,0.003141591361661794,0.004729022319971132,9.86959628366813e-06
250,0,0,250,0.003141591361661817,0.004317036137889392,9.86959628366815e-06
251,0,0,251,0.003141591361661838,0.005446525871093899,9.869596283668288e-06
252,0,0,252,0.0031415913616615644,0.005179574873443921,9.86959628366654e-06
253,0,1,253,0.0031415913616617782,0.004855837364282231,9.86959628366792e-06
254,0,1,254,0.003141591361661788,0.005430940175295107,9.869596283668005e-06
255,0,0,255,0.003141591361661845,0.0059816698865156614,9.869596283668319e-06
256,0,0,256,0.0031415913616616277,0.006141781272604119,9.869596283667067e-06
257,0,1,257,0.003141591361661748,0.005419406727420889,9.869596283667904e-06
258,0,1,258,0.0031415913616617244,0.006064391272143421,9.869596283667524e-06
259,0,0,259,0.0031415913616617474,0.004676462423765043,9.869596283667665e-06
260,0,0,260,0.0031415913616617986,0.005478801667482158,9.869596283668066e-06
261,0,1,261,0.003141591361661573,0.004031325293426487,9.869596283666623e-06
262,0,0,262,0.003141591361661916,0.004502662034538307,9.869596283668771e-06
263,0,0,263,0.0031415913616617747,0.005300747968451008,9.869596283667887e-06
264,0,0,264,0.003141591361661834,0.006224482081568228,9.869596283668185e-06
265,0,0,265,0.0031415913616617648,0.005012151901121642,9.869596283667975e-06
266,0,1,266,0.0031415913616614386,0.00509130996014405,9.869596283665915e-06
267,0,0,267,0.0031415913616616195,0.005683610192903477,9.8695962836669e-06
268,0,0,268,0.0031415913616617756,0.004989518969712073,9.869596283667892e-06
269,0,0,269,0.003141591361661828,0.004413622160398792,9.869596283668219e-06
270,0,0,270,0.0031415913616617366,0.004870115496736924,9.869596283667719e-06
271,0,1,271,0.0031415913616616863,0.004890423716334663,9.869596283667328e-06
272,0,1,272,0.003141591361661873,0.006189935730456009,9.8695962836685e-06
273,0,1,273,0.0031415913616616976,0.005910859578127148,9.869596283667394e-06
274,0,1,274,0.003141591361661766,0.004637808005776588,9.869596283667826e-06
275,0,0,275,0.0031415913616618203,0.005230967334449582,9.869596283668166e-06
276,0,1,276,0.0031415913616617873,0.004348927740931187,9.869596283667965e-06
277,0,0,277,0.0031415913616617457,0.004236010020256437,9.869596283667655e-06
278,0,1,278,0.003141591361661778,0.005581163383576754,9.8695962836679e-06
279,0,1,279,0.0031415913616617396,0.003713212837628387,9.869596283667663e-06
280,0,1,280,0.0031415913616618506,0.0056413975703813735,9.869596283668358e-06
281,0,1,281,0.003141591361661773,0.004768599021540469,9.869596283668061e-06
282,0,0,282,0.0031415913616617557,0.005968538041505433,9.869596283667765e-06
283,0,1,283,0.0031415913616618545,0.004407784935230384,9.869596283668388e-06
284,0,0,284,0.0031415913616617843,0.004427670974442632,9.86959628366795e-06
285,0,1,285,0.0031415913616616034,0.00600916620694264,9.869596283666994e-06
286,0,0,286,0.0031415913616615414,0.005323048201625574,9.869596283666411e-06
287,0,0,287,0.0031415913616615015,0.005300822964739577,9.86959628366629e-06
288,0,0,288,0.0031415913616617127,0.005632022852575247,9.869596283667485e-06
289,0,1,289,0.0031415913616617223,0.005018726680206906,9.86959628366753e-06
290,0,1,290,0.003141591361661783,0.004653031922583345,9.86959628366794e-06
291,0,1,291,0.003141591361661784,0.003266010334284153,9.869596283667941e-06
292,0,1,292,0.0031415913616618532,0.004648922646850628,9.869596283668375e-06
293,0,0,293,0.0031415913616618285,0.004322352936461701,9.869596283668224e-06
294,0,0,294,0.003141591361661545,0.005125841299287837,9.869596283666559e-06
295,0,0,295,0.0031415913616615505,0.005063274635646459,9.86959628366645e-06
296,0,0,296,0.0031415913616615714,0.005006577487679867,9.869596283666601e-06
297,0,0,297,0.0031415913616618467,0.0052913013931385755,9.869596283668327e-06
298,0,0,298,0.0031415913616615566,0.005755303469820339,9.86959628366644e-06
299,0,0,299,0.003141591361661882,0.006168688475231887,9.869596283668553e-06
300,0,0,300,0.0031415913616617817,0.0041535928262587014,9.869596283667926e-06
301,0,0,301,0.0031415913616617648,0.004274799610353241,9.869596283667777e-06
302,0,0,302,0.0031415913616617704,0.006106440765777266,9.869596283667889e-06
303,0,0,303,0.0031415913616615475,0.004417139784585796,9.869596283666442e-06
304,0,0,304,0.003141591361661603,0.004819555765338809,9.869596283666755e-06
305,0,1,305,0.003141591361661576,0.005940955969478301,9.869596283666549e-06
306,0,1,306,0.003141591361661739,0.005753027661943855,9.8695962836676e-06
307,0,0,307,0.0031415913616614174,0.004850834674403337,9.869596283665635e-06
308,0,0,308,0.003141591361661825,0.004618479423018369,9.869596283668199e-06
309,0,1,309,0.00314159136166179,0.005469915687491,9.869596283667963e-06
310,0,1,310,0.0031415913616617635,0.005623405680556526,9.869596283667894e-06
311,0,1,311,0.0031415913616615397,0.005139542379607398,9.869596283666493e-06
312,0,1,312,0.003141591361661814,0.0061373718147383904,9.869596283668132e-06
313,0,1,313,0.003141591361661535,0.0038202857614351854,9.86959628366637e-06
314,0,1,314,1.9999975325994075,2.329482559429679,9.869596283668275e-06
315,0,0,315,0.0031415913616616342,0.004601305636824215,9.869596283666992e-06
316,0,1,316,0.0031415913616617596,0.004907286876764838,9.869596283667806e-06
317,0,1,317,0.003141591361661659,0.006184090339156567,9.869596283667148e-06
318,0,1,318,0.0031415913616617535,0.005492080536857735,9.86959628366775e-06
319,0,0,319,0.003141591361661557,0.0037534330069406013,9.869596283666515e-06
320,0,0,320,0.003141591361661836,0.005118577649935424,9.869596283668268e-06
321,0,1,321,0.003141591361661581,0.005366259020682829,9.869596283666665e-06
322,0,1,322,0.0031415913616616126,0.005643361094736454,9.869596283667031e-06
323,0,1,323,0.003141591361661595,0.006227023336959736,9.869596283666743e-06
324,0,0,324,0.003141591361661601,0.006177260358305181,9.869596283666789e-06
325,0,0,325,0.0031415913616617856,0.005282224700979332,9.869596283668016e-06
326,0,0,326,0.0031415913616618424,0.00575172068056784,9.869596283668305e-06
327,0,0,327,0.0031415913616618927,0.005755618988429773,9.869596283668627e-06
328,0,1,328,0.00314159136166175,0.004759324990925393,9.869596283667731e-06
329,0,0,329,0.00314159136166184,0.0049504045248279505,9.869596283668293e-06
330,0,0,330,0.0031415913616617665,0.004604292663115059,9.869596283667978e-06
331,0,1,331,0.003141591361661766,0.006183687797523374,9.869596283667833e-06
332,0,0,332,0.0031415913616617774,0.004937439029918195,9.869596283668055e-06
333,0,0,333,0.0031415913616615245,0.00554848738753283,9.869596283666306e-06
334,0,1,334,0.0031415913616617435,0.0042822101081314845,9.869596283667641e-06
335,0,0,335,0.0031415913616617843,0.005359983551255276,9.869596283667895e-06
336,0,1,336,0.0031415913616618858,0.004822082712829252,9.869596283668578e-06
337,0,0,337,0.003141591361661782,0.0055035181989644966,9.86959628366793e-06
338,0,0,338,0.0031415913616616572,0.006235625844628556,9.869596283667055e-06
339,0,1,339,0.0031415913616615054,0.004655559794589106,9.869596283666193e-06
340,0,1,340,0.003141591361661602,0.005018630115456446,9.869596283666798e-06
341,0,1,341,0.003141591361661778,0.0037902648240182584,9.869596283667902e-06
342,0,1,342,0.0031415913616614412,0.00586353631012676,9.869596283665996e-06
343,0,1,343,0.0031415913616616386,0.004811656712582463,9.869596283667025e-06
344,0,0,344,0.003141591361661789,0.0049338501327234885,9.869596283667978e-06
345,0,0,345,0.0031415913616615336,0.006252949807625308,9.86959628366636e-06
346,0,0,346,0.0031415913616615284,0.004401631493741596,9.86959628366634e-06
347,0,0,347,0.0031415913616615566,0.0049644056704626766,9.869596283666511e-06
348,0,0,348,0.003141591361661585,0.005083310196342297,9.869596283666689e-06
349,0,1,349,0.0031415913616618368,0.0052333632471907865,9.869596283668273e-06
350,0,0,350,0.003141591361661549,0.004667043913003231,9.869596283666462e-06
351,0,1,351,0.003141591361661854,0.00550372176828029,9.869596283668382e-06
352,0,0,352,0.0031415913616617878,0.005809041711841489,9.869596283667968e-06
353,0,1,353,0.0031415913616618836,0.005573893550726738,9.869596283668571e-06
354,0,0,354,0.0031415913616618073,0.00379761550532834,9.869596283668082e-06
355,0,1,355,0.0031415913616617964,0.005292767022890915,9.86959628366816e-06
356,0,1,356,0.003141591361661575,0.006196622292123644,9.869596283666621e-06
357,0,1,357,0.0031415913616616494,0.0056969298691242065,9.869596283667128e-06
358,0,1,358,0.003141591361661554,0.006043874042374053,9.869596283666501e-06
359,0,1,359,0.0031415913616618003,0.004468141485724386,9.869596283668051e-06
360,0,1,360,0.003141591361661893,0.0061193884478988325,9.869596283668629e-06
361,0,1,361,0.0031415913616615588,0.005182451476008668,9.869596283666469e-06
362,0,1,362,0.0031415913616615948,0.006018452622268244,9.869596283666759e-06
363,0,0,363,0.00314159136166156,0.004038872393147036,9.869596283666669e-06
364,0,0,364,0.003141591361661612,0.004704442677036048,9.869596283666864e-06
365,0,1,365,0.0031415913616615397,0.004539356913456041,9.869596283666393e-06
366,0,0,366,0.0031415913616615943,0.005241025938037686,9.869596283666737e-06
367,0,0,367,0.0031415913616615683,0.00580511365705863,9.869596283666704e-06
368,0,0,368,0.0031415913616618606,0.0047214590683719235,9.86959628366842e-06
369,0,0,369,0.0031415913616615657,0.0042099457418945906,9.869596283666565e-06
370,0,1,370,0.003141591361661555,0.006161988415850583,9.869596283666638e-06
371,0,0,371,0.0031415913616615774,0.005936471615128447,9.869596283666642e-06
372,0,1,372,0.003141591361661541,0.005830767010906401,9.869596283666384e-06
373,0,1,373,0.00314159136166175,0.0036135614594114043,9.869596283667728e-06
374,0,1,374,0.003141591361661766,0.0053898206736312515,9.869596283667972e-06
375,0,0,375,0.00314159136166181,0.005240198809069452,9.869596283668219e-06
376,0,0,376,0.0031415913616614946,0.005662237586238877,9.86959628366615e-06
377,0,0,377,0.0031415913616617136,0.006012424127682159,9.869596283667496e-06
378,0,0,378,0.0031415913616615163,0.006249368698951097,9.86959628366625e-06
379,0,1,379,0.003141591361661749,0.0049962039618874216,9.869596283667707e-06
380,0,1,380,0.0031415913616615644,0.004531100492219366,9.869596283666564e-06
381,0,1,381,0.003141591361661792,0.004697890877141224,9.869596283667994e-06
382,0,0,382,0.0031415913616615466,0.004801545910084637,9.869596283666449e-06
383,0,1,383,0.0031415913616617535,0.0038099645754625638,9.869596283667751e-06
384,0,0,384,0.0031415913616618316,0.005428579516943477,9.869596283668365e-06
385,0,0,385,0.0031415913616618233,0.005172591579515579,9.869596283668192e-06
386,0,1,386,0.003141591361661747,0.005066268128068457,9.869596283667704e-06
387,0,0,387,0.003141591361661536,0.005142910115760943,9.869596283666516e-06
388,0,0,388,0.003141591361661613,0.00549164282691908,9.869596283666862e-06
389,0,0,389,0.0031415913616615714,0.004762201147900685,9.86959628366677e-06
390,0,1,390,0.003141591361661887,0.005628066777529278,9.869596283668586e-06
391,0,0,391,0.003141591361661849,0.004481863860803941,9.869596283668346e-06
392,0,1,392,0.003141591361661786,0.003988513959601512,9.869596283667951e-06
393,0,1,393,0.0031415913616617834,0.004148218480623203,9.86959628366808e-06
394,0,1,394,0.0031415913616618316,0.0046740763071474595,9.869596283668243e-06
395,0,1,395,0.0031415913616619,0.00599270026885923,9.86959628366867e-06
396,0,1,396,0.00314159136166192,0.005251587649187872,9.869596283668971e-06
397,0,1,397,0.0031415913616617787,0.004613232762082677,9.869596283667977e-06
398,0,1,398,0.0031415913616614803,0.005712859259643682,9.869596283665991e-06
399,0,1,399,0.0031415913616618103,0.0039046513550118536,9.86959628366811e-06
400,0,1,400,0.003141591361661837,0.0050098042040666035,9.869596283668282e-06
401,0,0,401,0.0031415913616615917,0.005985012343876328,9.869596283666731e-06
402,0,1,402,0.00314159136166172,0.005376295047114288,9.869596283667707e-06
403,0,1,403,0.0031415913616617583,0.005979499551023837,9.86959628366778e-06
404,0,1,404,0.0031415913616617843,0.004508528726304872,9.86959628366814e-06
405,0,1,405,0.0031415913616617513,0.005862273257410122,9.869596283667946e-06
406,0,1,406,0.0031415913616615397,0.005902924883482208,9.869596283666511e-06
407,0,1,407,0.0031415913616617787,0.004598797425037368,9.869596283667904e-06
408,0,1,408,0.0031415913616618775,0.005921383746757769,9.869596283668529e-06
409,0,1,409,0.0031415913616617643,0.004867812176723801,9.869596283667814e-06
410,0,1,410,0.0031415913616617843,0.003541755121916258,9.86959628366795e-06
411,0,1,411,0.0031415913616615414,0.005077242528457149,9.869596283666476e-06
412,0,1,412,0.0031415913616617726,0.005611319755099903,9.869596283667868e-06
413,0,0,413,0.0031415913616617457,0.004128877801637235,9.86959628366771e-06
414,0,0,414,0.0031415913616615167,0.005421126969031603,9.869596283666406e-06
415,0,0,415,0.0031415913616616525,0.004933319878274042,9.86959628366709e-06
416,0,0,416,0.003141591361661778,0.004500843593038609,9.869596283668033e-06
417,0,1,417,0.0031415913616617934,0.004442163422774212,9.869596283667999e-06
418,0,1,418,0.0031415913616617565,0.0045365642010163545,9.869596283667926e-06
419,0,0,419,0.00314159136166162,0.004591276317267287,9.869596283666913e-06
420,0,1,420,0.003141591361661812,0.004810332590156237,9.869596283668117e-06
421,0,1,421,0.0031415913616616455,0.0059610389286410825,9.869596283667072e-06
422,0,1,422,0.0031415913616615436,0.005655728374017677,9.869596283666476e-06
423,0,1,423,0.003141591361661555,0.005302363569719859,9.869596283666501e-06
424,0,1,424,0.0031415913616617405,0.0060316928341211384,9.869596283667651e-06
425,0,0,425,0.0031415913616617856,0.005465018330564869,9.86959628366795e-06
426,0,1,426,0.0031415913616618194,0.004575380534906706,9.869596283668165e-06
427,0,1,427,0.0031415913616615995,0.005929186236833139,9.869596283666787e-06
428,0,0,428,0.0031415913616618333,0.004536849788536357,9.86959628366837e-06
429,0,0,429,0.0031415913616617813,0.005852766405331861,9.869596283667924e-06
430,0,1,430,0.003141591361661794,0.004047329144490141,9.869596283668014e-06
431,0,0,431,0.0031415913616618146,0.006046096535179624,9.86959628366814e-06
432,0,0,432,0.0031415913616618103,0.004797359595502745,9.869596283668104e-06
433,0,0,433,0.0031415913616615887,0.005953443621856791,9.869596283666872e-06
434,0,0,434,0.0031415913616617166,0.00589756881535497,9.869596283667521e-06
435,0,1,435,0.003141591361661745,0.004686283639037225,9.869596283667724e-06
436,0,1,436,0.0031415913616618446,0.0051179443841132405,9.86959628366832e-06
437,0,0,437,0.0031415913616619157,0.0061745115835484254,9.869596283668768e-06
438,0,1,438,0.0031415913616618186,0.005548964569044079,9.869596283668295e-06
439,0,1,439,0.0031415913616615414,0.004105756144385544,9.869596283666421e-06
440,0,1,440,0.0031415913616617986,0.0052331678824784345,9.869596283668033e-06
441,0,1,441,0.0031415913616617335,0.005466033962250316,9.869596283667617e-06
442,0,0,442,0.0031415913616617474,0.005374619818883292,9.869596283667702e-06
443,0,1,443,0.0031415913616616,0.004228004173902417,9.869596283666784e-06
444,0,1,444,0.0031415913616615887,0.006159529294875898,9.869596283666703e-06
445,0,0,445,0.003141591361661784,0.0036760579592424927,9.869596283667943e-06
446,0,0,446,0.0031415913616617774,0.0049208812811138425,9.869596283667894e-06
447,0,1,447,0.0031415913616618034,0.00598925720259369,9.869596283668058e-06
448,0,0,448,0.0031415913616618138,0.005125703456826863,9.869596283668127e-06
449,0,0,449,0.003141591361661773,0.003545288630360236,9.869596283667875e-06
450,0,1,450,0.003141591361661812,0.004639589695795157,9.869596283668126e-06
451,0,0,451,0.003141591361661673,0.004393334783719081,9.86959628366724e-06
452,0,1,452,0.0031415913616615818,0.004372639375512986,9.869596283666654e-06
453,0,1,453,0.003141591361661782,0.003482175181471743,9.869596283667926e-06
454,0,0,454,0.0031415913616618207,0.004907198555299877,9.869596283668173e-06
455,0,0,455,0.0031415913616617743,0.005212444202750785,9.869596283667899e-06
456,0,1,456,0.0031415913616617774,0.0037149020333560744,9.8695962836679e-06
457,0,1,457,0.0031415913616617283,0.00600551479868261,9.869596283667521e-06
458,0,0,458,0.003141591361661844,0.00466581945798103,9.869596283668317e-06
459,0,1,459,0.003141591361661763,0.005724949133146112,9.869596283667848e-06
460,0,1,460,0.0031415913616616113,0.004679615125540215,9.869596283666857e-06
461,0,0,461,0.003141591361661771,0.004462758060363239,9.869596283667851e-06
462,0,0,462,0.003141591361661592,0.005552268361322887,9.869596283666798e-06
463,0,1,463,0.0031415913616616793,0.005822452701830183,9.869596283667285e-06
464,0,0,464,0.003141591361661746,0.004258182546752788,9.869596283667709e-06
465,0,0,465,0.0031415913616615297,0.005812270555570265,9.869596283666496e-06
466,0,1,466,0.0031415913616615735,0.004923787995377196,9.869596283666637e-06
467,0,1,467,0.003141591361661784,0.004415048479647885,9.869596283667936e-06
468,0,1,468,0.003141591361661746,0.004439895500104924,9.869596283667702e-06
469,0,1,469,0.0031415913616618125,0.005024287632703697,9.869596283668266e-06
470,0,0,470,0.0031415913616617804,0.003477153083990875,9.869596283667919e-06
471,0,0,471,0.0031415913616617964,0.004769237497954937,9.869596283668051e-06
472,0,1,472,0.0031415913616616295,0.005881244542213504,9.86959628366697e-06
473,0,0,473,0.0031415913616618207,0.005302050975325934,9.869596283668173e-06
474,0,0,474,0.003141591361661787,0.003938938062998603,9.86959628366795e-06
475,0,1,475,0.003141591361661854,0.004904078941043499,9.869596283668387e-06
476,0,1,476,0.0031415913616617947,0.00532772093815384,9.869596283668009e-06
477,0,0,477,0.0031415913616617023,0.004380546480741505,9.869596283667424e-06
478,0,1,478,0.003141591361661566,0.0037554930807861655,9.869596283666567e-06
479,0,0,479,0.0031415913616617596,0.0044431742130673635,9.869596283667999e-06
480,0,0,480,0.0031415913616617947,0.005199871256428748,9.869596283668004e-06
481,0,1,481,0.0031415913616618723,0.0057881298069646925,9.869596283668566e-06
482,0,0,482,0.0031415913616618073,0.0056718991307629085,9.86959628366809e-06
483,0,0,483,0.003141591361661831,0.005540605104554647,9.869596283668243e-06
484,0,1,484,0.0031415913616614603,0.005135356788750184,9.86959628366591e-06
485,0,0,485,0.0031415913616617613,0.004768585682174892,9.869596283667802e-06
486,0,0,486,0.0031415913616617747,0.005210162720915637,9.869596283667916e-06
487,0,1,487,0.0031415913616615384,0.006051137017844155,9.869596283666396e-06
488,0,0,488,0.0031415913616616416,0.00551527163291618,9.869596283667048e-06
489,0,0,489,0.003141591361661872,0.00538838647403464,9.869596283668505e-06
490,0,0,490,0.003141591361661583,0.005616965592747186,9.869596283666718e-06
491,0,0,491,0.0031415913616617457,0.004158979032943339,9.869596283667702e-06
492,0,0,492,0.0031415913616618355,0.00539690011394478,9.869596283668409e-06
493,0,1,493,0.0031415913616617366,0.003919986911029511,9.86959628366764e-06
494,0,1,494,0.0031415913616618684,0.006150622102145342,9.869596283668471e-06
495,0,1,495,0.003141591361661789,0.005069696076662772,9.869596283667973e-06
496,0,0,496,0.0031415913616616325,0.005119441887328741,9.869596283667026e-06
497,0,1,497,0.00314159136166179,0.004931258302322189,9.869596283667982e-06
498,0,0,498,0.0031415913616618186,0.004391000788027604,9.869596283668158e-06
499,0,1,499,0.003141591361661766,0.005111664946302094,9.869596283667987e-06
500,0,1,500,0.003141591361661813,0.004646519481529561,9.869596283668092e-06
501,0,0,501,0.0031415913616615163,0.005440512224515248,9.869596283666245e-06
502,0,0,502,0.0031415913616617765,0.004582769969791671,9.869596283667941e-06
503,0,1,503,0.00314159136166177,0.006136633183700557,9.86959628366799e-06
504,0,1,504,0.003141591361661746,0.003826476072836163,9.869596283667702e-06
505,0,1,505,0.003141591361661839,0.004936935393115752,9.869596283668288e-06
506,0,1,506,0.003141591361661766,0.004683924857055294,9.869596283667802e-06
507,0,1,507,0.0031415913616617414,0.003996568049344583,9.869596283667695e-06
508,0,0,508,0.0031415913616618146,0.005777075616191646,9.869596283668104e-06
509,0,1,509,0.003141591361661792,0.004054940336062657,9.869596283668051e-06
510,0,1,510,0.0031415913616617687,0.004676838591803623,9.869596283667846e-06
511,0,0,511,0.003141591361661812,0.005757436071976679,9.869596283668116e-06
512,0,0,512,0.0031415913616617544,0.0044021565506123135,9.869596283667724e-06
513,0,1,513,0.0031415913616615,0.004656978146676455,9.869596283666193e-06
514,0,0,514,0.0031415913616616446,0.005997191640460697,9.869596283667064e-06
515,0,1,515,0.0031415913616615826,0.004688742268045554,9.869596283666828e-06
516,0,1,516,0.0031415913616617782,0.0049476015219312025,9.869596283667927e-06
517,0,0,517,0.0031415913616617787,0.004931324982057672,9.869596283668061e-06
518,0,0,518,0.0031415913616618034,0.00607539495357462,9.869596283668068e-06
519,0,1,519,0.0031415913616617743,0.004272742682567308,9.869596283667875e-06
520,0,1,520,0.003141591361661834,0.0052944728743969105,9.86959628366826e-06
521,0,0,521,0.003141591361661863,0.0058306203390011135,9.869596283668439e-06
522,0,1,522,0.003141591361661826,0.005304985836526194,9.869596283668168e-06
523,0,1,523,0.0031415913616617175,0.005057645283467249,9.869596283667526e-06
524,0,1,524,0.003141591361661539,0.005167087306571505,9.869596283666401e-06
525,0,1,525,0.003141591361661739,0.0048061654964991485,9.869596283667658e-06
526,0,1,526,0.0031415913616617604,0.004481941150493019,9.869596283667782e-06
527,0,0,527,0.0031415913616617305,0.005500964729496988,9.869596283667607e-06
528,0,0,528,0.0031415913616618545,0.005852243536627555,9.869596283668417e-06
529,0,0,529,0.0031415913616618264,0.005381441213648114,9.869596283668207e-06
530,0,1,530,0.003141591361661572,0.006012543767454859,9.869596283666601e-06
531,0,0,531,0.0031415913616618146,0.005346631315493955,9.86959628366829e-06
532,0,1,532,0.003141591361661746,0.005460009280169126,9.869596283667704e-06
533,0,1,533,0.0031415913616616073,0.005803047455660654,9.869596283666804e-06
534,0,0,534,0.003141591361661803,0.004285177500820277,9.869596283668051e-06
535,0,0,535,0.0031415913616619057,0.005918489982067232,9.869596283668705e-06
536,0,1,536,0.0031415913616617405,0.005843016932907064,9.8695962836678e-06
537,0,0,537,0.0031415913616617804,0.004458083560625461,9.86959628366792e-06
538,0,0,538,0.003141591361661555,0.00409917895295896,9.869596283666515e-06
539,0,0,539,0.003141591361661552,0.004526514751944266,9.869596283666638e-06
540,0,0,540,0.0031415913616615683,0.0044989377475305025,9.869596283666587e-06
541,0,1,541,0.0031415913616618415,0.00578505932713555,9.869596283668256e-06
542,0,0,542,0.0031415913616615293,0.0059131554893316896,9.869596283666313e-06
543,0,1,543,0.0031415913616615714,0.004397195102971111,9.869596283666543e-06
544,0,1,544,0.0031415913616617613,0.005629852980092331,9.869596283667958e-06
545,0,1,545,0.003141591361661793,0.0055694210256079235,9.869596283667999e-06
546,0,0,546,0.0031415913616616364,0.005810736079281675,9.869596283667018e-06
547,0,1,547,0.0031415913616618277,0.004496324778794353,9.86959628366822e-06
548,0,1,548,0.0031415913616616004,0.0054582723937459665,9.869596283666726e-06
549,0,1,549,0.0031415913616617405,0.0043109842278974755,9.869596283667799e-06
550,0,1,550,0.0031415913616618034,0.004594048200077021,9.869596283668082e-06
551,0,0,551,0.003141591361661801,0.005707338705794873,9.869596283668051e-06
552,0,0,552,0.0031415913616616264,0.004844615666417557,9.869596283666952e-06
553,0,0,553,0.0031415913616616334,0.006217339366639152,9.869596283666996e-06
554,0,0,554,0.003141591361661777,0.004343910599606166,9.869596283667919e-06
555,0,0,555,0.003141591361661748,0.0037968466171885307,9.869596283667724e-06
556,0,0,556,0.0031415913616615683,0.004856984984556778,9.869596283666576e-06
557,0,1,557,0.003141591361661595,0.005598958558292011,9.86959628366689e-06
558,0,1,558,0.0031415913616618433,0.0044987240796945955,9.86959628366831e-06
559,0,0,559,0.0031415913616617223,0.005975428392178683,9.869596283667555e-06
560,0,0,560,0.0031415913616615926,0.004738849422481664,9.86959628366684e-06
561,0,1,561,0.003141591361661738,0.004283871784468554,9.86959628366765e-06
562,0,1,562,0.0031415913616615913,0.004850372634202932,9.869596283666731e-06
563,0,0,563,0.003141591361661613,0.004750364647591057,9.869596283666838e-06
564,0,1,564,0.0031415913616617973,0.004461707348273071,9.869596283668026e-06
565,0,1,565,0.0031415913616617574,0.006004681053529581,9.86959628366777e-06
566,0,1,566,0.003141591361661798,0.005987026753763336,9.869596283668036e-06
567,0,1,567,0.003141591361661788,0.005448018654241077,9.86959628366797e-06
568,0,1,568,0.0031415913616615566,0.003546182172570827,9.869596283666518e-06
569,0,0,569,0.003141591361661785,0.006191646122388872,9.869596283667995e-06
570,0,1,570,0.003141591361661776,0.005172089306477695,9.869596283667999e-06
571,0,0,571,0.0031415913616618875,0.005382963237977434,9.869596283668568e-06
572,0,0,572,0.0031415913616617535,0.004352681290075752,9.869596283667745e-06
573,0,1,573,0.0031415913616618034,0.004730499128998138,9.869596283668019e-06
574,0,1,574,0.003141591361661748,0.004692496957117057,9.869596283667934e-06
575,0,1,575,0.0031415913616616286,0.005630187963666683,9.869596283666964e-06
576,0,1,576,0.003141591361661493,0.005582209775485736,9.869596283666106e-06
577,0,0,577,0.0031415913616615653,0.004940278618463592,9.86959628366657e-06
578,0,0,578,0.003141591361661778,0.004756671710999152,9.869596283667931e-06
579,0,1,579,0.003141591361661578,0.005533719644966739,9.869596283666645e-06
580,0,0,580,0.0031415913616617826,0.004514324604747707,9.869596283668063e-06
581,0,1,581,0.0031415913616617977,0.004798752044371232,9.86959628366803e-06
582,0,0,582,0.0031415913616615666,0.005158559599278925,9.869596283666576e-06
583,0,0,583,0.003141591361661767,0.0055403751351822406,9.869596283667834e-06
584,0,0,584,0.003141591361661789,0.0034417294185360723,9.869596283667944e-06
585,0,0,585,0.003141591361661592,0.006056719519111742,9.869596283666884e-06
586,0,0,586,0.0031415913616616724,0.004819797023360578,9.869596283667226e-06
587,0,0,587,0.0031415913616618025,0.004473543433229957,9.869596283668058e-06
588,0,1,588,0.003141591361661557,0.00473248157966405,9.869596283666477e-06
589,0,1,589,0.0031415913616615705,0.003851994313617774,9.869596283666686e-06
590,0,1,590,0.00314159136166162,0.005148587490169804,9.869596283666945e-06
591,0,0,591,0.003141591361661689,0.0055793020473629,9.869596283667413e-06
592,0,1,592,0.003141591361661832,0.0050131389476739535,9.86959628366823e-06
593,0,1,593,0.0031415913616615588,0.0035268621678094126,9.869596283666527e-06
594,0,1,594,0.0031415913616617826,0.004635226223304319,9.869596283668066e-06
595,0,1,595,0.003141591361661575,0.005518778376718103,9.869596283666621e-06
596,0,0,596,0.0031415913616617843,0.00426336735049377,9.869596283667963e-06
597,0,1,597,0.00314159136166162,0.0046466804186348215,9.869596283666903e-06
598,0,0,598,0.003141591361661513,0.004699845125864008,9.869596283666196e-06
599,0,0,599,0.0031415913616618294,0.006107152049599329,9.869596283668222e-06
600,0,0,600,0.0031415913616618047,0.005356223980064023,9.869596283668161e-06
601,0,0,601,0.0031415913616618025,0.004994280637007242,9.869596283668061e-06
602,0,0,602,0.003141591361661776,0.0046868025980161265,9.869596283667894e-06
603,0,0,603,0.0031415913616618303,0.0050574812749375475,9.869596283668229e-06
604,0,1,604,0.003141591361661694,0.006189533279159276,9.869596283667365e-06
605,0,0,605,0.0031415913616615622,0.005561475826989598,9.869596283666564e-06
606,0,1,606,0.0031415913616616633,0.0062399117671748106,9.869596283667174e-06
607,0,1,607,0.00314159136166155,0.0060773133175208716,9.86959628366655e-06
608,0,1,608,0.0031415913616617843,0.0035617086310698962,9.869596283667951e-06
609,0,1,609,0.0031415913616617552,0.0052739372822712405,9.86959628366779e-06
610,0,0,610,0.003141591361661769,0.00449377747622429,9.869596283667938e-06
611,0,1,611,0.003141591361661749,0.004067693362891884,9.86959628366767e-06
612,0,0,612,0.0031415913616617787,0.00545242642786356,9.869596283667987e-06
613,0,1,613,0.003141591361661751,0.005462003864476456,9.86959628366785e-06
614,0,0,614,0.0031415913616618055,0.005554999058627608,9.869596283668068e-06
615,0,0,615,0.003141591361661625,0.006013435202188555,9.869596283666948e-06
616,0,0,616,0.003141591361661877,0.005802739474924379,9.86959628366852e-06
617,0,0,617,0.003141591361661535,0.0051111460546602455,9.86959628366638e-06
618,0,1,618,0.0031415913616617613,0.004746000474227276,9.86959628366777e-06
619,0,1,619,0.003141591361661785,0.004573838774085605,9.86959628366793e-06
620,0,0,620,0.003141591361661852,0.005512469718202795,9.869596283668366e-06
621,0,1,621,0.0031415913616617804,0.004467755291574574,9.86959628366803e-06
622,0,1,622,0.0031415913616618368,0.005642098681637259,9.869596283668224e-06
623,0,1,623,0.003141591361661805,0.005162145314983421,9.869596283668068e-06
624,0,1,624,0.0031415913616617574,0.0041657562712697355,9.869596283667765e-06
625,0,1,625,0.003141591361661529,0.0062348562952350695,9.869596283666344e-06
626,0,1,626,0.003141591361661598,0.003699748325332964,9.869596283666764e-06
627,0,0,627,0.003141591361661794,0.003780255926403201,9.869596283668002e-06
628,0,0,628,0.003141591361661594,0.004234159641487552,9.869596283666748e-06
629,0,1,629,0.0031415913616617977,0.004294843468874335,9.869596283668012e-06
630,0,1,630,0.00314159136166182,0.004425526038985446,9.869596283668082e-06
631,0,0,631,0.003141591361661755,0.003941285108765954,9.869596283667755e-06
632,0,1,632,0.003141591361661869,0.005445824734870902,9.869596283668475e-06
633,0,0,633,0.003141591361661787,0.005431977945199534,9.86959628366796e-06
634,0,1,634,0.0031415913616618437,0.00625721860497519,9.869596283668317e-06
635,0,1,635,0.0031415913616617665,0.005202875966977091,9.86959628366799e-06
636,0,1,636,0.0031415913616617726,0.006173762744383693,9.86959628366787e-06
637,0,1,637,0.0031415913616615774,0.005642997978958536,9.869596283666637e-06
638,0,0,638,0.0031415913616617596,0.003929056773961937,9.869596283667785e-06
639,0,1,639,0.003141591361661568,0.005872522491075838,9.86959628366658e-06
640,0,0,640,0.0031415913616615414,0.0047829457952393364,9.86959628366642e-06
641,0,0,641,0.003141591361661512,0.0056921932250057206,9.869596283666393e-06
642,0,0,642,0.0031415913616618324,0.005250017602945772,9.869596283668248e-06
643,0,0,643,0.003141591361661625,0.005973863075706076,9.869596283666943e-06
644,0,0,644,0.0031415913616618723,0.005107682883317255,9.869596283668473e-06
645,0,1,645,0.0031415913616617843,0.004648443617648448,9.86959628366807e-06
646,0,1,646,0.003141591361661462,0.0061196289926188085,9.869596283665905e-06
647,0,1,647,0.0031415913616615683,0.0040314759245718805,9.86959628366656e-06
648,0,0,648,0.0031415913616618493,0.0053678695718420155,9.869596283668353e-06
649,0,1,649,0.0031415913616618034,0.004777282802201438,9.869596283668077e-06
650,0,0,650,0.003141591361661829,0.00591913033109126,9.869596283668334e-06
651,0,0,651,0.003141591361661788,0.004851500349136187,9.869596283668005e-06
652,0,1,652,0.00314159136166183,0.005763252844926736,9.869596283668217e-06
653,0,1,653,0.0031415913616616993,0.00550696984738655,9.869596283667321e-06
654,0,0,654,0.0031415913616616073,0.004825919517480182,9.869596283666801e-06
655,0,0,655,0.003141591361661708,0.005679602750617324,9.869596283667585e-06
656,0,0,656,0.003141591361661912,0.005722816988710605,9.86959628366874e-06
657,0,0,657,0.003141591361661566,0.0054983004070308095,9.869596283666543e-06
658,0,1,658,0.0031415913616618693,0.00535998794919515,9.869596283668493e-06
659,0,0,659,0.003141591361661777,0.00518682010631244,9.869596283667822e-06
660,0,0,660,0.0031415913616615262,0.004042703649478882,9.869596283666323e-06
661,0,0,661,0.0031415913616615818,0.005975980654059132,9.86959628366667e-06
662,0,1,662,0.003141591361661801,0.006266449922448625,9.869596283668182e-06
663,0,1,663,0.0031415913616617583,0.003801082660770073,9.869596283667904e-06
664,0,1,664,0.0031415913616614916,0.006079571916117854,9.869596283666052e-06
665,0,0,665,0.003141591361661813,0.005845396191425545,9.869596283668104e-06
666,0,0,666,0.0031415913616616976,0.0057535870495366015,9.869596283667396e-06
667,0,0,667,0.0031415913616617843,0.0057285132249453585,9.86959628366794e-06
668,0,0,668,0.0031415913616617487,0.004377408618485734,9.869596283667828e-06
669,0,1,669,0.003141591361661783,0.006131794474748042,9.869596283667936e-06
670,0,1,670,0.0031415913616616603,0.005389411087621643,9.869596283667155e-06
671,0,0,671,0.0031415913616618966,0.004762435669924264,9.869596283668624e-06
672,0,1,672,0.0031415913616615245,0.005040749152424015,9.869596283666305e-06
673,0,1,673,0.0031415913616617574,0.005952633977044042,9.869596283667809e-06
674,0,1,674,0.0031415913616618866,0.005475001385527922,9.869596283668586e-06
675,0,0,675,0.0031415913616616117,0.0056558037023188845,9.869596283666974e-06
676,0,0,676,0.00314159136166149,0.004794726482665344,9.869596283666095e-06
677,0,0,677,0.0031415913616617574,0.003504495656348197,9.869596283667765e-06
678,0,1,678,0.0031415913616617843,0.00456808282048516,9.86959628366811e-06
679,0,0,679,0.0031415913616618034,0.005793993622566301,9.869596283668122e-06
680,0,1,680,0.0031415913616617843,0.0034720966097334335,9.869596283667944e-06
681,0,0,681,0.003141591361661575,0.004812225884843868,9.869596283666623e-06
682,0,1,682,0.0031415913616615722,0.005512101471977338,9.869596283666615e-06
683,0,0,683,0.003141591361661572,0.004511428742805773,9.869596283666545e-06
684,0,1,684,0.003141591361661778,0.004444152485068124,9.869596283667899e-06
685,0,0,685,0.0031415913616618454,0.006096082379132284,9.869596283668426e-06
686,0,0,686,0.0031415913616617635,0.004438159575062987,9.869596283667941e-06
687,0,0,687,0.003141591361661845,0.0042930750185160085,9.86959628366832e-06
688,0,1,688,0.003141591361661738,0.004646030064601965,9.869596283667651e-06
689,0,0,689,0.003141591361661828,0.005513590088200321,9.869596283668305e-06
690,0,0,690,0.0031415913616617496,0.0041339286583024805,9.869596283667726e-06
691,0,1,691,0.0031415913616618047,0.005248352675369272,9.869596283668073e-06
692,0,0,692,0.003141591361661748,0.0055130368809482855,9.869596283667914e-06
693,0,1,693,0.0031415913616617327,0.005806247754255867,9.869596283667617e-06
694,0,0,694,0.003141591361661657,0.006271291500894616,9.86959628366714e-06
695,0,0,695,0.0031415913616618307,0.004485876066115623,9.86959628366824e-06
696,0,1,696,0.0031415913616616147,0.004466382616196541,9.869596283666879e-06
697,0,0,697,0.003141591361661483,0.005980423757851017,9.86959628366605e-06
698,0,1,698,0.0031415913616617804,0.005868417214243249,9.869596283668075e-06
699,0,1,699,0.003141591361661748,0.006152206247008851,9.869596283667838e-06
700,0,1,700,0.0031415913616615635,0.0035668356733375723,9.86959628366654e-06
701,0,0,701,0.0031415913616615622,0.006252917709441086,9.86959628366665e-06
702,0,1,702,0.003141591361661794,0.0038868658707682385,9.869596283668009e-06
703,0,0,703,0.0031415913616618216,0.004752143308278292,9.869596283668177e-06
704,0,0,704,0.0031415913616615262,0.004752591807085975,9.869596283666323e-06
705,0,1,705,0.0031415913616618923,0.004985647228272355,9.869596283668617e-06
706,0,1,706,0.003141591361661749,0.004726028021364147,9.86959628366772e-06
707,0,1,707,0.003141591361661784,0.004505091571757967,9.869596283668053e-06
708,0,0,708,0.003141591361661854,0.004121712832552492,9.869596283668385e-06
709,0,1,709,0.0031415913616617583,0.0057255749638653874,9.86959628366775e-06
710,0,0,710,0.003141591361661555,0.005620246154701719,9.869596283666689e-06
711,0,0,711,0.003141591361661854,0.005742944463442118,9.869596283668378e-06
712,0,0,712,0.0031415913616615167,0.0057486395541448965,9.869596283666237e-06
713,0,1,713,0.0031415913616617457,0.005882535529624033,9.869596283667699e-06
714,0,1,714,0.0031415913616617743,0.004473979525578398,9.869596283667983e-06
715,0,0,715,0.0031415913616615943,0.005441380473922425,9.869596283666774e-06
716,0,0,716,0.0031415913616617804,0.005127410175488942,9.869596283668126e-06
717,0,1,717,0.0031415913616618485,0.004702389885105483,9.869596283668348e-06
718,0,1,718,0.003141591361661792,0.005459801559569655,9.869596283667997e-06
719,0,1,719,0.003141591361661816,0.005595404771769091,9.869596283668144e-06
720,0,0,720,0.0031415913616615262,0.004707868773081859,9.869596283666306e-06
721,0,0,721,0.0031415913616617544,0.0046197966501711415,9.869596283667958e-06
722,0,1,722,0.0031415913616618584,0.005330927784480632,9.86959628366841e-06
723,0,0,723,0.003141591361661844,0.005251368603285345,9.869596283668314e-06
724,0,1,724,0.003141591361661794,0.005092848324740273,9.869596283668187e-06
725,0,0,725,0.003141591361661623,0.004701397416954349,9.869596283666903e-06
726,0,0,726,0.0031415913616617865,0.004004985236305268,9.869596283667941e-06
727,0,0,727,0.0031415913616617756,0.00485991055156175,9.869596283668066e-06
728,0,0,728,0.003141591361661499,0.004593283989987949,9.869596283666137e-06
729,0,1,729,0.003141591361661723,0.005894575690890191,9.869596283667546e-06
730,0,0,730,0.0031415913616617574,0.005152804329207755,9.869596283667773e-06
731,0,0,731,0.003141591361661757,0.005219976337171972,9.86959628366777e-06
732,0,0,732,0.003141591361661788,0.004034278292439294,9.869596283667968e-06
733,0,0,733,0.0031415913616615657,0.005178362621577712,9.869596283666684e-06
734,0,1,734,0.0031415913616617513,0.005055479549245956,9.869596283667733e-06
735,0,1,735,0.003141591361661761,0.004206713592314303,9.869596283667795e-06
736,0,0,736,0.0031415913616615796,0.00592408464134031,9.869596283666774e-06
737,0,1,737,0.0031415913616617964,0.0046583095193473145,9.869596283668043e-06
738,0,0,738,0.0031415913616615397,0.005817580540361689,9.86959628366637e-06
739,0,0,739,0.003141591361661797,0.004665262759009595,9.869596283668014e-06
740,0,0,740,0.0031415913616616963,0.005048782846556202,9.869596283667399e-06
741,0,0,741,0.003141591361661825,0.006007272903011451,9.869596283668205e-06
742,0,0,742,0.0031415913616614495,0.0044829965268810695,9.869596283665842e-06
743,0,1,743,0.0031415913616617682,0.005246291224396377,9.86959628366799e-06
744,0,0,744,0.003141591361661788,0.005934259550566479,9.869596283667966e-06
745,0,0,745,0.003141591361661854,0.005669534750155164,9.869596283668383e-06
746,0,0,746,0.003141591361661795,0.004711759668817671,9.869596283668007e-06
747,0,0,747,0.0031415913616618233,0.0044914519269194444,9.869596283668187e-06
748,0,1,748,0.0031415913616617947,0.003605563618822587,9.86959628366803e-06
749,0,0,749,0.0031415913616615696,0.0034404037670491463,9.869596283666601e-06
750,0,1,750,0.003141591361661813,0.005231861388503289,9.869596283668202e-06
751,0,0,751,0.0031415913616618225,0.005322957594131983,9.869596283668188e-06
752,0,1,752,0.0031415913616617934,0.005837826851608552,9.869596283667999e-06
753,0,0,753,0.0031415913616615874,0.006046135163906119,9.869596283666847e-06
754,0,0,754,0.0031415913616617956,0.005663780548138597,9.869596283668014e-06
755,0,1,755,0.003141591361661794,0.005080668910974709,9.869596283668002e-06
756,0,1,756,0.0031415913616615696,0.0046742128700473715,9.869596283666596e-06
757,0,1,757,0.003141591361661598,0.0058629501640188875,9.869596283666745e-06
758,0,0,758,0.003141591361661568,0.004149544820497807,9.869596283666582e-06
759,0,0,759,0.003141591361661769,0.004337753691925093,9.86959628366794e-06
760,0,1,760,0.0031415913616618016,0.004177383905691539,9.869596283668078e-06
761,0,1,761,0.0031415913616618654,0.005348861704172259,9.869596283668454e-06
762,0,1,762,0.0031415913616618016,0.005356550556901957,9.86959628366805e-06
763,0,1,763,0.003141591361661811,0.0043583659094696,9.869596283668109e-06
764,0,0,764,0.003141591361661803,0.004641667978614851,9.869596283668063e-06
765,0,0,765,0.0031415913616618715,0.004945306506038236,9.869596283668488e-06
766,0,0,766,0.003141591361661602,0.005979359996994282,9.869596283666792e-06
767,0,0,767,0.0031415913616617604,0.005461124125351324,9.869596283667933e-06
768,0,0,768,0.00314159136166187,0.004710665303983161,9.869596283668485e-06
769,0,1,769,0.003141591361661461,0.0055173879374167956,9.869596283665895e-06
770,0,1,770,0.003141591361661784,0.004493503738050776,9.86959628366794e-06
771,0,1,771,0.0031415913616617795,0.0049025139901805875,9.86959628366791e-06
772,0,1,772,0.0031415913616618363,0.005636810884060761,9.869596283668273e-06
773,0,0,773,0.0031415913616617518,0.005466349363205447,9.869596283667738e-06
774,0,0,774,0.0031415913616616017,0.004643749735352219,9.869596283666798e-06
775,0,1,775,0.00314159136166175,0.004498521231276274,9.869596283667867e-06
776,0,1,776,0.0031415913616615367,0.004472801852544485,9.869596283666384e-06
777,0,0,777,0.0031415913616617856,0.0037054581905589853,9.86959628366801e-06
778,0,0,778,0.0031415913616616364,0.0048909302092022405,9.86959628366701e-06
779,0,0,779,0.0031415913616618676,0.005448937392232817,9.869596283668651e-06
780,0,1,780,0.003141591361661467,0.005043496699033007,9.869596283665918e-06
781,0,1,781,0.0031415913616617873,0.006020576590902771,9.869596283668e-06
782,0,1,782,0.003141591361661834,0.006141726981838569,9.869596283668397e-06
783,0,0,783,0.0031415913616615727,0.006178683731518475,9.869596283666616e-06
784,0,1,784,0.0031415913616615874,0.005982396479547403,9.869596283666706e-06
785,0,0,785,0.0031415913616615067,0.005393156335178811,9.869596283666201e-06
786,0,1,786,0.0031415913616617596,0.005425816082025303,9.869596283667787e-06
787,0,0,787,0.0031415913616615544,0.005704425830089566,9.869596283666421e-06
788,0,1,788,0.0031415913616616676,0.006064421812373599,9.86959628366721e-06
789,0,1,789,0.0031415913616615544,0.00622620789809486,9.86959628366662e-06
790,0,1,790,0.0031415913616615527,0.003959532011005261,9.869596283666477e-06
791,0,1,791,0.003141591361661814,0.00508905880992408,9.869596283668134e-06
792,0,1,792,0.003141591361661784,0.004308219617553967,9.869596283667946e-06
793,0,1,793,0.0031415913616617288,0.004891389915552491,9.869596283667572e-06
794,0,0,794,0.003141591361661515,0.004742475060302065,9.869596283666244e-06
795,0,1,795,0.00314159136166182,0.005158768509253175,9.869596283668166e-06
796,0,1,796,0.0031415913616618723,0.0050541319709319354,9.869596283668422e-06
797,0,1,797,0.0031415913616618303,0.004748008975769852,9.869596283668232e-06
798,0,0,798,0.0031415913616615583,0.004316640043754719,9.869596283666655e-06
799,0,1,799,0.003141591361661789,0.004784561429556314,9.869596283667973e-06
800,0,1,800,0.0031415913616619122,0.00552996490777749,9.869596283668749e-06
801,0,0,801,0.0031415913616618186,0.0043970830775233935,9.86959628366816e-06
802,0,0,802,0.0031415913616615397,0.00590280809227256,9.869596283666547e-06
803,0,0,803,0.0031415913616618706,0.006099564243563782,9.869596283668487e-06
804,0,1,804,0.0031415913616616004,0.005156724362543413,9.86959628366678e-06
805,0,0,805,0.003141591361661555,0.0054757487655559545,9.8695962836665e-06
806,0,1,806,0.0031415913616618125,0.005181234517097608,9.869596283668119e-06
807,0,1,807,0.0031415913616618155,0.005077069698476294,9.869596283668097e-06
808,0,1,808,0.0031415913616617787,0.004083613195580874,9.869596283667978e-06
809,0,0,809,0.003141591361661817,0.004523341280058945,9.869596283668151e-06
810,0,0,810,0.003141591361661564,0.006239780504544212,9.869596283666562e-06
811,0,0,811,0.0031415913616617947,0.005593963852931927,9.869596283668204e-06
812,0,0,812,0.0031415913616616364,0.006189981921633447,9.869596283667011e-06
813,0,0,813,0.0031415913616618086,0.003997157206565889,9.8695962836681e-06
814,0,1,814,0.003141591361661824,0.005166792194624417,9.869596283668368e-06
815,0,1,815,0.0031415913616615596,0.003540304815978017,9.869596283666532e-06
816,0,0,816,0.003141591361661771,0.004739886011577411,9.869596283667817e-06
817,0,1,817,0.003141591361661452,0.006188181931578607,9.869596283665808e-06
818,0,0,818,0.0031415913616616837,0.0056945058174117935,9.869596283667316e-06
819,0,0,819,0.0031415913616616373,0.005803255468325025,9.869596283667023e-06
820,0,1,820,0.003141591361661547,0.0041682112063650715,9.869596283666454e-06
821,0,1,821,0.003141591361661841,0.005533188691039637,9.8695962836683e-06
822,0,0,822,0.0031415913616617635,0.003508333891159488,9.869596283667809e-06
823,0,1,823,0.0031415913616617244,0.004305916746801038,9.869596283667565e-06
824,0,1,824,0.0031415913616617804,0.00502788451436878,9.869596283667917e-06
825,0,0,825,0.003141591361661591,0.0052363198710549674,9.869596283666759e-06
826,0,1,826,0.0031415913616618446,0.005986085296996069,9.869596283668356e-06
827,0,0,827,0.0031415913616614785,0.004683129092697198,9.86959628366602e-06
828,0,1,828,0.0031415913616615492,0.005874980796368334,9.869596283666584e-06
829,0,1,829,0.003141591361661528,0.00614683222498541,9.869596283666455e-06
830,0,1,830,0.003141591361661568,0.004412870128033774,9.869596283666584e-06
831,0,0,831,0.003141591361661771,0.004064923253277917,9.869596283667858e-06
832,0,0,832,0.0031415913616615935,0.004488515301555387,9.86959628366672e-06
833,0,1,833,0.003141591361661747,0.005683810513680415,9.869596283667785e-06
834,0,0,834,0.003141591361661549,0.005422426524973933,9.869596283666435e-06
835,0,1,835,0.0031415913616618233,0.004754771693674206,9.869596283668188e-06
836,0,0,836,0.003141591361661738,0.005747882995409265,9.869596283667653e-06
837,0,1,837,0.0031415913616617843,0.003662157448491257,9.869596283667946e-06
838,0,0,838,0.0031415913616617596,0.0032313365488248562,9.869596283667785e-06
839,0,0,839,0.003141591361661592,0.005088990408736213,9.869596283666735e-06
840,0,0,840,0.00314159136166158,0.003727015664814639,9.86959628366666e-06
841,0,0,841,0.0031415913616617513,0.005871872270343137,9.869596283667948e-06
842,0,1,842,0.003141591361661539,0.005144073400245058,9.869596283666396e-06
843,0,1,843,0.003141591361661691,0.005966047940811847,9.869596283667358e-06
844,0,1,844,0.0031415913616616837,0.00504256530709811,9.869596283667307e-06
845,0,1,845,0.0031415913616619404,0.0045710720164036205,9.869596283668925e-06
846,0,0,846,0.0031415913616615427,0.0042977030651245775,9.869596283666423e-06
847,0,1,847,0.0031415913616617986,0.004425153103396556,9.869596283668114e-06
848,0,0,848,0.003141591361661761,0.004834700486637852,9.869596283667926e-06
849,0,0,849,0.0031415913616618186,0.005028778439558679,9.869596283668158e-06
850,0,1,850,0.0031415913616618107,0.0050093011707941365,9.869596283668126e-06
851,0,0,851,0.0031415913616617956,0.004533788841572996,9.869596283667963e-06
852,0,1,852,0.0031415913616616086,0.005328762590306957,9.86959628366684e-06
853,0,0,853,0.0031415913616618186,0.006032186025721864,9.869596283668276e-06
854,0,1,854,0.003141591361661848,0.0049178682979002936,9.869596283668341e-06
855,0,0,855,0.0031415913616618988,0.0061042177142905385,9.869596283668661e-06
856,0,1,856,0.0031415913616617635,0.0038940008026925148,9.869596283667822e-06
857,0,1,857,0.0031415913616617756,0.005288405820259412,9.869596283667946e-06
858,0,1,858,0.0031415913616617843,0.00511562632453709,9.869596283668073e-06
859,0,0,859,0.00314159136166156,0.004981576094272661,9.869596283666537e-06
860,0,1,860,0.0031415913616615883,0.006038360242538343,9.869596283666745e-06
861,0,0,861,0.003141591361661844,0.006238354567812243,9.869596283668314e-06
862,0,1,862,0.0031415913616616277,0.00580478997138123,9.869596283666964e-06
863,0,0,863,0.0031415913616617114,0.006189357746766655,9.869596283667614e-06
864,0,0,864,0.0031415913616615054,0.005666317393728804,9.869596283666188e-06
865,0,1,865,0.003141591361661827,0.005246482323835261,9.869596283668205e-06
866,0,1,866,0.003141591361661543,0.005795720724423581,9.869596283666562e-06
867,0,1,867,0.0031415913616618355,0.00503267640483164,9.869596283668268e-06
868,0,1,868,0.0031415913616615857,0.004428760724241105,9.869596283666742e-06
869,0,0,869,0.0031415913616618164,0.004694841620118476,9.869596283668146e-06
870,0,0,870,0.0031415913616616195,0.00460151439406967,9.869596283666911e-06
871,0,0,871,0.0031415913616615683,0.00459052889605515,9.8695962836666e-06
872,0,1,872,0.0031415913616615887,0.004907149148273948,9.869596283666743e-06
873,0,0,873,0.003141591361661561,0.006243483545700146,9.869596283666633e-06
874,0,0,874,0.0031415913616617817,0.004604914765548997,9.869596283668127e-06
875,0,0,875,0.0031415913616615197,0.004916530471472932,9.869596283666284e-06
876,0,1,876,0.003141591361661866,0.006039920419028677,9.869596283668495e-06
877,0,1,877,0.0031415913616617353,0.004162139942920237,9.869596283667634e-06
878,0,1,878,0.003141591361661809,0.004941462272809713,9.869596283668102e-06
879,0,1,879,0.0031415913616617787,0.006264060557375328,9.869596283667875e-06
880,0,1,880,0.00314159136166178,0.0038552069367086914,9.869596283667912e-06
881,0,0,881,0.003141591361661596,0.004695577293632229,9.86959628366676e-06
882,0,0,882,0.003141591361661459,0.006034516053850469,9.869596283665898e-06
883,0,1,883,0.003141591361661624,0.006152336644266676,9.869596283666938e-06
884,0,0,884,0.0031415913616615393,0.0055466957058910304,9.869596283666393e-06
885,0,1,885,0.003141591361661557,0.004179456995625538,9.869596283666511e-06
886,0,1,886,0.0031415913616617596,0.004734000382372053,9.869596283667789e-06
887,0,0,887,0.003141591361661772,0.004717027525475204,9.86959628366793e-06
888,0,1,888,0.003141591361661818,0.005850656782208141,9.869596283668353e-06
889,0,1,889,0.0031415913616617747,0.003911824362101636,9.869596283667883e-06
890,0,1,890,0.003141591361661665,0.0049671694797546045,9.869596283667189e-06
891,0,0,891,0.003141591361661828,0.005672578711539089,9.869596283668219e-06
892,0,1,892,0.003141591361661814,0.005668824224528413,9.869596283668119e-06
893,0,0,893,0.003141591361661556,0.0055298334456955756,9.86959628366647e-06
894,0,0,894,0.0031415913616618164,0.005134668420607405,9.86959628366829e-06
895,0,1,895,0.003141591361661596,0.006145951811943329,9.86959628366676e-06
896,0,0,896,0.0031415913616618194,0.005744012579436075,9.869596283668163e-06
897,0,1,897,0.0031415913616616047,0.005100455629979336,9.869596283666816e-06
898,0,1,898,0.0031415913616617895,0.005460861472629974,9.869596283667973e-06
899,0,1,899,0.0031415913616617977,0.005413070291506089,9.869596283668024e-06
900,0,0,900,0.00314159136166177,0.005016137168601956,9.869596283667868e-06
901,0,0,901,0.0031415913616615393,0.004485191757658186,9.86959628366639e-06
902,0,1,902,0.0031415913616616824,0.005977137254859488,9.869596283667302e-06
903,0,1,903,0.0031415913616617756,0.004474924073860319,9.869596283667917e-06
904,0,0,904,0.0031415913616617583,0.005925920509046001,9.86959628366778e-06
905,0,0,905,0.003141591361661849,0.004854646753145744,9.869596283668351e-06
906,0,1,906,0.0031415913616617335,0.006008868144307289,9.869596283667568e-06
907,0,0,907,0.003141591361661808,0.006222151609584836,9.869596283668254e-06
908,0,0,908,0.0031415913616616963,0.0061253960201105295,9.869596283667531e-06
909,0,0,909,0.0031415913616617878,0.004168510289227479,9.86959628366799e-06
910,0,0,910,0.0031415913616617787,0.0036701040837759905,9.869596283667904e-06
911,0,0,911,0.0031415913616615046,0.0055003365935150095,9.869596283666184e-06
912,0,0,912,0.00314159136166173,0.0045228598847561145,9.8695962836676e-06
913,0,1,913,0.0031415913616618897,0.006098455666427194,9.869596283668607e-06
914,0,1,914,0.0031415913616617843,0.004465667501521618,9.869596283667946e-06
915,0,0,915,0.003141591361661828,0.005515354169262715,9.869596283668371e-06
916,0,0,916,0.00314159136166156,0.0037542068424398544,9.869596283666743e-06
917,0,1,917,0.0031415913616617704,0.00521835263067888,9.869596283667855e-06
918,0,0,918,0.003141591361661788,0.0044144641161470086,9.869596283668078e-06
919,0,1,919,0.0031415913616617856,0.0062054220693665285,9.86959628366792e-06
920,0,1,920,0.003141591361661799,0.004433289203086131,9.869596283668134e-06
921,0,0,921,0.0031415913616617856,0.00553182265805649,9.869596283667965e-06
922,0,0,922,0.003141591361661805,0.0045507914935795715,9.869596283668078e-06
923,0,1,923,0.003141591361661834,0.006281090485104668,9.869596283668461e-06
924,0,0,924,0.003141591361661574,0.0056352397869222914,9.869596283666623e-06
925,0,0,925,0.0031415913616618736,0.006233728369717362,9.869596283668502e-06
926,0,1,926,0.0031415913616617995,0.004937524272454211,9.869596283668041e-06
927,0,0,927,0.003141591361661843,0.006232430699428748,9.86959628366838e-06
928,0,0,928,0.003141591361661578,0.004713352923034118,9.869596283666772e-06
929,0,1,929,0.0031415913616618034,0.004158692330656466,9.869596283668075e-06
930,0,1,930,0.0031415913616615453,0.00592685048951247,9.86959628366644e-06
931,0,1,931,0.0031415913616618454,0.005600143773971861,9.869596283668453e-06
932,0,1,932,0.0031415913616617596,0.0038921550967680515,9.869596283667955e-06
933,0,0,933,0.003141591361661857,0.005208293041670309,9.869596283668404e-06
934,0,1,934,0.0031415913616615475,0.004833306994769623,9.869596283666457e-06
935,0,1,935,0.003141591361661852,0.004973897227327231,9.869596283668363e-06
936,0,0,936,0.0031415913616618307,0.004365147158765629,9.869596283668234e-06
937,0,1,937,0.0031415913616617843,0.004212491456607714,9.869596283668075e-06
938,0,0,938,0.0031415913616618047,0.005466141493898513,9.86959628366805e-06
939,0,0,939,0.003141591361661747,0.00546645672178786,9.869596283667863e-06
940,0,0,940,0.003141591361661602,0.005051109288876976,9.8695962836668e-06
941,0,0,941,0.0031415913616617912,0.004196068163417346,9.869596283668046e-06
942,0,0,942,0.0031415913616615644,0.005098781870670324,9.86959628366672e-06
943,0,0,943,0.0031415913616617435,0.00450617997832475,9.869596283667684e-06
944,0,1,944,0.0031415913616617917,0.004341287588134249,9.869596283667982e-06
945,0,0,945,0.0031415913616618042,0.004665105184122283,9.869596283668058e-06
946,0,0,946,0.003141591361661761,0.004596309737989954,9.869596283667994e-06
947,0,0,947,0.0031415913616618073,0.00485613199206604,9.86959628366812e-06
948,0,1,948,0.0031415913616615622,0.003486577621181669,9.869596283666549e-06
949,0,1,949,0.0031415913616615544,0.005794095745355471,9.869596283666501e-06
950,0,0,950,0.0031415913616617873,0.004725457153777056,9.869596283667965e-06
951,0,1,951,0.003141591361661795,0.0051276567276683505,9.869596283668009e-06
952,0,1,952,0.00314159136166179,0.005056979654277219,9.86959628366798e-06
953,0,1,953,0.0031415913616617596,0.005430632068144453,9.869596283667787e-06
954,0,1,954,0.0031415913616617067,0.00604973202243464,9.869596283667479e-06
955,0,0,955,0.0031415913616618073,0.005119815639981942,9.869596283668209e-06
956,0,1,956,0.0031415913616614785,0.004244277916678481,9.869596283666025e-06
957,0,1,957,0.0031415913616615887,0.00602039242511343,9.869596283666713e-06
958,0,0,958,0.00314159136166175,0.005409759342502957,9.86959628366773e-06
959,0,1,959,0.003141591361661838,0.004459059192540839,9.869596283668283e-06
960,0,0,960,0.003141591361661858,0.005127844076817961,9.869596283668407e-06
961,0,0,961,0.0031415913616616143,0.00459025216470102,9.86959628366687e-06
962,0,0,962,0.003141591361661722,0.0059717923012862495,9.869596283667545e-06
963,0,0,963,0.0031415913616615683,0.005704059889857005,9.869596283666735e-06
964,0,0,964,0.003141591361661885,0.006087909748129394,9.869596283668573e-06
965,0,1,965,0.003141591361661601,0.00589996670117765,9.86959628366688e-06
966,0,0,966,0.0031415913616615683,0.004544012214108967,9.86959628366659e-06
967,0,1,967,0.0031415913616617544,0.004054176352013047,9.869596283667751e-06
968,0,0,968,0.003141591361661573,0.004847211998047551,9.86959628366669e-06
969,0,1,969,0.003141591361661744,0.006219444228145243,9.869596283667687e-06
970,0,0,970,0.0031415913616617865,0.005397345000156206,9.869596283667956e-06
971,0,1,971,0.0031415913616616633,0.004568074203637407,9.869596283667165e-06
972,0,1,972,0.0031415913616617643,0.005294993851960389,9.869596283667816e-06
973,0,0,973,0.0031415913616616134,0.005473927650343519,9.869596283666869e-06
974,0,1,974,0.0031415913616615406,0.004075915889368361,9.869596283666413e-06
975,0,1,975,0.003141591361661788,0.00504942428498549,9.86959628366797e-06
976,0,1,976,0.003141591361661734,0.005637696276973331,9.86959628366763e-06
977,0,1,977,0.003141591361661489,0.004656117929588248,9.869596283666086e-06
978,0,0,978,0.0031415913616617826,0.004521732561821895,9.869596283667965e-06
979,0,0,979,0.003141591361661427,0.006266862741403922,9.869596283665696e-06
980,0,0,980,0.003141591361661542,0.005362911675146187,9.86959628366649e-06
981,0,1,981,0.003141591361661801,0.0038170471915683554,9.869596283668104e-06
982,0,1,982,0.003141591361661711,0.004436979929691699,9.869596283667487e-06
983,0,0,983,0.003141591361661785,0.0038223893173950775,9.869596283667943e-06
984,0,1,984,0.0031415913616617322,0.005758347874415148,9.869596283667614e-06
985,0,1,985,0.0031415913616617583,0.004172645337181716,9.869596283667977e-06
986,0,1,986,0.0031415913616615297,0.005208942757934779,9.869596283666515e-06
987,0,1,987,0.0031415913616615497,0.006054844264489989,9.86959628366647e-06
988,0,0,988,0.003141591361661776,0.005260001681116261,9.869596283667889e-06
989,0,0,989,0.0031415913616615635,0.00491050679475985,9.869596283666611e-06
990,0,1,990,0.0031415913616615722,0.005767478551611305,9.869596283666593e-06
991,0,0,991,0.003141591361661807,0.0048290163591568624,9.86959628366821e-06
992,0,0,992,0.0031415913616618663,0.006118354893837219,9.869596283668454e-06
993,0,0,993,0.0031415913616618467,0.00501016687714885,9.869596283668336e-06
994,0,0,994,0.003141591361661796,0.0037815888887892373,9.869596283668022e-06
995,0,1,995,0.0031415913616618003,0.00381965251419371,9.869596283668046e-06
996,0,0,996,0.0031415913616617587,0.005588874495185608,9.86959628366772e-06
997,0,1,997,0.003141591361661814,0.004802598425834928,9.869596283668161e-06
998,0,0,998,0.003141591361661642,0.005452674485600523,9.86959628366705e-06
999,0,0,999,0.003141591361661614,0.006196618503574225,9.869596283666872e-06
