,Layer,Qubit,Run,2-Norm,Trace Norm,Diamond Norm
0,0,1,0,0.015707801777422647,0.03004664842982563,0.0002467350366788021
1,0,1,1,0.015707801777422585,0.022042168336811843,0.0002467350366788001
2,0,1,2,0.015707801777422578,0.02619187373852161,0.00024673503667879985
3,0,0,3,0.01570780177742257,0.019553715093921026,0.00024673503667879974
4,0,1,4,1.9999383152895795,2.3930902248448795,0.00024673503667880766
5,0,0,5,0.015707801777422578,0.024515133082882223,0.00024673503667880023
6,0,1,6,0.015707801777422665,0.031168166719222568,0.0002467350366788022
7,0,0,7,0.015707801777422512,0.0238616396498856,0.0002467350366787978
8,0,0,8,0.015707801777422717,0.0273614689420473,0.0002467350366788042
9,0,1,9,0.015707801777422627,0.029153241002419145,0.00024673503667880126
10,0,0,10,0.015707801777422634,0.025730841039331973,0.0002467350366788012
11,0,1,11,0.01570780177742261,0.02553642648729315,0.00024673503667880094
12,0,0,12,0.015707801777422602,0.02296294888949004,0.00024673503667880007
13,0,0,13,0.015707801777422724,0.029436108326423294,0.0002467350366788045
14,0,0,14,0.01570780177742272,0.02436494911997203,0.0002467350366788042
15,0,0,15,0.0157078017774225,0.030581262884103566,0.0002467350366787977
16,0,1,16,0.015707801777422748,0.026015503147723856,0.00024673503667880506
17,0,0,17,0.015707801777422672,0.019588460874941954,0.00024673503667880256
18,0,1,18,0.01570780177742256,0.020932801992848367,0.0002467350366787993
19,0,1,19,0.015707801777422564,0.022482924301978874,0.00024673503667879947
20,0,1,20,0.015707801777422793,0.028937415704468367,0.0002467350366788068
21,0,0,21,0.015707801777422703,0.027132638365046285,0.0002467350366788033
22,0,0,22,0.015707801777422554,0.02401564498098796,0.00024673503667879915
23,0,1,23,0.015707801777422675,0.02939019975705265,0.0002467350366788029
24,0,1,24,0.015707801777422578,0.020955767071902352,0.0002467350366787999
25,0,1,25,0.015707801777422595,0.02094604875751676,0.0002467350366788004
26,0,0,26,0.0157078017774226,0.02133919332467775,0.0002467350366788004
27,0,0,27,0.01570780177742257,0.024714543811719808,0.00024673503667879985
28,0,1,28,1.9999383152895798,2.1762556968157276,0.00024673503667881107
29,0,1,29,0.015707801777422592,0.024127650715058062,0.0002467350366788002
30,0,0,30,0.015707801777422658,0.0257398638891201,0.00024673503667880305
31,0,1,31,0.01570780177742255,0.028126473204353963,0.00024673503667879893
32,0,1,32,0.0157078017774226,0.026065735740510257,0.0002467350366788003
33,0,0,33,0.01570780177742262,0.02297952619492743,0.00024673503667879963
34,0,1,34,0.015707801777422623,0.024727801306098196,0.00024673503667880126
35,0,1,35,0.01570780177742273,0.029542028946832055,0.00024673503667880457
36,0,1,36,0.015707801777422564,0.022838757805354402,0.00024673503667879936
37,0,0,37,0.01570780177742261,0.025250087009518862,0.0002467350366788008
38,0,1,38,0.015707801777422658,0.0292407929532299,0.0002467350366788018
39,0,0,39,0.015707801777422564,0.022085348960472324,0.0002467350366787992
40,0,0,40,0.015707801777422585,0.024963831667148023,0.00024673503667879974
41,0,1,41,0.015707801777422682,0.020756474869188524,0.0002467350366788028
42,0,0,42,0.01570780177742271,0.030338906087344464,0.00024673503667880365
43,0,0,43,0.015707801777422554,0.03103555858260265,0.00024673503667879904
44,0,0,44,0.015707801777422578,0.025606062600120466,0.0002467350366787998
45,0,0,45,0.01570780177742257,0.019814396854525265,0.0002467350366787998
46,0,1,46,0.015707801777422578,0.02257680370165025,0.0002467350366788
47,0,1,47,0.0157078017774226,0.02049737713074326,0.00024673503667880034
48,0,1,48,0.015707801777422654,0.02461916531822997,0.00024673503667880234
49,0,0,49,0.01570780177742264,0.03061160059939705,0.00024673503667880115
50,0,1,50,0.015707801777422703,0.029336976485690724,0.0002467350366788038
51,0,1,51,0.015707801777422627,0.02930083433609129,0.000246735036678801
52,0,1,52,0.015707801777422686,0.02148157750620644,0.0002467350366788033
53,0,0,53,0.01570780177742284,0.029290169781718278,0.00024673503667880733
54,0,0,54,0.015707801777422717,0.022834374781949433,0.00024673503667880413
55,0,0,55,0.015707801777422595,0.030364965306526548,0.00024673503667879985
56,0,0,56,0.0157078017774226,0.0249011009142808,0.0002467350366788004
57,0,0,57,0.015707801777422602,0.020263866792868956,0.0002467350366788006
58,0,1,58,0.015707801777422602,0.0246532863875564,0.0002467350366788007
59,0,0,59,0.015707801777422568,0.021719861781395497,0.00024673503667879974
60,0,1,60,0.01570780177742262,0.027084662037251378,0.00024673503667880115
61,0,0,61,0.01570780177742265,0.029958343282106947,0.0002467350366788017
62,0,0,62,0.01570780177742257,0.026078838660276743,0.00024673503667879963
63,0,1,63,0.01570780177742257,0.02597730956026721,0.00024673503667879936
64,0,0,64,0.015707801777422595,0.023071335512466665,0.0002467350366788
65,0,1,65,0.01570780177742266,0.027030279719310574,0.0002467350366788025
66,0,1,66,0.01570780177742269,0.02702318936430767,0.00024673503667880316
67,0,0,67,0.015707801777422696,0.029601378890872554,0.00024673503667880327
68,0,1,68,0.015707801777422592,0.02323652506189787,0.0002467350366788
69,0,0,69,0.015707801777422745,0.02814822735350636,0.00024673503667880413
70,0,0,70,0.015707801777422738,0.031311063629707425,0.00024673503667880354
71,0,1,71,0.01570780177742256,0.023660353309641877,0.00024673503667879936
72,0,1,72,0.01570780177742273,0.02236948012299957,0.00024673503667880473
73,0,1,73,0.015707801777422717,0.026955299997369536,0.0002467350366788039
74,0,0,74,0.01570780177742267,0.023252645063902105,0.0002467350366788028
75,0,0,75,0.015707801777422578,0.022571687256167657,0.00024673503667879985
76,0,0,76,0.015707801777422713,0.030327641699272545,0.00024673503667880413
77,0,0,77,0.015707801777422644,0.024893451785020587,0.00024673503667880186
78,0,0,78,0.015707801777422623,0.027572949455358042,0.0002467350366788002
79,0,1,79,0.01570780177742275,0.027118961688457677,0.0002467350366788052
80,0,0,80,0.01570780177742262,0.028884029568505748,0.00024673503667880115
81,0,0,81,0.015707801777422595,0.02695868489081757,0.00024673503667880045
82,0,1,82,0.015707801777422592,0.019039424842917985,0.00024673503667879985
83,0,0,83,0.01570780177742262,0.027170145482138808,0.0002467350366788005
84,0,0,84,0.015707801777422613,0.030592746777084956,0.00024673503667879936
85,0,0,85,0.01570780177742259,0.024646926747483505,0.00024673503667880007
86,0,0,86,0.01570780177742263,0.023111148878597887,0.0002467350366788015
87,0,1,87,0.015707801777422533,0.0268787789569358,0.00024673503667879844
88,0,1,88,0.015707801777422554,0.019131775605297593,0.0002467350366787991
89,0,0,89,0.01570780177742262,0.028901119608246567,0.0002467350366788012
90,0,1,90,0.015707801777422665,0.027912367460303483,0.0002467350366788027
91,0,0,91,0.015707801777422602,0.02372685838569004,0.0002467350366788006
92,0,1,92,0.015707801777422686,0.026200140693301177,0.0002467350366788034
93,0,0,93,0.01570780177742258,0.02920387673876168,0.00024673503667879915
94,0,0,94,0.015707801777422804,0.029761750256863284,0.00024673503667880527
95,0,0,95,0.015707801777422647,0.02719041894620755,0.0002467350366788019
96,0,1,96,0.01570780177742257,0.024911198636891715,0.0002467350366787993
97,0,1,97,0.015707801777422682,0.026244757530240803,0.00024673503667880256
98,0,1,98,0.015707801777422568,0.027714740409736344,0.0002467350366787994
99,0,1,99,0.015707801777422592,0.016572396960902413,0.00024673503667880007
100,0,1,100,0.01570780177742275,0.0311380044638076,0.0002467350366788053
101,0,0,101,0.015707801777422578,0.020130551570247627,0.00024673503667879996
102,0,1,102,0.015707801777422828,0.024821290347470368,0.00024673503667880766
103,0,0,103,0.0157078017774226,0.02533643524449901,0.0002467350366788002
104,0,1,104,0.015707801777422557,0.02074895820556165,0.00024673503667879925
105,0,1,105,0.015707801777422675,0.020012018520278906,0.00024673503667880256
106,0,1,106,0.015707801777422647,0.029728007954387126,0.0002467350366788021
107,0,1,107,0.015707801777422623,0.027380336071327283,0.0002467350366788007
108,0,1,108,0.015707801777422606,0.03112313372313502,0.00024673503667880126
109,0,1,109,0.015707801777422595,0.02763240051175217,0.0002467350366788001
110,0,1,110,0.01570780177742268,0.03011561561755538,0.00024673503667880316
111,0,0,111,0.01570780177742258,0.028031282462748247,0.0002467350366787999
112,0,0,112,0.015707801777422696,0.02227520704422882,0.0002467350366788033
113,0,0,113,0.015707801777422706,0.02575145212444957,0.00024673503667880386
114,0,1,114,0.01570780177742266,0.019081353390220476,0.0002467350366788025
115,0,0,115,0.01570780177742262,0.02493592630244608,0.00024673503667879974
116,0,1,116,0.01570780177742265,0.027731817914619955,0.00024673503667880186
117,0,1,117,0.015707801777422724,0.02669149232679424,0.0002467350366788041
118,0,1,118,0.015707801777422516,0.024727513552641828,0.00024673503667879795
119,0,1,119,0.015707801777422637,0.025083666986425668,0.0002467350366788018
120,0,1,120,0.01570780177742257,0.018767855923975327,0.0002467350366787997
121,0,0,121,0.015707801777422745,0.025322389719088123,0.0002467350366788045
122,0,0,122,0.01570780177742257,0.023028700311013575,0.00024673503667879925
123,0,0,123,0.015707801777422557,0.023482808909437977,0.00024673503667879925
124,0,0,124,0.01570780177742273,0.025394285699589694,0.0002467350366788046
125,0,1,125,0.015707801777422557,0.021191852338435208,0.0002467350366787991
126,0,1,126,0.015707801777422647,0.02984155171214098,0.0002467350366788021
127,0,1,127,0.015707801777422696,0.028379813129014997,0.0002467350366788027
128,0,0,128,0.01570780177742258,0.017832654478020488,0.0002467350366787999
129,0,1,129,0.015707801777422665,0.02370042379059783,0.0002467350366788022
130,0,1,130,0.015707801777422724,0.03025795067626913,0.0002467350366788043
131,0,0,131,0.01570780177742257,0.02790023745671863,0.00024673503667879963
132,0,1,132,0.015707801777422602,0.02512310124683273,0.00024673503667880045
133,0,1,133,1.9999383152895795,2.75661215494039,0.0002467350366788078
134,0,1,134,0.015707801777422606,0.02257917513995309,0.00024673503667879936
135,0,1,135,0.01570780177742262,0.02543780129045156,0.0002467350366788012
136,0,1,136,0.015707801777422727,0.026512173094151964,0.0002467350366788046
137,0,0,137,0.015707801777422654,0.028128693271647076,0.00024673503667880234
138,0,0,138,0.01570780177742257,0.024569178510110895,0.00024673503667879817
139,0,1,139,0.01570780177742257,0.024738423030571,0.00024673503667879947
140,0,1,140,0.01570780177742256,0.021021509613153792,0.00024673503667879925
141,0,1,141,0.015707801777422696,0.024787592000372324,0.00024673503667880327
142,0,1,142,0.01570780177742257,0.020318564262665508,0.0002467350366787995
143,0,0,143,0.015707801777422616,0.030520318034303884,0.0002467350366788007
144,0,1,144,0.015707801777422536,0.023542542553792845,0.0002467350366787986
145,0,0,145,0.015707801777422585,0.017632827460267314,0.00024673503667880007
146,0,0,146,0.01570780177742262,0.02941547058094235,0.00024673503667879996
147,0,0,147,0.015707801777422644,0.020637305334686686,0.00024673503667880007
148,0,1,148,0.01570780177742261,0.026019599141687152,0.00024673503667880104
149,0,1,149,0.01570780177742265,0.023686390515336428,0.0002467350366788021
150,0,0,150,0.015707801777422623,0.027441589222514384,0.00024673503667880045
151,0,0,151,0.015707801777422602,0.028929449544837976,0.0002467350366788002
152,0,0,152,0.015707801777422613,0.0292064244234522,0.0002467350366788002
153,0,0,153,0.01570780177742272,0.023027296869453335,0.00024673503667880446
154,0,0,154,0.015707801777422738,0.02708724689394773,0.0002467350366788042
155,0,0,155,0.015707801777422568,0.027360492654709467,0.00024673503667879904
156,0,1,156,0.015707801777422543,0.02519460140611443,0.0002467350366787983
157,0,1,157,0.01570780177742261,0.022947075175522993,0.00024673503667879985
158,0,0,158,0.015707801777422592,0.03016638919159481,0.0002467350366788001
159,0,1,159,0.01570780177742264,0.030456328489401108,0.0002467350366788009
160,0,1,160,0.015707801777422516,0.0286937452275689,0.0002467350366787975
161,0,0,161,0.015707801777422585,0.02986004587872937,0.00024673503667879985
162,0,1,162,0.01570780177742276,0.03050415162638065,0.00024673503667880495
163,0,0,163,0.01570780177742257,0.024548201204222936,0.0002467350366787996
164,0,0,164,0.015707801777422675,0.02311097123174994,0.000246735036678803
165,0,1,165,0.015707801777422554,0.026842202090199108,0.0002467350366787989
166,0,1,166,0.01570780177742259,0.0234544339816445,0.0002467350366788002
167,0,1,167,0.01570780177742256,0.02329550214829855,0.0002467350366787993
168,0,1,168,0.015707801777422623,0.0241285883168771,0.00024673503667880023
169,0,1,169,0.015707801777422585,0.022274005642554995,0.0002467350366788
170,0,1,170,0.01570780177742257,0.022844907904919567,0.0002467350366787997
171,0,0,171,0.015707801777422616,0.027436921492993677,0.00024673503667880115
172,0,1,172,0.01570780177742265,0.02607477588088475,0.00024673503667880234
173,0,1,173,0.01570780177742258,0.02079147764959325,0.0002467350366787998
174,0,1,174,0.015707801777422446,0.02880041028255162,0.00024673503667879546
175,0,1,175,0.01570780177742248,0.02601282607180877,0.00024673503667879676
176,0,1,176,0.015707801777422606,0.020456032889983575,0.00024673503667880056
177,0,0,177,0.015707801777422672,0.022236256644627868,0.0002467350366788029
178,0,0,178,0.01570780177742258,0.024015407545644823,0.0002467350366787999
179,0,0,179,0.01570780177742266,0.02909784133928356,0.0002467350366788025
180,0,0,180,0.015707801777422602,0.024088089908379857,0.0002467350366788006
181,0,0,181,0.015707801777422654,0.029505816032210586,0.000246735036678802
182,0,0,182,0.015707801777422443,0.028456047788763983,0.00024673503667879573
183,0,0,183,0.015707801777422793,0.027370201399267546,0.0002467350366788067
184,0,1,184,0.015707801777422745,0.030385163427123774,0.000246735036678803
185,0,0,185,0.015707801777422585,0.019012773701376266,0.00024673503667879996
186,0,0,186,0.015707801777422592,0.01865588476684563,0.00024673503667880045
187,0,1,187,0.015707801777422693,0.026076250139252785,0.00024673503667880294
188,0,0,188,0.01570780177742271,0.031296552840550496,0.0002467350366788042
189,0,0,189,0.015707801777422693,0.021428590359050738,0.0002467350366788035
190,0,0,190,0.015707801777422696,0.02040141544874597,0.00024673503667880305
191,0,1,191,0.01570780177742259,0.01933786876591983,0.0002467350366788001
192,0,0,192,0.015707801777422703,0.024612059956740234,0.00024673503667880375
193,0,1,193,0.015707801777422543,0.028360582967138476,0.00024673503667879855
194,0,1,194,0.015707801777422703,0.022274350044624212,0.00024673503667880386
195,0,0,195,0.015707801777422585,0.023885359466179597,0.00024673503667880007
196,0,1,196,0.015707801777422724,0.030349262748032513,0.00024673503667880413
197,0,1,197,0.01570780177742256,0.02320329775509373,0.0002467350366787993
198,0,0,198,0.015707801777422592,0.019176034451736268,0.0002467350366788003
199,0,1,199,0.01570780177742264,0.02262561793997243,0.0002467350366788019
200,0,0,200,0.015707801777422554,0.024049239322663396,0.00024673503667879915
201,0,1,201,0.01570780177742251,0.029368547098074904,0.0002467350366787977
202,0,0,202,0.0157078017774227,0.02248512724024872,0.00024673503667880305
203,0,1,203,0.015707801777422654,0.018752640260835597,0.00024673503667880213
204,0,0,204,0.015707801777422814,0.025309467766569865,0.00024673503667880717
205,0,1,205,0.015707801777422613,0.03027080982439767,0.00024673503667880104
206,0,0,206,0.015707801777422554,0.02506644346012281,0.0002467350366787992
207,0,0,207,0.015707801777422578,0.024960289218409704,0.0002467350366787998
208,0,0,208,0.015707801777422644,0.024215747241883454,0.00024673503667880175
209,0,0,209,0.01570780177742258,0.018734057641195803,0.00024673503667879996
210,0,0,210,0.01570780177742262,0.02693648728482595,0.0002467350366788011
211,0,0,211,0.01570780177742269,0.02603697203653671,0.0002467350366788028
212,0,1,212,0.015707801777422703,0.023058782452177046,0.0002467350366788037
213,0,1,213,0.01570780177742269,0.020572409550828043,0.0002467350366788034
214,0,1,214,0.01570780177742258,0.02189526373503031,0.00024673503667879996
215,0,1,215,0.0157078017774226,0.02539188393373165,0.0002467350366788005
216,0,1,216,0.01570780177742257,0.02152038207358042,0.00024673503667879963
217,0,0,217,0.0157078017774227,0.031222583705708462,0.0002467350366788036
218,0,1,218,0.015707801777422585,0.02380589484596686,0.0002467350366787995
219,0,1,219,0.015707801777422592,0.025512735896808997,0.0002467350366788004
220,0,1,220,0.015707801777422613,0.025845380131823067,0.00024673503667880056
221,0,0,221,0.015707801777422592,0.02218002625252883,0.0002467350366788001
222,0,1,222,0.01570780177742258,0.018948540280586575,0.0002467350366788
223,0,0,223,0.015707801777422627,0.023972197809761106,0.0002467350366788012
224,0,1,224,0.015707801777422616,0.024887439701479858,0.00024673503667880104
225,0,1,225,0.015707801777422627,0.0261669015142003,0.00024673503667880104
226,0,1,226,0.01570780177742254,0.023557663948727055,0.0002467350366787986
227,0,1,227,0.01570780177742255,0.025613557061286055,0.0002467350366787989
228,0,1,228,0.01570780177742259,0.021623172158998973,0.0002467350366788002
229,0,1,229,0.015707801777422658,0.030846021741438467,0.00024673503667880234
230,0,0,230,0.01570780177742269,0.02242311343849497,0.0002467350366788033
231,0,0,231,0.01570780177742258,0.022919161512226265,0.00024673503667879996
232,0,1,232,0.01570780177742257,0.02317640952074264,0.00024673503667879974
233,0,1,233,0.015707801777422665,0.018972220819691292,0.00024673503667880267
234,0,0,234,0.015707801777422602,0.03026804243390885,0.00024673503667880056
235,0,0,235,0.01570780177742257,0.020615810232776928,0.00024673503667879963
236,0,0,236,0.01570780177742257,0.024818237801988302,0.00024673503667879974
237,0,0,237,0.015707801777422585,0.020826175757516437,0.0002467350366788001
238,0,0,238,0.01570780177742259,0.02029001100284141,0.0002467350366788001
239,0,0,239,0.015707801777422627,0.029610629191195614,0.00024673503667880137
240,0,0,240,0.015707801777422595,0.02910860054092751,0.0002467350366788
241,0,0,241,0.01570780177742265,0.028312325039750813,0.0002467350366788021
242,0,1,242,0.015707801777422647,0.022721200834508085,0.0002467350366788021
243,0,1,243,0.015707801777422706,0.024812379074829347,0.00024673503667880283
244,0,1,244,0.01570780177742264,0.031056366624039544,0.0002467350366788018
245,0,0,245,0.015707801777422634,0.02776143452707569,0.0002467350366788015
246,0,1,246,0.015707801777422606,0.02378287248670305,0.0002467350366788004
247,0,1,247,0.01570780177742266,0.030250701240320754,0.00024673503667880283
248,0,0,248,0.015707801777422786,0.027352985257230594,0.00024673503667880755
249,0,1,249,0.015707801777422717,0.02285943264652847,0.0002467350366788042
250,0,0,250,0.015707801777422686,0.021174327399560468,0.0002467350366788032
251,0,0,251,0.01570780177742259,0.026728001476707702,0.00024673503667879985
252,0,1,252,0.015707801777422637,0.02247411975935221,0.0002467350366788017
253,0,1,253,0.01570780177742265,0.0240462335839208,0.00024673503667880197
254,0,0,254,0.015707801777422595,0.021239183038592367,0.0002467350366788004
255,0,0,255,0.01570780177742263,0.02603419819639094,0.0002467350366788016
256,0,0,256,0.01570780177742246,0.023956784877656408,0.00024673503667879616
257,0,1,257,0.015707801777422693,0.029856338750028133,0.00024673503667880294
258,0,1,258,0.015707801777422616,0.025180041725829883,0.0002467350366788008
259,0,0,259,0.0157078017774227,0.022585808381041843,0.00024673503667880375
260,0,0,260,0.015707801777422585,0.03134300764268294,0.00024673503667880305
261,0,0,261,0.015707801777422627,0.025404028554845706,0.00024673503667880153
262,0,0,262,0.01570780177742259,0.021070796758637877,0.0002467350366788001
263,0,0,263,0.0157078017774226,0.02718298439821437,0.0002467350366788002
264,0,0,264,0.015707801777422606,0.024367615504823484,0.0002467350366787996
265,0,1,265,0.01570780177742258,0.021423158582876967,0.0002467350366788
266,0,0,266,0.01570780177742253,0.026125289565758728,0.0002467350366787984
267,0,0,267,0.01570780177742265,0.02378017763921369,0.00024673503667880213
268,0,1,268,0.01570780177742262,0.02912880131377027,0.00024673503667880115
269,0,0,269,0.015707801777422578,0.025035738352194706,0.0002467350366787999
270,0,0,270,0.015707801777422637,0.027187311945328474,0.0002467350366788015
271,0,1,271,0.01570780177742268,0.024357550968649222,0.00024673503667880245
272,0,0,272,0.015707801777422682,0.02210075262874541,0.00024673503667880316
273,0,1,273,0.015707801777422592,0.0202408897911187,0.0002467350366788004
274,0,1,274,0.01570780177742268,0.022312885809158557,0.0002467350366788028
275,0,0,275,0.01570780177742258,0.016172344495129273,0.0002467350366788
276,0,0,276,0.01570780177742268,0.020857057804208583,0.000246735036678803
277,0,1,277,0.015707801777422665,0.021313402111944532,0.0002467350366788025
278,0,0,278,0.015707801777422536,0.029084417458685563,0.00024673503667880197
279,0,0,279,0.015707801777422526,0.03013277636402517,0.00024673503667879833
280,0,1,280,0.01570780177742259,0.017920980501700084,0.0002467350366788
281,0,1,281,0.015707801777422675,0.030495237255060537,0.000246735036678803
282,0,0,282,0.01570780177742251,0.030979502915405965,0.0002467350366787977
283,0,0,283,0.01570780177742259,0.027021241796952616,0.00024673503667880034
284,0,1,284,0.01570780177742257,0.018816107089464913,0.00024673503667879985
285,0,1,285,0.015707801777422696,0.023902609895140634,0.00024673503667880354
286,0,0,286,0.015707801777422564,0.024671116704488377,0.00024673503667879936
287,0,0,287,0.015707801777422602,0.024811763165645442,0.00024673503667880034
288,0,1,288,0.015707801777422613,0.030317824320559295,0.0002467350366788005
289,0,1,289,0.01570780177742259,0.021988983039800337,0.00024673503667880023
290,0,0,290,0.01570780177742267,0.025821878028613326,0.0002467350366788026
291,0,1,291,0.01570780177742257,0.018247021180156572,0.0002467350366787996
292,0,0,292,0.01570780177742257,0.02680612822523834,0.00024673503667879893
293,0,1,293,0.015707801777422554,0.02985755987962896,0.0002467350366787991
294,0,1,294,0.01570780177742257,0.024096219729387164,0.00024673503667879963
295,0,0,295,0.01570780177742276,0.02990041634670132,0.00024673503667880543
296,0,0,296,0.015707801777422647,0.0193366456407819,0.00024673503667880197
297,0,1,297,0.01570780177742264,0.02882139651918547,0.0002467350366788014
298,0,1,298,0.01570780177742257,0.026977912038433943,0.0002467350366787996
299,0,1,299,0.015707801777422765,0.024409855037483136,0.0002467350366788057
300,0,0,300,0.015707801777422554,0.023028300769968903,0.0002467350366787992
301,0,0,301,0.01570780177742276,0.02954381090348296,0.0002467350366788052
302,0,0,302,0.015707801777422658,0.022146471338024692,0.000246735036678801
303,0,0,303,0.015707801777422533,0.029477741014861614,0.0002467350366787981
304,0,1,304,0.015707801777422602,0.0283190043577084,0.0002467350366788
305,0,0,305,0.015707801777422578,0.02381309502192372,0.0002467350366787996
306,0,0,306,0.015707801777422665,0.02263357970628959,0.0002467350366788026
307,0,1,307,0.015707801777422536,0.029177147909377754,0.0002467350366787982
308,0,1,308,0.015707801777422578,0.022355662774675298,0.00024673503667879985
309,0,1,309,0.0157078017774226,0.02276168459572231,0.00024673503667880066
310,0,0,310,0.015707801777422693,0.02857967462123584,0.00024673503667880283
311,0,1,311,0.015707801777422554,0.0218516903899377,0.0002467350366787992
312,0,1,312,0.015707801777422585,0.02909358101244819,0.00024673503667879996
313,0,1,313,0.015707801777422675,0.021747436203656458,0.0002467350366788028
314,0,0,314,0.015707801777422578,0.02416457659906726,0.0002467350366787996
315,0,1,315,0.015707801777422568,0.020410017703511866,0.00024673503667879947
316,0,0,316,0.015707801777422623,0.019457237538096542,0.00024673503667880115
317,0,0,317,0.015707801777422592,0.024722083576372025,0.00024673503667880023
318,0,0,318,0.01570780177742263,0.024652031007752526,0.00024673503667880153
319,0,1,319,0.01570780177742257,0.02136107979499957,0.0002467350366787996
320,0,0,320,0.015707801777422613,0.025432025410754136,0.0002467350366788001
321,0,0,321,0.015707801777422578,0.021817875484442188,0.00024673503667879985
322,0,1,322,0.015707801777422592,0.02149431527480354,0.00024673503667880034
323,0,0,323,0.015707801777422634,0.023120138936228933,0.0002467350366788016
324,0,1,324,0.015707801777422602,0.029589058264793466,0.0002467350366788006
325,0,1,325,0.015707801777422474,0.024101280714206544,0.00024673503667879654
326,0,0,326,0.015707801777422717,0.02454401967906486,0.000246735036678804
327,0,0,327,0.01570780177742261,0.02826809272748937,0.0002467350366788008
328,0,0,328,0.015707801777422523,0.02827704733438749,0.00024673503667879806
329,0,1,329,0.015707801777422554,0.024814863979181687,0.00024673503667879915
330,0,1,330,0.015707801777422592,0.024169666426374838,0.00024673503667880023
331,0,0,331,0.015707801777422547,0.027851108585190965,0.00024673503667879893
332,0,0,332,0.0157078017774226,0.02365050515593224,0.00024673503667879963
333,0,1,333,0.01570780177742258,0.018887228286283076,0.00024673503667879996
334,0,1,334,0.01570780177742257,0.02568209880007459,0.00024673503667879985
335,0,0,335,0.01570780177742245,0.026120770934763005,0.00024673503667879584
336,0,1,336,0.015707801777422634,0.024805658297178665,0.0002467350366788005
337,0,1,337,0.015707801777422578,0.021876996467607063,0.0002467350366787999
338,0,1,338,0.01570780177742267,0.02256864401634836,0.0002467350366788026
339,0,1,339,0.015707801777422634,0.027527385491265016,0.00024673503667880056
340,0,0,340,0.01570780177742256,0.02202947750856081,0.0002467350366787992
341,0,0,341,0.015707801777422543,0.026675349946926552,0.00024673503667879866
342,0,0,342,0.015707801777422602,0.02161127130568487,0.00024673503667880056
343,0,0,343,0.01570780177742261,0.023243886982612972,0.0002467350366788
344,0,1,344,0.015707801777422578,0.02466459131695875,0.0002467350366787998
345,0,0,345,0.015707801777422554,0.023084034275076434,0.0002467350366787991
346,0,0,346,0.015707801777422526,0.026433005012965888,0.000246735036678798
347,0,1,347,0.015707801777422592,0.024543292467258365,0.0002467350366788003
348,0,0,348,0.015707801777422585,0.01856679464425942,0.00024673503667880007
349,0,1,349,0.015707801777422578,0.021935251172776685,0.00024673503667879985
350,0,0,350,0.015707801777422595,0.026819915512058368,0.00024673503667880446
351,0,1,351,0.01570780177742257,0.022937284321195912,0.00024673503667879985
352,0,1,352,0.01570780177742265,0.03134028482052509,0.0002467350366788006
353,0,0,353,0.01570780177742267,0.019842299719160798,0.0002467350366788027
354,0,0,354,0.015707801777422665,0.027898726608072605,0.0002467350366788024
355,0,0,355,0.015707801777422627,0.024369236480667758,0.00024673503667880137
356,0,1,356,0.015707801777422602,0.020035020818151863,0.0002467350366788006
357,0,1,357,0.015707801777422654,0.022835310166972336,0.00024673503667880224
358,0,1,358,0.01570780177742265,0.018653621690125056,0.0002467350366788022
359,0,0,359,0.01570780177742261,0.028173095206327686,0.00024673503667880034
360,0,0,360,0.015707801777422578,0.021878349902026764,0.0002467350366787999
361,0,0,361,0.015707801777422526,0.0241912543044063,0.0002467350366787982
362,0,0,362,0.015707801777422703,0.03134506707616691,0.00024673503667880375
363,0,1,363,0.015707801777422578,0.020370489063091128,0.0002467350366787998
364,0,0,364,0.01570780177742261,0.024750630657950065,0.0002467350366788009
365,0,1,365,0.01570780177742275,0.024122101446053604,0.0002467350366788054
366,0,1,366,0.01570780177742281,0.02699347707498806,0.0002467350366788069
367,0,0,367,0.01570780177742257,0.025796021147623513,0.0002467350366787996
368,0,1,368,0.01570780177742257,0.02293860591836381,0.0002467350366787997
369,0,1,369,0.01570780177742257,0.028421233364598952,0.00024673503667879947
370,0,0,370,0.01570780177742268,0.01959381188801313,0.00024673503667880316
371,0,1,371,0.015707801777422776,0.029683642079243955,0.00024673503667880603
372,0,1,372,0.01570780177742257,0.02071922390019639,0.0002467350366787997
373,0,0,373,0.015707801777422647,0.030952517563078097,0.0002467350366788023
374,0,0,374,0.015707801777422595,0.028253944681612242,0.00024673503667879877
375,0,0,375,0.0157078017774228,0.031194057324758218,0.00024673503667880684
376,0,1,376,0.015707801777422748,0.02822451349020899,0.00024673503667880375
377,0,1,377,0.01570780177742267,0.020831813873657776,0.00024673503667880256
378,0,1,378,0.01570780177742258,0.023002973096469616,0.00024673503667879996
379,0,1,379,0.01570780177742257,0.02697661466778839,0.00024673503667879844
380,0,0,380,0.01570780177742271,0.024719075287579412,0.00024673503667880397
381,0,1,381,0.015707801777422602,0.02336315297854525,0.0002467350366788
382,0,1,382,0.01570780177742257,0.028523949624091577,0.0002467350366787998
383,0,0,383,0.01570780177742258,0.02165464666040304,0.00024673503667879985
384,0,0,384,0.015707801777422602,0.030006821277085483,0.000246735036678799
385,0,0,385,0.0157078017774226,0.02163913529028017,0.0002467350366788005
386,0,0,386,0.015707801777422557,0.028164343211508486,0.00024673503667879904
387,0,0,387,0.01570780177742257,0.02754025879002847,0.00024673503667879985
388,0,0,388,0.015707801777422675,0.02087646967504883,0.0002467350366788028
389,0,1,389,0.015707801777422693,0.029485162794752384,0.0002467350366788035
390,0,0,390,0.015707801777422578,0.024250435899770523,0.0002467350366787998
391,0,1,391,0.01570780177742258,0.02860653463787252,0.00024673503667879996
392,0,0,392,0.015707801777422547,0.028876669139530242,0.00024673503667879855
393,0,0,393,0.015707801777422606,0.03140832392244264,0.0002467350366788
394,0,1,394,0.015707801777422595,0.022975989896734546,0.0002467350366787999
395,0,0,395,0.01570780177742262,0.023279197740598244,0.00024673503667880104
396,0,1,396,0.015707801777422672,0.022271179145862033,0.0002467350366788029
397,0,0,397,0.01570780177742269,0.01994339273477445,0.0002467350366788033
398,0,0,398,0.01570780177742264,0.029759796990808496,0.00024673503667880153
399,0,0,399,0.015707801777422592,0.022684540924525976,0.0002467350366788002
400,0,0,400,0.015707801777422564,0.019185694581113705,0.00024673503667879947
401,0,1,401,0.01570780177742259,0.02301708841752307,0.0002467350366788002
402,0,1,402,0.015707801777422706,0.0292348930309681,0.00024673503667880386
403,0,0,403,0.015707801777422578,0.0244855710063734,0.0002467350366788
404,0,0,404,0.015707801777422536,0.030044271734437855,0.0002467350366787985
405,0,0,405,0.01570780177742268,0.02850908666690427,0.0002467350366788038
406,0,0,406,0.01570780177742258,0.029722405122832418,0.0002467350366788003
407,0,0,407,0.015707801777422557,0.027721347791944295,0.0002467350366787988
408,0,0,408,0.015707801777422616,0.024654775654046238,0.0002467350366788009
409,0,0,409,0.01570780177742261,0.024449559055189155,0.0002467350366788003
410,0,1,410,0.0157078017774226,0.023870840178090852,0.0002467350366788004
411,0,1,411,0.015707801777422686,0.03132946062502556,0.00024673503667880327
412,0,0,412,0.015707801777422554,0.023340073314898256,0.00024673503667879904
413,0,1,413,0.01570780177742257,0.02594780489186581,0.00024673503667879974
414,0,0,414,0.01570780177742268,0.023690384628688756,0.00024673503667880267
415,0,1,415,0.015707801777422585,0.019621335131361276,0.0002467350366788
416,0,1,416,0.015707801777422647,0.027981994021645723,0.0002467350366788021
417,0,1,417,0.015707801777422693,0.025307244908460896,0.00024673503667880256
418,0,0,418,0.01570780177742268,0.02993303900372113,0.0002467350366788026
419,0,1,419,0.01570780177742258,0.018319175560254777,0.0002467350366787999
420,0,1,420,0.015707801777422647,0.02554151566990845,0.00024673503667880164
421,0,0,421,0.01570780177742259,0.02699374400799015,0.00024673503667880007
422,0,0,422,0.015707801777422654,0.025638741966435702,0.0002467350366788023
423,0,0,423,0.01570780177742265,0.02552366857044845,0.00024673503667880224
424,0,0,424,0.01570780177742262,0.02473804249281382,0.00024673503667880056
425,0,0,425,0.015707801777422578,0.021723837099751384,0.0002467350366788002
426,0,1,426,0.015707801777422606,0.027967185314638293,0.0002467350366787985
427,0,1,427,0.015707801777422505,0.03132161850629872,0.0002467350366787976
428,0,0,428,0.015707801777422627,0.021315452066304526,0.0002467350366788014
429,0,1,429,0.015707801777422547,0.021358755569486743,0.0002467350366787989
430,0,1,430,0.01570780177742261,0.02646379619042727,0.000246735036678801
431,0,0,431,0.0157078017774226,0.030289528757627915,0.0002467350366788005
432,0,1,432,0.015707801777422422,0.02492448487755415,0.00024673503667879497
433,0,0,433,0.015707801777422623,0.02480931929087825,0.0002467350366788013
434,0,1,434,0.015707801777422654,0.029658684342159958,0.0002467350366788013
435,0,0,435,0.01570780177742266,0.027125136544162404,0.0002467350366788026
436,0,0,436,0.015707801777422564,0.029656081235058973,0.0002467350366787992
437,0,1,437,0.01570780177742276,0.022815122609308555,0.0002467350366788055
438,0,0,438,0.015707801777422578,0.01764240385714753,0.0002467350366787999
439,0,0,439,0.015707801777422613,0.028106058799590106,0.00024673503667880077
440,0,0,440,0.015707801777422578,0.01736415024952607,0.00024673503667879996
441,0,1,441,0.015707801777422523,0.02808498999342207,0.0002467350366787981
442,0,0,442,0.015707801777422602,0.02069391587945057,0.0002467350366788006
443,0,0,443,0.015707801777422623,0.02374467335988705,0.00024673503667880007
444,0,1,444,0.015707801777422613,0.029572152985649636,0.0002467350366788001
445,0,0,445,0.015707801777422543,0.028809590681430103,0.00024673503667879833
446,0,0,446,0.015707801777422495,0.031000153575475586,0.0002467350366787965
447,0,0,447,0.01570780177742255,0.02477348720525699,0.0002467350366787991
448,0,1,448,0.01570780177742264,0.029892767155890565,0.0002467350366788022
449,0,1,449,0.015707801777422516,0.02868387666541189,0.0002467350366787979
450,0,0,450,0.01570780177742256,0.020929774988942225,0.0002467350366787991
451,0,0,451,0.0157078017774226,0.030887784034113575,0.0002467350366788002
452,0,0,452,0.015707801777422595,0.024147350867024443,0.00024673503667880023
453,0,0,453,0.015707801777422682,0.027785350382078633,0.00024673503667880234
454,0,0,454,0.015707801777422606,0.03125266717430386,0.0002467350366788007
455,0,1,455,0.01570780177742255,0.029763626017433098,0.00024673503667879904
456,0,0,456,0.015707801777422647,0.020895959312098415,0.00024673503667880213
457,0,0,457,0.01570780177742254,0.022100200711195582,0.00024673503667879866
458,0,0,458,0.01570780177742269,0.023798585962013688,0.0002467350366788034
459,0,0,459,0.015707801777422568,0.02331201792893186,0.00024673503667879947
460,0,1,460,0.01570780177742259,0.020899567364435635,0.0002467350366788002
461,0,0,461,0.0157078017774228,0.024742744204126144,0.0002467350366788068
462,0,0,462,0.01570780177742254,0.024307534997181066,0.00024673503667879866
463,0,1,463,0.015707801777422467,0.031375703036684244,0.00024673503667879644
464,0,1,464,0.015707801777422623,0.02659942614663846,0.0002467350366788008
465,0,0,465,0.015707801777422592,0.026640592737399577,0.00024673503667880023
466,0,0,466,0.01570780177742262,0.029510757441128743,0.00024673503667880077
467,0,0,467,0.015707801777422606,0.022445605395215083,0.0002467350366787998
468,0,1,468,0.01570780177742272,0.027653778184187044,0.00024673503667880424
469,0,0,469,0.01570780177742267,0.030658888069262924,0.0002467350366788018
470,0,0,470,0.015707801777422613,0.02121898351587077,0.0002467350366787998
471,0,0,471,0.015707801777422647,0.02174091662896014,0.000246735036678802
472,0,1,472,0.015707801777422554,0.02839299543563059,0.0002467350366787992
473,0,0,473,0.015707801777422738,0.02774443057426082,0.0002467350366788049
474,0,0,474,0.01570780177742258,0.019971071367022933,0.0002467350366787998
475,0,0,475,0.015707801777422703,0.029029504694873753,0.0002467350366788034
476,0,1,476,0.015707801777422637,0.023781062317276724,0.0002467350366788013
477,0,1,477,0.01570780177742267,0.02577649643766748,0.00024673503667880245
478,0,1,478,0.0157078017774226,0.02429853482176647,0.00024673503667880007
479,0,1,479,0.015707801777422696,0.025755464414913165,0.0002467350366788028
480,0,1,480,0.01570780177742268,0.029192159908018683,0.0002467350366788027
481,0,0,481,0.015707801777422585,0.017489648927625574,0.0002467350366787999
482,0,1,482,0.01570780177742277,0.029819023492850927,0.0002467350366788059
483,0,1,483,0.01570780177742258,0.020398736275393188,0.00024673503667879985
484,0,0,484,0.015707801777422585,0.018017175232779327,0.0002467350366788001
485,0,1,485,0.015707801777422713,0.029693908527962387,0.00024673503667880397
486,0,1,486,0.015707801777422554,0.025922261319492088,0.00024673503667879893
487,0,1,487,0.015707801777422547,0.028644146925832614,0.0002467350366787989
488,0,1,488,0.01570780177742258,0.02004404700918415,0.00024673503667880007
489,0,0,489,0.015707801777422634,0.025246704059991312,0.0002467350366788015
490,0,1,490,0.01570780177742261,0.024075443261771037,0.0002467350366788004
491,0,1,491,0.01570780177742264,0.030992689780563465,0.00024673503667880104
492,0,1,492,0.015707801777422658,0.026816319934755528,0.000246735036678802
493,0,1,493,0.015707801777422595,0.026013522591595964,0.00024673503667879996
494,0,1,494,0.01570780177742257,0.026939937146476828,0.0002467350366787994
495,0,1,495,0.015707801777422755,0.028056006878062256,0.0002467350366788054
496,0,1,496,0.015707801777422634,0.0285233093495654,0.00024673503667880137
497,0,0,497,0.015707801777422578,0.021868600064577706,0.00024673503667880007
498,0,0,498,0.015707801777422585,0.02302768019609044,0.00024673503667879985
499,0,0,499,0.01570780177742269,0.02875993152365,0.00024673503667880327
500,0,1,500,0.01570780177742264,0.025794804378132377,0.0002467350366788017
501,0,1,501,0.01570780177742263,0.030561249320901596,0.00024673503667880115
502,0,0,502,0.015707801777422547,0.028474832370871977,0.00024673503667879877
503,0,1,503,0.015707801777422703,0.029690094627628838,0.00024673503667880365
504,0,1,504,0.015707801777422654,0.027928596707567616,0.0002467350366788024
505,0,1,505,0.01570780177742274,0.02963953180632778,0.00024673503667880446
506,0,0,506,0.015707801777422585,0.022881398209668516,0.0002467350366788002
507,0,1,507,0.01570780177742268,0.027021281752422216,0.0002467350366788031
508,0,0,508,0.01570780177742258,0.026386997091710773,0.00024673503667879985
509,0,1,509,0.01570780177742259,0.022107033568589875,0.0002467350366787994
510,0,1,510,0.015707801777422557,0.029624474053768723,0.00024673503667879915
511,0,0,511,0.01570780177742255,0.02767723502840791,0.0002467350366787991
512,0,0,512,0.015707801777422616,0.026358513400888323,0.00024673503667880034
513,0,0,513,0.015707801777422613,0.02260694297942574,0.00024673503667880094
514,0,1,514,0.015707801777422647,0.024072484740019204,0.0002467350366788022
515,0,0,515,0.015707801777422585,0.01833345161173526,0.0002467350366787999
516,0,1,516,0.015707801777422647,0.022138911944797873,0.000246735036678802
517,0,0,517,0.015707801777422637,0.03034377713976044,0.0002467350366788017
518,0,1,518,0.015707801777422654,0.028942236641940983,0.0002467350366788023
519,0,0,519,0.015707801777422585,0.02363708597476969,0.00024673503667880007
520,0,1,520,0.01570780177742257,0.024885559712827396,0.0002467350366787992
521,0,0,521,0.0157078017774227,0.031403015387446165,0.0002467350366788014
522,0,1,522,0.015707801777422713,0.024874383425220983,0.0002467350366788032
523,0,0,523,0.015707801777422602,0.022287642182769574,0.0002467350366788003
524,0,0,524,0.01570780177742258,0.022231617831737324,0.0002467350366788
525,0,1,525,0.01570780177742268,0.02613589356572224,0.000246735036678803
526,0,1,526,0.015707801777422765,0.030925313967257284,0.0002467350366788057
527,0,1,527,0.015707801777422578,0.02766112348289082,0.0002467350366787995
528,0,1,528,0.015707801777422568,0.024494954176480302,0.0002467350366787996
529,0,0,529,0.015707801777422672,0.031075308593825512,0.0002467350366788023
530,0,0,530,0.015707801777422595,0.020360252768765554,0.00024673503667880007
531,0,1,531,0.015707801777422547,0.02634412710866471,0.0002467350366787987
532,0,1,532,0.01570780177742256,0.0295732026915555,0.0002467350366787993
533,0,0,533,0.01570780177742268,0.028182973483165286,0.000246735036678803
534,0,0,534,0.01570780177742259,0.030447180720878153,0.0002467350366788002
535,0,1,535,0.01570780177742276,0.02759278603674034,0.00024673503667880446
536,0,0,536,0.015707801777422717,0.020119989724340426,0.0002467350366788041
537,0,1,537,0.01570780177742259,0.017064087091938206,0.0002467350366788002
538,0,1,538,0.015707801777422564,0.02863558542351949,0.00024673503667879947
539,0,1,539,0.015707801777422578,0.029043243067055302,0.0002467350366787993
540,0,1,540,0.01570780177742268,0.023869641382362784,0.000246735036678803
541,0,1,541,0.015707801777422658,0.023347033588448148,0.00024673503667880256
542,0,0,542,0.015707801777422578,0.024584707811826673,0.00024673503667879985
543,0,0,543,0.015707801777422585,0.022387460009832987,0.00024673503667879974
544,0,1,544,0.015707801777422682,0.02316870987653398,0.0002467350366788032
545,0,1,545,0.01570780177742264,0.02274584384983415,0.0002467350366788008
546,0,1,546,0.01570780177742274,0.031141984261688127,0.00024673503667880527
547,0,0,547,0.015707801777422672,0.021168116077179062,0.0002467350366788032
548,0,0,548,0.015707801777422627,0.02691623995851314,0.0002467350366788008
549,0,1,549,0.015707801777422585,0.03034310191377193,0.000246735036678799
550,0,0,550,0.015707801777422682,0.02799641290854743,0.00024673503667880283
551,0,0,551,0.015707801777422578,0.027097094047954046,0.0002467350366787999
552,0,1,552,0.015707801777422634,0.028140874104667785,0.00024673503667880186
553,0,0,553,0.015707801777422693,0.023381821641708822,0.00024673503667880234
554,0,1,554,0.015707801777422627,0.028893166202028503,0.00024673503667880077
555,0,0,555,0.015707801777422627,0.028570954881720317,0.00024673503667880164
556,0,1,556,0.015707801777422578,0.02163044644243404,0.00024673503667879974
557,0,0,557,0.01570780177742259,0.025208821349948174,0.00024673503667880007
558,0,1,558,0.015707801777422536,0.026883112661603148,0.00024673503667879855
559,0,0,559,0.015707801777422696,0.02956406591233446,0.00024673503667880267
560,0,1,560,0.015707801777422675,0.01880185658724571,0.0002467350366788029
561,0,0,561,0.015707801777422606,0.021824084983524148,0.0002467350366787998
562,0,0,562,0.01570780177742264,0.02160367156286817,0.0002467350366788019
563,0,0,563,0.015707801777422595,0.0308044171867361,0.0002467350366787998
564,0,0,564,0.015707801777422585,0.02931227939547984,0.00024673503667879963
565,0,1,565,0.01570780177742271,0.02863258242309713,0.0002467350366788039
566,0,1,566,0.015707801777422644,0.021799761752106545,0.0002467350366788019
567,0,1,567,0.01570780177742258,0.020253111841484536,0.00024673503667879996
568,0,0,568,0.01570780177742258,0.030795427310408297,0.00024673503667879974
569,0,0,569,0.015707801777422703,0.02591868313821788,0.00024673503667880343
570,0,0,570,0.015707801777422526,0.02726134808097508,0.0002467350366787983
571,0,0,571,0.015707801777422606,0.02526694929808937,0.0002467350366787998
572,0,0,572,0.01570780177742262,0.02456354885829004,0.0002467350366788015
573,0,0,573,0.015707801777422595,0.02929562021649318,0.0002467350366788005
574,0,1,574,0.015707801777422682,0.030437861688140055,0.0002467350366788029
575,0,0,575,0.01570780177742258,0.023790349600740716,0.0002467350366787999
576,0,0,576,0.015707801777422665,0.028803817686248928,0.0002467350366788018
577,0,1,577,0.015707801777422595,0.02205498366250725,0.00024673503667880045
578,0,1,578,0.015707801777422613,0.024213727826167347,0.0002467350366788003
579,0,1,579,0.015707801777422665,0.030514122639359376,0.00024673503667880267
580,0,1,580,0.0157078017774226,0.022588193016539443,0.0002467350366788004
581,0,0,581,0.015707801777422578,0.026505281210021048,0.0002467350366787999
582,0,0,582,0.015707801777422585,0.025359715256426635,0.0002467350366787997
583,0,0,583,0.015707801777422738,0.03086758876907475,0.00024673503667880473
584,0,0,584,0.015707801777422706,0.02238959012605045,0.00024673503667880386
585,0,1,585,0.015707801777422533,0.028399631353509758,0.00024673503667879844
586,0,0,586,0.01570780177742271,0.030943922533487045,0.00024673503667880397
587,0,0,587,0.01570780177742257,0.020977829290061527,0.00024673503667879974
588,0,0,588,0.01570780177742258,0.029083177492782386,0.0002467350366788
589,0,0,589,0.015707801777422647,0.030527401229832107,0.0002467350366788021
590,0,1,590,0.015707801777422672,0.02123313022105798,0.0002467350366788028
591,0,1,591,0.01570780177742259,0.01919763594315349,0.0002467350366788001
592,0,0,592,0.015707801777422745,0.024473064113948492,0.0002467350366788045
593,0,1,593,0.015707801777422672,0.028854546822818794,0.0002467350366788028
594,0,1,594,0.015707801777422592,0.02486773640574655,0.0002467350366788004
595,0,0,595,0.0157078017774226,0.023884989648451843,0.0002467350366788005
596,0,1,596,0.01570780177742255,0.028863485208475953,0.00024673503667879893
597,0,0,597,0.015707801777422602,0.02981313336170871,0.0002467350366788003
598,0,0,598,0.015707801777422502,0.021454710813111698,0.00024673503667879747
599,0,0,599,0.015707801777422703,0.02194271691090436,0.00024673503667880365
600,0,1,600,0.015707801777422616,0.028576831524667057,0.00024673503667880104
601,0,1,601,0.015707801777422564,0.029166146211360433,0.0002467350366787991
602,0,0,602,0.015707801777422512,0.028323801776666074,0.00024673503667879785
603,0,0,603,0.015707801777422585,0.02675517593291088,0.00024673503667879996
604,0,0,604,0.015707801777422672,0.023270885270678075,0.0002467350366788025
605,0,1,605,0.015707801777422658,0.027784541251780648,0.00024673503667880213
606,0,0,606,0.015707801777422672,0.016767393239975555,0.0002467350366788029
607,0,1,607,0.0157078017774227,0.019828732300961546,0.00024673503667880354
608,0,1,608,0.01570780177742276,0.030418902584760488,0.0002467350366788044
609,0,0,609,0.015707801777422693,0.026558349112958374,0.00024673503667880245
610,0,0,610,0.01570780177742259,0.0199837233674418,0.0002467350366788001
611,0,1,611,0.015707801777422658,0.030600501644188927,0.00024673503667880234
612,0,1,612,0.015707801777422727,0.03074023240382384,0.0002467350366788076
613,0,1,613,0.015707801777422585,0.030092141986765908,0.00024673503667880007
614,0,0,614,0.015707801777422554,0.028030838446483908,0.0002467350366787988
615,0,0,615,0.01570780177742258,0.02270593993276014,0.0002467350366787999
616,0,1,616,0.015707801777422592,0.018304399730413902,0.00024673503667879985
617,0,1,617,0.01570780177742258,0.023362517682756136,0.00024673503667879996
618,0,0,618,0.01570780177742266,0.018480831668265668,0.0002467350366788025
619,0,1,619,0.015707801777422526,0.02252028615305174,0.0002467350366787982
620,0,1,620,0.015707801777422623,0.024509848900028927,0.00024673503667880126
621,0,1,621,0.01570780177742268,0.031294043027049634,0.00024673503667880305
622,0,0,622,0.015707801777422557,0.01901023145996551,0.0002467350366787992
623,0,0,623,0.015707801777422672,0.019536440995926368,0.00024673503667880283
624,0,0,624,0.015707801777422616,0.02184108381682251,0.00024673503667880045
625,0,0,625,0.01570780177742252,0.030648726800363124,0.0002467350366787979
626,0,0,626,0.01570780177742264,0.02801206666374209,0.0002467350366788017
627,0,1,627,0.01570780177742264,0.029453886116644845,0.0002467350366788016
628,0,1,628,0.015707801777422634,0.02839836169867413,0.0002467350366788012
629,0,0,629,0.015707801777422672,0.02390842369555401,0.00024673503667880267
630,0,1,630,0.01570780177742272,0.0309550689202282,0.0002467350366788037
631,0,0,631,0.015707801777422706,0.025229796026775678,0.00024673503667880375
632,0,0,632,0.015707801777422717,0.030142041045670087,0.00024673503667880343
633,0,0,633,0.015707801777422592,0.024177567154896107,0.00024673503667880023
634,0,1,634,0.015707801777422734,0.030234447571500234,0.0002467350366788048
635,0,0,635,0.0157078017774226,0.024243433193098546,0.0002467350366788006
636,0,1,636,0.015707801777422592,0.022894310299697247,0.0002467350366788001
637,0,1,637,0.015707801777422585,0.029926699891322517,0.00024673503667879974
638,0,0,638,0.01570780177742257,0.02255096850063862,0.0002467350366787998
639,0,1,639,0.015707801777422738,0.029769875769763587,0.00024673503667880484
640,0,1,640,0.01570780177742261,0.026557394195298956,0.0002467350366788008
641,0,0,641,0.01570780177742269,0.022274239799301057,0.0002467350366788029
642,0,1,642,0.015707801777422748,0.02860673343788042,0.00024673503667880473
643,0,0,643,0.01570780177742255,0.029923052568480157,0.000246735036678799
644,0,0,644,0.015707801777422592,0.023915704349866874,0.00024673503667880034
645,0,0,645,0.015707801777422634,0.031000814906015417,0.0002467350366788002
646,0,0,646,0.015707801777422585,0.017376634227724574,0.00024673503667879996
647,0,0,647,0.015707801777422623,0.019909746785450648,0.0002467350366788013
648,0,1,648,0.01570780177742257,0.022166398785901965,0.0002467350366787997
649,0,1,649,0.01570780177742261,0.025677823479842793,0.0002467350366788008
650,0,0,650,0.015707801777422585,0.021397481145581744,0.0002467350366788
651,0,1,651,0.01570780177742262,0.03085622134964905,0.0002467350366788014
652,0,0,652,0.01570780177742262,0.027254506246010446,0.0002467350366787996
653,0,1,653,0.01570780177742273,0.031040593990868393,0.0002467350366788046
654,0,1,654,0.0157078017774228,0.03140290337771501,0.000246735036678806
655,0,1,655,0.015707801777422686,0.023177978445628244,0.0002467350366788025
656,0,0,656,0.015707801777422557,0.02943673670498015,0.0002467350366787992
657,0,0,657,0.015707801777422647,0.024424401322669514,0.00024673503667880197
658,0,1,658,0.015707801777422592,0.02859706975274387,0.0002467350366788003
659,0,1,659,0.01570780177742256,0.02614350602378715,0.00024673503667879833
660,0,1,660,0.01570780177742252,0.03132890929403037,0.00024673503667879806
661,0,1,661,0.015707801777422627,0.027933982651650646,0.00024673503667880137
662,0,0,662,0.015707801777422616,0.023946330397369278,0.00024673503667880066
663,0,0,663,0.01570780177742264,0.022437318789913646,0.0002467350366788017
664,0,0,664,0.01570780177742259,0.02030894897770358,0.00024673503667880007
665,0,1,665,0.015707801777422585,0.026894869400373916,0.0002467350366787998
666,0,1,666,0.015707801777422647,0.026547576532280737,0.0002467350366788011
667,0,1,667,0.015707801777422474,0.022532110044538967,0.00024673503667879644
668,0,0,668,0.015707801777422807,0.027722728195990032,0.00024673503667880706
669,0,1,669,0.015707801777422533,0.02303183849965744,0.00024673503667879817
670,0,0,670,0.01570780177742259,0.02166062667365884,0.00024673503667879996
671,0,0,671,0.01570780177742264,0.02237376356828262,0.00024673503667880186
672,0,0,672,0.015707801777422554,0.02952685290668927,0.000246735036678799
673,0,0,673,0.0157078017774226,0.028087918626021585,0.0002467350366788
674,0,1,674,0.015707801777422745,0.0289341279028488,0.0002467350366788046
675,0,1,675,0.015707801777422675,0.019781564338306808,0.0002467350366788029
676,0,1,676,0.015707801777422533,0.02456034133021537,0.0002467350366787985
677,0,0,677,0.015707801777422665,0.025475042522233482,0.00024673503667880234
678,0,1,678,0.015707801777422696,0.029534798956859787,0.00024673503667880294
679,0,1,679,0.01570780177742271,0.021925869716199926,0.00024673503667880375
680,0,1,680,0.015707801777422595,0.023340985589540744,0.00024673503667880045
681,0,0,681,0.015707801777422585,0.02068834412749509,0.00024673503667879996
682,0,1,682,0.015707801777422578,0.019153286547527588,0.00024673503667879996
683,0,0,683,0.015707801777422554,0.020344229271164718,0.0002467350366787989
684,0,0,684,0.015707801777422595,0.0221865216910883,0.00024673503667880034
685,0,1,685,0.015707801777422602,0.02433452024943815,0.0002467350366788006
686,0,0,686,0.015707801777422568,0.020904168785371085,0.0002467350366787996
687,0,1,687,0.015707801777422564,0.027926751870579802,0.0002467350366787997
688,0,1,688,0.015707801777422516,0.028341434338520544,0.00024673503667879795
689,0,0,689,0.015707801777422564,0.02273898964366923,0.00024673503667879947
690,0,1,690,0.015707801777422578,0.017492770148126644,0.0002467350366787999
691,0,0,691,0.01570780177742265,0.022812734194060713,0.0002467350366788022
692,0,1,692,0.0157078017774226,0.026605778343012504,0.0002467350366788005
693,0,0,693,0.01570780177742266,0.030020273240221607,0.00024673503667880186
694,0,1,694,0.01570780177742268,0.01999700053083327,0.00024673503667880305
695,0,0,695,0.015707801777422616,0.026763606209610186,0.00024673503667880104
696,0,1,696,0.015707801777422578,0.025355328153400886,0.00024673503667879985
697,0,0,697,0.015707801777422658,0.020328730425356198,0.00024673503667880234
698,0,1,698,0.01570780177742257,0.025686290818129467,0.00024673503667879974
699,0,0,699,0.015707801777422568,0.024963638130615515,0.0002467350366787995
700,0,0,700,0.015707801777422658,0.025102472721402175,0.0002467350366788018
701,0,0,701,0.01570780177742267,0.028019228124099682,0.0002467350366788028
702,0,0,702,0.015707801777422585,0.01915949064277433,0.00024673503667880007
703,0,1,703,0.015707801777422748,0.027888204708743425,0.000246735036678804
704,0,0,704,0.01570780177742267,0.02952133574557586,0.0002467350366788027
705,0,0,705,0.015707801777422686,0.019238616931796022,0.0002467350366788033
706,0,0,706,0.015707801777422793,0.03075249356713533,0.00024673503667880576
707,0,0,707,0.015707801777422706,0.02947738459089072,0.00024673503667880397
708,0,0,708,0.01570780177742267,0.024115029927820678,0.0002467350366788027
709,0,0,709,0.01570780177742261,0.02556824475373086,0.00024673503667880045
710,0,1,710,0.015707801777422595,0.02756739826920193,0.0002467350366788002
711,0,0,711,0.015707801777422623,0.03128382854116307,0.00024673503667880007
712,0,0,712,0.015707801777422557,0.024272843745738987,0.0002467350366787991
713,0,1,713,0.01570780177742266,0.023972471801542952,0.0002467350366788025
714,0,0,714,0.015707801777422613,0.023391015766015127,0.00024673503667879925
715,0,0,715,0.01570780177742256,0.02872680570626096,0.00024673503667879925
716,0,1,716,0.015707801777422606,0.02644608431259396,0.0002467350366788003
717,0,1,717,0.015707801777422682,0.02451967061096233,0.00024673503667880316
718,0,0,718,0.01570780177742259,0.02713458797497728,0.00024673503667879996
719,0,1,719,0.01570780177742265,0.028902979366756676,0.0002467350366788028
720,0,1,720,0.015707801777422627,0.022960503750898476,0.0002467350366788014
721,0,1,721,0.015707801777422717,0.02617482113926492,0.00024673503667880565
722,0,1,722,0.015707801777422727,0.024879741639464256,0.0002467350366788046
723,0,0,723,0.01570780177742257,0.017503816944796666,0.0002467350366787998
724,0,0,724,0.01570780177742263,0.027768766879202156,0.00024673503667880115
725,0,0,725,0.01570780177742265,0.022808500240332763,0.00024673503667880234
726,0,0,726,0.015707801777422592,0.029295639582668398,0.0002467350366788004
727,0,1,727,0.01570780177742269,0.02977996706148972,0.00024673503667880115
728,0,1,728,0.0157078017774226,0.022949400609643747,0.0002467350366788
729,0,0,729,0.015707801777422776,0.03109406508940643,0.00024673503667880506
730,0,0,730,0.015707801777422654,0.026208173026666365,0.0002467350366788022
731,0,1,731,0.01570780177742257,0.023363173034279275,0.0002467350366787997
732,0,1,732,0.015707801777422616,0.030844389502827252,0.00024673503667880104
733,0,0,733,0.015707801777422568,0.025326553523945555,0.0002467350366787994
734,0,0,734,0.015707801777422634,0.02997730270127702,0.00024673503667880094
735,0,1,735,0.015707801777422564,0.024275224492421366,0.00024673503667879936
736,0,0,736,0.01570780177742266,0.027413870023278025,0.00024673503667880023
737,0,1,737,0.015707801777422616,0.023556277818033586,0.000246735036678801
738,0,0,738,0.01570780177742268,0.022853463423280845,0.000246735036678803
739,0,0,739,0.015707801777422536,0.019323183942912117,0.00024673503667879866
740,0,0,740,0.0157078017774225,0.027785445598368125,0.00024673503667879747
741,0,0,741,0.015707801777422682,0.02955205916403747,0.00024673503667880316
742,0,0,742,0.01570780177742259,0.025034072450503236,0.0002467350366787997
743,0,1,743,0.01570780177742263,0.023824815734998075,0.0002467350366788016
744,0,1,744,0.01570780177742252,0.021284164045566607,0.0002467350366787979
745,0,0,745,0.015707801777422665,0.02653004996995703,0.0002467350366788019
746,0,0,746,0.015707801777422727,0.02992478053492975,0.0002467350366788041
747,0,0,747,0.015707801777422693,0.027811857828752173,0.0002467350366788035
748,0,0,748,0.015707801777422578,0.016399465075493072,0.00024673503667879985
749,0,1,749,0.015707801777422585,0.02859062221078157,0.00024673503667879974
750,0,1,750,0.015707801777422738,0.027975692125906143,0.0002467350366788047
751,0,1,751,0.015707801777422592,0.025395978071414804,0.00024673503667880023
752,0,1,752,0.015707801777422536,0.02481272453391689,0.00024673503667879855
753,0,1,753,0.015707801777422602,0.025709433978525653,0.0002467350366788005
754,0,1,754,0.015707801777422634,0.02518736933030466,0.0002467350366788017
755,0,1,755,0.015707801777422734,0.02195283271742711,0.00024673503667880506
756,0,1,756,0.015707801777422686,0.029034859054288903,0.00024673503667880283
757,0,0,757,0.01570780177742257,0.024277312591973355,0.00024673503667879963
758,0,0,758,0.015707801777422644,0.02517417421533498,0.0002467350366788006
759,0,1,759,0.015707801777422696,0.02467281640343799,0.00024673503667880305
760,0,1,760,0.01570780177742253,0.03134583985806655,0.00024673503667879833
761,0,1,761,0.015707801777422613,0.03075012048792375,0.0002467350366788005
762,0,1,762,0.015707801777422627,0.025019307229742882,0.00024673503667880137
763,0,1,763,0.0157078017774227,0.019944748204814004,0.00024673503667880365
764,0,1,764,0.01570780177742257,0.031014348593396468,0.0002467350366787994
765,0,1,765,0.015707801777422706,0.021270290017899467,0.00024673503667880397
766,0,0,766,0.015707801777422536,0.023154188501023874,0.0002467350366787983
767,0,1,767,0.01570780177742257,0.02524302023745413,0.00024673503667879974
768,0,1,768,0.01570780177742261,0.03071205101418123,0.00024673503667880077
769,0,0,769,0.0157078017774226,0.022850983133933342,0.00024673503667880045
770,0,0,770,0.015707801777422627,0.02239367061969111,0.0002467350366788008
771,0,1,771,0.015707801777422644,0.02396687072952587,0.0002467350366788019
772,0,0,772,0.01570780177742258,0.020330367127732347,0.00024673503667879996
773,0,0,773,0.01570780177742259,0.018059007479980176,0.00024673503667879996
774,0,0,774,0.015707801777422644,0.022741756673027774,0.00024673503667880186
775,0,0,775,0.015707801777422606,0.02257580188915746,0.00024673503667880066
776,0,0,776,0.01570780177742257,0.020865387509898317,0.0002467350366787997
777,0,1,777,0.015707801777422654,0.03111594726682093,0.0002467350366788024
778,0,0,778,0.01570780177742272,0.0299243259903193,0.00024673503667880386
779,0,0,779,0.01570780177742259,0.018711624254366357,0.00024673503667879996
780,0,0,780,0.01570780177742264,0.029208926682082526,0.00024673503667880197
781,0,1,781,0.015707801777422727,0.026666034090914226,0.0002467350366788045
782,0,0,782,0.01570780177742255,0.029739197339390178,0.0002467350366787992
783,0,0,783,0.01570780177742259,0.02998187947320763,0.0002467350366788002
784,0,1,784,0.015707801777422696,0.02695895955974348,0.00024673503667880354
785,0,0,785,0.01570780177742265,0.026202021062981307,0.0002467350366788021
786,0,0,786,0.015707801777422595,0.02003731559060978,0.0002467350366788005
787,0,0,787,0.015707801777422703,0.028309118933411648,0.0002467350366788034
788,0,1,788,0.0157078017774226,0.01998722259506292,0.0002467350366788001
789,0,1,789,0.015707801777422613,0.020029570703291345,0.00024673503667879996
790,0,0,790,0.015707801777422585,0.01795158448782898,0.00024673503667879996
791,0,1,791,0.0157078017774226,0.031130546673991843,0.0002467350366788005
792,0,1,792,0.01570780177742258,0.0223989514247378,0.0002467350366788
793,0,0,793,0.015707801777422637,0.024248664226779987,0.0002467350366788017
794,0,0,794,0.015707801777422658,0.019394264650284085,0.0002467350366788024
795,0,1,795,0.015707801777422578,0.027197130700543304,0.00024673503667879974
796,0,0,796,0.015707801777422613,0.021768592067002872,0.00024673503667880094
797,0,1,797,0.015707801777422713,0.02188916990173971,0.0002467350366788032
798,0,0,798,0.015707801777422672,0.027459310221723043,0.0002467350366788028
799,0,1,799,0.015707801777422637,0.025360601511946662,0.0002467350366788018
800,0,1,800,0.01570780177742259,0.026666650979469658,0.00024673503667880023
801,0,1,801,0.015707801777422783,0.029578765841965615,0.0002467350366788056
802,0,1,802,0.0157078017774226,0.024768818101853912,0.00024673503667880077
803,0,1,803,0.015707801777422627,0.030827215141655373,0.0002467350366788013
804,0,0,804,0.01570780177742266,0.02114173179016093,0.00024673503667880256
805,0,0,805,0.015707801777422627,0.02480677323702893,0.00024673503667879985
806,0,0,806,0.01570780177742258,0.02707150236548128,0.0002467350366787999
807,0,0,807,0.015707801777422585,0.025390516762060195,0.0002467350366788
808,0,1,808,0.015707801777422568,0.023058770984588528,0.0002467350366787996
809,0,1,809,0.01570780177742257,0.020797162933564636,0.00024673503667879963
810,0,1,810,0.015707801777422647,0.02864443234412417,0.00024673503667880213
811,0,0,811,0.015707801777422672,0.03042671919127571,0.0002467350366788022
812,0,1,812,0.015707801777422693,0.026758707658376762,0.0002467350366788035
813,0,1,813,0.015707801777422814,0.025014341050334232,0.0002467350366788074
814,0,1,814,0.015707801777422568,0.027479777824884588,0.0002467350366787988
815,0,0,815,0.015707801777422724,0.027458423848588737,0.0002467350366788043
816,0,0,816,0.015707801777422675,0.030546627468224286,0.0002467350366788028
817,0,1,817,0.01570780177742255,0.027128727424015092,0.00024673503667879893
818,0,1,818,0.015707801777422672,0.023271360426545665,0.0002467350366788028
819,0,0,819,0.01570780177742257,0.02739701425677543,0.0002467350366787994
820,0,0,820,0.015707801777422595,0.028109290302317652,0.0002467350366788005
821,0,1,821,0.015707801777422543,0.02340477661378975,0.00024673503667879877
822,0,0,822,0.015707801777422536,0.026752667226694588,0.00024673503667879817
823,0,0,823,0.01570780177742266,0.02232608676154195,0.000246735036678802
824,0,1,824,0.015707801777422755,0.026032206384591333,0.0002467350366788059
825,0,1,825,0.015707801777422616,0.0211930162859266,0.0002467350366788008
826,0,1,826,0.015707801777422634,0.02782094628829923,0.0002467350366788016
827,0,0,827,0.015707801777422602,0.020911535912248678,0.00024673503667880066
828,0,1,828,0.01570780177742265,0.024531569223468108,0.0002467350366788021
829,0,1,829,0.015707801777422595,0.021858787067782055,0.0002467350366788002
830,0,1,830,0.01570780177742257,0.02705033713784899,0.00024673503667879925
831,0,1,831,0.015707801777422564,0.018058426631038703,0.00024673503667879925
832,0,0,832,0.0157078017774226,0.03027900003986589,0.0002467350366788004
833,0,1,833,0.015707801777422654,0.02385489467189303,0.0002467350366788023
834,0,0,834,0.015707801777422595,0.020160881083522895,0.0002467350366788004
835,0,1,835,0.015707801777422658,0.029443497524345663,0.00024673503667880234
836,0,0,836,0.015707801777422654,0.024616692655608022,0.0002467350366788023
837,0,1,837,0.01570780177742255,0.022776306418777266,0.000246735036678799
838,0,1,838,0.015707801777422578,0.02250840636176997,0.00024673503667879985
839,0,0,839,0.015707801777422675,0.026266175692424953,0.00024673503667880267
840,0,0,840,0.015707801777422595,0.025078022512229278,0.0002467350366788003
841,0,0,841,0.015707801777422592,0.02602263206923104,0.0002467350366788005
842,0,0,842,0.0157078017774226,0.02782978313887549,0.00024673503667879855
843,0,1,843,0.015707801777422637,0.027318014474682906,0.0002467350366788037
844,0,0,844,0.01570780177742259,0.028375555466532615,0.0002467350366787997
845,0,1,845,0.015707801777422686,0.024496136103307045,0.00024673503667880267
846,0,0,846,0.015707801777422502,0.02566220877779314,0.00024673503667879725
847,0,1,847,0.015707801777422443,0.025556197069212944,0.0002467350366787959
848,0,1,848,0.015707801777422564,0.024003520000485556,0.00024673503667879936
849,0,1,849,0.015707801777422634,0.02670471133750793,0.0002467350366788001
850,0,1,850,0.015707801777422734,0.022133448238582126,0.0002467350366788048
851,0,0,851,0.01570780177742266,0.02422349695139761,0.0002467350366788025
852,0,0,852,0.01570780177742257,0.030798325697863727,0.00024673503667879963
853,0,1,853,0.01570780177742261,0.022945164948861223,0.00024673503667880094
854,0,1,854,0.015707801777422637,0.029941969968187376,0.00024673503667880094
855,0,1,855,0.01570780177742254,0.02273023478593232,0.0002467350366787986
856,0,0,856,0.015707801777422713,0.021820041005281732,0.0002467350366788041
857,0,0,857,0.015707801777422627,0.02466073017215871,0.0002467350366788027
858,0,1,858,0.015707801777422592,0.02382204390714246,0.0002467350366788003
859,0,1,859,0.01570780177742257,0.023311172754954014,0.00024673503667879925
860,0,0,860,0.015707801777422606,0.023009187962385852,0.0002467350366788006
861,0,0,861,0.015707801777422592,0.0289289272114977,0.0002467350366788003
862,0,0,862,0.01570780177742262,0.031150011784816023,0.00024673503667880115
863,0,0,863,0.015707801777422526,0.030956865598206873,0.0002467350366787983
864,0,0,864,0.015707801777422554,0.030690983327456123,0.00024673503667879833
865,0,1,865,0.015707801777422613,0.02738214591254251,0.0002467350366788005
866,0,1,866,0.015707801777422686,0.024212465093189375,0.0002467350366788033
867,0,0,867,0.01570780177742256,0.027051442846199147,0.0002467350366787992
868,0,1,868,0.015707801777422616,0.028040975462508694,0.0002467350366788003
869,0,0,869,0.015707801777422606,0.02479895782755502,0.0002467350366787995
870,0,1,870,0.015707801777422578,0.024374655237699994,0.0002467350366787997
871,0,1,871,0.01570780177742262,0.02723294349532998,0.0002467350366788006
872,0,0,872,0.015707801777422592,0.0235471289930045,0.0002467350366788001
873,0,0,873,0.015707801777422602,0.019247332371496957,0.00024673503667880056
874,0,0,874,0.015707801777422568,0.02287458882649976,0.0002467350366787994
875,0,0,875,0.01570780177742252,0.0272025917813771,0.0002467350366787983
876,0,0,876,0.01570780177742256,0.020822124345617372,0.00024673503667879936
877,0,1,877,0.015707801777422568,0.02237513518716179,0.00024673503667879963
878,0,0,878,0.015707801777422654,0.029331937291825594,0.00024673503667880153
879,0,0,879,0.015707801777422627,0.0292348326467457,0.00024673503667880137
880,0,0,880,0.015707801777422557,0.02555819922216808,0.00024673503667879915
881,0,1,881,0.01570780177742274,0.02995815108781935,0.0002467350366788048
882,0,0,882,0.015707801777422627,0.029362371863112247,0.00024673503667880137
883,0,0,883,0.015707801777422693,0.02483857944612522,0.00024673503667880386
884,0,0,884,0.015707801777422533,0.02285157021477692,0.0002467350366787985
885,0,0,885,0.015707801777422564,0.02627640339703588,0.0002467350366787993
886,0,0,886,0.01570780177742267,0.024576561834411287,0.0002467350366788026
887,0,1,887,0.01570780177742261,0.02870116503574574,0.00024673503667880066
888,0,0,888,0.01570780177742265,0.030220166418585437,0.0002467350366788017
889,0,0,889,0.015707801777422654,0.029955654900240325,0.0002467350366788022
890,0,1,890,0.015707801777422613,0.021476175338673985,0.00024673503667880094
891,0,0,891,0.015707801777422724,0.021146956890352505,0.00024673503667880413
892,0,1,892,0.015707801777422568,0.028869547874113416,0.0002467350366787993
893,0,0,893,0.01570780177742257,0.01629320836768142,0.0002467350366787998
894,0,1,894,0.01570780177742257,0.02577866704600805,0.0002467350366787998
895,0,0,895,0.015707801777422585,0.020181202116415754,0.00024673503667880007
896,0,0,896,0.01570780177742252,0.030805145424621982,0.00024673503667879714
897,0,1,897,0.01570780177742267,0.02179160456808651,0.0002467350366788027
898,0,0,898,0.015707801777422654,0.025028597106887415,0.00024673503667880234
899,0,1,899,0.01570780177742266,0.028741805109913365,0.0002467350366788029
900,0,0,900,0.01570780177742259,0.024769743940157088,0.0002467350366788002
901,0,1,901,0.015707801777422557,0.030619564367281193,0.00024673503667879925
902,0,0,902,0.015707801777422634,0.023957767454085344,0.00024673503667880164
903,0,0,903,0.01570780177742263,0.026952133511394555,0.00024673503667880077
904,0,1,904,0.01570780177742258,0.020074370540178472,0.00024673503667879996
905,0,1,905,0.015707801777422623,0.03069315551670304,0.00024673503667880115
906,0,1,906,0.01570780177742251,0.026261996384818076,0.00024673503667879725
907,0,0,907,0.015707801777422644,0.023731447316455184,0.0002467350366788018
908,0,0,908,0.015707801777422776,0.02656170026353638,0.0002467350366788055
909,0,1,909,0.015707801777422644,0.030177943917456318,0.0002467350366788024
910,0,1,910,0.015707801777422592,0.027103860912980476,0.00024673503667880034
911,0,0,911,0.01570780177742257,0.023633535632104463,0.0002467350366787996
912,0,1,912,0.015707801777422554,0.023022739573326026,0.000246735036678799
913,0,0,913,0.01570780177742262,0.02221008794468528,0.00024673503667879974
914,0,1,914,0.015707801777422557,0.028891159525567978,0.0002467350366787992
915,0,0,915,0.01570780177742266,0.031117484394192763,0.0002467350366788024
916,0,1,916,0.015707801777422595,0.024977056666168826,0.00024673503667880023
917,0,1,917,0.015707801777422578,0.02301577657521344,0.00024673503667879996
918,0,1,918,0.015707801777422682,0.023510248704080583,0.00024673503667880283
919,0,0,919,0.015707801777422602,0.030437572663222112,0.0002467350366788006
920,0,0,920,0.01570780177742259,0.02253535639174141,0.00024673503667880007
921,0,0,921,0.015707801777422557,0.029033286990314655,0.00024673503667879877
922,0,1,922,0.01570780177742266,0.03095796634692588,0.00024673503667880186
923,0,1,923,0.0157078017774226,0.020534267027851588,0.00024673503667880034
924,0,0,924,0.015707801777422675,0.024867791359111602,0.00024673503667880234
925,0,0,925,0.015707801777422675,0.017509774643961508,0.0002467350366788029
926,0,0,926,0.015707801777422623,0.024516599489306068,0.00024673503667880126
927,0,1,927,0.015707801777422585,0.02425012043349578,0.00024673503667880007
928,0,1,928,0.015707801777422675,0.018604554049153735,0.0002467350366788029
929,0,1,929,0.015707801777422585,0.02438282642488472,0.0002467350366788
930,0,0,930,0.015707801777422772,0.027726651625319954,0.00024673503667880576
931,0,0,931,0.015707801777422536,0.026046754487039026,0.00024673503667879844
932,0,0,932,0.01570780177742256,0.027319840559151237,0.00024673503667879936
933,0,0,933,0.01570780177742276,0.029105782058813034,0.00024673503667880506
934,0,1,934,0.015707801777422627,0.03021608068185,0.0002467350366788011
935,0,1,935,0.015707801777422682,0.019211165829880406,0.0002467350366788032
936,0,1,936,0.015707801777422477,0.02989293582743452,0.0002467350366787967
937,0,0,937,0.015707801777422665,0.023328346498561886,0.00024673503667880256
938,0,1,938,0.015707801777422557,0.02458026567070236,0.0002467350366787993
939,0,0,939,0.01570780177742269,0.02685712131281301,0.0002467350366788032
940,0,0,940,0.015707801777422602,0.026766043544973778,0.00024673503667880066
941,0,0,941,0.01570780177742265,0.02623870672437878,0.00024673503667880197
942,0,1,942,0.015707801777422772,0.031217105517830968,0.00024673503667880603
943,0,0,943,0.015707801777422585,0.01822815616252955,0.0002467350366788002
944,0,1,944,0.01570780177742259,0.0194474696863889,0.0002467350366788
945,0,1,945,0.015707801777422554,0.02911294780962556,0.0002467350366787988
946,0,0,946,0.015707801777422592,0.019625071256087166,0.00024673503667880034
947,0,0,947,0.015707801777422724,0.030336806398800653,0.00024673503667880435
948,0,0,948,0.01570780177742266,0.023825463194469945,0.000246735036678802
949,0,0,949,0.01570780177742265,0.027412682355999224,0.0002467350366788019
950,0,0,950,0.015707801777422505,0.024321543844178006,0.0002467350366787976
951,0,0,951,0.015707801777422526,0.0217369312478499,0.0002467350366787982
952,0,1,952,0.015707801777422686,0.024922767790245076,0.000246735036678803
953,0,1,953,0.01570780177742266,0.030967642955756935,0.00024673503667880256
954,0,0,954,0.015707801777422568,0.024190196975216613,0.0002467350366787985
955,0,1,955,0.01570780177742268,0.026215085067309435,0.0002467350366788029
956,0,0,956,0.01570780177742262,0.025416171084892733,0.00024673503667880115
957,0,1,957,0.01570780177742252,0.026818733087009827,0.00024673503667879833
958,0,1,958,0.01570780177742269,0.028825572283738027,0.0002467350366788028
959,0,0,959,0.015707801777422606,0.02142257082523004,0.0002467350366788007
960,0,0,960,0.015707801777422578,0.02286442575811335,0.0002467350366787998
961,0,1,961,0.015707801777422627,0.023514435601321305,0.0002467350366788015
962,0,1,962,0.01570780177742259,0.017164394051058716,0.00024673503667879996
963,0,1,963,0.015707801777422613,0.02590822243318519,0.00024673503667880094
964,0,0,964,0.015707801777422606,0.025712893742609946,0.0002467350366788007
965,0,1,965,0.015707801777422606,0.02764721674094206,0.00024673503667879963
966,0,0,966,0.015707801777422602,0.023592643828697538,0.0002467350366788004
967,0,0,967,0.015707801777422658,0.018691312657154385,0.00024673503667880213
968,0,0,968,0.015707801777422623,0.0276129862267169,0.00024673503667880115
969,0,1,969,0.01570780177742264,0.02235569402275934,0.00024673503667880175
970,0,0,970,0.015707801777422606,0.029066761857528545,0.0002467350366788009
971,0,0,971,0.01570780177742257,0.0301017163409954,0.0002467350366787995
972,0,0,972,0.01570780177742258,0.023381794760874645,0.0002467350366788001
973,0,0,973,0.01570780177742267,0.023591911109112317,0.0002467350366788029
974,0,0,974,0.015707801777422686,0.02457569085290713,0.0002467350366788033
975,0,0,975,0.015707801777422772,0.02640816569172061,0.0002467350366788059
976,0,0,976,0.01570780177742258,0.028988197905659985,0.00024673503667879963
977,0,0,977,0.015707801777422665,0.023415280024822065,0.00024673503667880234
978,0,1,978,0.01570780177742266,0.025487491289922684,0.0002467350366788023
979,0,1,979,0.015707801777422568,0.026992608376906396,0.0002467350366787996
980,0,1,980,0.015707801777422533,0.027679134862448135,0.0002467350366787985
981,0,0,981,0.015707801777422578,0.026944712590069864,0.0002467350366787993
982,0,0,982,0.01570780177742258,0.019423897767419266,0.0002467350366788
983,0,0,983,0.015707801777422568,0.027013866873550035,0.00024673503667879947
984,0,0,984,0.015707801777422672,0.02560868344575845,0.0002467350366788029
985,0,0,985,0.015707801777422585,0.01725960213067245,0.0002467350366788002
986,0,0,986,0.015707801777422602,0.027973218399615557,0.00024673503667880094
987,0,1,987,0.01570780177742259,0.017192288503639203,0.00024673503667880007
988,0,0,988,0.015707801777422682,0.023449654847898398,0.0002467350366788034
989,0,1,989,0.015707801777422724,0.028717687315165746,0.0002467350366788045
990,0,1,990,0.015707801777422564,0.026681726969651043,0.00024673503667879936
991,0,1,991,0.015707801777422616,0.025551559277248503,0.00024673503667880056
992,0,0,992,0.01570780177742264,0.024556949559668903,0.00024673503667880066
993,0,1,993,0.01570780177742267,0.024596429201825032,0.00024673503667880267
994,0,1,994,0.01570780177742257,0.02058810532934985,0.00024673503667879974
995,0,0,995,1.9999383152895795,2.6171665931692094,0.00024673503667881676
996,0,1,996,0.015707801777422578,0.022179061237402264,0.0002467350366787999
997,0,0,997,0.015707801777422627,0.02005682743116536,0.0002467350366788002
998,0,1,998,0.015707801777422585,0.02083106773466401,0.00024673503667880007
999,0,0,999,0.0157078017774226,0.02721150374634676,0.0002467350366787998
