,Layer,Qubit,Run,2-Norm,Trace Norm,Diamond Norm
0,0,1,0,0.0031415913616618303,0.00497826234128558,9.869596283668276e-06
1,0,1,1,0.003141591361661644,0.005946973359324592,9.869596283667064e-06
2,0,0,2,0.00314159136166156,0.006023485098623105,9.86959628366653e-06
3,0,1,3,0.0031415913616617574,0.003705906665166745,9.869596283667773e-06
4,0,1,4,0.0031415913616617093,0.005385653203276025,9.869596283667455e-06
5,0,0,5,0.0031415913616615427,0.006097583081982438,9.869596283666565e-06
6,0,1,6,0.0031415913616617995,0.004625369309018239,9.869596283668034e-06
7,0,1,7,0.0031415913616617813,0.005529806650498376,9.869596283668005e-06
8,0,1,8,0.0031415913616616824,0.0045918219479406,9.869596283667302e-06
9,0,1,9,0.003141591361661546,0.004816235947945863,9.869596283666569e-06
10,0,1,10,0.003141591361661647,0.004863754055775188,9.869596283667079e-06
11,0,1,11,0.0031415913616615583,0.005090032378321369,9.869596283666484e-06
12,0,0,12,0.0031415913616618003,0.0042817222137359195,9.869596283668043e-06
13,0,0,13,0.003141591361661785,0.004579474237131127,9.869596283667941e-06
14,0,0,14,0.0031415913616615722,0.005374442446467925,9.869596283666608e-06
15,0,0,15,0.0031415913616616507,0.005887066221849202,9.869596283667106e-06
16,0,1,16,0.0031415913616617843,0.005086030922729717,9.869596283667912e-06
17,0,1,17,0.003141591361661747,0.00457191029850627,9.869596283667709e-06
18,0,1,18,0.0031415913616615722,0.004463080229490796,9.869596283666601e-06
19,0,0,19,0.003141591361661557,0.003754824929210902,9.869596283666518e-06
20,0,0,20,0.0031415913616617873,0.0049476319574018185,9.869596283668087e-06
21,0,1,21,0.003141591361661847,0.004392251807691899,9.869596283668332e-06
22,0,0,22,0.003141591361661806,0.004720877183474449,9.869596283668082e-06
23,0,1,23,0.003141591361661859,0.005813413386869193,9.869596283668405e-06
24,0,1,24,0.003141591361661868,0.00554987388342032,9.86959628366856e-06
25,0,1,25,0.003141591361661788,0.006024467046618576,9.869596283668127e-06
26,0,0,26,0.003141591361661569,0.005194246411538622,9.869596283666591e-06
27,0,0,27,0.003141591361661809,0.005510937575657793,9.86959628366812e-06
28,0,0,28,0.0031415913616617574,0.005223967160392307,9.869596283667753e-06
29,0,1,29,0.003141591361661578,0.004993103093609785,9.869596283666735e-06
30,0,1,30,0.0031415913616615874,0.00429860880918926,9.8695962836668e-06
31,0,1,31,0.003141591361661629,0.005634518577362496,9.869596283666957e-06
32,0,1,32,0.0031415913616615163,0.005660787531542477,9.869596283666384e-06
33,0,1,33,0.0031415913616617834,0.0037982567074614365,9.869596283667917e-06
34,0,1,34,0.003141591361661577,0.005010015550319338,9.869596283666767e-06
35,0,1,35,0.00314159136166175,0.004600438709150542,9.86959628366775e-06
36,0,0,36,0.003141591361661656,0.006010108805234116,9.869596283667141e-06
37,0,1,37,0.0031415913616616256,0.005355761894218797,9.86959628366694e-06
38,0,0,38,0.00314159136166179,0.004915864050266422,9.869596283667946e-06
39,0,1,39,0.003141591361661789,0.004270287871692473,9.86959628366818e-06
40,0,0,40,0.003141591361661785,0.0050380819204888655,9.869596283667982e-06
41,0,1,41,0.0031415913616615657,0.005830381158790254,9.869596283666572e-06
42,0,0,42,0.0031415913616617518,0.004450680070534591,9.869596283667709e-06
43,0,1,43,0.003141591361661762,0.004351052895237455,9.869596283667794e-06
44,0,0,44,0.003141591361661578,0.004558101452322848,9.869596283666601e-06
45,0,1,45,0.003141591361661727,0.005949686641459229,9.869596283667717e-06
46,0,0,46,0.0031415913616617613,0.005262929163512203,9.869596283667799e-06
47,0,1,47,0.003141591361661794,0.004767199978571397,9.869596283668004e-06
48,0,1,48,0.0031415913616617878,0.004666078500703746,9.869596283667919e-06
49,0,0,49,0.0031415913616616993,0.005846677027554731,9.869596283667402e-06
50,0,1,50,0.0031415913616616073,0.005833192212564953,9.869596283666826e-06
51,0,1,51,0.00314159136166162,0.005944126221010537,9.869596283666942e-06
52,0,0,52,0.003141591361661577,0.0047394247235326495,9.869596283666784e-06
53,0,1,53,0.0031415913616617787,0.004746742726594769,9.86959628366807e-06
54,0,1,54,0.0031415913616616364,0.005596166739784858,9.869596283667014e-06
55,0,1,55,0.00314159136166178,0.004719085906888104,9.869596283667904e-06
56,0,0,56,0.003141591361661731,0.0058158463066596555,9.869596283667606e-06
57,0,1,57,0.0031415913616616065,0.005594818508143418,9.869596283666723e-06
58,0,1,58,0.003141591361661782,0.004008652502483754,9.869596283667934e-06
59,0,1,59,0.003141591361661643,0.005309290252738685,9.869596283667096e-06
60,0,0,60,0.0031415913616615705,0.005720373107248822,9.869596283666774e-06
61,0,0,61,0.0031415913616615757,0.004885013595933865,9.869596283666604e-06
62,0,0,62,0.0031415913616618485,0.004940299811381249,9.869596283668344e-06
63,0,1,63,0.0031415913616617782,0.004518105128661715,9.869596283667889e-06
64,0,1,64,0.0031415913616618225,0.003929674009457901,9.869596283668187e-06
65,0,0,65,0.003141591361661593,0.0061612832726295474,9.869596283666923e-06
66,0,1,66,0.0031415913616616325,0.00583778815492339,9.86959628366699e-06
67,0,0,67,0.003141591361661661,0.006183276418596784,9.869596283667172e-06
68,0,1,68,0.003141591361661762,0.004294698785032157,9.869596283667885e-06
69,0,0,69,0.0031415913616615466,0.005658730467728329,9.869596283666418e-06
70,0,0,70,0.003141591361661676,0.005861259855525602,9.869596283667263e-06
71,0,1,71,0.0031415913616618346,0.006164923974721737,9.869596283668261e-06
72,0,0,72,0.0031415913616616923,0.00447572672497186,9.869596283667357e-06
73,0,1,73,0.0031415913616617765,0.0034378148612856105,9.869596283667887e-06
74,0,1,74,0.0031415913616615683,0.0038591690382050667,9.869596283666579e-06
75,0,1,75,0.003141591361661799,0.004308960894409384,9.869596283668029e-06
76,0,1,76,0.0031415913616618264,0.0060157387414916386,9.869596283668207e-06
77,0,0,77,0.003141591361661911,0.006191644574715327,9.869596283668739e-06
78,0,0,78,0.0031415913616615184,0.0046138894887388995,9.86959628366626e-06
79,0,1,79,0.00314159136166175,0.0055453486107559236,9.869596283667761e-06
80,0,1,80,0.003141591361661641,0.00572654102652978,9.869596283667045e-06
81,0,0,81,0.003141591361661504,0.005883063840273373,9.869596283666176e-06
82,0,0,82,0.0031415913616615588,0.005233395750817077,9.86959628366653e-06
83,0,0,83,0.003141591361661602,0.0043841913075855984,9.869596283666796e-06
84,0,0,84,0.003141591361661791,0.003934666808950457,9.869596283667951e-06
85,0,1,85,0.003141591361661765,0.00618115016918247,9.869596283667836e-06
86,0,1,86,0.003141591361661518,0.004740158750542088,9.869596283666269e-06
87,0,0,87,0.003141591361661828,0.005201960555946933,9.86959628366817e-06
88,0,1,88,0.0031415913616617856,0.004456276563217169,9.86959628366795e-06
89,0,1,89,0.003141591361661794,0.005725209138065512,9.869596283667919e-06
90,0,1,90,0.0031415913616615527,0.005743035134178731,9.869596283666615e-06
91,0,1,91,0.003141591361661825,0.005742510255154487,9.869596283668336e-06
92,0,0,92,0.0031415913616618233,0.006100029906016824,9.86959628366816e-06
93,0,0,93,0.0031415913616616503,0.005818036976992569,9.8695962836671e-06
94,0,1,94,0.0031415913616617192,0.004315380750263198,9.869596283667531e-06
95,0,0,95,0.0031415913616618346,0.00520341437001165,9.869596283668263e-06
96,0,0,96,0.003141591361661595,0.00466420256572142,9.86959628366672e-06
97,0,1,97,0.003141591361661535,0.004762034558176358,9.869596283666379e-06
98,0,0,98,0.0031415913616616,0.005922159673603489,9.869596283666764e-06
99,0,1,99,0.0031415913616616884,0.004276180905626221,9.86959628366733e-06
100,0,1,100,0.0031415913616617383,0.00455819063272956,9.869596283667648e-06
101,0,0,101,0.003141591361661838,0.0061725900947927625,9.869596283668332e-06
102,0,0,102,0.003141591361661815,0.004854029576535621,9.869596283668132e-06
103,0,1,103,0.003141591361661765,0.004557883462654962,9.869596283667814e-06
104,0,1,104,0.0031415913616617865,0.00364628722093351,9.869596283667956e-06
105,0,0,105,0.00314159136166179,0.003738480418420584,9.869596283667968e-06
106,0,0,106,0.0031415913616617947,0.0046713654297843785,9.869596283667982e-06
107,0,0,107,0.0031415913616618454,0.0049183751158425465,9.869596283668243e-06
108,0,1,108,0.0031415913616616928,0.004450307833359927,9.869596283667357e-06
109,0,1,109,0.0031415913616617986,0.005135142690856492,9.869596283668066e-06
110,0,0,110,0.003141591361661809,0.004556366007488245,9.86959628366809e-06
111,0,0,111,0.0031415913616617947,0.004335376207269204,9.86959628366795e-06
112,0,0,112,0.0031415913616615982,0.004496901493449952,9.869596283666762e-06
113,0,1,113,0.003141591361661796,0.005445308736886784,9.869596283668097e-06
114,0,0,114,0.0031415913616619153,0.004651945758805835,9.869596283668763e-06
115,0,0,115,0.0031415913616617396,0.005701145111062067,9.86959628366786e-06
116,0,0,116,0.0031415913616615865,0.005961521055690144,9.869596283666698e-06
117,0,1,117,0.0031415913616617535,0.005695665781020126,9.869596283667745e-06
118,0,1,118,0.003141591361661796,0.004852499562365234,9.869596283668033e-06
119,0,0,119,0.0031415913616617327,0.00617397052615698,9.869596283667758e-06
120,0,1,120,0.0031415913616617635,0.004699036666367895,9.869596283667917e-06
121,0,0,121,0.003141591361661769,0.004641581976952275,9.869596283668024e-06
122,0,1,122,0.0031415913616617826,0.004945398706343251,9.869596283667889e-06
123,0,0,123,0.0031415913616616277,0.005375839950568673,9.869596283666965e-06
124,0,0,124,0.003141591361661874,0.004465408877568695,9.869596283668507e-06
125,0,1,125,0.0031415913616616017,0.005904013698176391,9.869596283666813e-06
126,0,0,126,0.0031415913616615666,0.003742414992272557,9.869596283666576e-06
127,0,1,127,0.0031415913616616906,0.004974324140110162,9.869596283667353e-06
128,0,0,128,0.0031415913616615575,0.005696909192701494,9.869596283666518e-06
129,0,0,129,0.003141591361661787,0.00447436287711073,9.869596283668075e-06
130,0,0,130,0.0031415913616616212,0.005897660496575974,9.869596283666925e-06
131,0,1,131,0.0031415913616615926,0.005764141206776985,9.8695962836667e-06
132,0,0,132,0.0031415913616615475,0.004454771929931552,9.869596283666454e-06
133,0,0,133,0.003141591361661844,0.0054162339165146345,9.869596283668317e-06
134,0,1,134,0.003141591361661769,0.004865037225093433,9.869596283667889e-06
135,0,0,135,0.0031415913616615527,0.004635496188479485,9.869596283666701e-06
136,0,0,136,0.003141591361661753,0.0061195769362383245,9.869596283667768e-06
137,0,0,137,0.0031415913616617557,0.004963123769627056,9.869596283667738e-06
138,0,1,138,0.0031415913616618576,0.005422938241977954,9.869596283668404e-06
139,0,1,139,0.0031415913616615297,0.00587955869919321,9.869596283666342e-06
140,0,1,140,0.0031415913616616143,0.004374639309086891,9.869596283666877e-06
141,0,0,141,0.0031415913616617934,0.004017601006680327,9.86959628366799e-06
142,0,1,142,0.003141591361661767,0.005617953576181112,9.869596283667995e-06
143,0,1,143,0.003141591361661766,0.004203996207737971,9.86959628366779e-06
144,0,1,144,0.0031415913616615674,0.004241230965272744,9.869596283666569e-06
145,0,1,145,0.003141591361661791,0.003813437703148917,9.869596283667988e-06
146,0,0,146,0.0031415913616617795,0.004931866443391858,9.869596283667885e-06
147,0,1,147,0.003141591361661788,0.00623743642334329,9.869596283667968e-06
148,0,0,148,0.0031415913616617765,0.005602904149094479,9.869596283667894e-06
149,0,0,149,0.0031415913616617756,0.00510881227567829,9.869596283667917e-06
150,0,0,150,0.0031415913616616256,0.005870535746882843,9.86959628366689e-06
151,0,1,151,0.0031415913616618376,0.004488105932903389,9.869596283668276e-06
152,0,1,152,0.0031415913616618693,0.0054349641866432985,9.869596283668507e-06
153,0,1,153,0.003141591361661674,0.005452990610978842,9.86959628366721e-06
154,0,0,154,0.003141591361661627,0.00488026363251505,9.869596283666923e-06
155,0,1,155,0.0031415913616617383,0.006079607248934693,9.869596283667662e-06
156,0,1,156,0.0031415913616615657,0.005693024179881323,9.86959628366657e-06
157,0,1,157,0.0031415913616615527,0.004990596381585818,9.869596283666515e-06
158,0,0,158,0.003141591361661766,0.004823734374237235,9.869596283667824e-06
159,0,0,159,0.0031415913616616104,0.005835834908093085,9.86959628366685e-06
160,0,1,160,0.003141591361661792,0.004065953188800108,9.869596283667973e-06
161,0,0,161,0.0031415913616618016,0.003751675902609328,9.869596283667968e-06
162,0,1,162,0.003141591361661738,0.004627650070299444,9.869596283667651e-06
163,0,0,163,0.003141591361661587,0.0060326046728680915,9.869596283666686e-06
164,0,1,164,0.003141591361661813,0.005261863630909774,9.86959628366813e-06
165,0,1,165,0.003141591361661816,0.004759852140581028,9.869596283668144e-06
166,0,0,166,0.0031415913616615657,0.005402856274004414,9.869596283666652e-06
167,0,0,167,0.003141591361661803,0.004431452874896581,9.86959628366806e-06
168,0,1,168,0.003141591361661797,0.005700136152113955,9.86959628366804e-06
169,0,1,169,0.0031415913616618055,0.006206890629487871,9.86959628366808e-06
170,0,1,170,0.003141591361661599,0.005910239129373496,9.869596283666704e-06
171,0,0,171,0.0031415913616617405,0.005265972480476722,9.86959628366788e-06
172,0,0,172,0.0031415913616615926,0.00618297685350222,9.869596283666737e-06
173,0,1,173,0.0031415913616615653,0.005815335972963659,9.869596283666528e-06
174,0,0,174,0.003141591361661828,0.004929171645152455,9.869596283668219e-06
175,0,1,175,0.0031415913616615852,0.004432630251586016,9.869596283666687e-06
176,0,0,176,0.00314159136166182,0.005455738404151145,9.86959628366812e-06
177,0,1,177,0.003141591361661746,0.005257306910261661,9.86959628366773e-06
178,0,0,178,0.0031415913616615492,0.004603345528869186,9.86959628366646e-06
179,0,1,179,0.003141591361661811,0.0037909383204541326,9.869596283668116e-06
180,0,0,180,0.0031415913616615722,0.00606713391748448,9.869596283666647e-06
181,0,0,181,0.003141591361661757,0.003922156631986171,9.869596283667777e-06
182,0,1,182,0.0031415913616618415,0.006106455650025044,9.869596283668492e-06
183,0,1,183,0.0031415913616616295,0.005400234930383135,9.86959628366697e-06
184,0,1,184,0.0031415913616617747,0.004750159558730635,9.86959628366795e-06
185,0,1,185,0.0031415913616617648,0.005410177673959571,9.869596283667772e-06
186,0,1,186,0.0031415913616618454,0.004474669813528377,9.869596283668302e-06
187,0,0,187,0.003141591361661793,0.005986806153171487,9.869596283667965e-06
188,0,1,188,0.0031415913616617865,0.0044286330104595165,9.869596283667936e-06
189,0,1,189,0.0031415913616615696,0.0048622381273572685,9.869596283666584e-06
190,0,1,190,0.0031415913616618055,0.0050387112733100425,9.869596283668075e-06
191,0,0,191,0.0031415913616616004,0.006205341797301311,9.869596283666913e-06
192,0,0,192,0.0031415913616617973,0.004747762031284249,9.869596283668026e-06
193,0,0,193,0.0031415913616618624,0.005822322065096391,9.869596283668436e-06
194,0,1,194,0.0031415913616615557,0.004378582563607167,9.869596283666506e-06
195,0,1,195,0.0031415913616618346,0.005655550072636156,9.869596283668261e-06
196,0,1,196,0.0031415913616617912,0.004411346972954422,9.869596283667958e-06
197,0,0,197,0.0031415913616617804,0.004274504069345993,9.86959628366792e-06
198,0,1,198,0.0031415913616617813,0.0048720279193256305,9.869596283667904e-06
199,0,1,199,0.0031415913616615354,0.004146255032882676,9.869596283666379e-06
200,0,1,200,0.0031415913616617596,0.0051892364737276125,9.869596283667919e-06
201,0,0,201,0.003141591361661507,0.004638766586747056,9.869596283666198e-06
202,0,0,202,0.003141591361661832,0.005259952567141596,9.869596283668246e-06
203,0,1,203,0.0031415913616617596,0.005271489814709901,9.869596283667787e-06
204,0,0,204,0.0031415913616618454,0.005161416196057256,9.869596283668407e-06
205,0,1,205,0.003141591361661769,0.00435017952990923,9.869596283667846e-06
206,0,0,206,0.00314159136166181,0.004911039111945778,9.869596283668104e-06
207,0,1,207,0.003141591361661768,0.0055396122647412005,9.869596283667919e-06
208,0,1,208,0.003141591361661847,0.0059514605176824165,9.869596283668334e-06
209,0,0,209,0.003141591361661771,0.004240889382172333,9.869596283667865e-06
210,0,1,210,0.0031415913616617977,0.005217753999057162,9.869596283667927e-06
211,0,1,211,0.003141591361661831,0.004526345162035199,9.869596283668238e-06
212,0,1,212,0.0031415913616615714,0.006131028201859456,9.869596283666743e-06
213,0,0,213,0.003141591361661551,0.0046695503016522324,9.869596283666479e-06
214,0,0,214,0.0031415913616617015,0.004393839271539614,9.869596283667406e-06
215,0,0,215,0.0031415913616617804,0.005634844729338173,9.869596283667916e-06
216,0,0,216,0.003141591361661809,0.003989644419659105,9.869596283668097e-06
217,0,0,217,0.0031415913616614864,0.005827614812075554,9.869596283666074e-06
218,0,0,218,0.0031415913616617344,0.005359478157972136,9.869596283667626e-06
219,0,0,219,0.003141591361661792,0.00410045659156048,9.869596283667978e-06
220,0,1,220,0.003141591361661807,0.005201442887873983,9.869596283668107e-06
221,0,1,221,0.0031415913616617747,0.004518472590015941,9.869596283667865e-06
222,0,1,222,0.0031415913616615583,0.004051299630521914,9.869596283666518e-06
223,0,1,223,0.0031415913616615284,0.004395116640504048,9.869596283666337e-06
224,0,1,224,0.0031415913616618897,0.00511645825023653,9.869596283668603e-06
225,0,1,225,0.0031415913616619487,0.00450255996169497,9.869596283668978e-06
226,0,1,226,0.0031415913616616867,0.004858014546256201,9.869596283667326e-06
227,0,1,227,0.003141591361661746,0.005054594066060458,9.869596283667883e-06
228,0,0,228,0.003141591361661792,0.004867675321315254,9.869596283667977e-06
229,0,1,229,0.0031415913616618016,0.005417378546135693,9.869596283668204e-06
230,0,1,230,0.0031415913616615657,0.0052251510694485415,9.869596283666469e-06
231,0,0,231,0.0031415913616618615,0.0059414073583776705,9.869596283668429e-06
232,0,1,232,0.003141591361661788,0.005650488806244802,9.869596283668078e-06
233,0,0,233,0.003141591361661793,0.0038676701061896007,9.869596283667995e-06
234,0,0,234,0.0031415913616618042,0.0044099243493378945,9.869596283668024e-06
235,0,1,235,0.0031415913616616485,0.005829301369502937,9.869596283667062e-06
236,0,0,236,0.0031415913616617266,0.0038449228891718956,9.869596283667582e-06
237,0,1,237,0.0031415913616615705,0.005421923827424346,9.869596283666601e-06
238,0,1,238,0.0031415913616616334,0.00591785689668356,9.869596283666999e-06
239,0,1,239,0.003141591361661894,0.005753361508656407,9.869596283668625e-06
240,0,0,240,0.00314159136166153,0.0038785124822218386,9.869596283666345e-06
241,0,0,241,0.0031415913616617375,0.00576830031409023,9.869596283667804e-06
242,0,0,242,0.0031415913616615796,0.004995958138709886,9.86959628366665e-06
243,0,1,243,0.003141591361661796,0.003582658869292532,9.869596283668014e-06
244,0,0,244,0.0031415913616615852,0.004922100762111373,9.869596283666696e-06
245,0,1,245,0.0031415913616615757,0.004815415871654946,9.869596283666635e-06
246,0,0,246,0.0031415913616615284,0.005201195263336358,9.869596283666472e-06
247,0,0,247,0.0031415913616615943,0.0053209705498089566,9.86959628366674e-06
248,0,1,248,0.003141591361661553,0.0051034244990622035,9.869596283666601e-06
249,0,0,249,0.003141591361661454,0.006047284146381893,9.869596283666012e-06
250,0,0,250,0.0031415913616617964,0.0038237190091029386,9.869596283668016e-06
251,0,1,251,0.0031415913616618016,0.00475953270274751,9.869596283668073e-06
252,0,1,252,0.0031415913616615605,0.00524259353204945,9.86959628366651e-06
253,0,0,253,0.0031415913616617405,0.004737127780601036,9.869596283667784e-06
254,0,1,254,0.0031415913616617834,0.004685986017465796,9.86959628366792e-06
255,0,0,255,0.00314159136166157,0.0044316838230512925,9.8695962836666e-06
256,0,0,256,0.0031415913616615427,0.00447866915727756,9.86959628366642e-06
257,0,0,257,0.003141591361661812,0.005345724478224567,9.86959628366806e-06
258,0,1,258,0.0031415913616617613,0.0045605390021780864,9.869596283667889e-06
259,0,0,259,0.003141591361661834,0.005248825381605066,9.86959628366826e-06
260,0,1,260,0.003141591361661822,0.004981657775203374,9.86959628366817e-06
261,0,1,261,0.003141591361661803,0.004908863537438246,9.869596283668065e-06
262,0,0,262,0.0031415913616618463,0.004935998547289086,9.869596283668334e-06
263,0,0,263,0.0031415913616617067,0.005133460561702996,9.86959628366744e-06
264,0,0,264,0.003141591361661774,0.004880070420034993,9.869596283667889e-06
265,0,1,265,0.0031415913616618034,0.004120399749620918,9.869596283668017e-06
266,0,0,266,0.003141591361661579,0.005628089461781921,9.869596283666584e-06
267,0,0,267,0.003141591361661539,0.0045980024538769294,9.869596283666401e-06
268,0,1,268,0.0031415913616615653,0.0054804720330788315,9.869596283666557e-06
269,0,0,269,0.003141591361661843,0.005128356921549282,9.869596283668312e-06
270,0,0,270,0.003141591361661619,0.00500049913717239,9.869596283666903e-06
271,0,1,271,0.0031415913616617366,0.004261371521288259,9.869596283667643e-06
272,0,1,272,0.0031415913616618003,0.004886806108191422,9.869596283667985e-06
273,0,0,273,0.003141591361661595,0.005285940934134259,9.869596283666764e-06
274,0,0,274,0.003141591361661819,0.004179380957147649,9.869596283668161e-06
275,0,0,275,0.0031415913616617917,0.005243786054315969,9.869596283668092e-06
276,0,1,276,0.003141591361661837,0.005018851930260679,9.869596283668275e-06
277,0,1,277,0.0031415913616618207,0.004180218175116435,9.869596283668173e-06
278,0,1,278,0.0031415913616615284,0.004870258046894241,9.869596283666315e-06
279,0,1,279,0.003141591361661778,0.0042654008068413116,9.869596283667902e-06
280,0,1,280,0.0031415913616615674,0.005522361373490492,9.86959628366658e-06
281,0,1,281,0.003141591361661871,0.004699918674683466,9.869596283668485e-06
282,0,1,282,0.0031415913616617444,0.00511195632941884,9.86959628366767e-06
283,0,0,283,0.0031415913616618545,0.00489057555299699,9.869596283668383e-06
284,0,1,284,0.003141591361661555,0.0053639435555908055,9.86959628366652e-06
285,0,1,285,0.0031415913616618624,0.0051657939817024295,9.869596283668437e-06
286,0,1,286,0.003141591361661712,0.0062601655988262506,9.8695962836675e-06
287,0,1,287,0.0031415913616618923,0.005923313959842358,9.869596283668622e-06
288,0,1,288,0.003141591361661809,0.006195097831334484,9.869596283668029e-06
289,0,1,289,0.0031415913616617986,0.005650054501257856,9.869596283668092e-06
290,0,0,290,0.003141591361661581,0.00501529755820794,9.869596283666686e-06
291,0,0,291,0.003141591361661576,0.005982020589507031,9.869596283666645e-06
292,0,1,292,0.0031415913616615132,0.0052500976918748166,9.869596283666374e-06
293,0,0,293,0.0031415913616617956,0.005065028196451854,9.86959628366797e-06
294,0,0,294,0.0031415913616618376,0.004443793864581576,9.869596283668275e-06
295,0,0,295,0.003141591361661834,0.0053419551940109,9.86959628366826e-06
296,0,1,296,0.0031415913616615896,0.004445497941845392,9.869596283666718e-06
297,0,0,297,0.0031415913616617405,0.004496532112693477,9.869596283667658e-06
298,0,0,298,0.003141591361661624,0.00450792582535102,9.869596283666911e-06
299,0,1,299,0.003141591361661812,0.005426191060680208,9.869596283668122e-06
300,0,0,300,0.003141591361661633,0.005118232251730803,9.869596283666936e-06
301,0,1,301,0.0031415913616616507,0.005540434416470591,9.869596283667141e-06
302,0,1,302,0.003141591361661723,0.004647922131673893,9.86959628366756e-06
303,0,1,303,0.0031415913616615982,0.00615781860435094,9.869596283666774e-06
304,0,1,304,0.0031415913616617834,0.004685706408163612,9.869596283667917e-06
305,0,0,305,0.003141591361661872,0.006204817914923333,9.869596283668493e-06
306,0,1,306,0.0031415913616616277,0.005268160089315632,9.869596283666948e-06
307,0,1,307,0.003141591361661934,0.006091817435916913,9.869596283668886e-06
308,0,1,308,0.0031415913616617873,0.004302956910805084,9.86959628366792e-06
309,0,0,309,0.0031415913616617873,0.005487747793158498,9.869596283667934e-06
310,0,1,310,0.0031415913616615423,0.005688947636162733,9.869596283666491e-06
311,0,1,311,0.00314159136166191,0.00538019516575472,9.869596283668737e-06
312,0,1,312,0.0031415913616615445,0.006095730317220105,9.869596283666454e-06
313,0,1,313,0.0031415913616615297,0.005354622860531816,9.869596283666294e-06
314,0,0,314,0.003141591361661792,0.004893893179353376,9.869596283667982e-06
315,0,0,315,0.0031415913616617726,0.004798862552030367,9.86959628366799e-06
316,0,1,316,0.0031415913616617544,0.0034885921692617114,9.86959628366775e-06
317,0,1,317,0.003141591361661569,0.004379882017514318,9.869596283666564e-06
318,0,0,318,0.003141591361661585,0.005981609645754615,9.86959628366669e-06
319,0,1,319,0.003141591361661778,0.004483085382284369,9.869596283667899e-06
320,0,1,320,0.003141591361661473,0.005122416371809421,9.869596283665991e-06
321,0,0,321,0.0031415913616617843,0.004478741504506029,9.869596283667904e-06
322,0,1,322,0.0031415913616615818,0.00526495353598358,9.869596283666662e-06
323,0,0,323,0.003141591361661778,0.004499586418551197,9.869596283668066e-06
324,0,0,324,0.0031415913616618025,0.004948223394153503,9.869596283668055e-06
325,0,0,325,0.0031415913616618584,0.005193505820570349,9.86959628366841e-06
326,0,1,326,0.0031415913616617904,0.005205531614225822,9.869596283667985e-06
327,0,0,327,0.0031415913616616277,0.0057052830095893625,9.869596283667113e-06
328,0,0,328,0.003141591361661723,0.005679209315078565,9.869596283667545e-06
329,0,1,329,0.003141591361661617,0.005239381356370976,9.869596283666923e-06
330,0,0,330,0.0031415913616618146,0.005485579730083373,9.869596283668104e-06
331,0,0,331,0.0031415913616617895,0.004860494999731985,9.869596283668102e-06
332,0,0,332,0.003141591361661797,0.005168719152840617,9.869596283668055e-06
333,0,1,333,0.003141591361661461,0.005633192342785864,9.869596283666027e-06
334,0,1,334,0.003141591361661777,0.0041277680615766955,9.869596283668007e-06
335,0,1,335,0.003141591361661557,0.0036964846896368397,9.869596283666515e-06
336,0,1,336,0.0031415913616618034,0.0045061445108689965,9.869596283668156e-06
337,0,1,337,0.0031415913616618853,0.004581013605355691,9.869596283668578e-06
338,0,0,338,0.003141591361661599,0.004634338873765603,9.869596283666779e-06
339,0,0,339,0.003141591361661688,0.005981936222334172,9.86959628366734e-06
340,0,1,340,0.003141591361661618,0.005864346026428824,9.869596283667043e-06
341,0,1,341,0.0031415913616617743,0.003930117756234598,9.869596283667875e-06
342,0,0,342,0.0031415913616617557,0.00548242886416847,9.869596283667765e-06
343,0,0,343,0.0031415913616615705,0.00480790653656276,9.869596283666718e-06
344,0,0,344,0.0031415913616618047,0.0061999048822821146,9.869596283668071e-06
345,0,0,345,0.0031415913616618064,0.005747212411907565,9.869596283668129e-06
346,0,0,346,0.003141591361661825,0.004868678579570088,9.869596283668173e-06
347,0,0,347,0.0031415913616615,0.005219926738798286,9.869596283666132e-06
348,0,0,348,0.0031415913616616472,0.005874260394440278,9.869596283667086e-06
349,0,1,349,0.0031415913616616186,0.005780864356045107,9.869596283666904e-06
350,0,1,350,0.003141591361661809,0.0056879165416617306,9.869596283668248e-06
351,0,1,351,0.0031415913616615557,0.0052110706914060695,9.869596283666484e-06
352,0,0,352,0.0031415913616617917,0.004746830846235624,9.869596283667988e-06
353,0,0,353,0.0031415913616617964,0.005336415875654699,9.869596283668087e-06
354,0,1,354,0.0031415913616615354,0.004451377134686765,9.869596283666374e-06
355,0,0,355,0.0031415913616615683,0.0035049974193082185,9.869596283666582e-06
356,0,1,356,0.0031415913616615857,0.006242095085682131,9.869596283666696e-06
357,0,1,357,0.0031415913616616516,0.005662763217981204,9.869596283667148e-06
358,0,1,358,0.003141591361661749,0.004891865962562095,9.869596283667834e-06
359,0,0,359,0.0031415913616615557,0.006197441439948603,9.869596283666672e-06
360,0,0,360,0.0031415913616617648,0.004664576310529238,9.869596283667936e-06
361,0,1,361,0.0031415913616616668,0.00575077982590666,9.869596283667243e-06
362,0,0,362,0.0031415913616617787,0.003985448974816397,9.869596283667904e-06
363,0,0,363,0.003141591361661385,0.0060329829274440305,9.869596283665502e-06
364,0,1,364,0.0031415913616617847,0.0056010555323021405,9.869596283667948e-06
365,0,0,365,0.0031415913616615293,0.0044908757208589785,9.869596283666345e-06
366,0,1,366,0.003141591361661789,0.004248401312190175,9.869596283667973e-06
367,0,0,367,0.003141591361661818,0.005249378180192915,9.869596283668156e-06
368,0,0,368,0.003141591361661643,0.004413713971497243,9.86959628366705e-06
369,0,1,369,0.0031415913616616694,0.00607994430434089,9.869596283667218e-06
370,0,1,370,0.0031415913616615627,0.003963141491254233,9.86959628366655e-06
371,0,1,371,0.0031415913616618493,0.004983742104684871,9.869596283668312e-06
372,0,0,372,0.0031415913616615093,0.005397973526407973,9.869596283666337e-06
373,0,0,373,0.003141591361661891,0.005363661564520034,9.869596283668615e-06
374,0,1,374,0.003141591361661829,0.004337465517154353,9.869596283668222e-06
375,0,1,375,0.00314159136166175,0.0038241183593761986,9.869596283667728e-06
376,0,1,376,0.0031415913616617535,0.006065890604560253,9.86959628366775e-06
377,0,1,377,0.0031415913616616095,0.004915713954946679,9.869596283666847e-06
378,0,0,378,0.0031415913616619174,0.005563753782331121,9.869596283668785e-06
379,0,1,379,0.0031415913616618155,0.0055421990412220234,9.869596283668143e-06
380,0,1,380,0.003141591361661572,0.0038333285410838986,9.869596283666587e-06
381,0,1,381,0.0031415913616618277,0.004640269175868135,9.869596283668407e-06
382,0,1,382,0.0031415913616615245,0.004754044588995893,9.869596283666245e-06
383,0,0,383,0.0031415913616615705,0.0050969402628990995,9.869596283666601e-06
384,0,1,384,0.0031415913616616824,0.004901522910625039,9.869596283667299e-06
385,0,0,385,0.0031415913616618467,0.0051318486831413435,9.86959628366839e-06
386,0,1,386,0.0031415913616617843,0.00455745264529149,9.86959628366794e-06
387,0,0,387,0.003141591361661573,0.004016046515881035,9.869596283666604e-06
388,0,1,388,0.0031415913616617843,0.0051190350975317545,9.869596283668136e-06
389,0,1,389,0.003141591361661809,0.006268234638597048,9.86959628366826e-06
390,0,0,390,0.0031415913616615163,0.006074940850675781,9.869596283666203e-06
391,0,0,391,0.0031415913616617873,0.005012905713587978,9.86959628366796e-06
392,0,0,392,0.003141591361661813,0.00575818001702888,9.869596283668143e-06
393,0,0,393,0.003141591361661539,0.0037353900268218684,9.869596283666398e-06
394,0,1,394,0.0031415913616615657,0.005502080297285633,9.869596283666503e-06
395,0,1,395,0.003141591361661562,0.005557103572245425,9.869596283666486e-06
396,0,0,396,0.003141591361661629,0.005111884433109351,9.869596283666972e-06
397,0,1,397,0.003141591361661568,0.00576912458231682,9.869596283666543e-06
398,0,1,398,0.0031415913616615445,0.005963066609923684,9.869596283666442e-06
399,0,1,399,0.003141591361661839,0.005285155662107549,9.86959628366832e-06
400,0,0,400,0.003141591361661753,0.006056526047804878,9.869596283667745e-06
401,0,0,401,0.003141591361661469,0.004987344558052012,9.869596283665906e-06
402,0,1,402,0.0031415913616615666,0.004131462372350927,9.86959628366658e-06
403,0,1,403,0.003141591361661824,0.005270586794292598,9.869596283668193e-06
404,0,0,404,0.0031415913616618272,0.005331784183339655,9.869596283668234e-06
405,0,1,405,0.0031415913616618446,0.005401033797306026,9.869596283668319e-06
406,0,0,406,0.0031415913616617474,0.005024760285691418,9.869596283667712e-06
407,0,1,407,0.003141591361661896,0.005635925735727881,9.869596283668646e-06
408,0,1,408,0.0031415913616615566,0.003762172507009666,9.869596283666513e-06
409,0,1,409,0.0031415913616617635,0.005102885503474833,9.869596283667931e-06
410,0,0,410,0.003141591361661775,0.0062506792712143655,9.869596283667887e-06
411,0,0,411,0.0031415913616614837,0.006177391550158284,9.869596283666059e-06
412,0,0,412,0.003141591361661811,0.006099538221053524,9.869596283668104e-06
413,0,0,413,0.003141591361661853,0.004783148599137019,9.869596283668371e-06
414,0,0,414,0.003141591361661828,0.004615065839884858,9.86959628366821e-06
415,0,0,415,0.003141591361661703,0.004800832930617886,9.869596283667426e-06
416,0,0,416,0.0031415913616618194,0.004952660302635747,9.869596283668161e-06
417,0,0,417,0.0031415913616618042,0.005766468695194427,9.869596283668051e-06
418,0,1,418,0.003141591361661569,0.003647566749310865,9.86959628366659e-06
419,0,0,419,1.999997532599407,2.7452135167457463,9.869596283670167e-06
420,0,1,420,0.003141591361661777,0.005157373041861965,9.869596283667802e-06
421,0,0,421,0.0031415913616616204,0.004744949996353005,9.869596283666916e-06
422,0,1,422,0.0031415913616618042,0.005821764004077495,9.869596283667988e-06
423,0,1,423,0.0031415913616618467,0.00427808187634373,9.869596283668341e-06
424,0,1,424,0.003141591361661916,0.005352305015568243,9.869596283668754e-06
425,0,0,425,0.0031415913616616243,0.004824070786563578,9.869596283666945e-06
426,0,0,426,0.0031415913616618797,0.006158094784872392,9.869596283668544e-06
427,0,0,427,0.003141591361661462,0.004997894371968695,9.869596283665918e-06
428,0,1,428,0.0031415913616617973,0.005582709968766447,9.869596283668024e-06
429,0,1,429,0.003141591361661836,0.005679642329605106,9.869596283668463e-06
430,0,0,430,0.003141591361661572,0.005074822567013193,9.869596283666616e-06
431,0,0,431,0.0031415913616618884,0.006173893727411395,9.869596283668598e-06
432,0,1,432,0.003141591361661633,0.0051891418220235686,9.86959628366699e-06
433,0,1,433,0.003141591361661603,0.004165644491115696,9.869596283666808e-06
434,0,1,434,0.003141591361661731,0.005689765467226382,9.869596283667606e-06
435,0,1,435,0.0031415913616618836,0.005133595794265908,9.86959628366857e-06
436,0,1,436,0.0031415913616617544,0.005710256260816421,9.869596283667794e-06
437,0,1,437,0.0031415913616618402,0.005805731034422668,9.8695962836683e-06
438,0,0,438,0.00314159136166187,0.005493328492123806,9.869596283668534e-06
439,0,1,439,0.0031415913616616316,0.004751668884289802,9.86959628366699e-06
440,0,0,440,0.0031415913616615375,0.003747941685120498,9.869596283666401e-06
441,0,0,441,0.0031415913616618827,0.005881126591577579,9.86959628366856e-06
442,0,0,442,0.0031415913616617626,0.004568197925218551,9.86959628366779e-06
443,0,1,443,0.003141591361661583,0.005961431730453826,9.86959628366668e-06
444,0,1,444,0.0031415913616618064,0.003905470617023966,9.86959628366806e-06
445,0,1,445,0.003141591361661936,0.004417699774518157,9.869596283668893e-06
446,0,1,446,0.003141591361661763,0.004928737294922339,9.869596283667809e-06
447,0,1,447,0.0031415913616616334,0.006281339729638014,9.869596283666992e-06
448,0,1,448,0.0031415913616617535,0.005676920916506567,9.869596283667875e-06
449,0,0,449,0.0031415913616618003,0.004826455204984689,9.869596283668068e-06
450,0,0,450,0.0031415913616618073,0.005579442785378086,9.869596283668182e-06
451,0,0,451,0.003141591361661554,0.00628038232444561,9.869596283666498e-06
452,0,1,452,0.0031415913616615262,0.005584140837178148,9.869596283666494e-06
453,0,1,453,0.00314159136166179,0.004175760854895995,9.869596283668107e-06
454,0,1,454,0.003141591361661787,0.0054798012274730745,9.869596283667965e-06
455,0,1,455,0.0031415913616617986,0.005995452746731245,9.86959628366803e-06
456,0,0,456,0.0031415913616617544,0.005374489946798927,9.869596283667692e-06
457,0,0,457,0.0031415913616616897,0.005762282482724312,9.869596283667352e-06
458,0,1,458,0.0031415913616615948,0.006171694078709766,9.869596283666814e-06
459,0,1,459,0.003141591361661592,0.0049102938125784035,9.869596283666735e-06
460,0,0,460,0.0031415913616618203,0.0045560633490304425,9.869596283668165e-06
461,0,1,461,0.0031415913616618255,0.005437509551901948,9.869596283668155e-06
462,0,0,462,0.00314159136166169,0.00549654622231463,9.869596283667357e-06
463,0,0,463,0.0031415913616617826,0.004150420393063636,9.869596283667927e-06
464,0,0,464,0.0031415913616615852,0.006266510887658394,9.869596283666696e-06
465,0,0,465,0.0031415913616618368,0.004972564894124565,9.869596283668275e-06
466,0,0,466,0.0031415913616617613,0.0037779307108009343,9.869596283667799e-06
467,0,0,467,0.0031415913616617487,0.005869488256401045,9.86959628366772e-06
468,0,0,468,0.003141591361661576,0.0039310015883846205,9.869596283666621e-06
469,0,1,469,0.00314159136166178,0.00488854349909891,9.869596283667916e-06
470,0,0,470,0.0031415913616618164,0.005394102292704511,9.869596283668212e-06
471,0,0,471,0.0031415913616617405,0.005889537654449439,9.869596283667784e-06
472,0,0,472,0.0031415913616617973,0.005245230566564119,9.869596283668099e-06
473,0,1,473,0.0031415913616615857,0.005687022873635927,9.869596283666659e-06
474,0,0,474,0.0031415913616617596,0.004786001945423335,9.8695962836679e-06
475,0,0,475,0.0031415913616617453,0.004205105562233611,9.8695962836677e-06
476,0,0,476,0.0031415913616617973,0.005204410793191894,9.869596283668107e-06
477,0,1,477,0.0031415913616617665,0.005612342621461652,9.869596283667878e-06
478,0,0,478,0.003141591361661786,0.0032389247477833875,9.869596283667953e-06
479,0,0,479,0.0031415913616619114,0.005992841952632166,9.8695962836687e-06
480,0,0,480,0.0031415913616615735,0.004401934286592364,9.869596283666759e-06
481,0,0,481,0.003141591361661807,0.004751308788941679,9.869596283668055e-06
482,0,0,482,0.0031415913616618073,0.005095631455425756,9.869596283668122e-06
483,0,1,483,0.0031415913616617804,0.0043549688679848965,9.869596283667919e-06
484,0,1,484,0.003141591361661791,0.004696951726414218,9.869596283667985e-06
485,0,0,485,0.003141591361661641,0.005041964704697921,9.869596283667035e-06
486,0,0,486,0.0031415913616617747,0.004036008633800941,9.869596283667824e-06
487,0,1,487,0.003141591361661608,0.005342173075562562,9.869596283666833e-06
488,0,1,488,0.0031415913616617856,0.004975963610060155,9.869596283667953e-06
489,0,0,489,0.003141591361661515,0.004922912758994619,9.86959628366628e-06
490,0,1,490,0.003141591361661813,0.006261681633053129,9.86959628366812e-06
491,0,0,491,0.0031415913616618584,0.005088174524332273,9.86959628366847e-06
492,0,1,492,0.0031415913616615453,0.004958442244700226,9.869596283666442e-06
493,0,0,493,0.003141591361661562,0.004991851391127344,9.869596283666537e-06
494,0,0,494,0.0031415913616617977,0.005013964357527156,9.869596283668027e-06
495,0,0,495,0.0031415913616616464,0.005421078345528324,9.869596283667082e-06
496,0,0,496,0.003141591361661884,0.006224608373505414,9.86959628366857e-06
497,0,1,497,0.0031415913616616195,0.0045065237602533725,9.869596283666913e-06
498,0,0,498,0.003141591361661561,0.0036481004335649995,9.86959628366654e-06
499,0,1,499,0.003141591361661769,0.0043348587883232995,9.869596283667851e-06
500,0,0,500,0.003141591361661589,0.0053957950151007905,9.869596283666715e-06
501,0,0,501,0.0031415913616615666,0.0035515090739910125,9.86959628366657e-06
502,0,0,502,0.0031415913616617765,0.0035369268798994113,9.869596283667889e-06
503,0,1,503,0.003141591361661531,0.005208383040180883,9.869596283666354e-06
504,0,1,504,0.003141591361661748,0.005362176887969,9.869596283667707e-06
505,0,1,505,0.003141591361661558,0.005141655966934555,9.86959628366652e-06
506,0,1,506,0.0031415913616615644,0.004780038337637911,9.869596283666731e-06
507,0,1,507,0.003141591361661556,0.005746464303496207,9.86959628366645e-06
508,0,0,508,0.003141591361661813,0.005697026991657417,9.869596283668126e-06
509,0,0,509,0.0031415913616618064,0.0057479134181425695,9.869596283668085e-06
510,0,0,510,0.0031415913616617904,0.005661583406337295,9.869596283667983e-06
511,0,0,511,0.003141591361661448,0.00497730441058368,9.86959628366582e-06
512,0,1,512,0.0031415913616616308,0.005080459821105374,9.86959628366713e-06
513,0,0,513,0.0031415913616617474,0.005504541913269462,9.86959628366775e-06
514,0,1,514,0.0031415913616617995,0.0035652001648384685,9.869596283668048e-06
515,0,1,515,0.003141591361661558,0.00478605303007501,9.869596283666547e-06
516,0,0,516,0.003141591361661585,0.006281086549437931,9.869596283666628e-06
517,0,1,517,0.0031415913616618164,0.00433210614548109,9.869596283668148e-06
518,0,1,518,0.0031415913616618042,0.004583685652636345,9.869596283668244e-06
519,0,1,519,0.0031415913616616963,0.005952864895811649,9.869596283667323e-06
520,0,1,520,0.003141591361661451,0.00447602488229543,9.869596283665845e-06
521,0,1,521,0.0031415913616617843,0.0040001071522635795,9.869596283667992e-06
522,0,0,522,0.003141591361661794,0.004613825292800203,9.869596283668005e-06
523,0,1,523,0.0031415913616615696,0.004335801334591648,9.869596283666725e-06
524,0,1,524,0.0031415913616618515,0.004200746822791868,9.869596283668366e-06
525,0,0,525,0.0031415913616614976,0.006170936908282021,9.869596283666325e-06
526,0,0,526,0.0031415913616618047,0.005595739383487758,9.869596283668075e-06
527,0,0,527,0.0031415913616618155,0.004522570383634432,9.869596283668143e-06
528,0,1,528,0.003141591361661663,0.005412937651026656,9.869596283667147e-06
529,0,0,529,0.003141591361661792,0.005397089476519068,9.869596283668016e-06
530,0,0,530,0.003141591361661824,0.005212864858113314,9.869596283668165e-06
531,0,1,531,0.00314159136166178,0.004562857841326144,9.869596283668122e-06
532,0,0,532,0.00314159136166157,0.004105594980522823,9.869596283666598e-06
533,0,1,533,0.0031415913616618337,0.004816417014536209,9.869596283668251e-06
534,0,1,534,0.003141591361661649,0.005958297083646924,9.869596283667094e-06
535,0,0,535,0.0031415913616617535,0.004631534054685214,9.869596283667894e-06
536,0,0,536,0.0031415913616618624,0.00475655728623188,9.869596283668434e-06
537,0,0,537,0.003141591361661772,0.003889513878853645,9.869596283667867e-06
538,0,1,538,0.003141591361661794,0.004591433413467773,9.869596283667978e-06
539,0,1,539,0.003141591361661782,0.004847681723847738,9.869596283667927e-06
540,0,0,540,0.003141591361661785,0.004243318168042106,9.869596283668073e-06
541,0,1,541,0.0031415913616615262,0.004311402612118827,9.869596283666367e-06
542,0,1,542,0.003141591361661788,0.00469828449291497,9.869596283667972e-06
543,0,0,543,0.0031415913616615527,0.005843847621475051,9.869596283666486e-06
544,0,0,544,0.003141591361661507,0.004617135144577369,9.869596283666205e-06
545,0,0,545,0.0031415913616615644,0.0058144574885333755,9.869596283666482e-06
546,0,0,546,0.0031415913616618077,0.005361086721512476,9.869596283668094e-06
547,0,0,547,0.0031415913616617865,0.005492086349354136,9.869596283668068e-06
548,0,0,548,0.0031415913616615453,0.004360187482018368,9.869596283666435e-06
549,0,1,549,0.0031415913616617787,0.0049573661456716045,9.869596283667858e-06
550,0,0,550,0.003141591361661833,0.005553351892943537,9.869596283668358e-06
551,0,0,551,0.003141591361661568,0.005997566963313272,9.869596283666582e-06
552,0,0,552,0.003141591361661596,0.004948941494852879,9.869596283666772e-06
553,0,0,553,0.003141591361661511,0.005491316331180801,9.869596283666249e-06
554,0,0,554,0.0031415913616616225,0.005555414413936394,9.869596283666903e-06
555,0,0,555,0.003141591361661773,0.004142533906408612,9.869596283667872e-06
556,0,0,556,0.003141591361661851,0.005342681488703399,9.869596283668368e-06
557,0,1,557,0.0031415913616617288,0.005058766536368733,9.869596283667594e-06
558,0,1,558,0.003141591361661813,0.0050892731665544005,9.869596283668126e-06
559,0,1,559,0.0031415913616615007,0.005895703550301279,9.869596283666157e-06
560,0,1,560,0.003141591361661553,0.00584993087970051,9.869596283666449e-06
561,0,0,561,0.003141591361661816,0.004850640580717019,9.869596283668078e-06
562,0,1,562,0.00314159136166179,0.004469984553021812,9.869596283667973e-06
563,0,1,563,0.003141591361661776,0.00446293897609867,9.869596283667895e-06
564,0,1,564,0.003141591361661587,0.00546728982858774,9.869596283666703e-06
565,0,0,565,0.003141591361661624,0.005615421427897144,9.869596283666938e-06
566,0,0,566,0.003141591361661564,0.005118770923824928,9.869596283666527e-06
567,0,1,567,0.003141591361661614,0.00498991414439115,9.86959628366681e-06
568,0,1,568,0.0031415913616617574,0.0035371928963308127,9.869596283667773e-06
569,0,1,569,0.0031415913616617726,0.0039389761143570415,9.869596283667799e-06
570,0,0,570,0.0031415913616618645,0.005234644680470746,9.869596283668548e-06
571,0,0,571,0.00314159136166182,0.0056646475068597435,9.869596283668112e-06
572,0,0,572,0.0031415913616615367,0.006259396774985382,9.869596283666479e-06
573,0,1,573,0.003141591361661792,0.004611752120834523,9.869596283668134e-06
574,0,0,574,0.003141591361661843,0.004916499469985777,9.869596283668312e-06
575,0,1,575,0.003141591361661847,0.005708915002601067,9.86959628366832e-06
576,0,0,576,0.003141591361661746,0.005173698471850938,9.8695962836677e-06
577,0,1,577,0.003141591361661778,0.004306106689383509,9.8695962836679e-06
578,0,1,578,0.0031415913616615315,0.005858379064555996,9.869596283666345e-06
579,0,1,579,0.003141591361661708,0.006112728017777291,9.869596283667643e-06
580,0,0,580,0.0031415913616615744,0.006185179654627837,9.86959628366663e-06
581,0,1,581,0.0031415913616617136,0.005950441630019843,9.869596283667633e-06
582,0,1,582,0.0031415913616616538,0.006265146452030024,9.869596283667096e-06
583,0,0,583,0.0031415913616616047,0.005176311571760364,9.869596283666923e-06
584,0,1,584,0.0031415913616615722,0.004145141576972239,9.869596283666523e-06
585,0,1,585,0.0031415913616618016,0.0038393589183349586,9.869596283668056e-06
586,0,0,586,0.0031415913616617813,0.004737028655134444,9.86959628366791e-06
587,0,0,587,0.00314159136166181,0.004765027622803425,9.869596283668104e-06
588,0,1,588,0.003141591361661748,0.004434633323117387,9.869596283667704e-06
589,0,1,589,0.003141591361661794,0.0056209423802419944,9.869596283668017e-06
590,0,0,590,0.003141591361661801,0.00549069826169965,9.869596283668056e-06
591,0,0,591,0.0031415913616615453,0.005451265384831844,9.86959628366644e-06
592,0,0,592,0.0031415913616617596,0.005560866953886884,9.86959628366793e-06
593,0,1,593,0.0031415913616618172,0.005030941080698931,9.86959628366815e-06
594,0,0,594,0.0031415913616618246,0.0061466050581927,9.869596283668199e-06
595,0,0,595,0.003141591361661902,0.006189034960364048,9.86959628366868e-06
596,0,0,596,0.0031415913616617513,0.005381721421130331,9.869596283667878e-06
597,0,0,597,0.0031415913616614434,0.006268952851423648,9.869596283665749e-06
598,0,1,598,0.003141591361661541,0.006215244173974732,9.869596283666442e-06
599,0,1,599,0.0031415913616616963,0.0047939613173769435,9.869596283667387e-06
600,0,0,600,0.003141591361661837,0.00495222214565097,9.869596283668273e-06
601,0,0,601,0.00314159136166158,0.003962278525049927,9.869596283666662e-06
602,0,0,602,0.003141591361661772,0.004868572324560436,9.869596283667895e-06
603,0,0,603,0.003141591361661794,0.003947885128183944,9.869596283668005e-06
604,0,0,604,0.0031415913616615622,0.00439394085830914,9.869596283666549e-06
605,0,0,605,0.0031415913616617487,0.004895552458125368,9.869596283667717e-06
606,0,1,606,0.003141591361661627,0.005682757521791482,9.869596283666953e-06
607,0,1,607,0.0031415913616618493,0.005377579926163334,9.869596283668351e-06
608,0,1,608,0.003141591361661656,0.005261474827754242,9.86959628366714e-06
609,0,0,609,0.003141591361661893,0.005877069237817889,9.869596283668629e-06
610,0,1,610,0.003141591361661587,0.003950497435896164,9.869596283666662e-06
611,0,1,611,0.0031415913616617613,0.004102400001818746,9.869596283667924e-06
612,0,1,612,0.0031415913616618355,0.005124338537370182,9.869596283668266e-06
613,0,0,613,0.0031415913616615093,0.005525077535439349,9.869596283666145e-06
614,0,0,614,0.0031415913616617717,0.004499539915411015,9.869596283668051e-06
615,0,0,615,0.003141591361661484,0.005087116468421041,9.86959628366606e-06
616,0,0,616,0.0031415913616617747,0.00421320699588083,9.869596283667819e-06
617,0,0,617,0.00314159136166177,0.00469473134637001,9.869596283667851e-06
618,0,1,618,0.0031415913616617856,0.004568067074267039,9.869596283667953e-06
619,0,1,619,0.0031415913616615857,0.005221682260420066,9.869596283666838e-06
620,0,1,620,0.0031415913616616113,0.005916492048197053,9.869596283667008e-06
621,0,0,621,0.003141591361661803,0.004598838422235248,9.869596283667997e-06
622,0,0,622,0.003141591361661794,0.004612892882242169,9.869596283668005e-06
623,0,0,623,0.003141591361661791,0.006051017731920794,9.869596283668107e-06
624,0,1,624,0.0031415913616615818,0.00598231716028963,9.869596283666667e-06
625,0,0,625,0.0031415913616616897,0.00523142412051214,9.869596283667352e-06
626,0,0,626,0.0031415913616617843,0.004519327323202232,9.86959628366796e-06
627,0,1,627,0.0031415913616617587,0.004508931595235136,9.86959628366788e-06
628,0,1,628,0.0031415913616615523,0.005535438214138433,9.869596283666677e-06
629,0,0,629,0.00314159136166174,0.004344320706334018,9.869596283667662e-06
630,0,0,630,0.0031415913616617613,0.0044692550456468735,9.869596283667799e-06
631,0,1,631,0.0031415913616615753,0.005957372303639852,9.869596283666635e-06
632,0,1,632,0.0031415913616617843,0.003725345431358173,9.869596283667899e-06
633,0,0,633,0.0031415913616615818,0.006027838075210901,9.869596283666813e-06
634,0,1,634,0.0031415913616616286,0.00525804192263718,9.86959628366696e-06
635,0,1,635,0.0031415913616615223,0.006273573000537991,9.869596283666298e-06
636,0,1,636,0.0031415913616618064,0.0045415677307024255,9.869596283668046e-06
637,0,0,637,0.003141591361661794,0.004366440889988707,9.869596283667968e-06
638,0,1,638,0.0031415913616615557,0.004410714637840492,9.86959628366651e-06
639,0,0,639,0.0031415913616617947,0.004318161434174041,9.869596283667988e-06
640,0,0,640,0.003141591361661755,0.004905659434113169,9.869596283667877e-06
641,0,0,641,0.0031415913616615315,0.005177314587897663,9.86959628366632e-06
642,0,0,642,0.0031415913616616086,0.005056712108936379,9.869596283666853e-06
643,0,1,643,0.0031415913616615874,0.005600396636650767,9.869596283666648e-06
644,0,0,644,0.00314159136166179,0.004642588324593688,9.869596283667899e-06
645,0,1,645,0.0031415913616616086,0.005528842825535146,9.869596283666843e-06
646,0,0,646,0.003141591361661704,0.004975717403711263,9.869596283667435e-06
647,0,1,647,0.0031415913616617774,0.004286433033421189,9.869596283667985e-06
648,0,1,648,0.00314159136166172,0.006075942357213093,9.869596283667546e-06
649,0,0,649,0.003141591361661577,0.004476248331627707,9.869596283666823e-06
650,0,1,650,0.0031415913616617756,0.005490862617557907,9.869596283667887e-06
651,0,1,651,0.0031415913616618467,0.005215513085374671,9.869596283668283e-06
652,0,1,652,0.0031415913616618337,0.0062786771643257855,9.869596283668258e-06
653,0,0,653,0.003141591361661697,0.005995150845700625,9.869596283667397e-06
654,0,1,654,0.0031415913616618155,0.0046729988024279134,9.869596283668143e-06
655,0,0,655,0.0031415913616617817,0.00376841501126819,9.869596283667902e-06
656,0,1,656,0.0031415913616617804,0.004696457964761064,9.86959628366792e-06
657,0,1,657,0.0031415913616617856,0.0036561685351188906,9.869596283667948e-06
658,0,0,658,0.0031415913616616017,0.006195228743684056,9.869596283666764e-06
659,0,1,659,0.003141591361661555,0.00553286888716506,9.869596283666479e-06
660,0,1,660,0.003141591361661647,0.005598554872316669,9.86959628366698e-06
661,0,0,661,0.003141591361661811,0.0045204978373989055,9.86959628366817e-06
662,0,0,662,0.003141591361661788,0.004111408823300366,9.869596283667944e-06
663,0,0,663,0.003141591361661794,0.006039655618884809,9.869596283667999e-06
664,0,0,664,0.0031415913616617895,0.0036308298921660922,9.869596283667973e-06
665,0,1,665,0.003141591361661589,0.00436908739331863,9.869596283666715e-06
666,0,1,666,0.0031415913616615492,0.005799187636683079,9.869596283666466e-06
667,0,0,667,0.0031415913616617856,0.006258563827673369,9.869596283667936e-06
668,0,1,668,0.0031415913616619395,0.005827858985493123,9.869596283668922e-06
669,0,0,669,0.003141591361661528,0.006252579822010995,9.869596283666503e-06
670,0,0,670,0.0031415913616615935,0.004608293128238124,9.869596283666743e-06
671,0,1,671,0.003141591361661728,0.005465401546349835,9.869596283667534e-06
672,0,1,672,0.003141591361661684,0.006030890268705957,9.869596283667314e-06
673,0,1,673,0.0031415913616617843,0.004845574617441173,9.869596283667938e-06
674,0,0,674,0.003141591361661834,0.005735848529474202,9.86959628366826e-06
675,0,0,675,0.003141591361661817,0.0047360437722321555,9.869596283668146e-06
676,0,1,676,0.0031415913616615917,0.006263308342603802,9.869596283666728e-06
677,0,0,677,0.003141591361661843,0.005541876239974264,9.869596283668314e-06
678,0,0,678,0.0031415913616619365,0.0059157164726676426,9.869596283668895e-06
679,0,0,679,0.0031415913616617604,0.003990289531492738,9.869596283667795e-06
680,0,0,680,0.0031415913616617518,0.0039369572263861785,9.869596283667738e-06
681,0,1,681,0.00314159136166149,0.004966611008972818,9.869596283666084e-06
682,0,0,682,0.003141591361661457,0.0059775854763498,9.869596283665966e-06
683,0,0,683,0.003141591361661806,0.005148079283946616,9.869596283668265e-06
684,0,1,684,0.003141591361661792,0.00585344171807195,9.869596283667977e-06
685,0,0,685,0.003141591361661602,0.0053578545471349714,9.86959628366691e-06
686,0,1,686,0.0031415913616618264,0.005718940269862444,9.869596283668243e-06
687,0,0,687,0.003141591361661765,0.004561684853536474,9.869596283667826e-06
688,0,0,688,0.0031415913616618238,0.004805979671628949,9.869596283668161e-06
689,0,1,689,0.0031415913616618016,0.0051126294151660895,9.869596283668051e-06
690,0,1,690,0.0031415913616617973,0.004257960672950745,9.869596283668129e-06
691,0,1,691,0.0031415913616617518,0.005831280348235546,9.86959628366787e-06
692,0,1,692,0.0031415913616617995,0.004723699020593317,9.869596283668224e-06
693,0,0,693,0.003141591361661799,0.005817397652938594,9.869596283668068e-06
694,0,1,694,0.00314159136166178,0.003827404034281415,9.869596283667917e-06
695,0,0,695,0.0031415913616615982,0.005854219365125257,9.869596283666786e-06
696,0,0,696,0.0031415913616618025,0.005866222712611002,9.869596283667985e-06
697,0,1,697,0.003141591361661595,0.0037593346323714816,9.869596283666757e-06
698,0,0,698,0.003141591361661711,0.004030347260879441,9.869596283667479e-06
699,0,1,699,0.0031415913616618632,0.005736197958713551,9.86959628366844e-06
700,0,1,700,0.003141591361661708,0.006013989528020458,9.869596283667465e-06
701,0,1,701,0.0031415913616614373,0.00454028409980795,9.869596283665739e-06
702,0,1,702,0.0031415913616615913,0.005675614837577392,9.869596283666733e-06
703,0,0,703,0.003141591361661542,0.005152322230332337,9.869596283666435e-06
704,0,1,704,0.0031415913616618606,0.0047971381159964965,9.869596283668422e-06
705,0,1,705,0.0031415913616615367,0.006004961435800149,9.869596283666428e-06
706,0,1,706,0.0031415913616615683,0.004716632273650524,9.869596283666743e-06
707,0,0,707,0.0031415913616617453,0.003862409707039034,9.869596283667692e-06
708,0,0,708,0.003141591361661643,0.005442008626640654,9.869596283667058e-06
709,0,0,709,0.0031415913616617327,0.0046254560156063496,9.869596283667607e-06
710,0,1,710,0.0031415913616618164,0.0046734656536922894,9.869596283668148e-06
711,0,0,711,0.0031415913616617956,0.004877281011472556,9.869596283668012e-06
712,0,1,712,0.0031415913616618437,0.006051175303886713,9.86959628366832e-06
713,0,1,713,0.003141591361661774,0.0034755468279864337,9.869596283667878e-06
714,0,0,714,0.0031415913616618424,0.0060094574954539515,9.869596283668319e-06
715,0,0,715,0.0031415913616617912,0.00627856963218254,9.869596283667977e-06
716,0,1,716,0.0031415913616617878,0.004638767264063759,9.869596283667965e-06
717,0,0,717,0.003141591361661594,0.00494589409955383,9.869596283666748e-06
718,0,0,718,0.003141591361661809,0.005688854851088554,9.869596283668099e-06
719,0,0,719,0.003141591361661583,0.004133105839634794,9.869596283666669e-06
720,0,1,720,0.0031415913616616043,0.005620829966948515,9.869596283666814e-06
721,0,0,721,0.003141591361661734,0.00590801236247801,9.869596283667831e-06
722,0,0,722,0.003141591361661841,0.00443628464286242,9.869596283668298e-06
723,0,1,723,0.0031415913616615523,0.005248874502612688,9.869596283666516e-06
724,0,1,724,0.0031415913616615852,0.004606126484803203,9.86959628366669e-06
725,0,0,725,0.003141591361661792,0.004578185879865446,9.869596283668092e-06
726,0,1,726,0.003141591361661767,0.00470983856669295,9.869596283667773e-06
727,0,1,727,0.0031415913616615935,0.006107573852595971,9.86959628366674e-06
728,0,1,728,0.00314159136166181,0.005610166621836554,9.869596283668232e-06
729,0,1,729,0.0031415913616617843,0.00523923189331843,9.86959628366793e-06
730,0,1,730,0.003141591361661755,0.003910522956125467,9.869596283667743e-06
731,0,1,731,0.003141591361661786,0.004423562579167432,9.869596283667953e-06
732,0,0,732,0.003141591361661732,0.005285695046455208,9.869596283667553e-06
733,0,0,733,0.0031415913616619144,0.004442789234373357,9.869596283668758e-06
734,0,0,734,0.0031415913616615818,0.003654747169848584,9.869596283666662e-06
735,0,0,735,0.003141591361661704,0.005763311634729873,9.869596283667435e-06
736,0,1,736,0.003141591361661817,0.0050547646548953495,9.869596283668151e-06
737,0,0,737,0.0031415913616617964,0.005630672812006299,9.869596283668017e-06
738,0,0,738,0.0031415913616618277,0.005803721436384857,9.869596283668212e-06
739,0,0,739,0.003141591361661836,0.005909069180710269,9.869596283668337e-06
740,0,0,740,0.0031415913616617804,0.003955924022768441,9.869596283667902e-06
741,0,0,741,0.003141591361661765,0.004419741775493702,9.86959628366782e-06
742,0,1,742,0.0031415913616615666,0.004362364807647366,9.869596283666538e-06
743,0,1,743,0.0031415913616618814,0.006214122394001764,9.869596283668558e-06
744,0,1,744,0.003141591361661784,0.004526590917130216,9.869596283667936e-06
745,0,1,745,0.0031415913616618775,0.005734866989526188,9.869596283668527e-06
746,0,1,746,0.003141591361661875,0.0055034575703094835,9.869596283668488e-06
747,0,1,747,0.0031415913616617717,0.004095363651067965,9.869596283667873e-06
748,0,1,748,0.0031415913616618034,0.004818718700220603,9.869596283668061e-06
749,0,0,749,0.0031415913616617834,0.005425177987580798,9.869596283667938e-06
750,0,1,750,0.0031415913616615705,0.004613557085681272,9.869596283666572e-06
751,0,1,751,0.003141591361661812,0.005978164056284152,9.869596283668117e-06
752,0,0,752,0.0031415913616617865,0.0055765959941810606,9.869596283668094e-06
753,0,0,753,0.003141591361661787,0.0047381629550670434,9.86959628366796e-06
754,0,0,754,0.003141591361661815,0.004717042083756562,9.869596283668138e-06
755,0,0,755,0.0031415913616616134,0.006044053915871761,9.869596283666869e-06
756,0,1,756,0.003141591361661553,0.005252159177867505,9.869596283666449e-06
757,0,1,757,0.0031415913616615722,0.004829599169313137,9.869596283666596e-06
758,0,0,758,0.0031415913616617704,0.004056282468913977,9.869596283667855e-06
759,0,0,759,0.003141591361661727,0.0053177791097522575,9.869596283667573e-06
760,0,0,760,0.00314159136166182,0.004200756414975455,9.869596283668166e-06
761,0,1,761,0.003141591361661893,0.004476236551680252,9.869596283668627e-06
762,0,0,762,0.0031415913616618225,0.004240978142872977,9.869596283668188e-06
763,0,1,763,0.0031415913616617665,0.004431903626377652,9.869596283667831e-06
764,0,1,764,0.00314159136166179,0.004150264528465727,9.869596283667973e-06
765,0,1,765,0.0031415913616617648,0.005582456168427646,9.869596283667822e-06
766,0,1,766,0.003141591361661578,0.005032317694404542,9.869596283666647e-06
767,0,0,767,0.0031415913616618303,0.006089609405536933,9.869596283668243e-06
768,0,1,768,0.0031415913616617587,0.005572324549562996,9.869596283667802e-06
769,0,0,769,0.003141591361661862,0.005132439643869932,9.869596283668432e-06
770,0,0,770,0.0031415913616616295,0.004596489277412158,9.869596283666964e-06
771,0,0,771,0.003141591361661571,0.0060477143864849925,9.869596283666601e-06
772,0,0,772,0.003141591361661692,0.00590113091448996,9.86959628366738e-06
773,0,0,773,0.0031415913616615514,0.004817518323893891,9.86959628366647e-06
774,0,1,774,0.003141591361661738,0.006040331912412988,9.869596283667651e-06
775,0,0,775,0.0031415913616616425,0.004962201861748727,9.869596283667053e-06
776,0,0,776,0.003141591361661672,0.006082890576390887,9.869596283667243e-06
777,0,0,777,0.0031415913616617873,0.004658070009264041,9.869596283667958e-06
778,0,1,778,0.003141591361661527,0.005352589901172128,9.869596283666323e-06
779,0,1,779,0.0031415913616618194,0.004209903136508247,9.869596283668195e-06
780,0,0,780,0.0031415913616618172,0.004868173511368132,9.86959628366815e-06
781,0,1,781,0.0031415913616617266,0.0053318163176118705,9.869596283667658e-06
782,0,0,782,0.0031415913616617552,0.004635120720156358,9.869596283667761e-06
783,0,1,783,0.0031415913616617782,0.004452042314351794,9.8695962836679e-06
784,0,1,784,0.0031415913616616906,0.0054403304444919365,9.869596283667526e-06
785,0,1,785,0.0031415913616617552,0.004108591883692201,9.86959628366776e-06
786,0,0,786,0.00314159136166175,0.005895421759475217,9.869596283667899e-06
787,0,1,787,0.003141591361661769,0.005631714777579844,9.869596283667846e-06
788,0,1,788,0.0031415913616617574,0.0037223450172567604,9.869596283667773e-06
789,0,1,789,0.0031415913616617934,0.004372179712718733,9.869596283667953e-06
790,0,1,790,0.003141591361661619,0.004352619496361662,9.869596283666904e-06
791,0,0,791,0.0031415913616617878,0.005962451330571883,9.86959628366793e-06
792,0,1,792,0.0031415913616617843,0.0037390289558053087,9.869596283667944e-06
793,0,0,793,0.003141591361661792,0.00418235619301742,9.8695962836681e-06
794,0,0,794,0.0031415913616618073,0.005111949917083594,9.869596283668104e-06
795,0,0,795,0.003141591361661534,0.005565414766505489,9.86959628366636e-06
796,0,1,796,0.003141591361661515,0.005967692659330781,9.869596283666223e-06
797,0,0,797,0.0031415913616617947,0.005261758059099342,9.869596283668007e-06
798,0,1,798,0.0031415913616617327,0.005759029850830433,9.869596283667617e-06
799,0,0,799,0.003141591361661761,0.005389251570410508,9.86959628366774e-06
800,0,0,800,0.003141591361661803,0.006011801636555403,9.869596283668063e-06
801,0,1,801,0.0031415913616618216,0.005977187587983712,9.869596283668175e-06
802,0,0,802,0.003141591361661575,0.005193494480226879,9.869596283666667e-06
803,0,0,803,0.0031415913616618225,0.003817058487624562,9.869596283668178e-06
804,0,1,804,0.0031415913616617704,0.004881894851507446,9.869596283667851e-06
805,0,1,805,0.0031415913616617934,0.004143108510516618,9.869596283667982e-06
806,0,0,806,0.003141591361661914,0.005559257286053665,9.869596283668753e-06
807,0,0,807,0.003141591361661788,0.0059037027054328894,9.869596283668e-06
808,0,1,808,0.0031415913616614577,0.0062365812399572396,9.869596283665803e-06
809,0,1,809,0.0031415913616618368,0.006195219180165079,9.869596283668275e-06
810,0,1,810,0.0031415913616618233,0.006060270852451977,9.869596283668188e-06
811,0,0,811,0.003141591361661767,0.0043700238968851154,9.86959628366783e-06
812,0,1,812,0.0031415913616616793,0.004625734163129745,9.869596283667285e-06
813,0,0,813,0.003141591361661492,0.006152235577164988,9.869596283666106e-06
814,0,1,814,0.003141591361661776,0.005689456260106918,9.869596283667807e-06
815,0,0,815,0.003141591361661574,0.004267774820667321,9.86959628366663e-06
816,0,1,816,0.0031415913616617973,0.00437603992505662,9.869596283667985e-06
817,0,0,817,0.0031415913616615523,0.004194971908503115,9.869596283666479e-06
818,0,0,818,0.0031415913616617327,0.005916795993668955,9.86959628366762e-06
819,0,0,819,0.003141591361661866,0.005309113375952301,9.869596283668451e-06
820,0,1,820,0.003141591361661541,0.0062186441239335255,9.869596283666432e-06
821,0,1,821,0.0031415913616617704,0.003993851210287013,9.869596283667851e-06
822,0,0,822,0.0031415913616617717,0.0047864095454328015,9.869596283667872e-06
823,0,1,823,0.003141591361661778,0.005098936849299213,9.869596283667994e-06
824,0,0,824,0.003141591361661791,0.006205233825819612,9.869596283667985e-06
825,0,1,825,0.0031415913616618736,0.005963291724467024,9.86959628366851e-06
826,0,0,826,0.0031415913616615024,0.005346891640345408,9.869596283666113e-06
827,0,0,827,0.0031415913616617518,0.004962065711013194,9.869596283667741e-06
828,0,0,828,0.0031415913616616316,0.004332887307092012,9.86959628366698e-06
829,0,1,829,0.0031415913616615635,0.0059148010290367425,9.869596283666555e-06
830,0,0,830,0.003141591361661468,0.005693751791254448,9.869596283665881e-06
831,0,0,831,0.0031415913616617977,0.005259479701026137,9.869596283668026e-06
832,0,0,832,0.003141591361661503,0.004834140998902059,9.869596283666174e-06
833,0,0,833,0.003141591361661811,0.004672310576052954,9.869596283668156e-06
834,0,0,834,0.003141591361661835,0.005212224669701684,9.869596283668263e-06
835,0,1,835,0.003141591361661599,0.0050501470490572214,9.869596283666779e-06
836,0,0,836,0.003141591361661769,0.004458447150396894,9.869596283667778e-06
837,0,1,837,0.0031415913616618693,0.005900020923916116,9.869596283668476e-06
838,0,0,838,0.0031415913616618233,0.004922567136570077,9.869596283668187e-06
839,0,0,839,0.0031415913616616507,0.005643864648225444,9.869596283667108e-06
840,0,1,840,0.0031415913616617127,0.00446224127895925,9.869596283667492e-06
841,0,1,841,0.003141591361661822,0.005032168967297537,9.86959628366818e-06
842,0,1,842,0.0031415913616617917,0.0057376186127922335,9.869596283668048e-06
843,0,1,843,0.003141591361661591,0.0052880302044032435,9.86959628366664e-06
844,0,1,844,0.0031415913616618255,0.005186885298996843,9.869596283668138e-06
845,0,0,845,0.0031415913616618554,0.0062782469166424715,9.869596283668392e-06
846,0,0,846,0.003141591361661778,0.005902012268009238,9.869596283667936e-06
847,0,1,847,0.003141591361661647,0.005504422561891653,9.869596283667084e-06
848,0,1,848,0.0031415913616617726,0.004776809718422349,9.869596283667865e-06
849,0,1,849,0.003141591361661792,0.005471232367506185,9.869596283668197e-06
850,0,1,850,0.0031415913616618303,0.005738111736903473,9.86959628366822e-06
851,0,1,851,0.003141591361661749,0.004142410053808877,9.86959628366772e-06
852,0,0,852,0.003141591361661831,0.005817011657125726,9.869596283668236e-06
853,0,1,853,0.0031415913616615523,0.005476462158196138,9.869596283666462e-06
854,0,1,854,0.0031415913616618047,0.00479291784672977,9.869596283668071e-06
855,0,0,855,0.0031415913616618576,0.005650028926469597,9.869596283668385e-06
856,0,1,856,0.003141591361661797,0.005940775134456455,9.869596283668022e-06
857,0,0,857,0.0031415913616618008,0.004035526943452375,9.869596283668041e-06
858,0,0,858,0.003141591361661808,0.005598289589713257,9.869596283668094e-06
859,0,0,859,0.0031415913616618277,0.0046724909972591586,9.869596283668215e-06
860,0,0,860,0.0031415913616615874,0.00469155631966834,9.86959628366671e-06
861,0,0,861,0.003141591361661535,0.006040430409914033,9.869596283666488e-06
862,0,1,862,0.0031415913616616095,0.005283102125588163,9.869596283667042e-06
863,0,0,863,0.003141591361661777,0.0052614125410949675,9.869596283667985e-06
864,0,1,864,0.0031415913616618246,0.005170630508169224,9.869596283668199e-06
865,0,0,865,0.003141591361661738,0.0059925162353599015,9.86959628366765e-06
866,0,0,866,0.003141591361661551,0.0053607323485608815,9.869596283666516e-06
867,0,1,867,0.0031415913616618624,0.006222720253020619,9.869596283668407e-06
868,0,1,868,0.0031415913616617795,0.003838994844110981,9.869596283667912e-06
869,0,0,869,0.003141591361661519,0.004762043002922295,9.869596283666281e-06
870,0,0,870,0.0031415913616616,0.0052736742486887145,9.869596283666764e-06
871,0,0,871,0.003141591361661767,0.0057982565392645236,9.869596283667846e-06
872,0,0,872,0.0031415913616615583,0.004081140964555853,9.869596283666532e-06
873,0,0,873,0.003141591361661497,0.00490396954263865,9.869596283666106e-06
874,0,0,874,0.0031415913616617383,0.0046013818936511824,9.869596283667631e-06
875,0,0,875,0.0031415913616616364,0.006020527912009632,9.869596283667018e-06
876,0,1,876,0.003141591361661603,0.005861720833455486,9.86959628366693e-06
877,0,0,877,0.0031415913616617613,0.006246900572825509,9.869596283667731e-06
878,0,1,878,0.0031415913616618433,0.005097664803574237,9.869596283668312e-06
879,0,0,879,0.003141591361661746,0.004145999911387845,9.86959628366788e-06
880,0,0,880,0.003141591361661773,0.00381702020147371,9.869596283667902e-06
881,0,1,881,0.0031415913616617574,0.003797513605229211,9.869596283667777e-06
882,0,0,882,0.003141591361661771,0.004226374706058609,9.869596283667841e-06
883,0,0,883,0.003141591361661746,0.006149748062623417,9.86959628366771e-06
884,0,0,884,0.0031415913616616095,0.005072757673367068,9.869596283666835e-06
885,0,0,885,0.003141591361661831,0.005038420274469851,9.869596283668197e-06
886,0,1,886,0.003141591361661784,0.005044799658497745,9.869596283667938e-06
887,0,1,887,0.0031415913616617574,0.004205355019654031,9.869596283667773e-06
888,0,1,888,0.003141591361661692,0.006144399384870769,9.86959628366736e-06
889,0,1,889,0.003141591361661566,0.004963695714085281,9.869596283666572e-06
890,0,1,890,0.003141591361661584,0.005086427203238056,9.86959628366666e-06
891,0,1,891,0.003141591361661524,0.005908436119059224,9.869596283666338e-06
892,0,1,892,0.003141591361661555,0.005258223078641461,9.869596283666484e-06
893,0,0,893,0.0031415913616617826,0.0050414115231996875,9.86959628366793e-06
894,0,1,894,0.0031415913616618146,0.0062431834263433905,9.869596283668132e-06
895,0,0,895,0.0031415913616618008,0.005835503802130215,9.869596283668051e-06
896,0,1,896,0.003141591361661826,0.005562341699226259,9.869596283668205e-06
897,0,0,897,0.0031415913616615622,0.005615517810338172,9.869596283666547e-06
898,0,1,898,0.0031415913616618034,0.004048831336856757,9.869596283667978e-06
899,0,1,899,0.003141591361661792,0.004170591626181493,9.869596283667904e-06
900,0,1,900,0.0031415913616617873,0.003926024351143918,9.869596283667899e-06
901,0,0,901,0.003141591361661776,0.004589450125620023,9.869596283667899e-06
902,0,1,902,0.003141591361661759,0.005241385841991103,9.869596283667782e-06
903,0,0,903,0.003141591361661553,0.006104707210004778,9.869596283666469e-06
904,0,1,904,0.003141591361661538,0.0061919424054018846,9.869596283666598e-06
905,0,0,905,0.0031415913616616577,0.006027862196905542,9.869596283667148e-06
906,0,0,906,0.003141591361661592,0.005439455494185452,9.869596283666742e-06
907,0,1,907,0.0031415913616618233,0.00606874643884836,9.86959628366816e-06
908,0,1,908,0.003141591361661799,0.004659094663039889,9.869596283668033e-06
909,0,0,909,0.0031415913616618094,0.005606039116460654,9.869596283668097e-06
910,0,0,910,0.0031415913616617205,0.005825043732976154,9.869596283667533e-06
911,0,0,911,0.0031415913616617574,0.0045729649606659345,9.86959628366778e-06
912,0,1,912,0.00314159136166181,0.00580983131279264,9.869596283668058e-06
913,0,0,913,0.0031415913616615982,0.005348298612733837,9.869596283666767e-06
914,0,0,914,0.0031415913616616906,0.005818949751165703,9.869596283667357e-06
915,0,1,915,0.0031415913616617353,0.004714868424301008,9.869596283667633e-06
916,0,0,916,0.0031415913616617682,0.0046297092847315605,9.869596283667977e-06
917,0,0,917,0.0031415913616615367,0.005284467509943158,9.869596283666391e-06
918,0,0,918,0.0031415913616617973,0.003833243721585664,9.869596283667948e-06
919,0,0,919,0.0031415913616617682,0.00551874499096805,9.869596283668007e-06
920,0,1,920,0.0031415913616615557,0.005141760593075723,9.869596283666628e-06
921,0,1,921,0.0031415913616618454,0.004617423115083931,9.86959628366833e-06
922,0,0,922,0.0031415913616616746,0.005251675071733575,9.869596283667257e-06
923,0,0,923,0.0031415913616617405,0.005271403195030944,9.869596283667633e-06
924,0,1,924,0.0031415913616617544,0.004705061131070047,9.869596283667851e-06
925,0,1,925,0.0031415913616615696,0.00597613283070042,9.869596283666616e-06
926,0,0,926,0.0031415913616616277,0.005888239764459069,9.869596283666967e-06
927,0,1,927,0.0031415913616617804,0.004369302238776004,9.869596283668029e-06
928,0,1,928,0.0031415913616618307,0.005002058501766202,9.869596283668232e-06
929,0,0,929,0.0031415913616617747,0.00533320627721251,9.869596283668005e-06
930,0,1,930,0.003141591361661564,0.004426011076084729,9.869596283666554e-06
931,0,1,931,0.0031415913616615644,0.006146004008101336,9.869596283666591e-06
932,0,0,932,0.0031415913616617843,0.0035666261569102494,9.869596283667936e-06
933,0,0,933,0.0031415913616617557,0.0040669924085684475,9.869596283667899e-06
934,0,0,934,0.0031415913616617565,0.00434658916552523,9.869596283667741e-06
935,0,0,935,0.0031415913616616806,0.006024316066246482,9.86959628366729e-06
936,0,0,936,0.003141591361661831,0.004263535685447345,9.869596283668238e-06
937,0,0,937,0.003141591361661495,0.004482544217827022,9.869596283666103e-06
938,0,0,938,0.003141591361661822,0.004404598175757404,9.86959628366818e-06
939,0,1,939,0.003141591361661751,0.005233787039258558,9.869596283667731e-06
940,0,0,940,0.003141591361661773,0.0038280271753234653,9.869596283667872e-06
941,0,1,941,0.003141591361661816,0.0051879214059580014,9.8695962836681e-06
942,0,0,942,0.003141591361661855,0.005291102006566545,9.869596283668398e-06
943,0,0,943,0.003141591361661944,0.0057005616381002044,9.86959628366895e-06
944,0,1,944,0.003141591361661789,0.004287967730964614,9.86959628366795e-06
945,0,1,945,0.00314159136166156,0.003960926217424626,9.869596283666745e-06
946,0,1,946,0.0031415913616617544,0.004518098315867171,9.869596283667755e-06
947,0,1,947,0.0031415913616617795,0.004461760950077005,9.869596283667912e-06
948,0,1,948,0.003141591361661793,0.005802459800107129,9.869596283667955e-06
949,0,1,949,0.003141591361661731,0.006098740130128677,9.869596283667612e-06
950,0,0,950,0.0031415913616615453,0.00561400738270923,9.86959628366657e-06
951,0,1,951,0.003141591361661576,0.004446691540323795,9.86959628366654e-06
952,0,1,952,0.0031415913616616013,0.005856909510135844,9.869596283666794e-06
953,0,0,953,0.003141591361661787,0.003985997119207732,9.869596283667885e-06
954,0,0,954,0.003141591361661782,0.003784067506223173,9.86959628366793e-06
955,0,1,955,0.0031415913616617153,0.006097603344269842,9.869596283667514e-06
956,0,0,956,0.00314159136166151,0.005419430143256215,9.869596283666191e-06
957,0,0,957,0.0031415913616617743,0.0047046046318511905,9.869596283667855e-06
958,0,1,958,0.0031415913616618346,0.004475544601375045,9.869596283668258e-06
959,0,1,959,0.0031415913616617934,0.005495478623238209,9.869596283667995e-06
960,0,1,960,0.003141591361661776,0.005396389886813319,9.869596283667933e-06
961,0,1,961,0.0031415913616618103,0.004689001242648254,9.869596283668092e-06
962,0,1,962,0.003141591361661811,0.004401472351590281,9.869596283668312e-06
963,0,1,963,0.003141591361661785,0.0036139395967486722,9.869596283667953e-06
964,0,1,964,0.003141591361661654,0.0054963970506488324,9.869596283667128e-06
965,0,1,965,0.00314159136166174,0.005772388933944994,9.869596283667662e-06
966,0,0,966,0.0031415913616618454,0.004809539710664487,9.869596283668329e-06
967,0,0,967,0.00314159136166182,0.0045600481891684905,9.869596283668166e-06
968,0,0,968,0.00314159136166175,0.0044121408755985955,9.869596283667709e-06
969,0,1,969,0.0031415913616618125,0.005780742784555398,9.869596283668078e-06
970,0,1,970,0.003141591361661592,0.005831685376483181,9.869596283666823e-06
971,0,1,971,0.003141591361661765,0.005150016258385903,9.869596283667834e-06
972,0,0,972,0.0031415913616616377,0.005870956616730483,9.86959628366702e-06
973,0,0,973,0.0031415913616617756,0.005990281935331354,9.86959628366796e-06
974,0,0,974,0.003141591361661572,0.0060741738540654455,9.869596283666626e-06
975,0,0,975,0.003141591361661848,0.004844517191270659,9.869596283668336e-06
976,0,0,976,0.0031415913616615596,0.003871989203331991,9.86959628366653e-06
977,0,0,977,0.003141591361661765,0.0037572030984937403,9.86959628366782e-06
978,0,1,978,0.0031415913616617995,0.004714621057591455,9.86959628366798e-06
979,0,0,979,0.003141591361661633,0.005386541576794579,9.869596283666994e-06
980,0,0,980,0.003141591361661823,0.0042826961924742665,9.869596283668188e-06
981,0,0,981,0.003141591361661815,0.00423635263099793,9.869596283668136e-06
982,0,1,982,0.0031415913616617973,0.003766112608748923,9.869596283667988e-06
983,0,1,983,0.0031415913616618186,0.004885330217113529,9.869596283668155e-06
984,0,0,984,0.003141591361661815,0.005431883712197244,9.869596283668129e-06
985,0,1,985,0.0031415913616615774,0.005964210109419388,9.869596283666643e-06
986,0,1,986,0.003141591361661574,0.005342489537461109,9.869596283666731e-06
987,0,0,987,0.003141591361661759,0.003477403857818143,9.869596283667785e-06
988,0,1,988,0.003141591361661763,0.005263842569609739,9.869596283667936e-06
989,0,1,989,0.0031415913616617747,0.004015973565300165,9.869596283667885e-06
990,0,1,990,0.0031415913616615705,0.005302336359025106,9.869596283666552e-06
991,0,1,991,0.0031415913616618216,0.005909283061309167,9.869596283668175e-06
992,0,1,992,0.0031415913616616863,0.005924614425073915,9.869596283667331e-06
993,0,1,993,0.003141591361661595,0.006063368260402935,9.869596283666755e-06
994,0,0,994,0.003141591361661833,0.004471764126895497,9.86959628366825e-06
995,0,0,995,0.0031415913616616355,0.0048316382691456355,9.869596283666923e-06
996,0,1,996,0.0031415913616616724,0.005668382250582471,9.86959628366724e-06
997,0,0,997,0.0031415913616616277,0.004943734304355268,9.86959628366696e-06
998,0,1,998,0.0031415913616618394,0.005676622056174224,9.869596283668297e-06
999,0,1,999,0.003141591361661723,0.0057486393338038455,9.869596283667534e-06
