,Layer,Qubit,Run,2-Norm,Trace Norm,Diamond Norm
0,0,1,0,0.031414634623641136,0.05594035017477131,0.0009868792685368724
1,0,0,1,0.03141463462364142,0.05550395234802688,0.0009868792685368902
2,0,0,2,0.031414634623641184,0.04436442848586876,0.0009868792685368756
3,0,1,3,0.031414634623641184,0.057539714489710486,0.0009868792685368754
4,0,0,4,0.03141463462364118,0.03500864403443376,0.0009868792685368756
5,0,1,5,0.031414634623641365,0.06083802432854568,0.0009868792685368845
6,0,1,6,0.031414634623641434,0.05397992176085761,0.0009868792685368906
7,0,0,7,0.03141463462364113,0.061360003984014866,0.000986879268536872
8,0,0,8,0.03141463462364133,0.04822237100152217,0.0009868792685368843
9,0,1,9,0.03141463462364139,0.03909281732580078,0.0009868792685368887
10,0,0,10,0.03141463462364112,0.05241348202807142,0.000986879268536871
11,0,1,11,0.031414634623641385,0.06196562407492129,0.000986879268536888
12,0,1,12,0.03141463462364138,0.054967727563643654,0.0009868792685368874
13,0,1,13,0.03141463462364143,0.052237854133693,0.0009868792685368906
14,0,0,14,0.03141463462364141,0.048357135618887555,0.0009868792685368897
15,0,1,15,0.031414634623641365,0.057174463447363766,0.0009868792685368865
16,0,0,16,0.03141463462364135,0.049976916773338306,0.0009868792685368863
17,0,0,17,0.031414634623641406,0.034155231981953665,0.000986879268536889
18,0,1,18,0.031414634623641385,0.03645217992439111,0.0009868792685368878
19,0,1,19,0.03141463462364131,0.06137849087066505,0.0009868792685368828
20,0,1,20,0.03141463462364112,0.05300080693803097,0.0009868792685368704
21,0,0,21,0.03141463462364122,0.04769612303941398,0.0009868792685368778
22,0,0,22,0.0314146346236412,0.042659611028072655,0.0009868792685368756
23,0,1,23,0.03141463462364116,0.05022115496772525,0.0009868792685368737
24,0,1,24,0.03141463462364142,0.0446421983925056,0.0009868792685368904
25,0,1,25,0.031414634623641406,0.03698057718363243,0.0009868792685368889
26,0,1,26,0.03141463462364123,0.05761596534375599,0.0009868792685368785
27,0,0,27,0.03141463462364142,0.04848821091293642,0.0009868792685368895
28,0,1,28,0.031414634623641385,0.041167018647056935,0.0009868792685368878
29,0,1,29,0.0314146346236412,0.06107797843424184,0.000986879268536876
30,0,1,30,0.031414634623641316,0.049403546402586804,0.0009868792685368835
31,0,0,31,0.03141463462364122,0.05839734137138386,0.0009868792685368776
32,0,1,32,0.0314146346236412,0.05409926497222073,0.0009868792685368754
33,0,0,33,0.03141463462364139,0.04193083319512764,0.0009868792685368884
34,0,0,34,0.03141463462364138,0.05767978148783173,0.0009868792685368874
35,0,0,35,0.031414634623641385,0.057219541463746054,0.0009868792685368878
36,0,0,36,0.03141463462364142,0.05665610638717411,0.0009868792685368902
37,0,1,37,0.03141463462364142,0.04772927466879885,0.0009868792685368897
38,0,0,38,0.03141463462364122,0.056311417639580225,0.0009868792685368778
39,0,1,39,0.03141463462364117,0.040201450314735834,0.0009868792685368748
40,0,0,40,0.031414634623641406,0.05227265072195879,0.0009868792685368887
41,0,0,41,0.031414634623641295,0.05247692335160985,0.0009868792685368826
42,0,0,42,0.031414634623641205,0.0549126916436794,0.0009868792685368759
43,0,1,43,0.03141463462364147,0.0493529919331992,0.0009868792685368928
44,0,0,44,0.0314146346236414,0.0523371284426164,0.0009868792685368889
45,0,0,45,0.031414634623641406,0.047714899751052434,0.0009868792685368895
46,0,1,46,0.03141463462364132,0.05482748279274169,0.0009868792685368835
47,0,0,47,0.03141463462364114,0.054593290258235505,0.0009868792685368728
48,0,0,48,0.031414634623641115,0.05019437977936965,0.000986879268536871
49,0,1,49,0.03141463462364107,0.05363387693407179,0.0009868792685368683
50,0,0,50,0.031414634623641254,0.0626873071602651,0.0009868792685368765
51,0,0,51,0.031414634623641136,0.05715416629662193,0.0009868792685368724
52,0,1,52,1.9997532649633214,2.1221288656115287,0.000986879268536883
53,0,0,53,0.0314146346236414,0.04591844969994655,0.0009868792685368887
54,0,0,54,0.031414634623641344,0.05596984524281981,0.0009868792685368845
55,0,1,55,0.03141463462364147,0.061483460288009495,0.0009868792685368932
56,0,0,56,0.03141463462364122,0.046919305484255575,0.000986879268536877
57,0,0,57,0.031414634623641434,0.05814094007693682,0.0009868792685368906
58,0,0,58,0.031414634623641254,0.052781435171142754,0.000986879268536879
59,0,0,59,0.031414634623641136,0.04915595231966029,0.0009868792685368724
60,0,1,60,0.0314146346236414,0.04780804932764234,0.0009868792685368887
61,0,0,61,0.03141463462364114,0.06130175720138753,0.0009868792685368724
62,0,0,62,0.03141463462364142,0.04601057579958022,0.0009868792685368893
63,0,0,63,0.03141463462364144,0.04789204528188748,0.0009868792685368906
64,0,1,64,0.031414634623641156,0.06131053773235262,0.0009868792685368733
65,0,0,65,0.03141463462364139,0.05823595178423166,0.0009868792685368882
66,0,1,66,0.03141463462364117,0.05987877668460817,0.000986879268536874
67,0,0,67,0.03141463462364115,0.061964808811128314,0.0009868792685368733
68,0,1,68,0.03141463462364146,0.05771183913903907,0.0009868792685368921
69,0,0,69,0.031414634623641136,0.04088275009918792,0.0009868792685368722
70,0,0,70,0.031414634623641406,0.038559248720858474,0.0009868792685368889
71,0,0,71,0.031414634623641434,0.05275310256702745,0.0009868792685368908
72,0,1,72,0.03141463462364136,0.05773529442324091,0.0009868792685368852
73,0,0,73,0.03141463462364115,0.052530524407151905,0.000986879268536873
74,0,0,74,0.03141463462364139,0.06168647128306287,0.000986879268536888
75,0,1,75,0.031414634623641115,0.058002154745142614,0.0009868792685368702
76,0,1,76,0.03141463462364142,0.05724254405162629,0.0009868792685368889
77,0,1,77,0.03141463462364114,0.06081516453237612,0.000986879268536873
78,0,1,78,0.031414634623641344,0.04758763287472167,0.0009868792685368856
79,0,0,79,0.03141463462364147,0.05310587831575894,0.0009868792685368928
80,0,1,80,0.03141463462364143,0.048529693463002344,0.0009868792685368889
81,0,0,81,0.03141463462364136,0.0424313759732017,0.0009868792685368867
82,0,1,82,0.03141463462364142,0.05786888949865815,0.0009868792685368897
83,0,1,83,0.031414634623641455,0.05682266439666597,0.0009868792685368921
84,0,0,84,0.03141463462364108,0.05361969622017068,0.0009868792685368694
85,0,1,85,0.031414634623641434,0.05817527602366507,0.0009868792685368908
86,0,1,86,0.031414634623641226,0.05990235175080766,0.0009868792685368774
87,0,1,87,0.03141463462364143,0.06225751932734286,0.0009868792685368902
88,0,0,88,0.0314146346236414,0.05855468775659586,0.000986879268536889
89,0,1,89,0.0314146346236414,0.04816572378027367,0.0009868792685368882
90,0,1,90,0.03141463462364139,0.039394155814697324,0.000986879268536888
91,0,1,91,0.031414634623641385,0.051878211444965724,0.0009868792685368878
92,0,0,92,0.0314146346236412,0.05350405858023294,0.0009868792685368763
93,0,1,93,0.031414634623641184,0.05950342829177413,0.0009868792685368754
94,0,0,94,0.03141463462364118,0.03499389770586147,0.0009868792685368746
95,0,0,95,0.03141463462364143,0.0476534982506388,0.0009868792685368904
96,0,0,96,0.031414634623641406,0.04759960961032412,0.0009868792685368887
97,0,1,97,0.031414634623641184,0.047808148766198294,0.0009868792685368746
98,0,1,98,0.03141463462364139,0.033885270681879166,0.0009868792685368882
99,0,1,99,0.031414634623641406,0.053455094620928345,0.0009868792685368878
100,0,1,100,0.03141463462364137,0.050576117935502984,0.0009868792685368848
101,0,1,101,0.03141463462364135,0.046901663506452536,0.0009868792685368856
102,0,1,102,1.9997532649633214,2.6837092428995213,0.0009868792685368826
103,0,1,103,0.031414634623641434,0.058983258549928363,0.000986879268536889
104,0,1,104,0.03141463462364121,0.05299558043564931,0.0009868792685368759
105,0,0,105,0.03141463462364144,0.05776789597676804,0.0009868792685368913
106,0,1,106,0.03141463462364119,0.05453116316768314,0.0009868792685368752
107,0,1,107,0.03141463462364132,0.05200873238193918,0.0009868792685368839
108,0,1,108,0.03141463462364115,0.04808056034242686,0.0009868792685368735
109,0,0,109,0.031414634623641156,0.05138874832268654,0.000986879268536874
110,0,0,110,0.031414634623641406,0.04417010254228835,0.0009868792685368889
111,0,1,111,0.031414634623641136,0.06079660301827555,0.0009868792685368724
112,0,0,112,0.03141463462364136,0.05386827693971327,0.000986879268536887
113,0,0,113,0.03141463462364116,0.05476896349989285,0.0009868792685368735
114,0,1,114,0.03141463462364116,0.06061711695490424,0.0009868792685368735
115,0,1,115,0.03141463462364136,0.05060292151039353,0.0009868792685368863
116,0,0,116,0.03141463462364137,0.05171499042754825,0.0009868792685368865
117,0,1,117,0.03141463462364132,0.05882743952344427,0.000986879268536884
118,0,0,118,0.03141463462364121,0.059737959895936,0.0009868792685368774
119,0,1,119,0.031414634623641184,0.052553499050206925,0.0009868792685368752
120,0,1,120,0.03141463462364141,0.04588060098257399,0.0009868792685368893
121,0,1,121,0.03141463462364144,0.055462037761613764,0.0009868792685368917
122,0,0,122,0.03141463462364117,0.03496437022595588,0.0009868792685368746
123,0,0,123,0.03141463462364142,0.03754916800195727,0.0009868792685368893
124,0,0,124,1.9997532649633214,2.3363209004545187,0.000986879268536883
125,0,1,125,0.03141463462364143,0.04793571747699788,0.0009868792685368908
126,0,1,126,0.0314146346236412,0.04629812673382566,0.0009868792685368763
127,0,1,127,0.03141463462364142,0.04698211901322888,0.0009868792685368904
128,0,0,128,0.031414634623641455,0.04674034678517214,0.0009868792685368921
129,0,0,129,0.03141463462364143,0.03889878528813414,0.0009868792685368904
130,0,1,130,0.031414634623641156,0.04480667889203586,0.0009868792685368733
131,0,1,131,0.03141463462364123,0.0601075951047903,0.0009868792685368778
132,0,1,132,0.031414634623641365,0.047257100174621494,0.0009868792685368867
133,0,1,133,0.03141463462364138,0.06149404291286065,0.0009868792685368874
134,0,0,134,0.031414634623641406,0.05533516903861144,0.0009868792685368887
135,0,0,135,0.031414634623641406,0.03672613065301581,0.0009868792685368889
136,0,0,136,0.03141463462364136,0.05187112462068551,0.000986879268536886
137,0,1,137,0.0314146346236414,0.050392662507045397,0.0009868792685368882
138,0,0,138,0.03141463462364141,0.05700869717415616,0.0009868792685368902
139,0,1,139,0.031414634623641385,0.05020581365637515,0.0009868792685368884
140,0,0,140,0.03141463462364122,0.04690125930097479,0.0009868792685368776
141,0,0,141,0.03141463462364124,0.05007377077860374,0.0009868792685368787
142,0,1,142,0.0314146346236414,0.048847054479813704,0.0009868792685368884
143,0,0,143,0.031414634623641434,0.05260543204490878,0.0009868792685368906
144,0,0,144,0.031414634623641406,0.04377283913278428,0.0009868792685368884
145,0,0,145,1.9997532649633214,2.3731914480585385,0.000986879268536886
146,0,0,146,0.031414634623641184,0.04631035461379847,0.000986879268536875
147,0,1,147,0.0314146346236412,0.05113693310972384,0.0009868792685368765
148,0,1,148,0.0314146346236414,0.04329560178245011,0.000986879268536889
149,0,0,149,0.031414634623641406,0.04888827679955758,0.000986879268536889
150,0,0,150,0.03141463462364116,0.0602557573297563,0.0009868792685368735
151,0,1,151,0.03141463462364141,0.058846504683865763,0.0009868792685368897
152,0,1,152,0.031414634623641434,0.05021735401483314,0.0009868792685368904
153,0,1,153,0.03141463462364138,0.046065977435971454,0.000986879268536888
154,0,0,154,0.031414634623641295,0.05282935404022937,0.0009868792685368828
155,0,1,155,1.9997532649633214,2.8633873650691077,0.000986879268536883
156,0,1,156,0.031414634623641385,0.04298615345284114,0.0009868792685368874
157,0,1,157,0.031414634623641455,0.06170580372381862,0.0009868792685368915
158,0,1,158,0.03141463462364143,0.04355392650105843,0.0009868792685368904
159,0,0,159,0.0314146346236412,0.057859957053068234,0.0009868792685368754
160,0,1,160,0.03141463462364137,0.051999754200576453,0.000986879268536887
161,0,0,161,0.03141463462364139,0.039632434766143546,0.0009868792685368884
162,0,1,162,0.03141463462364114,0.04683091367845422,0.0009868792685368726
163,0,0,163,0.03141463462364116,0.052292653370971665,0.000986879268536874
164,0,1,164,0.031414634623641365,0.04386128307501522,0.0009868792685368871
165,0,1,165,0.03141463462364135,0.04499485524231587,0.0009868792685368856
166,0,0,166,0.031414634623641365,0.06017294334745654,0.0009868792685368858
167,0,0,167,0.03141463462364115,0.05223180524533841,0.0009868792685368728
168,0,1,168,0.03141463462364136,0.04500603897330068,0.0009868792685368865
169,0,0,169,0.03141463462364122,0.048793965747843795,0.0009868792685368774
170,0,1,170,0.03141463462364143,0.0609953275122585,0.0009868792685368904
171,0,1,171,0.03141463462364146,0.04487740064907042,0.0009868792685368926
172,0,1,172,0.031414634623641066,0.06205329200731352,0.0009868792685368683
173,0,1,173,0.03141463462364143,0.04254569323253864,0.0009868792685368906
174,0,0,174,0.03141463462364152,0.05236949900918145,0.0009868792685368965
175,0,1,175,0.03141463462364119,0.048863713129352004,0.0009868792685368756
176,0,1,176,0.03141463462364118,0.052746328355947364,0.000986879268536875
177,0,0,177,0.031414634623641365,0.052694642916486234,0.000986879268536886
178,0,1,178,0.03141463462364143,0.051151991172612946,0.0009868792685368884
179,0,1,179,0.03141463462364138,0.05753383851978586,0.0009868792685368835
180,0,1,180,0.0314146346236414,0.047180534827165235,0.0009868792685368887
181,0,0,181,0.031414634623641406,0.0368582335231188,0.000986879268536889
182,0,1,182,1.9997532649633214,2.7610524794613784,0.0009868792685368895
183,0,0,183,0.03141463462364115,0.06186814949176911,0.0009868792685368728
184,0,0,184,0.0314146346236415,0.054033713484021695,0.0009868792685368952
185,0,1,185,0.031414634623641295,0.057582253054203114,0.0009868792685368817
186,0,1,186,0.03141463462364116,0.06043867270853637,0.000986879268536874
187,0,1,187,0.03141463462364141,0.03533666913181489,0.00098687926853689
188,0,1,188,0.0314146346236411,0.053636558062505224,0.00098687926853687
189,0,0,189,0.03141463462364121,0.05770149893198495,0.000986879268536877
190,0,0,190,0.03141463462364115,0.06084833659406885,0.000986879268536873
191,0,0,191,0.03141463462364112,0.06036971770562943,0.0009868792685368717
192,0,0,192,0.03141463462364137,0.05507675482193744,0.0009868792685368871
193,0,0,193,0.03141463462364136,0.044811168787539477,0.000986879268536886
194,0,1,194,0.03141463462364123,0.043430968977188816,0.0009868792685368776
195,0,0,195,0.031414634623641094,0.056480357238008316,0.0009868792685368694
196,0,0,196,0.031414634623641184,0.05278409885536506,0.0009868792685368754
197,0,1,197,0.03141463462364114,0.04396413386497706,0.0009868792685368726
198,0,0,198,0.03141463462364132,0.052270156054330524,0.0009868792685368839
199,0,1,199,0.03141463462364124,0.0490799235889805,0.0009868792685368787
200,0,0,200,0.0314146346236414,0.05311688440018805,0.0009868792685368887
201,0,1,201,0.03141463462364118,0.051830488968462596,0.0009868792685368748
202,0,1,202,0.03141463462364133,0.051990033522245016,0.0009868792685368848
203,0,1,203,0.03141463462364144,0.05763681115736241,0.0009868792685368915
204,0,0,204,0.031414634623641295,0.06102180951713304,0.0009868792685368822
205,0,0,205,0.03141463462364137,0.052441967568709086,0.0009868792685368871
206,0,1,206,0.031414634623641205,0.05882721757682563,0.000986879268536875
207,0,1,207,0.03141463462364125,0.04688924643664072,0.0009868792685368754
208,0,1,208,0.031414634623641406,0.042306882068593676,0.0009868792685368887
209,0,1,209,0.031414634623641385,0.05546150419368731,0.0009868792685368878
210,0,1,210,0.03141463462364135,0.05529243976585704,0.000986879268536886
211,0,0,211,0.031414634623641205,0.06101929527998079,0.000986879268536876
212,0,0,212,0.03141463462364144,0.04344048922544171,0.0009868792685368904
213,0,0,213,0.03141463462364117,0.0617197719061377,0.0009868792685368735
214,0,0,214,0.031414634623641365,0.03849886682503054,0.0009868792685368865
215,0,1,215,0.031414634623641344,0.05953555881829442,0.0009868792685368845
216,0,1,216,0.031414634623641434,0.04305229219923794,0.0009868792685368908
217,0,1,217,0.03141463462364121,0.0510844908090186,0.0009868792685368774
218,0,0,218,0.03141463462364122,0.04536236839397428,0.0009868792685368772
219,0,0,219,0.031414634623641205,0.048376036465931235,0.0009868792685368767
220,0,0,220,0.03141463462364139,0.05292006186304618,0.0009868792685368876
221,0,1,221,0.03141463462364137,0.04766280334609276,0.0009868792685368865
222,0,0,222,0.03141463462364118,0.0438209750685688,0.0009868792685368752
223,0,0,223,0.031414634623641476,0.05280436494458329,0.0009868792685368917
224,0,0,224,0.03141463462364118,0.05129046451687218,0.000986879268536875
225,0,0,225,0.031414634623641344,0.059225871216896875,0.000986879268536885
226,0,1,226,0.03141463462364136,0.04174781268912424,0.0009868792685368858
227,0,1,227,0.03141463462364117,0.04744788002681806,0.0009868792685368746
228,0,1,228,0.031414634623641434,0.0539354998926721,0.000986879268536889
229,0,1,229,0.03141463462364136,0.04762970465296,0.000986879268536886
230,0,1,230,0.031414634623641476,0.0574083197673079,0.0009868792685368915
231,0,1,231,0.031414634623641205,0.05951657536052374,0.0009868792685368765
232,0,0,232,0.03141463462364146,0.056711625126417226,0.0009868792685368921
233,0,1,233,0.03141463462364115,0.04530726865507222,0.000986879268536873
234,0,1,234,0.03141463462364142,0.05332231868748033,0.0009868792685368904
235,0,1,235,0.031414634623641205,0.060617250608396234,0.0009868792685368763
236,0,1,236,0.03141463462364118,0.05608124916273907,0.0009868792685368746
237,0,0,237,0.03141463462364118,0.041311451928059295,0.0009868792685368748
238,0,0,238,0.0314146346236414,0.04622845955932843,0.000986879268536889
239,0,1,239,0.03141463462364121,0.05642098553039704,0.000986879268536877
240,0,1,240,0.03141463462364139,0.061036050237112005,0.0009868792685368887
241,0,1,241,0.03141463462364128,0.042818433217893546,0.0009868792685368813
242,0,1,242,0.03141463462364133,0.051637231975264875,0.0009868792685368839
243,0,1,243,0.03141463462364118,0.051496762686477474,0.0009868792685368748
244,0,0,244,0.03141463462364137,0.06051669786057701,0.0009868792685368858
245,0,1,245,0.03141463462364141,0.06265619050936982,0.0009868792685368893
246,0,1,246,0.03141463462364138,0.046277932837865486,0.0009868792685368876
247,0,1,247,0.03141463462364138,0.04888500237743586,0.0009868792685368876
248,0,1,248,0.031414634623641365,0.05378577022184086,0.0009868792685368863
249,0,1,249,0.03141463462364136,0.04695772050921313,0.0009868792685368858
250,0,0,250,0.03141463462364137,0.052323181855905926,0.000986879268536887
251,0,1,251,0.03141463462364122,0.04905303997265974,0.0009868792685368774
252,0,0,252,0.03141463462364133,0.058243449964686694,0.0009868792685368824
253,0,1,253,0.03141463462364141,0.05721179322654277,0.0009868792685368893
254,0,1,254,0.03141463462364137,0.0572167401715844,0.000986879268536887
255,0,1,255,0.03141463462364143,0.04971598645605335,0.0009868792685368913
256,0,1,256,0.0314146346236414,0.06059007263549254,0.0009868792685368889
257,0,1,257,0.031414634623641455,0.04423331765635182,0.000986879268536893
258,0,1,258,0.03141463462364122,0.04173957695660299,0.0009868792685368776
259,0,1,259,0.03141463462364126,0.056523229627460425,0.0009868792685368802
260,0,0,260,0.03141463462364143,0.05202240411180356,0.0009868792685368897
261,0,1,261,0.03141463462364117,0.04109183217975766,0.000986879268536874
262,0,1,262,0.03141463462364118,0.046816425485356736,0.0009868792685368748
263,0,1,263,0.03141463462364141,0.05879558402898838,0.0009868792685368887
264,0,1,264,0.03141463462364117,0.04572232185801357,0.0009868792685368746
265,0,0,265,0.03141463462364119,0.044136662094619396,0.000986879268536875
266,0,1,266,0.0314146346236414,0.04118680065485164,0.0009868792685368887
267,0,1,267,0.03141463462364136,0.04615411441419498,0.000986879268536886
268,0,1,268,0.03141463462364116,0.03621296178845802,0.000986879268536874
269,0,0,269,0.031414634623641406,0.03749499011775833,0.000986879268536889
270,0,1,270,0.0314146346236414,0.05297827041425174,0.0009868792685368889
271,0,1,271,0.031414634623641184,0.05730367149611856,0.0009868792685368746
272,0,1,272,0.03141463462364143,0.059900384522070804,0.0009868792685368893
273,0,0,273,0.03141463462364119,0.06013145119977453,0.0009868792685368754
274,0,0,274,0.0314146346236412,0.04745613385751506,0.000986879268536876
275,0,1,275,0.03141463462364139,0.03983483946295175,0.0009868792685368884
276,0,1,276,0.0314146346236412,0.03819899815432488,0.0009868792685368752
277,0,1,277,0.03141463462364125,0.05774896486116893,0.0009868792685368791
278,0,0,278,0.03141463462364143,0.04837014619489886,0.0009868792685368895
279,0,1,279,0.03141463462364142,0.050542754628238706,0.000986879268536888
280,0,0,280,0.03141463462364139,0.045679968475616735,0.0009868792685368887
281,0,1,281,0.031414634623641365,0.04236947731236449,0.0009868792685368858
282,0,1,282,0.031414634623641184,0.06061918889378115,0.0009868792685368752
283,0,0,283,0.03141463462364139,0.04231718440645492,0.0009868792685368887
284,0,0,284,0.03141463462364158,0.060991734161181754,0.0009868792685369001
285,0,0,285,0.031414634623641156,0.05995740238883851,0.000986879268536874
286,0,1,286,0.031414634623641365,0.05606711633240402,0.0009868792685368863
287,0,0,287,0.0314146346236414,0.044950541830456124,0.000986879268536889
288,0,1,288,0.0314146346236412,0.05917486717180065,0.000986879268536876
289,0,1,289,0.03141463462364124,0.05026308960050477,0.0009868792685368791
290,0,1,290,0.031414634623641385,0.034794936934260154,0.0009868792685368882
291,0,0,291,0.03141463462364139,0.04864012994779998,0.0009868792685368893
292,0,1,292,0.03141463462364105,0.04990815476127884,0.0009868792685368674
293,0,0,293,0.031414634623641406,0.051930023357169786,0.0009868792685368897
294,0,0,294,0.03141463462364145,0.04921287165314003,0.000986879268536892
295,0,0,295,0.03141463462364139,0.061784102491082904,0.0009868792685368887
296,0,1,296,0.03141463462364122,0.046436378098152646,0.0009868792685368756
297,0,1,297,0.03141463462364136,0.0443874691577338,0.000986879268536886
298,0,1,298,0.03141463462364116,0.06083407306914013,0.0009868792685368746
299,0,1,299,0.031414634623641406,0.051691005096249604,0.0009868792685368897
300,0,0,300,0.03141463462364142,0.04423220090664361,0.00098687926853689
301,0,0,301,0.03141463462364143,0.04137324565542881,0.0009868792685368889
302,0,0,302,0.03141463462364134,0.057035704610158666,0.0009868792685368856
303,0,1,303,0.03141463462364141,0.046334450106252784,0.0009868792685368893
304,0,1,304,0.03141463462364139,0.03617638627476951,0.0009868792685368887
305,0,1,305,0.031414634623641406,0.056680603779739575,0.000986879268536889
306,0,1,306,0.031414634623641344,0.059512602887762556,0.000986879268536884
307,0,1,307,0.03141463462364132,0.06239320218249206,0.000986879268536884
308,0,0,308,0.03141463462364142,0.04773343100054475,0.0009868792685368895
309,0,1,309,0.031414634623641344,0.04664808930331403,0.0009868792685368858
310,0,1,310,0.03141463462364111,0.06016450436805082,0.0009868792685368707
311,0,1,311,0.03141463462364123,0.05775383111133989,0.0009868792685368778
312,0,0,312,0.03141463462364118,0.04138729226526021,0.0009868792685368743
313,0,1,313,0.031414634623641385,0.051016122232699246,0.000986879268536888
314,0,0,314,0.03141463462364114,0.044386460127160784,0.0009868792685368724
315,0,0,315,0.03141463462364113,0.05896683306162953,0.000986879268536872
316,0,1,316,0.03141463462364136,0.04910045238281874,0.000986879268536886
317,0,0,317,0.03141463462364143,0.039757414396628825,0.0009868792685368904
318,0,1,318,0.03141463462364147,0.05467344489550113,0.0009868792685368932
319,0,1,319,0.031414634623641434,0.059139659088490504,0.0009868792685368906
320,0,1,320,0.03141463462364121,0.06194936491989178,0.0009868792685368765
321,0,0,321,0.03141463462364115,0.057047654519825214,0.000986879268536873
322,0,0,322,0.031414634623641316,0.050282511713393,0.0009868792685368824
323,0,0,323,0.03141463462364119,0.05865614243819123,0.0009868792685368743
324,0,1,324,0.03141463462364138,0.04495845509431011,0.0009868792685368874
325,0,1,325,0.031414634623641365,0.06236455179601236,0.0009868792685368858
326,0,1,326,1.9997532649633214,2.505113929213924,0.0009868792685368826
327,0,1,327,0.031414634623641496,0.06257737189834034,0.0009868792685368945
328,0,1,328,0.03141463462364136,0.043754313473802604,0.0009868792685368856
329,0,0,329,0.03141463462364132,0.06010303865229055,0.000986879268536884
330,0,0,330,0.031414634623641316,0.043277711486533935,0.0009868792685368835
331,0,1,331,0.031414634623641344,0.05277899321694551,0.0009868792685368854
332,0,1,332,0.031414634623641365,0.046781650335993866,0.0009868792685368867
333,0,1,333,0.03141463462364138,0.04862204885408465,0.0009868792685368874
334,0,1,334,0.03141463462364129,0.05491580145183497,0.000986879268536879
335,0,1,335,0.03141463462364143,0.06278700705653278,0.0009868792685368906
336,0,1,336,0.031414634623641344,0.05606817312404652,0.0009868792685368843
337,0,0,337,0.03141463462364117,0.03748134867298274,0.000986879268536875
338,0,0,338,0.03141463462364138,0.041746665082729825,0.0009868792685368871
339,0,1,339,0.03141463462364139,0.04743084533266291,0.0009868792685368882
340,0,1,340,0.03141463462364121,0.04535225771981579,0.0009868792685368748
341,0,1,341,0.031414634623641316,0.053321132698948615,0.0009868792685368839
342,0,0,342,0.031414634623641254,0.057665399659352745,0.0009868792685368791
343,0,1,343,0.031414634623641184,0.040132218494453385,0.0009868792685368752
344,0,1,344,0.03141463462364139,0.05760353818778213,0.000986879268536888
345,0,1,345,0.03141463462364112,0.05040509255416385,0.0009868792685368704
346,0,1,346,0.03141463462364117,0.03636549716074241,0.0009868792685368752
347,0,0,347,0.03141463462364116,0.04688607111413646,0.0009868792685368743
348,0,0,348,0.031414634623641365,0.060620695464337404,0.000986879268536885
349,0,0,349,0.031414634623641344,0.048595289272074016,0.0009868792685368854
350,0,1,350,0.03141463462364123,0.0620796880926861,0.0009868792685368782
351,0,0,351,0.03141463462364134,0.058859164268115716,0.0009868792685368848
352,0,1,352,0.0314146346236412,0.05828673421048425,0.000986879268536876
353,0,0,353,0.03141463462364139,0.04402185997717158,0.0009868792685368884
354,0,0,354,0.03141463462364151,0.05940455188888599,0.0009868792685368958
355,0,0,355,0.0314146346236414,0.049551744623267266,0.0009868792685368887
356,0,0,356,0.03141463462364142,0.052962293639395974,0.0009868792685368904
357,0,1,357,0.031414634623641184,0.04556142045849758,0.0009868792685368754
358,0,1,358,0.031414634623641156,0.053851441053007626,0.0009868792685368724
359,0,0,359,0.03141463462364116,0.054075639612981535,0.0009868792685368743
360,0,1,360,0.03141463462364142,0.04920996123758391,0.00098687926853689
361,0,1,361,0.0314146346236414,0.052025500600147545,0.000986879268536889
362,0,1,362,0.03141463462364143,0.05996584284912326,0.0009868792685368908
363,0,1,363,0.03141463462364139,0.04142532681162215,0.0009868792685368887
364,0,0,364,0.031414634623641406,0.057206414699118996,0.000986879268536889
365,0,0,365,0.03141463462364109,0.04846138744721398,0.0009868792685368694
366,0,0,366,0.03141463462364128,0.06219295278858972,0.0009868792685368815
367,0,0,367,0.03141463462364135,0.05240022589647214,0.0009868792685368867
368,0,0,368,0.03141463462364138,0.04798146842975437,0.0009868792685368874
369,0,0,369,0.031414634623641406,0.05968058234725626,0.0009868792685368895
370,0,1,370,0.03141463462364136,0.06135695731488244,0.0009868792685368865
371,0,1,371,0.03141463462364136,0.052061785636340355,0.0009868792685368856
372,0,1,372,0.03141463462364141,0.043760210963737216,0.0009868792685368893
373,0,0,373,0.03141463462364137,0.04633747653506569,0.0009868792685368876
374,0,0,374,0.03141463462364141,0.041961242315717136,0.0009868792685368897
375,0,1,375,0.03141463462364138,0.05480580864774351,0.0009868792685368878
376,0,0,376,0.03141463462364118,0.05046696130670379,0.000986879268536875
377,0,1,377,0.0314146346236414,0.04596292633244753,0.0009868792685368887
378,0,1,378,0.031414634623641385,0.04132211688052417,0.0009868792685368878
379,0,1,379,0.031414634623641184,0.04871042276148849,0.0009868792685368752
380,0,0,380,0.03141463462364117,0.058196921807921936,0.0009868792685368743
381,0,1,381,0.03141463462364137,0.05228288424330042,0.0009868792685368863
382,0,1,382,0.031414634623641184,0.05408540346133969,0.0009868792685368746
383,0,0,383,0.03141463462364142,0.04948445470906579,0.0009868792685368889
384,0,0,384,0.03141463462364139,0.04818634810438876,0.0009868792685368882
385,0,0,385,0.031414634623641316,0.05008291001374443,0.0009868792685368837
386,0,1,386,0.0314146346236414,0.04832353591004334,0.000986879268536889
387,0,1,387,0.03141463462364147,0.05508868005401982,0.0009868792685368926
388,0,1,388,0.03141463462364121,0.05123996221629573,0.000986879268536877
389,0,1,389,0.031414634623641434,0.048474290913318605,0.0009868792685368908
390,0,1,390,1.9997532649633214,2.4507755368686586,0.0009868792685368826
391,0,1,391,0.03141463462364141,0.0430661097159284,0.0009868792685368897
392,0,1,392,0.031414634623641365,0.05264951053759093,0.000986879268536887
393,0,0,393,0.0314146346236414,0.04489186116749517,0.0009868792685368889
394,0,1,394,0.031414634623641136,0.053145022560481314,0.0009868792685368726
395,0,0,395,0.03141463462364136,0.04705083626760699,0.0009868792685368863
396,0,0,396,0.03141463462364143,0.04107747670476447,0.00098687926853689
397,0,1,397,0.031414634623641094,0.04481332399880268,0.0009868792685368698
398,0,1,398,0.03141463462364127,0.06071236484743758,0.0009868792685368785
399,0,0,399,0.03141463462364122,0.05559459504922559,0.0009868792685368774
400,0,1,400,0.03141463462364105,0.045209393167451616,0.0009868792685368672
401,0,1,401,0.03141463462364139,0.04488531487232728,0.0009868792685368884
402,0,1,402,0.03141463462364144,0.05084621941838999,0.0009868792685368917
403,0,1,403,0.031414634623641254,0.051468211435964695,0.0009868792685368787
404,0,0,404,0.03141463462364148,0.050943493666757766,0.000986879268536894
405,0,1,405,0.03141463462364137,0.06225630330005377,0.0009868792685368863
406,0,1,406,0.03141463462364133,0.05871935043265836,0.000986879268536884
407,0,0,407,0.03141463462364136,0.04007467627122399,0.0009868792685368856
408,0,0,408,0.031414634623641184,0.05861420579623877,0.0009868792685368754
409,0,0,409,0.03141463462364138,0.043421207383814414,0.0009868792685368878
410,0,0,410,0.03141463462364116,0.06068823759656261,0.0009868792685368733
411,0,0,411,0.0314146346236414,0.04372342748086326,0.0009868792685368887
412,0,1,412,0.031414634623641455,0.04528482069999679,0.000986879268536893
413,0,1,413,0.031414634623641205,0.058860925906248585,0.0009868792685368756
414,0,0,414,0.03141463462364145,0.05864036699691491,0.0009868792685368904
415,0,0,415,0.03141463462364115,0.05040779758182255,0.0009868792685368733
416,0,0,416,0.031414634623641365,0.04891723076734032,0.0009868792685368867
417,0,0,417,0.03141463462364135,0.036832700996070264,0.0009868792685368856
418,0,1,418,0.03141463462364143,0.03704504466483862,0.000986879268536891
419,0,0,419,0.03141463462364141,0.05974168779500266,0.0009868792685368889
420,0,1,420,1.9997532649633214,2.785004494272003,0.0009868792685368824
421,0,1,421,0.03141463462364143,0.05449975839269153,0.0009868792685368904
422,0,0,422,0.03141463462364138,0.052973741074016284,0.0009868792685368876
423,0,0,423,0.03141463462364138,0.06131503464831328,0.0009868792685368863
424,0,1,424,0.03141463462364118,0.03914679128121071,0.0009868792685368746
425,0,1,425,0.03141463462364117,0.0605924563145932,0.000986879268536874
426,0,0,426,0.03141463462364143,0.04473977367599783,0.0009868792685368889
427,0,0,427,0.031414634623641406,0.04911536473165129,0.000986879268536889
428,0,1,428,0.03141463462364128,0.04516102843869905,0.000986879268536881
429,0,0,429,0.031414634623641365,0.04374724381688702,0.0009868792685368867
430,0,0,430,0.03141463462364118,0.04575981886279328,0.000986879268536875
431,0,1,431,0.031414634623641184,0.04613411349083342,0.0009868792685368752
432,0,0,432,0.03141463462364124,0.061228288603858816,0.0009868792685368756
433,0,0,433,0.03141463462364134,0.047457505972113984,0.0009868792685368856
434,0,1,434,0.03141463462364133,0.056481865315388596,0.0009868792685368848
435,0,0,435,0.03141463462364132,0.04616857290378166,0.0009868792685368839
436,0,1,436,0.031414634623641385,0.04563478484408734,0.000986879268536888
437,0,1,437,0.03141463462364129,0.06138800491662527,0.000986879268536882
438,0,1,438,0.031414634623641434,0.060480520410724214,0.0009868792685368906
439,0,1,439,0.03141463462364118,0.046488097783597845,0.000986879268536874
440,0,1,440,0.031414634623641434,0.05648787381734452,0.000986879268536891
441,0,1,441,0.03141463462364141,0.0520231502278231,0.0009868792685368897
442,0,0,442,0.031414634623641385,0.05611109656637894,0.0009868792685368863
443,0,0,443,0.03141463462364136,0.05843498178096421,0.0009868792685368863
444,0,0,444,0.03141463462364136,0.0611680263694781,0.0009868792685368845
445,0,0,445,0.03141463462364119,0.04555395933709692,0.0009868792685368759
446,0,1,446,0.03141463462364113,0.0444976725764998,0.0009868792685368715
447,0,0,447,0.03141463462364145,0.06044110595967367,0.0009868792685368915
448,0,0,448,0.0314146346236414,0.059838931811924456,0.0009868792685368878
449,0,0,449,0.03141463462364119,0.0343355215350469,0.0009868792685368754
450,0,0,450,0.0314146346236414,0.06218578540401126,0.0009868792685368876
451,0,1,451,0.03141463462364119,0.05331300968055455,0.000986879268536875
452,0,1,452,0.031414634623641406,0.03710345154851706,0.0009868792685368893
453,0,0,453,0.03141463462364138,0.04435775250099368,0.0009868792685368874
454,0,0,454,0.03141463462364135,0.039834411881237534,0.0009868792685368858
455,0,0,455,0.03141463462364114,0.04096717621335487,0.0009868792685368728
456,0,0,456,0.031414634623641434,0.0498549935055157,0.0009868792685368913
457,0,0,457,0.03141463462364139,0.05408523267921975,0.0009868792685368887
458,0,1,458,0.031414634623641254,0.06104211808109322,0.000986879268536879
459,0,1,459,0.03141463462364113,0.052677578719479576,0.0009868792685368715
460,0,0,460,0.03141463462364127,0.057739771792215455,0.0009868792685368806
461,0,1,461,0.031414634623641365,0.04527337938113929,0.0009868792685368865
462,0,1,462,0.03141463462364114,0.06048591237098583,0.0009868792685368728
463,0,0,463,0.031414634623641365,0.03995194884194542,0.000986879268536886
464,0,1,464,0.0314146346236414,0.04192521830967022,0.0009868792685368889
465,0,1,465,0.03141463462364138,0.04903438038392778,0.0009868792685368874
466,0,1,466,0.03141463462364119,0.0468537055891607,0.0009868792685368746
467,0,0,467,0.031414634623641344,0.060125279735791404,0.0009868792685368839
468,0,1,468,0.031414634623641205,0.04765277162424726,0.0009868792685368759
469,0,0,469,0.03141463462364134,0.059282357810613195,0.0009868792685368843
470,0,0,470,0.03141463462364138,0.056095430253171374,0.0009868792685368867
471,0,0,471,0.031414634623641045,0.05369919615503596,0.000986879268536866
472,0,1,472,0.031414634623641344,0.05291449916656374,0.0009868792685368856
473,0,0,473,0.0314146346236414,0.03885237550466323,0.000986879268536889
474,0,1,474,0.031414634623641365,0.04546117130161968,0.0009868792685368863
475,0,0,475,0.031414634623641476,0.06112262099623417,0.0009868792685368934
476,0,0,476,0.03141463462364119,0.04543510764533226,0.0009868792685368754
477,0,1,477,0.03141463462364115,0.05597426809532863,0.0009868792685368733
478,0,1,478,0.03141463462364111,0.05468853179034769,0.00098687926853687
479,0,0,479,0.031414634623641274,0.0475763970820247,0.0009868792685368806
480,0,0,480,0.03141463462364135,0.0470194224557797,0.0009868792685368863
481,0,1,481,0.031414634623641365,0.04400897688954261,0.0009868792685368858
482,0,0,482,0.031414634623641406,0.044422954842232,0.000986879268536889
483,0,1,483,0.031414634623641385,0.04566175835055158,0.0009868792685368874
484,0,0,484,0.03141463462364124,0.04790538403201368,0.0009868792685368787
485,0,1,485,0.03141463462364134,0.05595473612528212,0.0009868792685368852
486,0,0,486,0.031414634623641455,0.06193482183432375,0.000986879268536891
487,0,0,487,0.03141463462364121,0.0570884379055534,0.0009868792685368767
488,0,0,488,0.031414634623641316,0.054486603328620875,0.0009868792685368837
489,0,1,489,0.03141463462364114,0.05626301927167057,0.0009868792685368713
490,0,0,490,0.0314146346236414,0.04499457362373623,0.0009868792685368889
491,0,1,491,0.031414634623641406,0.056966386831547366,0.000986879268536889
492,0,1,492,0.03141463462364135,0.045323669915787596,0.0009868792685368852
493,0,0,493,0.031414634623641406,0.05155381442649001,0.0009868792685368893
494,0,0,494,0.03141463462364139,0.051621071157942844,0.000986879268536888
495,0,1,495,0.031414634623641365,0.04661245571673335,0.0009868792685368863
496,0,1,496,0.03141463462364127,0.05003712217223477,0.0009868792685368806
497,0,1,497,0.031414634623641365,0.04322930729154516,0.0009868792685368871
498,0,1,498,0.031414634623641455,0.0512300917720141,0.0009868792685368906
499,0,1,499,0.03141463462364135,0.04515683533356922,0.0009868792685368858
500,0,1,500,0.031414634623641094,0.05496142727763903,0.0009868792685368691
501,0,0,501,0.0314146346236412,0.044254425755631134,0.0009868792685368756
502,0,1,502,0.031414634623641385,0.048747044727565164,0.0009868792685368882
503,0,1,503,0.0314146346236414,0.04376892900267554,0.0009868792685368889
504,0,0,504,0.03141463462364136,0.04945204500326905,0.0009868792685368867
505,0,0,505,0.0314146346236412,0.048945057915943224,0.0009868792685368765
506,0,0,506,0.031414634623641295,0.05895720899884732,0.0009868792685368817
507,0,0,507,0.03141463462364118,0.0464248925549399,0.000986879268536875
508,0,1,508,0.03141463462364143,0.05486996284712467,0.0009868792685368867
509,0,0,509,0.03141463462364137,0.05061634128944968,0.000986879268536887
510,0,0,510,0.03141463462364122,0.055375194593438176,0.0009868792685368774
511,0,0,511,0.031414634623641205,0.04178434050652666,0.0009868792685368767
512,0,1,512,0.03141463462364115,0.06235782975347476,0.0009868792685368724
513,0,1,513,0.031414634623641184,0.04384807760070979,0.0009868792685368743
514,0,1,514,0.03141463462364139,0.037231988633813495,0.0009868792685368884
515,0,0,515,0.03141463462364141,0.05927095071566685,0.0009868792685368897
516,0,1,516,0.03141463462364123,0.06237051563329982,0.0009868792685368785
517,0,0,517,0.031414634623641156,0.04752568071486171,0.0009868792685368737
518,0,0,518,0.031414634623641406,0.05203059341846869,0.000986879268536889
519,0,1,519,0.031414634623641184,0.046942613353167635,0.0009868792685368752
520,0,1,520,0.03141463462364132,0.04550569943541756,0.0009868792685368839
521,0,1,521,0.031414634623641205,0.04558260780187678,0.0009868792685368763
522,0,1,522,0.03141463462364109,0.06044241729642236,0.0009868792685368685
523,0,0,523,0.03141463462364134,0.05037657873224831,0.0009868792685368852
524,0,1,524,0.03141463462364142,0.046786949367105236,0.0009868792685368893
525,0,1,525,0.03141463462364124,0.05919698714257865,0.000986879268536877
526,0,1,526,0.03141463462364117,0.03963981549676797,0.0009868792685368746
527,0,0,527,0.03141463462364145,0.05223585376629847,0.000986879268536892
528,0,0,528,0.0314146346236412,0.05921537567132373,0.000986879268536875
529,0,0,529,0.03141463462364124,0.049267087849813346,0.0009868792685368787
530,0,1,530,0.03141463462364137,0.04376124342956708,0.0009868792685368871
531,0,0,531,0.031414634623641344,0.0374324450199282,0.0009868792685368852
532,0,1,532,0.03141463462364139,0.04908664761810018,0.000986879268536888
533,0,1,533,0.03141463462364142,0.03974140621855301,0.0009868792685368889
534,0,0,534,0.03141463462364136,0.05520249310897188,0.0009868792685368863
535,0,0,535,0.03141463462364134,0.05854659263860951,0.000986879268536885
536,0,0,536,0.031414634623641406,0.062239528264671884,0.0009868792685368887
537,0,1,537,0.031414634623641205,0.048618994982193214,0.0009868792685368746
538,0,1,538,0.03141463462364118,0.05252414140436655,0.000986879268536875
539,0,0,539,0.031414634623641406,0.05837113885431283,0.0009868792685368893
540,0,0,540,0.03141463462364148,0.05191290373459087,0.0009868792685368932
541,0,1,541,0.031414634623641365,0.04718507656663211,0.000986879268536887
542,0,0,542,0.03141463462364117,0.052808361370224016,0.0009868792685368748
543,0,1,543,0.03141463462364119,0.0568843818748096,0.0009868792685368752
544,0,0,544,0.03141463462364118,0.04490872225927443,0.000986879268536875
545,0,0,545,0.03141463462364123,0.05766111524044226,0.0009868792685368776
546,0,1,546,0.031414634623641365,0.04676135326127397,0.0009868792685368867
547,0,1,547,0.0314146346236412,0.04896621081008232,0.000986879268536876
548,0,0,548,0.03141463462364137,0.04148285830287409,0.0009868792685368874
549,0,1,549,0.03141463462364145,0.05274833792950867,0.0009868792685368913
550,0,0,550,0.031414634623641385,0.04647579745019738,0.0009868792685368876
551,0,0,551,0.03141463462364114,0.061918217207988735,0.0009868792685368724
552,0,0,552,0.031414634623641385,0.052998838575036594,0.000986879268536888
553,0,1,553,0.0314146346236414,0.05114001411383472,0.000986879268536888
554,0,0,554,0.03141463462364138,0.051622092262804134,0.000986879268536888
555,0,0,555,0.03141463462364137,0.048175352637385205,0.0009868792685368867
556,0,1,556,0.031414634623641365,0.049064489430593716,0.0009868792685368867
557,0,1,557,0.03141463462364131,0.05007202382986552,0.000986879268536883
558,0,0,558,0.031414634623641406,0.040667850454895044,0.0009868792685368889
559,0,1,559,0.03141463462364129,0.05205685903577395,0.000986879268536882
560,0,0,560,0.03141463462364135,0.04758270140686968,0.0009868792685368856
561,0,0,561,0.03141463462364137,0.04810284517287908,0.0009868792685368874
562,0,0,562,0.031414634623641365,0.05183868243275913,0.000986879268536887
563,0,0,563,0.03141463462364121,0.06090877101992881,0.000986879268536877
564,0,1,564,0.03141463462364141,0.04514611249204371,0.0009868792685368889
565,0,0,565,0.03141463462364141,0.04981911364254525,0.0009868792685368902
566,0,1,566,0.03141463462364138,0.05606898354659259,0.0009868792685368871
567,0,0,567,0.03141463462364134,0.05194241408722597,0.0009868792685368854
568,0,0,568,0.03141463462364143,0.050799539809152444,0.00098687926853689
569,0,1,569,0.031414634623641455,0.05977170152672595,0.0009868792685368921
570,0,0,570,0.031414634623641156,0.04647711078677702,0.0009868792685368737
571,0,1,571,0.031414634623641365,0.04705684589304901,0.000986879268536886
572,0,1,572,0.03141463462364137,0.03817108947746849,0.0009868792685368874
573,0,1,573,0.031414634623641184,0.04560902889265116,0.0009868792685368756
574,0,0,574,0.03141463462364135,0.04510915062425456,0.0009868792685368858
575,0,1,575,0.03141463462364111,0.05622118890123917,0.00098687926853687
576,0,0,576,0.03141463462364142,0.05117638000402737,0.00098687926853689
577,0,1,577,0.031414634623641406,0.056246867063085626,0.000986879268536889
578,0,1,578,0.031414634623641094,0.06058241868451125,0.0009868792685368698
579,0,0,579,0.03141463462364118,0.04456775084644106,0.000986879268536875
580,0,1,580,0.031414634623641184,0.039236366969939165,0.0009868792685368748
581,0,1,581,0.03141463462364136,0.06011815775918278,0.0009868792685368863
582,0,1,582,0.031414634623641295,0.05251795689052366,0.0009868792685368828
583,0,0,583,0.03141463462364134,0.05342180173317712,0.0009868792685368848
584,0,1,584,0.03141463462364139,0.05445651965778203,0.0009868792685368882
585,0,0,585,0.03141463462364116,0.04504086676349184,0.0009868792685368733
586,0,0,586,0.0314146346236412,0.047044188198247495,0.0009868792685368756
587,0,0,587,0.03141463462364144,0.056581227012747176,0.000986879268536891
588,0,0,588,0.03141463462364109,0.04838329997168293,0.0009868792685368685
589,0,0,589,0.03141463462364121,0.05586985084597906,0.0009868792685368772
590,0,0,590,0.03141463462364119,0.052291319779235665,0.0009868792685368756
591,0,0,591,0.0314146346236412,0.05049310323133127,0.0009868792685368763
592,0,1,592,0.03141463462364141,0.04438966083856574,0.0009868792685368893
593,0,0,593,0.03141463462364119,0.04715365610092468,0.0009868792685368756
594,0,0,594,0.031414634623641115,0.05953910130403994,0.000986879268536872
595,0,1,595,0.03141463462364137,0.04110061788450947,0.000986879268536887
596,0,0,596,0.03141463462364137,0.05292945969669524,0.0009868792685368871
597,0,1,597,0.03141463462364137,0.0417201341485812,0.000986879268536887
598,0,1,598,0.03141463462364137,0.04960035893205497,0.0009868792685368867
599,0,1,599,0.031414634623641476,0.04994758444078799,0.0009868792685368943
600,0,0,600,0.031414634623641184,0.04795502849668591,0.000986879268536874
601,0,0,601,0.031414634623641344,0.049361404142761134,0.0009868792685368854
602,0,0,602,0.031414634623641406,0.051677150430273516,0.0009868792685368895
603,0,1,603,0.03141463462364118,0.04519807213557446,0.0009868792685368748
604,0,0,604,0.03141463462364134,0.04264858243218607,0.0009868792685368843
605,0,1,605,0.031414634623641254,0.060676581098253746,0.0009868792685368798
606,0,0,606,0.0314146346236412,0.05526600936202147,0.0009868792685368763
607,0,1,607,0.0314146346236414,0.044673160238998255,0.000986879268536889
608,0,1,608,0.03141463462364118,0.03981695333211547,0.0009868792685368748
609,0,0,609,0.031414634623641205,0.03847781626921626,0.0009868792685368765
610,0,0,610,0.03141463462364114,0.05929207416763055,0.0009868792685368717
611,0,0,611,0.031414634623641455,0.061808971769499954,0.0009868792685368926
612,0,1,612,0.031414634623641434,0.0565617986168222,0.0009868792685368915
613,0,1,613,0.031414634623641254,0.050929309447437565,0.0009868792685368791
614,0,1,614,0.031414634623641205,0.04464560101514573,0.0009868792685368765
615,0,0,615,0.0314146346236412,0.0447374370677386,0.0009868792685368752
616,0,0,616,0.03141463462364147,0.05818634834193637,0.0009868792685368936
617,0,0,617,0.03141463462364115,0.0512853341364433,0.0009868792685368724
618,0,0,618,0.0314146346236412,0.05642603379379574,0.0009868792685368765
619,0,1,619,0.03141463462364123,0.04894926035753873,0.0009868792685368787
620,0,0,620,0.031414634623641365,0.049841153246021924,0.0009868792685368871
621,0,0,621,0.03141463462364143,0.041438679969482195,0.0009868792685368902
622,0,1,622,0.031414634623641156,0.05818978110228512,0.0009868792685368728
623,0,0,623,0.031414634623641365,0.05355664476405278,0.0009868792685368865
624,0,0,624,1.9997532649633214,2.5215331609179996,0.0009868792685368826
625,0,0,625,0.03141463462364114,0.04846771728334104,0.0009868792685368726
626,0,0,626,0.03141463462364122,0.05333423222399533,0.0009868792685368776
627,0,0,627,0.031414634623641184,0.06193673437621755,0.0009868792685368724
628,0,1,628,0.031414634623641385,0.03383394635805474,0.000986879268536886
629,0,0,629,0.031414634623641496,0.06175939350038212,0.0009868792685368945
630,0,0,630,0.031414634623641156,0.04713956402243896,0.000986879268536873
631,0,1,631,0.03141463462364141,0.05121223977894064,0.0009868792685368897
632,0,0,632,0.03141463462364142,0.043464349149829995,0.0009868792685368887
633,0,0,633,0.03141463462364126,0.06246973585055082,0.0009868792685368776
634,0,1,634,0.031414634623641184,0.0387608249602782,0.0009868792685368748
635,0,0,635,0.0314146346236414,0.0390391566045461,0.0009868792685368887
636,0,0,636,0.03141463462364117,0.04366708993152699,0.000986879268536874
637,0,1,637,0.031414634623641406,0.05381467754500152,0.0009868792685368895
638,0,0,638,0.03141463462364117,0.05504037829637304,0.0009868792685368743
639,0,1,639,0.031414634623641205,0.04889186428729078,0.0009868792685368737
640,0,0,640,0.03141463462364146,0.05798009019143899,0.0009868792685368906
641,0,0,641,0.03141463462364139,0.046358864513181636,0.0009868792685368887
642,0,0,642,0.031414634623641344,0.043130476320253616,0.0009868792685368852
643,0,0,643,0.03141463462364139,0.04338210078156377,0.0009868792685368882
644,0,1,644,0.031414634623641344,0.05924436347649037,0.000986879268536885
645,0,0,645,0.03141463462364136,0.039797997903006976,0.0009868792685368865
646,0,1,646,0.03141463462364124,0.04672287474059752,0.000986879268536879
647,0,1,647,0.03141463462364113,0.061677317713826396,0.0009868792685368722
648,0,1,648,0.031414634623641344,0.0576841321017281,0.0009868792685368854
649,0,1,649,0.031414634623641184,0.04212392930529903,0.0009868792685368754
650,0,1,650,0.031414634623641205,0.06210171538954512,0.0009868792685368767
651,0,1,651,0.03141463462364139,0.05778231148787705,0.0009868792685368884
652,0,0,652,0.031414634623641136,0.05674977917289509,0.0009868792685368722
653,0,0,653,0.03141463462364134,0.05523600123963199,0.0009868792685368852
654,0,0,654,0.03141463462364135,0.04568180592115663,0.0009868792685368863
655,0,0,655,0.03141463462364135,0.05345655736445898,0.000986879268536885
656,0,1,656,0.03141463462364118,0.05608012818304814,0.0009868792685368743
657,0,0,657,0.03141463462364119,0.06151506473000612,0.0009868792685368756
658,0,1,658,0.03141463462364143,0.051479978637806,0.00098687926853689
659,0,1,659,0.03141463462364137,0.06260073064979704,0.000986879268536887
660,0,0,660,0.031414634623641455,0.05576057109171553,0.0009868792685368893
661,0,0,661,0.03141463462364136,0.056161158135554085,0.0009868792685368865
662,0,1,662,0.03141463462364122,0.061950699257359354,0.0009868792685368774
663,0,0,663,0.031414634623641385,0.046340725040608904,0.000986879268536888
664,0,1,664,0.03141463462364119,0.045465074395097144,0.0009868792685368756
665,0,1,665,0.031414634623641455,0.05573644889924606,0.0009868792685368928
666,0,1,666,0.03141463462364141,0.03982197360595866,0.000986879268536889
667,0,0,667,0.03141463462364147,0.04768267577659782,0.0009868792685368908
668,0,0,668,0.031414634623641344,0.05758506200263702,0.0009868792685368843
669,0,1,669,0.03141463462364125,0.06002337779748085,0.000986879268536879
670,0,1,670,0.03141463462364115,0.05712449154006885,0.0009868792685368715
671,0,1,671,0.031414634623641365,0.05337393449609107,0.0009868792685368867
672,0,1,672,0.03141463462364118,0.04852611804357011,0.000986879268536875
673,0,1,673,0.03141463462364134,0.041497834005099585,0.0009868792685368852
674,0,0,674,0.03141463462364117,0.057153181745286386,0.000986879268536874
675,0,1,675,0.03141463462364119,0.06236824484772374,0.0009868792685368763
676,0,0,676,0.031414634623641406,0.04903800365633701,0.0009868792685368889
677,0,1,677,0.03141463462364137,0.03432140636133016,0.000986879268536887
678,0,1,678,0.03141463462364118,0.045609761410762714,0.0009868792685368746
679,0,0,679,0.03141463462364117,0.05505967869032097,0.0009868792685368737
680,0,0,680,0.031414634623641365,0.059285802160227996,0.0009868792685368871
681,0,0,681,0.031414634623641406,0.03585356723002123,0.0009868792685368893
682,0,0,682,0.031414634623641156,0.0549420462208797,0.0009868792685368737
683,0,1,683,0.03141463462364134,0.052330587787102756,0.000986879268536885
684,0,0,684,0.03141463462364121,0.0517148368804429,0.0009868792685368772
685,0,0,685,0.03141463462364144,0.04590299633621782,0.0009868792685368921
686,0,1,686,0.03141463462364137,0.062387261135976146,0.0009868792685368878
687,0,1,687,0.031414634623641385,0.04969155279518071,0.0009868792685368878
688,0,1,688,0.031414634623641365,0.0400192183674848,0.0009868792685368863
689,0,0,689,0.03141463462364138,0.04996027067034281,0.0009868792685368876
690,0,0,690,0.03141463462364121,0.04504387890139539,0.0009868792685368774
691,0,1,691,0.0314146346236414,0.04867882567558701,0.0009868792685368893
692,0,1,692,0.03141463462364119,0.05511906913236969,0.000986879268536875
693,0,1,693,0.031414634623641184,0.04466666925814378,0.0009868792685368754
694,0,1,694,0.03141463462364118,0.05315304603205967,0.0009868792685368748
695,0,0,695,0.031414634623641365,0.047054688930776904,0.0009868792685368854
696,0,1,696,0.031414634623641156,0.049388641161044786,0.000986879268536874
697,0,0,697,0.031414634623641205,0.05800871169013408,0.0009868792685368759
698,0,0,698,0.031414634623641254,0.060518186452862666,0.0009868792685368802
699,0,0,699,0.0314146346236414,0.04296272616391001,0.0009868792685368889
700,0,1,700,0.0314146346236412,0.042550561545639486,0.0009868792685368763
701,0,0,701,0.031414634623641365,0.054546627926188834,0.0009868792685368867
702,0,1,702,0.03141463462364139,0.05113986713902645,0.000986879268536888
703,0,1,703,0.03141463462364137,0.05686924257684714,0.0009868792685368871
704,0,1,704,0.031414634623641226,0.06155467291161737,0.0009868792685368778
705,0,1,705,0.03141463462364136,0.04599667193869242,0.0009868792685368863
706,0,1,706,0.03141463462364139,0.04953016365487306,0.000986879268536887
707,0,1,707,0.03141463462364128,0.05507278513706121,0.0009868792685368798
708,0,1,708,0.031414634623641385,0.049604154509963,0.0009868792685368867
709,0,0,709,0.03141463462364142,0.05374735293765709,0.0009868792685368904
710,0,1,710,0.0314146346236414,0.046541872392001506,0.0009868792685368882
711,0,0,711,0.03141463462364139,0.05693075667026648,0.0009868792685368876
712,0,0,712,0.031414634623641365,0.04890698976929144,0.000986879268536886
713,0,0,713,0.03141463462364142,0.04867732589726653,0.00098687926853689
714,0,0,714,0.03141463462364138,0.04989121196026748,0.0009868792685368867
715,0,1,715,0.03141463462364112,0.053674135402458883,0.000986879268536871
716,0,0,716,0.03141463462364117,0.043359691612380215,0.0009868792685368743
717,0,1,717,0.03141463462364138,0.03842937085893319,0.0009868792685368874
718,0,1,718,0.03141463462364142,0.045714731288679936,0.0009868792685368904
719,0,0,719,0.03141463462364143,0.058800832880223086,0.0009868792685368904
720,0,0,720,0.03141463462364118,0.04497103624194705,0.0009868792685368748
721,0,1,721,0.03141463462364138,0.04453628392222882,0.0009868792685368871
722,0,0,722,0.03141463462364117,0.04543771867011068,0.0009868792685368743
723,0,0,723,0.03141463462364134,0.05540985124862094,0.000986879268536885
724,0,1,724,0.031414634623641365,0.046439339076803185,0.0009868792685368865
725,0,1,725,0.03141463462364139,0.047198843601981864,0.0009868792685368882
726,0,0,726,0.031414634623641115,0.04969522233320027,0.0009868792685368709
727,0,1,727,0.0314146346236414,0.055222452303394565,0.000986879268536888
728,0,1,728,0.031414634623641274,0.06101064157002278,0.0009868792685368782
729,0,1,729,0.03141463462364135,0.044657709793219674,0.0009868792685368858
730,0,1,730,0.031414634623641136,0.0594462368837112,0.0009868792685368724
731,0,1,731,0.03141463462364142,0.047863506466981315,0.0009868792685368904
732,0,1,732,0.03141463462364122,0.048621563669900225,0.0009868792685368778
733,0,1,733,0.0314146346236412,0.0533891435998404,0.0009868792685368763
734,0,1,734,0.03141463462364136,0.05246922417338487,0.0009868792685368856
735,0,0,735,0.0314146346236412,0.045991555073948955,0.0009868792685368759
736,0,1,736,0.031414634623641205,0.04351541947340655,0.000986879268536876
737,0,1,737,0.031414634623641365,0.05001531307621539,0.0009868792685368852
738,0,1,738,0.031414634623641406,0.06075095426373062,0.0009868792685368895
739,0,1,739,0.03141463462364136,0.06233671809352964,0.000986879268536887
740,0,1,740,0.031414634623641385,0.041588978173503294,0.0009868792685368876
741,0,1,741,0.03141463462364128,0.04983017292359368,0.000986879268536881
742,0,1,742,0.03141463462364139,0.055054063395334196,0.0009868792685368878
743,0,0,743,0.03141463462364119,0.043376648822762,0.0009868792685368759
744,0,0,744,0.03141463462364119,0.05045423544475888,0.0009868792685368763
745,0,0,745,0.03141463462364133,0.04390716755176493,0.000986879268536884
746,0,0,746,0.03141463462364116,0.06070705555988365,0.0009868792685368737
747,0,0,747,0.031414634623641136,0.05753447487854438,0.0009868792685368726
748,0,0,748,0.031414634623641316,0.05213165179482809,0.0009868792685368835
749,0,1,749,0.0314146346236412,0.06265316998377068,0.0009868792685368765
750,0,1,750,0.031414634623641344,0.05099670588561407,0.0009868792685368848
751,0,0,751,0.03141463462364139,0.051741049190210844,0.0009868792685368884
752,0,1,752,0.031414634623641406,0.037985961074198486,0.0009868792685368889
753,0,1,753,0.03141463462364139,0.05601195298091924,0.0009868792685368884
754,0,0,754,0.0314146346236414,0.04709753660395464,0.0009868792685368889
755,0,0,755,0.031414634623641385,0.04484513241250464,0.0009868792685368858
756,0,1,756,0.03141463462364118,0.043066724614472855,0.0009868792685368752
757,0,0,757,0.03141463462364142,0.06122946858440681,0.0009868792685368867
758,0,0,758,0.031414634623641406,0.056513022183756756,0.0009868792685368887
759,0,1,759,0.03141463462364139,0.04798365329797766,0.000986879268536888
760,0,1,760,0.03141463462364117,0.053461047934880185,0.0009868792685368743
761,0,0,761,0.031414634623641406,0.04535424850515053,0.0009868792685368884
762,0,1,762,1.9997532649633214,2.8479314606186374,0.0009868792685368828
763,0,1,763,0.031414634623641406,0.053051886667454085,0.0009868792685368895
764,0,1,764,0.0314146346236413,0.0545650997764186,0.0009868792685368806
765,0,0,765,0.03141463462364139,0.03916473512021871,0.0009868792685368884
766,0,0,766,0.03141463462364119,0.059785016966354854,0.0009868792685368756
767,0,1,767,0.03141463462364139,0.042425463316778905,0.0009868792685368887
768,0,1,768,0.03141463462364117,0.04176641265774303,0.0009868792685368743
769,0,0,769,0.031414634623641365,0.0552671268798727,0.0009868792685368865
770,0,1,770,0.03141463462364133,0.05873148668073774,0.000986879268536885
771,0,1,771,0.03141463462364136,0.05704308182301024,0.000986879268536886
772,0,1,772,0.031414634623641156,0.04531670307188382,0.0009868792685368728
773,0,0,773,0.03141463462364135,0.052982365929126335,0.0009868792685368863
774,0,1,774,0.03141463462364115,0.0484619666157346,0.0009868792685368726
775,0,1,775,0.03141463462364123,0.05077873660641112,0.0009868792685368772
776,0,0,776,0.031414634623641365,0.04644627502225238,0.0009868792685368867
777,0,1,777,0.03141463462364141,0.05111212491535945,0.0009868792685368893
778,0,1,778,0.031414634623641365,0.05469070659469119,0.0009868792685368865
779,0,0,779,0.03141463462364111,0.06023532886739863,0.0009868792685368707
780,0,0,780,0.03141463462364116,0.048872030701947136,0.0009868792685368743
781,0,0,781,0.03141463462364118,0.04911020645580015,0.000986879268536875
782,0,0,782,0.031414634623641156,0.05364522028045632,0.000986879268536874
783,0,1,783,0.03141463462364121,0.052407604786619266,0.0009868792685368772
784,0,0,784,0.0314146346236412,0.05977553547405945,0.0009868792685368737
785,0,1,785,0.031414634623641406,0.061965633082684324,0.0009868792685368843
786,0,1,786,0.031414634623641156,0.05256259173696323,0.000986879268536873
787,0,1,787,0.03141463462364148,0.053723592381330953,0.0009868792685368939
788,0,1,788,0.03141463462364118,0.04710580906336962,0.0009868792685368746
789,0,0,789,0.03141463462364141,0.044247501287700094,0.0009868792685368887
790,0,0,790,0.03141463462364149,0.05599123296835157,0.0009868792685368884
791,0,0,791,0.03141463462364136,0.03961925407155946,0.0009868792685368858
792,0,1,792,0.03141463462364139,0.04782818528431288,0.000986879268536888
793,0,1,793,0.031414634623641406,0.04496898931510044,0.0009868792685368887
794,0,1,794,0.03141463462364138,0.04610843769866928,0.0009868792685368871
795,0,1,795,0.03141463462364121,0.057160478455190705,0.0009868792685368772
796,0,0,796,0.03141463462364116,0.04861501507775706,0.0009868792685368743
797,0,1,797,0.03141463462364117,0.033299663606971536,0.0009868792685368743
798,0,1,798,0.03141463462364145,0.04483318157141428,0.0009868792685368917
799,0,0,799,0.03141463462364138,0.04673914796008356,0.0009868792685368882
800,0,0,800,0.031414634623641406,0.049808071336301885,0.0009868792685368893
801,0,1,801,0.031414634623641385,0.036358331660677694,0.0009868792685368884
802,0,0,802,0.03141463462364135,0.06250418868439794,0.0009868792685368854
803,0,1,803,0.0314146346236414,0.04657302308511305,0.0009868792685368884
804,0,0,804,0.03141463462364138,0.04914346616219001,0.0009868792685368876
805,0,0,805,0.03141463462364135,0.04669290395192172,0.0009868792685368867
806,0,0,806,0.03141463462364138,0.05231872092670459,0.000986879268536887
807,0,0,807,0.03141463462364119,0.03982392787735044,0.0009868792685368756
808,0,0,808,0.03141463462364116,0.057251866089525705,0.0009868792685368733
809,0,0,809,0.03141463462364139,0.05621873156601265,0.0009868792685368852
810,0,0,810,0.031414634623641365,0.05420093587333022,0.0009868792685368871
811,0,0,811,0.031414634623641365,0.05262424942740693,0.000986879268536886
812,0,1,812,0.03141463462364126,0.062204501637667386,0.0009868792685368791
813,0,1,813,0.031414634623641365,0.04061737327953157,0.0009868792685368871
814,0,0,814,0.0314146346236414,0.049893403906793435,0.0009868792685368889
815,0,1,815,0.03141463462364139,0.04768466855325334,0.0009868792685368887
816,0,1,816,0.031414634623641385,0.05621236356193632,0.0009868792685368876
817,0,1,817,0.03141463462364141,0.04419339451599812,0.00098687926853689
818,0,1,818,0.031414634623641385,0.055441680200224636,0.0009868792685368878
819,0,0,819,0.031414634623641226,0.043512072764736426,0.0009868792685368774
820,0,0,820,0.03141463462364112,0.05529583813124328,0.000986879268536872
821,0,0,821,0.03141463462364145,0.061347791335784274,0.0009868792685368917
822,0,1,822,0.0314146346236411,0.06164078045079746,0.0009868792685368698
823,0,0,823,0.03141463462364116,0.06045020328639156,0.0009868792685368748
824,0,0,824,0.031414634623641385,0.051138859680958534,0.0009868792685368878
825,0,0,825,0.03141463462364142,0.04489412962248403,0.0009868792685368895
826,0,0,826,0.031414634623641136,0.044355557028835736,0.0009868792685368724
827,0,0,827,0.03141463462364136,0.04572561498400154,0.0009868792685368867
828,0,1,828,0.03141463462364131,0.060162800361719004,0.0009868792685368828
829,0,1,829,0.03141463462364139,0.052546801917119745,0.0009868792685368884
830,0,1,830,0.03141463462364144,0.04518221430564942,0.0009868792685368908
831,0,0,831,0.031414634623641365,0.04474172192839988,0.000986879268536887
832,0,1,832,0.0314146346236413,0.06232775012769742,0.0009868792685368791
833,0,1,833,0.03141463462364118,0.03610955705744225,0.0009868792685368746
834,0,1,834,0.03141463462364138,0.059022141440940534,0.0009868792685368856
835,0,1,835,0.0314146346236412,0.05761039139556029,0.000986879268536876
836,0,1,836,0.03141463462364132,0.04205416158644293,0.0009868792685368843
837,0,0,837,0.03141463462364128,0.05638693538203954,0.0009868792685368817
838,0,0,838,0.0314146346236412,0.04539771792961669,0.0009868792685368756
839,0,0,839,1.9997532649633214,2.336648826591628,0.0009868792685368824
840,0,0,840,0.03141463462364137,0.06102394613396395,0.0009868792685368865
841,0,0,841,0.03141463462364139,0.054944906386866416,0.000986879268536888
842,0,0,842,0.0314146346236414,0.036057182680844097,0.0009868792685368887
843,0,0,843,0.03141463462364142,0.04821144757065978,0.0009868792685368897
844,0,1,844,0.03141463462364137,0.04106869878506525,0.0009868792685368871
845,0,0,845,0.031414634623641205,0.05085051869487607,0.0009868792685368748
846,0,0,846,0.031414634623641156,0.051890928591061286,0.000986879268536873
847,0,0,847,0.0314146346236414,0.034205307847910135,0.0009868792685368887
848,0,1,848,0.031414634623641136,0.056901472682121396,0.0009868792685368722
849,0,1,849,0.03141463462364132,0.05774126946797822,0.0009868792685368843
850,0,1,850,0.03141463462364136,0.045432298846263805,0.0009868792685368863
851,0,1,851,0.03141463462364143,0.04823882090546917,0.000986879268536889
852,0,1,852,0.031414634623641115,0.05643583519796613,0.0009868792685368709
853,0,1,853,0.03141463462364118,0.04974210827245425,0.0009868792685368748
854,0,0,854,0.03141463462364141,0.05225983924748209,0.0009868792685368884
855,0,0,855,0.03141463462364116,0.04422836975892295,0.000986879268536874
856,0,1,856,0.03141463462364146,0.05375843059633373,0.0009868792685368917
857,0,0,857,0.03141463462364134,0.04769723407424349,0.000986879268536885
858,0,1,858,0.0314146346236414,0.04479551935511091,0.0009868792685368884
859,0,1,859,0.03141463462364143,0.0514763241898656,0.00098687926853689
860,0,1,860,0.031414634623641205,0.06275451948137761,0.000986879268536877
861,0,0,861,0.031414634623641406,0.04922688818839742,0.0009868792685368895
862,0,1,862,0.031414634623641385,0.04364897359762661,0.000986879268536888
863,0,0,863,0.03141463462364117,0.0548874621729073,0.0009868792685368743
864,0,1,864,0.03141463462364113,0.04786117888124046,0.0009868792685368717
865,0,0,865,0.03141463462364132,0.04627455802884371,0.0009868792685368843
866,0,0,866,0.03141463462364141,0.04596023307804838,0.000986879268536889
867,0,1,867,0.03141463462364131,0.05203799592406633,0.0009868792685368835
868,0,0,868,0.031414634623641184,0.05032781747535077,0.000986879268536875
869,0,0,869,0.03141463462364139,0.043540263840432844,0.0009868792685368876
870,0,0,870,0.03141463462364133,0.05051006054015281,0.000986879268536884
871,0,1,871,0.03141463462364133,0.045947348100345634,0.0009868792685368848
872,0,1,872,0.031414634623641184,0.05991598976397233,0.000986879268536874
873,0,1,873,0.031414634623641115,0.04663778258446646,0.000986879268536871
874,0,1,874,0.031414634623641406,0.036818922072006446,0.0009868792685368889
875,0,0,875,0.03141463462364135,0.06255472485716695,0.0009868792685368854
876,0,0,876,0.03141463462364109,0.058596642112938885,0.0009868792685368687
877,0,1,877,0.03141463462364111,0.05558940138376528,0.0009868792685368704
878,0,1,878,0.03141463462364132,0.0611493721919521,0.0009868792685368843
879,0,1,879,0.03141463462364142,0.04966424088351,0.0009868792685368889
880,0,1,880,0.03141463462364146,0.051560652318169406,0.000986879268536889
881,0,0,881,0.03141463462364142,0.04856045990969027,0.00098687926853689
882,0,0,882,0.03141463462364144,0.03968249119133695,0.0009868792685368915
883,0,0,883,0.03141463462364136,0.05167066105048568,0.0009868792685368865
884,0,0,884,0.03141463462364135,0.05131173928378925,0.000986879268536885
885,0,0,885,0.03141463462364135,0.05946927796920337,0.000986879268536885
886,0,1,886,0.03141463462364138,0.05565261719957476,0.0009868792685368882
887,0,1,887,0.03141463462364118,0.035567383927786966,0.0009868792685368748
888,0,0,888,0.03141463462364124,0.057135495254063945,0.0009868792685368776
889,0,1,889,0.031414634623641455,0.05552879767056093,0.0009868792685368923
890,0,1,890,1.9997532649633214,2.81870090657698,0.0009868792685369054
891,0,1,891,0.03141463462364142,0.048434540259735995,0.0009868792685368874
892,0,1,892,0.031414634623641344,0.049708122687621134,0.0009868792685368858
893,0,1,893,0.031414634623641316,0.058261055394067035,0.0009868792685368835
894,0,1,894,0.03141463462364135,0.033516179792018534,0.0009868792685368858
895,0,0,895,0.03141463462364144,0.04591803957927946,0.0009868792685368908
896,0,0,896,0.0314146346236414,0.04444610089297081,0.0009868792685368887
897,0,0,897,0.031414634623641205,0.04673316606795806,0.0009868792685368756
898,0,0,898,0.0314146346236414,0.04651232646951452,0.0009868792685368887
899,0,0,899,0.031414634623641406,0.04617369756344863,0.0009868792685368887
900,0,1,900,0.03141463462364127,0.04732925631942256,0.0009868792685368809
901,0,0,901,0.03141463462364137,0.040442465745179935,0.0009868792685368874
902,0,1,902,0.03141463462364138,0.057219285840719086,0.0009868792685368876
903,0,1,903,0.031414634623641524,0.06261695043927223,0.0009868792685368939
904,0,1,904,0.03141463462364137,0.05337582327225859,0.000986879268536887
905,0,0,905,0.0314146346236414,0.04464234322016749,0.0009868792685368895
906,0,0,906,0.031414634623641406,0.05171087442157567,0.0009868792685368865
907,0,0,907,0.031414634623641385,0.046895188182102324,0.0009868792685368882
908,0,0,908,0.031414634623641136,0.05412545399861235,0.0009868792685368722
909,0,0,909,0.031414634623641406,0.048354027418246986,0.0009868792685368887
910,0,0,910,0.031414634623641205,0.05040592858852809,0.0009868792685368772
911,0,1,911,0.03141463462364117,0.05837423727768229,0.0009868792685368746
912,0,0,912,0.03141463462364126,0.053687690982433256,0.0009868792685368776
913,0,0,913,0.031414634623641406,0.05404269547912666,0.0009868792685368882
914,0,1,914,0.03141463462364109,0.0609236026068517,0.0009868792685368694
915,0,0,915,0.031414634623641406,0.0549223897441149,0.0009868792685368884
916,0,1,916,0.0314146346236414,0.040958854598011386,0.0009868792685368882
917,0,1,917,0.03141463462364115,0.05130547282353759,0.0009868792685368728
918,0,0,918,0.031414634623641406,0.05540189639128587,0.0009868792685368893
919,0,0,919,0.03141463462364111,0.05724059257775285,0.0009868792685368704
920,0,0,920,0.031414634623641344,0.03911416068259628,0.0009868792685368858
921,0,0,921,0.03141463462364121,0.0604208575885401,0.000986879268536875
922,0,0,922,0.0314146346236412,0.058506187310469165,0.000986879268536874
923,0,0,923,0.03141463462364142,0.047558722715467586,0.0009868792685368897
924,0,1,924,0.03141463462364146,0.05805883157026129,0.0009868792685368923
925,0,0,925,0.03141463462364117,0.04559200727947384,0.0009868792685368743
926,0,1,926,0.031414634623641365,0.05685569137988161,0.0009868792685368867
927,0,1,927,0.03141463462364134,0.04905349961368147,0.000986879268536885
928,0,1,928,0.03141463462364113,0.05018015377315685,0.000986879268536872
929,0,0,929,0.031414634623641205,0.04856849221675255,0.0009868792685368754
930,0,1,930,0.0314146346236414,0.04675102502874652,0.0009868792685368884
931,0,0,931,0.031414634623641205,0.04957416312659911,0.0009868792685368772
932,0,1,932,0.03141463462364117,0.05733348576093103,0.0009868792685368735
933,0,1,933,0.03141463462364143,0.04920030068657445,0.0009868792685368906
934,0,1,934,0.03141463462364138,0.05085058467325117,0.0009868792685368871
935,0,0,935,0.03141463462364122,0.054925771841753596,0.0009868792685368776
936,0,1,936,0.03141463462364121,0.059006156458687564,0.0009868792685368767
937,0,1,937,0.03141463462364115,0.04636794709952985,0.0009868792685368733
938,0,0,938,0.031414634623641434,0.058356762158036035,0.000986879268536891
939,0,0,939,0.0314146346236412,0.04800154933726794,0.000986879268536874
940,0,1,940,0.03141463462364138,0.057955882351596405,0.0009868792685368852
941,0,1,941,0.03141463462364142,0.045946244279703854,0.0009868792685368906
942,0,1,942,0.03141463462364118,0.03966755318937923,0.0009868792685368756
943,0,0,943,0.03141463462364116,0.04618748934037591,0.000986879268536874
944,0,0,944,0.031414634623641254,0.06163200048262901,0.0009868792685368787
945,0,1,945,0.03141463462364125,0.049237693355564174,0.0009868792685368795
946,0,1,946,0.03141463462364125,0.0559962350772468,0.0009868792685368791
947,0,1,947,0.031414634623641406,0.044505105105520054,0.0009868792685368887
948,0,0,948,0.03141463462364141,0.05199474852982042,0.0009868792685368897
949,0,1,949,0.031414634623641184,0.05799582535652775,0.0009868792685368756
950,0,0,950,0.03141463462364118,0.06197146467703246,0.0009868792685368752
951,0,0,951,0.03141463462364135,0.039794592211679164,0.0009868792685368854
952,0,1,952,0.03141463462364136,0.04732643397160717,0.000986879268536886
953,0,0,953,0.031414634623641385,0.05147007986807342,0.0009868792685368884
954,0,1,954,0.03141463462364139,0.058221833307690596,0.0009868792685368887
955,0,0,955,0.03141463462364117,0.0427882582563754,0.0009868792685368746
956,0,0,956,0.03141463462364136,0.038619085740100034,0.000986879268536886
957,0,0,957,0.03141463462364139,0.04027165996170297,0.0009868792685368882
958,0,1,958,0.031414634623641365,0.0488367494205868,0.0009868792685368867
959,0,1,959,0.031414634623641115,0.05621965628279274,0.0009868792685368702
960,0,1,960,0.03141463462364135,0.05299504165789082,0.0009868792685368863
961,0,0,961,0.031414634623641476,0.044875785111946204,0.000986879268536893
962,0,0,962,0.031414634623641274,0.05774198558107135,0.0009868792685368809
963,0,1,963,0.031414634623641406,0.045168165307824575,0.0009868792685368884
964,0,0,964,0.031414634623641205,0.051524807706253645,0.0009868792685368774
965,0,0,965,0.031414634623641115,0.05020864622416876,0.000986879268536871
966,0,0,966,0.03141463462364115,0.05327238141189089,0.000986879268536873
967,0,1,967,0.031414634623641385,0.060375746734131375,0.000986879268536888
968,0,1,968,0.03141463462364147,0.04970603994822248,0.000986879268536893
969,0,0,969,0.031414634623641434,0.05271814371264663,0.0009868792685368895
970,0,0,970,0.03141463462364139,0.05311530432380726,0.000986879268536888
971,0,0,971,0.03141463462364129,0.06241332977500752,0.0009868792685368822
972,0,1,972,0.03141463462364139,0.05199183816528276,0.0009868792685368884
973,0,0,973,0.031414634623641205,0.052557452009043895,0.0009868792685368765
974,0,1,974,0.031414634623641406,0.04460341508838823,0.0009868792685368887
975,0,1,975,0.03141463462364142,0.04201550420960185,0.0009868792685368902
976,0,0,976,0.03141463462364143,0.04028142977758346,0.0009868792685368906
977,0,1,977,0.03141463462364103,0.052956031877443965,0.000986879268536866
978,0,0,978,0.03141463462364122,0.059722250877963456,0.0009868792685368774
979,0,1,979,0.03141463462364141,0.056120362181230676,0.0009868792685368897
980,0,1,980,0.031414634623641365,0.03690623754319699,0.0009868792685368865
981,0,0,981,0.03141463462364113,0.055333020879867384,0.0009868792685368724
982,0,0,982,0.031414634623641385,0.04711176376745347,0.0009868792685368878
983,0,1,983,0.031414634623641406,0.05009034014152816,0.000986879268536889
984,0,0,984,0.03141463462364105,0.05917770039957537,0.0009868792685368672
985,0,1,985,0.03141463462364117,0.054591541025510754,0.0009868792685368737
986,0,0,986,0.03141463462364144,0.043638354433787975,0.0009868792685368915
987,0,0,987,0.03141463462364123,0.061612747863787176,0.0009868792685368785
988,0,0,988,0.03141463462364118,0.05023505785526629,0.0009868792685368746
989,0,1,989,0.03141463462364136,0.05349586054390007,0.000986879268536886
990,0,0,990,0.03141463462364123,0.05649623641685195,0.0009868792685368778
991,0,1,991,0.03141463462364142,0.04188086618791336,0.0009868792685368904
992,0,1,992,0.03141463462364147,0.05210273670864399,0.0009868792685368934
993,0,0,993,0.03141463462364136,0.039258603305525094,0.0009868792685368863
994,0,1,994,0.03141463462364147,0.0625370455447754,0.0009868792685368932
995,0,0,995,0.03141463462364134,0.04818909955113686,0.0009868792685368845
996,0,0,996,0.031414634623641365,0.058403616985465395,0.0009868792685368858
997,0,0,997,0.03141463462364141,0.049993223050676716,0.0009868792685368897
998,0,1,998,0.03141463462364118,0.05878017451453793,0.0009868792685368746
999,0,0,999,0.03141463462364139,0.04623833310692109,0.0009868792685368887
