,Layer,Qubit,Run,2-Norm,Trace Norm,Diamond Norm
0,0,0,0,0.01570780177742253,0.01570780177742253,0.0002467350366787984
1,0,0,1,0.01570780177742263,0.0157078017774226,0.00024673503667880153
2,0,0,2,0.015707801777422623,0.015707801777422623,0.00024673503667880126
3,0,0,3,0.01570780177742273,0.01570780177742269,0.0002467350366788047
4,0,1,4,0.01570780177742268,0.01570780177742268,0.00024673503667880305
5,0,1,5,0.015707801777422592,0.015707801777422592,0.00024673503667880034
6,0,1,6,0.015707801777422595,0.015707801777422575,0.0002467350366788004
7,0,0,7,0.01570780177742271,0.015707801777422606,0.00024673503667880397
8,0,1,8,0.01570780177742275,0.01570780177742275,0.0002467350366788054
9,0,0,9,0.01570780177742258,0.01570780177742258,0.00024673503667879996
10,0,0,10,0.01570780177742256,0.01570780177742253,0.00024673503667879936
11,0,0,11,0.015707801777422665,0.015707801777422665,0.00024673503667880256
12,0,0,12,0.01570780177742259,0.01570780177742258,0.00024673503667880023
13,0,1,13,0.0157078017774225,0.015707801777422502,0.00024673503667879747
14,0,0,14,0.015707801777422682,0.015707801777422682,0.00024673503667880316
15,0,1,15,0.015707801777422658,0.01570780177742257,0.00024673503667880234
16,0,1,16,0.015707801777422672,0.015707801777422672,0.00024673503667880294
17,0,0,17,0.01570780177742262,0.015707801777422623,0.00024673503667880126
18,0,1,18,0.0157078017774226,0.0157078017774226,0.0002467350366788006
19,0,0,19,0.01570780177742264,0.015707801777422495,0.0002467350366788018
20,0,0,20,0.015707801777422682,0.015707801777422623,0.0002467350366788031
21,0,1,21,0.01570780177742264,0.01570780177742264,0.0002467350366788018
22,0,0,22,0.015707801777422616,0.015707801777422564,0.00024673503667880104
23,0,0,23,0.015707801777422672,0.015707801777422672,0.0002467350366788028
24,0,1,24,0.015707801777422675,0.015707801777422623,0.00024673503667880294
25,0,1,25,0.015707801777422595,0.01570780177742257,0.00024673503667880045
26,0,1,26,0.015707801777422602,0.015707801777422602,0.0002467350366788007
27,0,1,27,0.01570780177742261,0.01570780177742255,0.0002467350366788009
28,0,1,28,0.01570780177742266,0.01570780177742264,0.0002467350366788025
29,0,1,29,0.015707801777422696,0.015707801777422696,0.0002467350366788036
30,0,1,30,0.01570780177742264,0.015707801777422547,0.00024673503667880186
31,0,0,31,0.015707801777422637,0.015707801777422634,0.0002467350366788017
32,0,1,32,0.015707801777422495,0.015707801777422477,0.00024673503667879725
33,0,0,33,0.015707801777422672,0.015707801777422623,0.0002467350366788029
34,0,1,34,0.015707801777422654,0.015707801777422592,0.0002467350366788023
35,0,1,35,0.01570780177742255,0.01570780177742255,0.00024673503667879893
36,0,1,36,0.015707801777422592,0.015707801777422592,0.00024673503667880034
37,0,0,37,0.015707801777422585,0.01570780177742256,0.00024673503667880007
38,0,1,38,0.01570780177742257,0.015707801777422557,0.0002467350366787997
39,0,1,39,0.015707801777422693,0.015707801777422693,0.0002467350366788035
40,0,0,40,0.0157078017774226,0.0157078017774226,0.0002467350366788005
41,0,1,41,0.01570780177742263,0.015707801777422533,0.0002467350366788015
42,0,1,42,0.01570780177742263,0.015707801777422585,0.00024673503667880153
43,0,1,43,0.015707801777422606,0.015707801777422578,0.0002467350366788007
44,0,0,44,0.01570780177742261,0.01570780177742261,0.0002467350366788008
45,0,1,45,0.015707801777422592,0.01570780177742255,0.00024673503667880023
46,0,0,46,0.015707801777422578,0.015707801777422578,0.00024673503667879996
47,0,1,47,0.015707801777422637,0.015707801777422575,0.00024673503667880175
48,0,0,48,0.015707801777422516,0.0157078017774225,0.0002467350366787979
49,0,1,49,0.015707801777422602,0.015707801777422602,0.00024673503667880056
50,0,0,50,0.015707801777422675,0.015707801777422675,0.000246735036678803
51,0,1,51,0.015707801777422602,0.015707801777422602,0.00024673503667880066
52,0,1,52,0.01570780177742269,0.01570780177742263,0.0002467350366788033
53,0,0,53,0.015707801777422533,0.015707801777422474,0.00024673503667879844
54,0,0,54,0.015707801777422623,0.015707801777422623,0.00024673503667880137
55,0,0,55,0.01570780177742263,0.01570780177742263,0.00024673503667880153
56,0,0,56,0.01570780177742264,0.01570780177742254,0.0002467350366788018
57,0,1,57,0.0157078017774226,0.01570780177742254,0.0002467350366788005
58,0,0,58,0.01570780177742267,0.015707801777422654,0.0002467350366788028
59,0,0,59,0.015707801777422578,0.015707801777422575,0.0002467350366787999
60,0,0,60,0.015707801777422564,0.015707801777422554,0.0002467350366787995
61,0,0,61,0.015707801777422724,0.015707801777422644,0.00024673503667880446
62,0,1,62,0.015707801777422745,0.015707801777422602,0.00024673503667880506
63,0,0,63,0.015707801777422706,0.015707801777422706,0.00024673503667880386
64,0,0,64,0.015707801777422686,0.015707801777422686,0.00024673503667880327
65,0,0,65,0.01570780177742264,0.01570780177742264,0.0002467350366788019
66,0,0,66,0.01570780177742265,0.015707801777422637,0.00024673503667880213
67,0,0,67,0.01570780177742256,0.01570780177742256,0.0002467350366787994
68,0,1,68,0.01570780177742255,0.01570780177742255,0.00024673503667879904
69,0,1,69,0.015707801777422654,0.015707801777422654,0.00024673503667880224
70,0,1,70,0.015707801777422613,0.015707801777422613,0.000246735036678801
71,0,1,71,0.015707801777422693,0.015707801777422693,0.0002467350366788036
72,0,1,72,0.015707801777422602,0.015707801777422554,0.00024673503667880066
73,0,1,73,0.01570780177742262,0.015707801777422568,0.0002467350366788012
74,0,0,74,0.015707801777422634,0.015707801777422637,0.00024673503667880175
75,0,0,75,0.015707801777422665,0.015707801777422637,0.00024673503667880267
76,0,1,76,0.01570780177742268,0.01570780177742268,0.0002467350366788031
77,0,0,77,0.015707801777422738,0.01570780177742263,0.0002467350366788049
78,0,1,78,0.01570780177742263,0.01570780177742257,0.00024673503667880153
79,0,1,79,0.015707801777422595,0.015707801777422595,0.0002467350366788004
80,0,0,80,0.015707801777422634,0.015707801777422616,0.00024673503667880164
81,0,0,81,0.015707801777422634,0.015707801777422634,0.00024673503667880164
82,0,1,82,0.01570780177742262,0.0157078017774226,0.0002467350366788012
83,0,1,83,0.01570780177742269,0.015707801777422592,0.0002467350366788034
84,0,1,84,0.015707801777422647,0.0157078017774226,0.00024673503667880213
85,0,0,85,0.015707801777422585,0.01570780177742254,0.00024673503667880007
86,0,0,86,0.015707801777422613,0.015707801777422613,0.000246735036678801
87,0,0,87,0.015707801777422703,0.01570780177742268,0.0002467350366788038
88,0,0,88,0.015707801777422706,0.01570780177742268,0.00024673503667880386
89,0,1,89,0.015707801777422658,0.015707801777422654,0.00024673503667880234
90,0,0,90,0.015707801777422602,0.015707801777422602,0.00024673503667880066
91,0,1,91,0.015707801777422627,0.015707801777422627,0.00024673503667880137
92,0,1,92,0.015707801777422665,0.015707801777422665,0.00024673503667880267
93,0,1,93,0.015707801777422748,0.015707801777422717,0.00024673503667880516
94,0,0,94,0.015707801777422595,0.01570780177742257,0.00024673503667880045
95,0,1,95,0.015707801777422606,0.01570780177742257,0.00024673503667880066
96,0,1,96,0.01570780177742263,0.01570780177742262,0.0002467350366788015
97,0,1,97,0.015707801777422627,0.015707801777422543,0.0002467350366788014
98,0,0,98,0.01570780177742269,0.015707801777422575,0.0002467350366788034
99,0,1,99,0.015707801777422602,0.01570780177742259,0.0002467350366788006
100,0,0,100,0.015707801777422654,0.015707801777422654,0.0002467350366788023
101,0,0,101,0.015707801777422654,0.015707801777422578,0.0002467350366788023
102,0,0,102,0.01570780177742271,0.015707801777422703,0.00024673503667880397
103,0,1,103,0.015707801777422693,0.015707801777422654,0.00024673503667880354
104,0,1,104,0.01570780177742268,0.01570780177742268,0.0002467350366788031
105,0,0,105,0.015707801777422575,0.015707801777422575,0.0002467350366787998
106,0,0,106,0.015707801777422616,0.015707801777422616,0.0002467350366788011
107,0,0,107,0.015707801777422543,0.015707801777422502,0.00024673503667879877
108,0,0,108,0.015707801777422585,0.015707801777422585,0.0002467350366788001
109,0,0,109,0.015707801777422686,0.015707801777422675,0.00024673503667880327
110,0,1,110,0.01570780177742261,0.015707801777422606,0.0002467350366788008
111,0,1,111,0.015707801777422637,0.015707801777422637,0.00024673503667880175
112,0,0,112,0.01570780177742256,0.015707801777422554,0.00024673503667879936
113,0,0,113,0.0157078017774227,0.0157078017774227,0.00024673503667880365
114,0,0,114,0.01570780177742264,0.01570780177742264,0.00024673503667880186
115,0,0,115,0.015707801777422585,0.015707801777422547,0.00024673503667880007
116,0,0,116,0.01570780177742261,0.01570780177742261,0.00024673503667880094
117,0,1,117,0.015707801777422644,0.0157078017774226,0.0002467350366788019
118,0,0,118,0.015707801777422543,0.01570780177742254,0.00024673503667879877
119,0,1,119,0.01570780177742255,0.015707801777422484,0.000246735036678799
120,0,1,120,0.01570780177742269,0.01570780177742256,0.0002467350366788034
121,0,1,121,0.015707801777422606,0.015707801777422557,0.00024673503667880077
122,0,0,122,0.01570780177742264,0.015707801777422585,0.0002467350366788018
123,0,0,123,0.015707801777422824,0.015707801777422776,0.00024673503667880766
124,0,0,124,0.01570780177742276,0.015707801777422755,0.0002467350366788056
125,0,1,125,0.01570780177742269,0.01570780177742269,0.0002467350366788033
126,0,1,126,0.015707801777422595,0.015707801777422568,0.00024673503667880034
127,0,1,127,0.015707801777422616,0.015707801777422557,0.00024673503667880104
128,0,1,128,0.0157078017774226,0.015707801777422536,0.00024673503667880056
129,0,0,129,0.01570780177742258,0.015707801777422575,0.0002467350366788
130,0,1,130,0.015707801777422672,0.015707801777422672,0.00024673503667880283
131,0,1,131,0.01570780177742248,0.015707801777422377,0.00024673503667879687
132,0,0,132,0.015707801777422665,0.015707801777422578,0.0002467350366788026
133,0,0,133,0.015707801777422578,0.015707801777422578,0.00024673503667879996
134,0,1,134,0.015707801777422505,0.015707801777422505,0.0002467350366787975
135,0,0,135,0.01570780177742246,0.01570780177742246,0.00024673503667879616
136,0,1,136,0.01570780177742266,0.015707801777422637,0.0002467350366788025
137,0,1,137,0.015707801777422568,0.015707801777422477,0.00024673503667879963
138,0,0,138,0.015707801777422595,0.01570780177742258,0.0002467350366788004
139,0,1,139,0.015707801777422693,0.015707801777422675,0.0002467350366788035
140,0,0,140,0.015707801777422654,0.015707801777422647,0.00024673503667880224
141,0,0,141,0.015707801777422654,0.015707801777422654,0.0002467350366788023
142,0,0,142,0.015707801777422634,0.015707801777422634,0.0002467350366788016
143,0,0,143,0.015707801777422616,0.015707801777422512,0.000246735036678801
144,0,0,144,0.0157078017774227,0.0157078017774227,0.0002467350366788037
145,0,1,145,0.015707801777422578,0.015707801777422523,0.0002467350366787998
146,0,0,146,0.015707801777422554,0.01570780177742252,0.00024673503667879915
147,0,0,147,0.0157078017774226,0.01570780177742259,0.00024673503667880056
148,0,0,148,0.015707801777422595,0.015707801777422578,0.00024673503667880045
149,0,1,149,0.01570780177742258,0.01570780177742258,0.0002467350366788
150,0,0,150,0.015707801777422536,0.015707801777422536,0.00024673503667879866
151,0,0,151,0.01570780177742255,0.01570780177742255,0.0002467350366787991
152,0,1,152,0.015707801777422713,0.015707801777422713,0.00024673503667880413
153,0,1,153,0.01570780177742259,0.01570780177742259,0.00024673503667880023
154,0,1,154,0.01570780177742257,0.01570780177742257,0.00024673503667879974
155,0,1,155,0.015707801777422672,0.015707801777422672,0.00024673503667880283
156,0,1,156,0.01570780177742268,0.01570780177742268,0.00024673503667880305
157,0,1,157,0.01570780177742258,0.01570780177742257,0.00024673503667879996
158,0,1,158,0.015707801777422693,0.015707801777422693,0.00024673503667880343
159,0,0,159,0.015707801777422748,0.015707801777422672,0.0002467350366788052
160,0,1,160,0.015707801777422762,0.015707801777422762,0.00024673503667880565
161,0,0,161,0.015707801777422682,0.015707801777422682,0.0002467350366788032
162,0,1,162,0.015707801777422772,0.01570780177742274,0.00024673503667880603
163,0,1,163,0.01570780177742257,0.01570780177742256,0.0002467350366787997
164,0,1,164,0.015707801777422745,0.015707801777422745,0.00024673503667880516
165,0,1,165,0.015707801777422554,0.015707801777422554,0.00024673503667879915
166,0,0,166,0.015707801777422543,0.01570780177742254,0.0002467350366787987
167,0,1,167,0.015707801777422658,0.015707801777422658,0.00024673503667880245
168,0,1,168,0.01570780177742267,0.01570780177742267,0.0002467350366788028
169,0,0,169,0.015707801777422686,0.015707801777422686,0.0002467350366788033
170,0,1,170,0.015707801777422592,0.015707801777422592,0.00024673503667880034
171,0,1,171,0.01570780177742267,0.01570780177742264,0.0002467350366788028
172,0,1,172,0.01570780177742259,0.015707801777422585,0.00024673503667880023
173,0,0,173,0.015707801777422585,0.015707801777422585,0.0002467350366788001
174,0,0,174,0.01570780177742262,0.01570780177742262,0.00024673503667880115
175,0,1,175,0.015707801777422564,0.015707801777422564,0.0002467350366787994
176,0,1,176,0.01570780177742266,0.015707801777422637,0.0002467350366788025
177,0,1,177,0.015707801777422634,0.01570780177742259,0.00024673503667880153
178,0,1,178,0.01570780177742273,0.015707801777422675,0.0002467350366788047
179,0,0,179,0.01570780177742256,0.01570780177742256,0.00024673503667879936
180,0,0,180,0.015707801777422602,0.015707801777422602,0.0002467350366788007
181,0,0,181,0.01570780177742271,0.01570780177742271,0.000246735036678804
182,0,1,182,0.015707801777422575,0.015707801777422575,0.0002467350366787998
183,0,1,183,0.0157078017774227,0.0157078017774227,0.00024673503667880365
184,0,1,184,0.01570780177742263,0.015707801777422606,0.0002467350366788016
185,0,0,185,0.0157078017774226,0.015707801777422547,0.00024673503667880045
186,0,1,186,0.015707801777422602,0.0157078017774226,0.00024673503667880056
187,0,1,187,0.015707801777422665,0.015707801777422665,0.00024673503667880256
188,0,0,188,0.015707801777422564,0.015707801777422495,0.0002467350366787995
189,0,1,189,0.01570780177742267,0.015707801777422495,0.0002467350366788028
190,0,1,190,0.0157078017774226,0.01570780177742258,0.0002467350366788005
191,0,0,191,0.01570780177742257,0.01570780177742257,0.00024673503667879974
192,0,0,192,0.015707801777422634,0.015707801777422634,0.0002467350366788017
193,0,1,193,0.01570780177742271,0.01570780177742271,0.000246735036678804
194,0,0,194,0.01570780177742264,0.015707801777422505,0.0002467350366788018
195,0,0,195,0.01570780177742273,0.015707801777422717,0.0002467350366788047
196,0,0,196,0.01570780177742265,0.01570780177742256,0.0002467350366788022
197,0,1,197,0.015707801777422682,0.015707801777422682,0.00024673503667880316
198,0,0,198,0.015707801777422595,0.01570780177742259,0.0002467350366788004
199,0,1,199,0.015707801777422592,0.01570780177742255,0.0002467350366788003
200,0,0,200,0.015707801777422703,0.015707801777422526,0.0002467350366788038
201,0,0,201,0.015707801777422776,0.015707801777422776,0.0002467350366788061
202,0,0,202,0.01570780177742259,0.015707801777422592,0.0002467350366788003
203,0,1,203,0.015707801777422623,0.015707801777422575,0.00024673503667880126
204,0,1,204,0.0157078017774226,0.01570780177742258,0.00024673503667880056
205,0,1,205,0.015707801777422575,0.015707801777422575,0.0002467350366787998
206,0,0,206,0.015707801777422713,0.015707801777422696,0.00024673503667880413
207,0,1,207,0.015707801777422637,0.015707801777422637,0.0002467350366788017
208,0,0,208,0.015707801777422686,0.01570780177742255,0.0002467350366788032
209,0,0,209,0.015707801777422738,0.01570780177742262,0.0002467350366788049
210,0,1,210,0.015707801777422738,0.01570780177742268,0.00024673503667880495
211,0,0,211,0.015707801777422616,0.015707801777422616,0.0002467350366788011
212,0,0,212,0.015707801777422616,0.01570780177742254,0.00024673503667880104
213,0,0,213,0.01570780177742254,0.015707801777422457,0.00024673503667879866
214,0,1,214,0.015707801777422547,0.015707801777422526,0.000246735036678799
215,0,1,215,0.015707801777422568,0.015707801777422568,0.0002467350366787995
216,0,1,216,0.015707801777422693,0.01570780177742266,0.00024673503667880343
217,0,1,217,0.015707801777422727,0.015707801777422675,0.00024673503667880457
218,0,1,218,0.015707801777422644,0.015707801777422644,0.00024673503667880197
219,0,1,219,0.01570780177742276,0.01570780177742276,0.00024673503667880554
220,0,0,220,0.01570780177742261,0.0157078017774226,0.0002467350366788009
221,0,1,221,0.015707801777422606,0.015707801777422557,0.0002467350366788007
222,0,0,222,0.0157078017774226,0.0157078017774226,0.00024673503667880045
223,0,1,223,0.015707801777422575,0.015707801777422543,0.0002467350366787998
224,0,0,224,0.01570780177742259,0.015707801777422585,0.0002467350366788002
225,0,1,225,0.015707801777422613,0.015707801777422613,0.000246735036678801
226,0,0,226,0.01570780177742266,0.01570780177742266,0.00024673503667880256
227,0,0,227,0.015707801777422536,0.015707801777422536,0.0002467350366787986
228,0,1,228,0.015707801777422578,0.015707801777422578,0.00024673503667879985
229,0,0,229,0.01570780177742261,0.01570780177742261,0.0002467350366788009
230,0,0,230,0.015707801777422592,0.015707801777422585,0.00024673503667880023
231,0,0,231,0.015707801777422585,0.015707801777422585,0.00024673503667880007
232,0,0,232,0.015707801777422602,0.0157078017774226,0.00024673503667880066
233,0,0,233,0.01570780177742259,0.01570780177742255,0.0002467350366788002
234,0,1,234,0.015707801777422738,0.0157078017774227,0.00024673503667880495
235,0,1,235,0.015707801777422637,0.015707801777422637,0.0002467350366788017
236,0,0,236,0.015707801777422647,0.015707801777422575,0.0002467350366788021
237,0,1,237,0.015707801777422637,0.015707801777422585,0.0002467350366788017
238,0,1,238,0.01570780177742256,0.015707801777422554,0.0002467350366787993
239,0,0,239,0.015707801777422602,0.01570780177742258,0.00024673503667880066
240,0,0,240,0.01570780177742267,0.015707801777422554,0.0002467350366788028
241,0,0,241,0.0157078017774227,0.0157078017774227,0.00024673503667880375
242,0,1,242,0.0157078017774226,0.015707801777422554,0.0002467350366788005
243,0,0,243,0.01570780177742273,0.01570780177742273,0.0002467350366788047
244,0,0,244,0.015707801777422592,0.015707801777422592,0.00024673503667880034
245,0,0,245,0.015707801777422543,0.015707801777422464,0.00024673503667879877
246,0,0,246,0.01570780177742266,0.015707801777422516,0.0002467350366788025
247,0,1,247,0.01570780177742268,0.01570780177742268,0.000246735036678803
248,0,1,248,0.01570780177742258,0.01570780177742258,0.0002467350366788
249,0,1,249,0.015707801777422595,0.015707801777422595,0.00024673503667880045
250,0,0,250,0.015707801777422623,0.015707801777422623,0.00024673503667880126
251,0,1,251,0.015707801777422623,0.01570780177742256,0.0002467350366788013
252,0,1,252,0.015707801777422564,0.01570780177742254,0.00024673503667879947
253,0,0,253,0.01570780177742279,0.01570780177742279,0.0002467350366788066
254,0,1,254,0.01570780177742258,0.015707801777422477,0.00024673503667879996
255,0,1,255,0.015707801777422717,0.01570780177742271,0.00024673503667880424
256,0,1,256,0.015707801777422526,0.0157078017774225,0.0002467350366787983
257,0,0,257,0.015707801777422568,0.01570780177742255,0.0002467350366787996
258,0,1,258,0.015707801777422665,0.015707801777422665,0.00024673503667880267
259,0,1,259,0.015707801777422595,0.015707801777422592,0.0002467350366788004
260,0,1,260,0.015707801777422602,0.015707801777422595,0.0002467350366788006
261,0,0,261,0.015707801777422817,0.015707801777422817,0.0002467350366788074
262,0,1,262,0.01570780177742264,0.01570780177742264,0.00024673503667880186
263,0,1,263,0.01570780177742266,0.01570780177742266,0.0002467350366788025
264,0,0,264,0.015707801777422578,0.015707801777422578,0.0002467350366787999
265,0,0,265,0.01570780177742262,0.01570780177742256,0.0002467350366788012
266,0,0,266,0.015707801777422658,0.015707801777422658,0.0002467350366788024
267,0,1,267,0.015707801777422585,0.015707801777422585,0.0002467350366788001
268,0,0,268,0.015707801777422595,0.015707801777422595,0.0002467350366788004
269,0,1,269,0.01570780177742261,0.015707801777422613,0.00024673503667880094
270,0,0,270,0.015707801777422623,0.01570780177742249,0.00024673503667880126
271,0,1,271,0.01570780177742253,0.015707801777422502,0.00024673503667879833
272,0,0,272,0.015707801777422724,0.015707801777422717,0.0002467350366788044
273,0,0,273,0.015707801777422623,0.015707801777422623,0.0002467350366788014
274,0,0,274,0.015707801777422856,0.015707801777422793,0.0002467350366788086
275,0,0,275,0.015707801777422595,0.015707801777422595,0.00024673503667880045
276,0,0,276,0.015707801777422675,0.015707801777422637,0.000246735036678803
277,0,1,277,0.01570780177742263,0.015707801777422578,0.0002467350366788015
278,0,1,278,0.015707801777422595,0.015707801777422575,0.0002467350366788004
279,0,1,279,0.01570780177742266,0.015707801777422575,0.0002467350366788025
280,0,0,280,0.01570780177742264,0.015707801777422554,0.0002467350366788018
281,0,0,281,0.01570780177742259,0.01570780177742259,0.0002467350366788003
282,0,1,282,0.015707801777422602,0.015707801777422602,0.00024673503667880066
283,0,1,283,0.015707801777422585,0.015707801777422585,0.0002467350366788002
284,0,1,284,0.015707801777422616,0.01570780177742256,0.00024673503667880104
285,0,0,285,0.015707801777422644,0.015707801777422543,0.0002467350366788019
286,0,1,286,0.015707801777422585,0.015707801777422585,0.0002467350366788001
287,0,0,287,0.015707801777422557,0.015707801777422554,0.0002467350366787992
288,0,0,288,0.015707801777422585,0.01570780177742258,0.0002467350366788001
289,0,1,289,0.01570780177742258,0.01570780177742254,0.00024673503667879996
290,0,0,290,0.015707801777422713,0.015707801777422713,0.00024673503667880413
291,0,1,291,0.015707801777422654,0.015707801777422634,0.0002467350366788023
292,0,0,292,0.0157078017774226,0.015707801777422595,0.0002467350366788005
293,0,1,293,0.015707801777422745,0.015707801777422703,0.00024673503667880506
294,0,0,294,0.015707801777422654,0.015707801777422564,0.00024673503667880224
295,0,0,295,0.015707801777422595,0.015707801777422595,0.0002467350366788004
296,0,0,296,0.01570780177742262,0.01570780177742262,0.0002467350366788012
297,0,0,297,0.015707801777422623,0.01570780177742259,0.00024673503667880126
298,0,1,298,0.015707801777422713,0.015707801777422713,0.00024673503667880413
299,0,1,299,0.015707801777422814,0.015707801777422814,0.00024673503667880733
300,0,0,300,0.015707801777422564,0.01570780177742247,0.0002467350366787995
301,0,0,301,0.01570780177742267,0.01570780177742267,0.0002467350366788027
302,0,1,302,0.015707801777422557,0.015707801777422557,0.0002467350366787993
303,0,0,303,0.015707801777422533,0.015707801777422533,0.00024673503667879844
304,0,1,304,0.01570780177742264,0.015707801777422557,0.0002467350366788019
305,0,0,305,0.015707801777422557,0.015707801777422557,0.0002467350366787993
306,0,1,306,0.015707801777422665,0.015707801777422665,0.0002467350366788026
307,0,0,307,0.015707801777422592,0.015707801777422592,0.0002467350366788003
308,0,0,308,0.015707801777422686,0.015707801777422686,0.00024673503667880327
309,0,0,309,0.015707801777422634,0.015707801777422634,0.0002467350366788016
310,0,0,310,0.015707801777422592,0.015707801777422592,0.00024673503667880034
311,0,0,311,0.015707801777422616,0.015707801777422616,0.0002467350366788012
312,0,0,312,0.015707801777422772,0.01570780177742271,0.000246735036678806
313,0,0,313,0.015707801777422554,0.015707801777422554,0.00024673503667879904
314,0,1,314,0.01570780177742258,0.01570780177742253,0.00024673503667879996
315,0,0,315,0.015707801777422564,0.015707801777422564,0.00024673503667879947
316,0,0,316,0.015707801777422776,0.015707801777422682,0.0002467350366788061
317,0,1,317,0.015707801777422595,0.015707801777422595,0.00024673503667880045
318,0,1,318,0.01570780177742271,0.015707801777422585,0.00024673503667880397
319,0,1,319,0.01570780177742275,0.01570780177742264,0.0002467350366788054
320,0,0,320,0.01570780177742255,0.01570780177742253,0.0002467350366787991
321,0,1,321,0.015707801777422616,0.015707801777422616,0.0002467350366788011
322,0,0,322,0.015707801777422755,0.015707801777422755,0.00024673503667880554
323,0,0,323,0.015707801777422672,0.015707801777422627,0.0002467350366788028
324,0,1,324,0.015707801777422578,0.015707801777422578,0.00024673503667879985
325,0,1,325,0.01570780177742265,0.01570780177742265,0.0002467350366788022
326,0,0,326,0.015707801777422658,0.01570780177742263,0.0002467350366788024
327,0,1,327,0.015707801777422738,0.015707801777422717,0.0002467350366788049
328,0,1,328,0.015707801777422616,0.015707801777422616,0.0002467350366788011
329,0,1,329,0.01570780177742256,0.015707801777422533,0.0002467350366787994
330,0,0,330,0.0157078017774226,0.0157078017774226,0.00024673503667880045
331,0,1,331,0.01570780177742272,0.015707801777422703,0.00024673503667880435
332,0,0,332,0.015707801777422592,0.015707801777422543,0.0002467350366788003
333,0,1,333,0.015707801777422793,0.015707801777422793,0.00024673503667880663
334,0,1,334,0.01570780177742256,0.015707801777422464,0.0002467350366787993
335,0,1,335,0.015707801777422696,0.015707801777422696,0.00024673503667880354
336,0,0,336,0.01570780177742275,0.01570780177742275,0.0002467350366788054
337,0,0,337,0.015707801777422727,0.015707801777422644,0.0002467350366788046
338,0,0,338,0.015707801777422738,0.015707801777422713,0.00024673503667880484
339,0,0,339,0.015707801777422634,0.0157078017774226,0.0002467350366788016
340,0,1,340,0.0157078017774226,0.015707801777422554,0.00024673503667880056
341,0,0,341,0.01570780177742257,0.015707801777422425,0.0002467350366787997
342,0,1,342,0.015707801777422623,0.01570780177742257,0.0002467350366788013
343,0,1,343,0.0157078017774226,0.0157078017774226,0.00024673503667880056
344,0,1,344,0.015707801777422575,0.015707801777422575,0.00024673503667879985
345,0,1,345,0.01570780177742265,0.01570780177742265,0.00024673503667880224
346,0,1,346,0.015707801777422578,0.015707801777422578,0.00024673503667879985
347,0,0,347,0.015707801777422644,0.015707801777422543,0.00024673503667880197
348,0,1,348,0.01570780177742258,0.01570780177742258,0.0002467350366788
349,0,1,349,0.01570780177742268,0.01570780177742261,0.000246735036678803
350,0,1,350,0.01570780177742259,0.01570780177742259,0.00024673503667880023
351,0,0,351,0.0157078017774226,0.0157078017774226,0.00024673503667880056
352,0,1,352,0.01570780177742268,0.015707801777422578,0.000246735036678803
353,0,1,353,0.015707801777422727,0.015707801777422727,0.0002467350366788046
354,0,0,354,0.015707801777422637,0.015707801777422637,0.00024673503667880175
355,0,0,355,0.015707801777422568,0.015707801777422568,0.0002467350366787996
356,0,0,356,0.015707801777422554,0.015707801777422505,0.0002467350366787991
357,0,0,357,0.015707801777422557,0.015707801777422557,0.00024673503667879925
358,0,0,358,0.01570780177742257,0.015707801777422543,0.00024673503667879963
359,0,0,359,0.015707801777422644,0.01570780177742264,0.00024673503667880186
360,0,0,360,0.015707801777422616,0.015707801777422616,0.0002467350366788011
361,0,0,361,0.015707801777422606,0.01570780177742256,0.00024673503667880077
362,0,0,362,0.015707801777422724,0.015707801777422724,0.00024673503667880446
363,0,0,363,0.01570780177742256,0.015707801777422557,0.00024673503667879936
364,0,0,364,0.015707801777422547,0.01570780177742254,0.00024673503667879893
365,0,0,365,0.015707801777422554,0.01570780177742247,0.00024673503667879915
366,0,1,366,0.015707801777422585,0.015707801777422585,0.0002467350366788001
367,0,1,367,0.01570780177742258,0.01570780177742258,0.0002467350366788
368,0,1,368,0.01570780177742257,0.015707801777422464,0.00024673503667879963
369,0,0,369,0.015707801777422627,0.015707801777422627,0.0002467350366788015
370,0,1,370,0.015707801777422713,0.015707801777422706,0.0002467350366788041
371,0,0,371,0.015707801777422595,0.01570780177742254,0.0002467350366788004
372,0,0,372,0.01570780177742256,0.01570780177742256,0.0002467350366787994
373,0,1,373,0.015707801777422748,0.015707801777422748,0.00024673503667880527
374,0,1,374,0.015707801777422575,0.01570780177742257,0.00024673503667879974
375,0,1,375,0.01570780177742272,0.01570780177742272,0.00024673503667880424
376,0,0,376,0.015707801777422675,0.015707801777422675,0.00024673503667880294
377,0,1,377,0.01570780177742255,0.01570780177742255,0.00024673503667879904
378,0,0,378,0.01570780177742258,0.0157078017774225,0.00024673503667879996
379,0,0,379,0.015707801777422748,0.015707801777422738,0.00024673503667880516
380,0,1,380,0.01570780177742259,0.01570780177742259,0.0002467350366788003
381,0,0,381,0.015707801777422613,0.015707801777422613,0.000246735036678801
382,0,0,382,0.015707801777422602,0.015707801777422602,0.0002467350366788007
383,0,1,383,0.0157078017774226,0.01570780177742253,0.00024673503667880056
384,0,1,384,0.015707801777422516,0.015707801777422516,0.000246735036678798
385,0,0,385,0.01570780177742268,0.01570780177742268,0.00024673503667880305
386,0,0,386,0.015707801777422658,0.015707801777422658,0.00024673503667880245
387,0,0,387,0.015707801777422512,0.01570780177742248,0.00024673503667879785
388,0,1,388,0.015707801777422536,0.015707801777422536,0.00024673503667879855
389,0,1,389,0.015707801777422585,0.015707801777422585,0.0002467350366788001
390,0,1,390,0.015707801777422644,0.01570780177742252,0.0002467350366788019
391,0,0,391,0.015707801777422592,0.015707801777422536,0.0002467350366788004
392,0,1,392,0.015707801777422682,0.015707801777422682,0.0002467350366788031
393,0,0,393,0.01570780177742264,0.015707801777422634,0.0002467350366788018
394,0,1,394,0.015707801777422564,0.015707801777422554,0.00024673503667879947
395,0,0,395,0.01570780177742261,0.015707801777422592,0.00024673503667880077
396,0,1,396,0.015707801777422602,0.015707801777422602,0.00024673503667880066
397,0,1,397,0.015707801777422585,0.015707801777422578,0.0002467350366788001
398,0,0,398,0.015707801777422772,0.01570780177742272,0.0002467350366788059
399,0,0,399,0.015707801777422585,0.015707801777422585,0.0002467350366788
400,0,0,400,0.015707801777422554,0.015707801777422554,0.0002467350366787991
401,0,1,401,0.01570780177742274,0.015707801777422682,0.00024673503667880495
402,0,0,402,0.015707801777422564,0.015707801777422564,0.0002467350366787994
403,0,1,403,0.01570780177742259,0.01570780177742259,0.00024673503667880023
404,0,0,404,0.015707801777422616,0.015707801777422616,0.0002467350366788011
405,0,0,405,0.015707801777422672,0.01570780177742264,0.0002467350366788029
406,0,1,406,0.015707801777422578,0.015707801777422578,0.00024673503667879996
407,0,0,407,0.01570780177742265,0.01570780177742262,0.0002467350366788022
408,0,1,408,0.015707801777422554,0.015707801777422554,0.00024673503667879915
409,0,0,409,0.015707801777422637,0.015707801777422637,0.0002467350366788018
410,0,1,410,0.015707801777422686,0.015707801777422686,0.00024673503667880327
411,0,1,411,0.01570780177742256,0.01570780177742256,0.0002467350366787993
412,0,0,412,0.015707801777422543,0.015707801777422543,0.0002467350366787988
413,0,0,413,0.015707801777422748,0.01570780177742273,0.0002467350366788052
414,0,0,414,0.015707801777422595,0.01570780177742253,0.0002467350366788004
415,0,1,415,0.015707801777422724,0.015707801777422724,0.00024673503667880457
416,0,0,416,0.0157078017774226,0.01570780177742258,0.00024673503667880045
417,0,1,417,0.015707801777422734,0.015707801777422634,0.0002467350366788048
418,0,0,418,0.015707801777422654,0.01570780177742258,0.00024673503667880224
419,0,0,419,0.015707801777422536,0.015707801777422536,0.0002467350366787986
420,0,0,420,0.01570780177742269,0.01570780177742264,0.0002467350366788033
421,0,1,421,0.015707801777422703,0.015707801777422703,0.0002467350366788038
422,0,1,422,0.01570780177742258,0.01570780177742258,0.00024673503667879996
423,0,0,423,0.015707801777422703,0.015707801777422686,0.0002467350366788038
424,0,0,424,0.01570780177742272,0.01570780177742272,0.00024673503667880435
425,0,1,425,0.015707801777422748,0.015707801777422713,0.00024673503667880516
426,0,0,426,0.01570780177742264,0.015707801777422606,0.00024673503667880186
427,0,0,427,0.0157078017774226,0.01570780177742256,0.00024673503667880056
428,0,1,428,0.01570780177742255,0.01570780177742255,0.0002467350366787991
429,0,1,429,0.01570780177742268,0.01570780177742267,0.00024673503667880305
430,0,1,430,0.01570780177742264,0.01570780177742264,0.0002467350366788018
431,0,1,431,0.015707801777422606,0.015707801777422554,0.0002467350366788007
432,0,1,432,0.01570780177742264,0.01570780177742264,0.0002467350366788019
433,0,0,433,0.015707801777422686,0.015707801777422686,0.0002467350366788033
434,0,0,434,0.015707801777422686,0.015707801777422686,0.0002467350366788033
435,0,1,435,0.015707801777422564,0.015707801777422547,0.0002467350366787994
436,0,0,436,0.015707801777422623,0.015707801777422623,0.00024673503667880126
437,0,0,437,0.01570780177742266,0.015707801777422568,0.0002467350366788025
438,0,0,438,0.015707801777422713,0.015707801777422647,0.0002467350366788041
439,0,0,439,0.015707801777422675,0.015707801777422675,0.00024673503667880294
440,0,1,440,0.01570780177742265,0.01570780177742265,0.00024673503667880224
441,0,1,441,0.0157078017774226,0.0157078017774226,0.00024673503667880066
442,0,0,442,0.015707801777422658,0.015707801777422658,0.0002467350366788025
443,0,1,443,0.01570780177742262,0.015707801777422606,0.00024673503667880115
444,0,1,444,0.01570780177742258,0.01570780177742258,0.00024673503667880007
445,0,0,445,0.01570780177742257,0.015707801777422568,0.00024673503667879963
446,0,1,446,0.01570780177742276,0.01570780177742276,0.0002467350366788056
447,0,1,447,0.015707801777422547,0.015707801777422523,0.0002467350366787989
448,0,1,448,0.01570780177742261,0.01570780177742261,0.0002467350366788009
449,0,0,449,0.015707801777422616,0.015707801777422616,0.000246735036678801
450,0,0,450,0.015707801777422686,0.015707801777422686,0.0002467350366788033
451,0,0,451,0.015707801777422644,0.015707801777422644,0.00024673503667880197
452,0,1,452,0.01570780177742263,0.015707801777422536,0.00024673503667880153
453,0,1,453,0.015707801777422568,0.015707801777422568,0.00024673503667879963
454,0,0,454,0.01570780177742266,0.01570780177742266,0.0002467350366788025
455,0,0,455,0.015707801777422644,0.015707801777422644,0.000246735036678802
456,0,1,456,0.01570780177742261,0.015707801777422606,0.00024673503667880077
457,0,1,457,0.01570780177742259,0.01570780177742259,0.00024673503667880023
458,0,0,458,0.015707801777422613,0.015707801777422543,0.00024673503667880094
459,0,0,459,0.015707801777422613,0.015707801777422613,0.000246735036678801
460,0,1,460,0.015707801777422696,0.015707801777422675,0.00024673503667880365
461,0,0,461,0.01570780177742259,0.015707801777422554,0.00024673503667880023
462,0,1,462,0.015707801777422613,0.015707801777422554,0.000246735036678801
463,0,1,463,0.015707801777422554,0.01570780177742255,0.00024673503667879904
464,0,0,464,0.015707801777422682,0.015707801777422623,0.00024673503667880316
465,0,0,465,0.015707801777422627,0.015707801777422627,0.0002467350366788014
466,0,0,466,0.01570780177742274,0.01570780177742274,0.000246735036678805
467,0,0,467,0.015707801777422533,0.015707801777422533,0.00024673503667879855
468,0,0,468,0.015707801777422644,0.01570780177742264,0.0002467350366788019
469,0,1,469,0.015707801777422634,0.01570780177742263,0.0002467350366788016
470,0,1,470,0.015707801777422693,0.015707801777422693,0.0002467350366788035
471,0,1,471,0.015707801777422724,0.015707801777422724,0.00024673503667880446
472,0,0,472,0.015707801777422627,0.015707801777422505,0.00024673503667880137
473,0,1,473,0.015707801777422634,0.015707801777422634,0.0002467350366788017
474,0,1,474,0.015707801777422654,0.015707801777422616,0.0002467350366788023
475,0,0,475,0.015707801777422602,0.015707801777422602,0.00024673503667880056
476,0,0,476,0.015707801777422578,0.015707801777422568,0.0002467350366787999
477,0,0,477,0.015707801777422658,0.015707801777422658,0.0002467350366788024
478,0,0,478,0.01570780177742258,0.01570780177742258,0.00024673503667879996
479,0,0,479,0.015707801777422703,0.015707801777422703,0.00024673503667880375
480,0,0,480,0.015707801777422713,0.01570780177742271,0.0002467350366788041
481,0,1,481,0.015707801777422547,0.01570780177742254,0.0002467350366787989
482,0,1,482,0.01570780177742264,0.01570780177742264,0.0002467350366788019
483,0,1,483,0.015707801777422568,0.01570780177742254,0.0002467350366787996
484,0,0,484,0.015707801777422637,0.015707801777422568,0.00024673503667880175
485,0,0,485,0.0157078017774227,0.015707801777422637,0.0002467350366788037
486,0,1,486,0.015707801777422592,0.015707801777422592,0.00024673503667880034
487,0,0,487,0.015707801777422613,0.015707801777422585,0.0002467350366788009
488,0,1,488,0.01570780177742257,0.01570780177742257,0.00024673503667879974
489,0,1,489,0.01570780177742257,0.01570780177742257,0.00024673503667879974
490,0,1,490,0.015707801777422734,0.015707801777422734,0.00024673503667880484
491,0,0,491,0.015707801777422738,0.015707801777422713,0.0002467350366788049
492,0,1,492,0.015707801777422495,0.015707801777422443,0.00024673503667879725
493,0,1,493,0.015707801777422724,0.015707801777422724,0.0002467350366788045
494,0,1,494,0.01570780177742256,0.01570780177742256,0.0002467350366787993
495,0,0,495,0.015707801777422634,0.015707801777422634,0.0002467350366788016
496,0,1,496,0.01570780177742263,0.015707801777422623,0.00024673503667880153
497,0,0,497,0.01570780177742261,0.01570780177742261,0.0002467350366788009
498,0,1,498,0.01570780177742271,0.01570780177742271,0.00024673503667880413
499,0,1,499,0.015707801777422585,0.015707801777422578,0.0002467350366788001
500,0,0,500,0.015707801777422602,0.01570780177742258,0.0002467350366788006
501,0,0,501,0.01570780177742258,0.01570780177742258,0.00024673503667879996
502,0,1,502,0.01570780177742268,0.01570780177742268,0.000246735036678803
503,0,0,503,0.01570780177742262,0.015707801777422488,0.0002467350366788012
504,0,1,504,0.015707801777422575,0.01570780177742257,0.0002467350366787998
505,0,1,505,0.01570780177742256,0.015707801777422547,0.0002467350366787994
506,0,1,506,0.015707801777422637,0.015707801777422557,0.0002467350366788018
507,0,1,507,0.015707801777422672,0.015707801777422578,0.0002467350366788028
508,0,0,508,0.0157078017774227,0.015707801777422647,0.0002467350366788037
509,0,0,509,0.01570780177742274,0.015707801777422675,0.00024673503667880506
510,0,1,510,0.015707801777422585,0.015707801777422554,0.0002467350366788001
511,0,0,511,0.0157078017774226,0.0157078017774226,0.0002467350366788006
512,0,0,512,0.01570780177742262,0.01570780177742262,0.0002467350366788012
513,0,1,513,0.015707801777422602,0.015707801777422547,0.0002467350366788006
514,0,1,514,0.01570780177742269,0.01570780177742248,0.00024673503667880343
515,0,0,515,0.01570780177742277,0.01570780177742277,0.00024673503667880587
516,0,1,516,0.015707801777422602,0.015707801777422602,0.00024673503667880066
517,0,1,517,0.015707801777422595,0.015707801777422592,0.00024673503667880045
518,0,1,518,1.9999383152895793,1.9999383152895793,0.0002467350366788093
519,0,0,519,0.015707801777422693,0.015707801777422675,0.00024673503667880343
520,0,1,520,0.015707801777422578,0.01570780177742253,0.00024673503667879985
521,0,0,521,0.015707801777422613,0.01570780177742256,0.0002467350366788009
522,0,0,522,0.01570780177742273,0.015707801777422727,0.0002467350366788047
523,0,1,523,0.01570780177742263,0.01570780177742263,0.0002467350366788016
524,0,1,524,0.01570780177742261,0.015707801777422592,0.0002467350366788009
525,0,1,525,0.01570780177742259,0.015707801777422557,0.0002467350366788002
526,0,1,526,0.01570780177742263,0.01570780177742263,0.0002467350366788016
527,0,0,527,0.015707801777422634,0.015707801777422634,0.00024673503667880164
528,0,1,528,0.015707801777422738,0.015707801777422738,0.000246735036678805
529,0,0,529,0.015707801777422623,0.015707801777422623,0.00024673503667880126
530,0,1,530,0.0157078017774226,0.01570780177742257,0.00024673503667880056
531,0,1,531,0.0157078017774226,0.0157078017774226,0.00024673503667880056
532,0,0,532,0.015707801777422665,0.015707801777422665,0.0002467350366788027
533,0,0,533,0.015707801777422578,0.01570780177742256,0.0002467350366787999
534,0,0,534,0.015707801777422575,0.015707801777422575,0.00024673503667879985
535,0,1,535,0.01570780177742262,0.01570780177742262,0.00024673503667880126
536,0,0,536,0.01570780177742254,0.01570780177742254,0.0002467350366787987
537,0,0,537,0.01570780177742253,0.015707801777422512,0.00024673503667879833
538,0,1,538,0.015707801777422585,0.01570780177742258,0.0002467350366788
539,0,0,539,0.015707801777422762,0.015707801777422693,0.00024673503667880565
540,0,1,540,0.015707801777422606,0.015707801777422606,0.00024673503667880077
541,0,1,541,0.015707801777422606,0.015707801777422606,0.0002467350366788007
542,0,0,542,0.01570780177742269,0.01570780177742269,0.0002467350366788034
543,0,0,543,0.015707801777422637,0.01570780177742257,0.0002467350366788017
544,0,0,544,0.01570780177742259,0.01570780177742259,0.00024673503667880023
545,0,0,545,0.015707801777422682,0.015707801777422682,0.0002467350366788032
546,0,0,546,0.01570780177742265,0.01570780177742262,0.0002467350366788022
547,0,1,547,0.015707801777422516,0.015707801777422516,0.00024673503667879795
548,0,0,548,0.015707801777422613,0.015707801777422613,0.000246735036678801
549,0,0,549,0.015707801777422627,0.015707801777422623,0.00024673503667880137
550,0,1,550,0.015707801777422554,0.015707801777422554,0.0002467350366787991
551,0,0,551,0.015707801777422623,0.015707801777422547,0.0002467350366788013
552,0,1,552,0.015707801777422613,0.015707801777422554,0.00024673503667880094
553,0,1,553,0.015707801777422575,0.015707801777422554,0.0002467350366787998
554,0,0,554,0.015707801777422554,0.015707801777422554,0.00024673503667879915
555,0,0,555,0.015707801777422564,0.01570780177742249,0.00024673503667879947
556,0,0,556,0.015707801777422578,0.015707801777422568,0.0002467350366787999
557,0,0,557,0.015707801777422717,0.015707801777422696,0.00024673503667880424
558,0,1,558,0.01570780177742251,0.015707801777422488,0.0002467350366787977
559,0,1,559,0.015707801777422703,0.015707801777422703,0.00024673503667880386
560,0,0,560,0.015707801777422658,0.015707801777422658,0.00024673503667880245
561,0,0,561,0.015707801777422592,0.015707801777422523,0.00024673503667880023
562,0,0,562,0.015707801777422658,0.0157078017774226,0.0002467350366788024
563,0,1,563,0.01570780177742261,0.015707801777422554,0.0002467350366788009
564,0,1,564,0.015707801777422654,0.015707801777422654,0.00024673503667880234
565,0,1,565,0.015707801777422644,0.015707801777422637,0.0002467350366788019
566,0,0,566,0.015707801777422533,0.0157078017774225,0.00024673503667879844
567,0,1,567,0.01570780177742261,0.01570780177742261,0.0002467350366788009
568,0,1,568,0.01570780177742261,0.01570780177742261,0.00024673503667880094
569,0,1,569,0.01570780177742268,0.01570780177742268,0.00024673503667880305
570,0,1,570,0.015707801777422644,0.015707801777422644,0.000246735036678802
571,0,0,571,0.015707801777422658,0.015707801777422658,0.0002467350366788024
572,0,0,572,0.015707801777422727,0.015707801777422713,0.0002467350366788045
573,0,1,573,0.01570780177742254,0.015707801777422516,0.0002467350366787987
574,0,1,574,0.01570780177742268,0.01570780177742267,0.000246735036678803
575,0,1,575,0.015707801777422613,0.015707801777422613,0.000246735036678801
576,0,0,576,0.01570780177742257,0.01570780177742257,0.0002467350366787997
577,0,1,577,0.015707801777422578,0.015707801777422554,0.0002467350366787999
578,0,1,578,0.01570780177742268,0.01570780177742268,0.0002467350366788031
579,0,0,579,0.015707801777422606,0.01570780177742255,0.00024673503667880066
580,0,0,580,0.015707801777422672,0.015707801777422672,0.00024673503667880283
581,0,0,581,0.015707801777422502,0.015707801777422502,0.00024673503667879747
582,0,0,582,0.015707801777422568,0.015707801777422568,0.00024673503667879963
583,0,0,583,0.01570780177742266,0.01570780177742266,0.0002467350366788025
584,0,1,584,0.015707801777422637,0.015707801777422637,0.0002467350366788018
585,0,0,585,0.015707801777422745,0.015707801777422693,0.0002467350366788051
586,0,1,586,0.0157078017774226,0.0157078017774226,0.00024673503667880056
587,0,0,587,0.01570780177742281,0.01570780177742279,0.00024673503667880717
588,0,1,588,0.01570780177742268,0.01570780177742268,0.00024673503667880316
589,0,0,589,0.01570780177742266,0.015707801777422613,0.0002467350366788025
590,0,0,590,0.015707801777422647,0.015707801777422585,0.000246735036678802
591,0,0,591,0.015707801777422647,0.015707801777422595,0.000246735036678802
592,0,0,592,0.015707801777422578,0.015707801777422578,0.0002467350366787999
593,0,0,593,0.015707801777422693,0.015707801777422693,0.0002467350366788036
594,0,1,594,0.015707801777422644,0.015707801777422644,0.0002467350366788019
595,0,1,595,0.01570780177742262,0.015707801777422578,0.0002467350366788011
596,0,0,596,0.015707801777422672,0.015707801777422672,0.0002467350366788028
597,0,1,597,0.01570780177742257,0.01570780177742257,0.00024673503667879963
598,0,1,598,0.015707801777422602,0.015707801777422602,0.0002467350366788007
599,0,1,599,0.01570780177742275,0.01570780177742275,0.0002467350366788054
600,0,1,600,0.015707801777422637,0.015707801777422637,0.0002467350366788017
601,0,1,601,0.015707801777422804,0.0157078017774227,0.00024673503667880695
602,0,1,602,0.015707801777422585,0.015707801777422585,0.0002467350366788001
603,0,0,603,0.01570780177742261,0.015707801777422526,0.00024673503667880077
604,0,1,604,0.015707801777422658,0.015707801777422658,0.00024673503667880245
605,0,1,605,0.015707801777422595,0.015707801777422578,0.0002467350366788004
606,0,1,606,0.015707801777422602,0.015707801777422602,0.0002467350366788007
607,0,1,607,0.0157078017774227,0.015707801777422602,0.00024673503667880375
608,0,1,608,0.015707801777422686,0.015707801777422682,0.00024673503667880327
609,0,1,609,0.01570780177742261,0.015707801777422557,0.0002467350366788009
610,0,0,610,0.015707801777422484,0.01570780177742244,0.00024673503667879687
611,0,0,611,0.015707801777422727,0.01570780177742273,0.0002467350366788046
612,0,1,612,0.01570780177742261,0.01570780177742261,0.0002467350366788008
613,0,0,613,0.015707801777422578,0.015707801777422578,0.00024673503667879996
614,0,1,614,0.015707801777422575,0.015707801777422575,0.0002467350366787998
615,0,1,615,0.015707801777422693,0.015707801777422693,0.00024673503667880354
616,0,1,616,0.015707801777422644,0.015707801777422644,0.0002467350366788019
617,0,0,617,0.01570780177742257,0.01570780177742257,0.0002467350366787997
618,0,0,618,0.01570780177742255,0.015707801777422543,0.000246735036678799
619,0,0,619,0.015707801777422592,0.015707801777422484,0.00024673503667880034
620,0,0,620,0.01570780177742263,0.01570780177742263,0.00024673503667880153
621,0,0,621,0.015707801777422592,0.015707801777422578,0.0002467350366788003
622,0,0,622,0.015707801777422536,0.0157078017774225,0.0002467350366787986
623,0,1,623,0.015707801777422637,0.015707801777422637,0.0002467350366788017
624,0,1,624,0.01570780177742261,0.015707801777422592,0.0002467350366788009
625,0,1,625,0.015707801777422793,0.015707801777422793,0.00024673503667880663
626,0,1,626,0.015707801777422585,0.015707801777422585,0.00024673503667880007
627,0,1,627,0.015707801777422536,0.015707801777422536,0.0002467350366787986
628,0,0,628,0.015707801777422745,0.015707801777422745,0.0002467350366788051
629,0,1,629,0.015707801777422557,0.015707801777422557,0.00024673503667879915
630,0,0,630,0.015707801777422526,0.015707801777422516,0.0002467350366787982
631,0,0,631,0.01570780177742273,0.015707801777422672,0.0002467350366788046
632,0,1,632,0.01570780177742261,0.015707801777422592,0.0002467350366788008
633,0,1,633,0.01570780177742268,0.01570780177742264,0.00024673503667880305
634,0,1,634,0.015707801777422554,0.015707801777422554,0.0002467350366787991
635,0,0,635,0.015707801777422606,0.015707801777422585,0.0002467350366788007
636,0,1,636,0.015707801777422606,0.015707801777422557,0.0002467350366788007
637,0,0,637,0.01570780177742275,0.015707801777422665,0.0002467350366788053
638,0,0,638,0.015707801777422717,0.015707801777422717,0.00024673503667880424
639,0,0,639,0.0157078017774228,0.015707801777422738,0.00024673503667880684
640,0,1,640,0.015707801777422516,0.015707801777422516,0.00024673503667879795
641,0,0,641,0.015707801777422554,0.015707801777422502,0.0002467350366787991
642,0,0,642,0.015707801777422724,0.015707801777422724,0.0002467350366788045
643,0,1,643,0.015707801777422738,0.015707801777422738,0.00024673503667880495
644,0,0,644,0.01570780177742268,0.01570780177742268,0.00024673503667880305
645,0,0,645,0.01570780177742269,0.01570780177742269,0.0002467350366788034
646,0,1,646,0.01570780177742268,0.01570780177742268,0.00024673503667880305
647,0,0,647,0.015707801777422595,0.015707801777422554,0.00024673503667880045
648,0,1,648,0.01570780177742262,0.01570780177742257,0.00024673503667880115
649,0,0,649,0.015707801777422575,0.015707801777422575,0.00024673503667879974
650,0,1,650,0.015707801777422804,0.015707801777422793,0.00024673503667880695
651,0,1,651,0.015707801777422568,0.015707801777422557,0.0002467350366787995
652,0,1,652,0.015707801777422675,0.015707801777422658,0.000246735036678803
653,0,0,653,0.015707801777422564,0.015707801777422564,0.0002467350366787995
654,0,1,654,0.01570780177742265,0.01570780177742265,0.0002467350366788022
655,0,0,655,0.015707801777422578,0.015707801777422557,0.00024673503667879985
656,0,0,656,0.01570780177742265,0.015707801777422516,0.00024673503667880213
657,0,0,657,0.01570780177742266,0.01570780177742266,0.00024673503667880256
658,0,0,658,0.015707801777422578,0.01570780177742255,0.0002467350366787999
659,0,1,659,0.0157078017774226,0.015707801777422557,0.0002467350366788005
660,0,1,660,0.015707801777422634,0.01570780177742263,0.0002467350366788016
661,0,1,661,0.0157078017774228,0.015707801777422793,0.0002467350366788068
662,0,1,662,0.015707801777422575,0.015707801777422575,0.00024673503667879974
663,0,0,663,0.01570780177742258,0.01570780177742258,0.0002467350366788
664,0,0,664,0.015707801777422526,0.015707801777422505,0.0002467350366787982
665,0,0,665,0.015707801777422675,0.015707801777422675,0.0002467350366788029
666,0,0,666,0.01570780177742266,0.01570780177742266,0.0002467350366788026
667,0,0,667,0.015707801777422675,0.015707801777422675,0.000246735036678803
668,0,1,668,0.01570780177742258,0.01570780177742258,0.00024673503667879996
669,0,0,669,0.01570780177742262,0.015707801777422568,0.0002467350366788012
670,0,1,670,0.015707801777422658,0.01570780177742265,0.0002467350366788024
671,0,0,671,0.015707801777422616,0.015707801777422616,0.00024673503667880115
672,0,1,672,0.01570780177742255,0.015707801777422467,0.00024673503667879904
673,0,0,673,0.01570780177742258,0.01570780177742258,0.00024673503667879996
674,0,0,674,0.01570780177742261,0.01570780177742257,0.0002467350366788008
675,0,1,675,0.01570780177742261,0.015707801777422606,0.0002467350366788008
676,0,1,676,0.015707801777422672,0.015707801777422672,0.00024673503667880283
677,0,0,677,0.015707801777422696,0.015707801777422696,0.00024673503667880365
678,0,0,678,0.01570780177742262,0.0157078017774226,0.00024673503667880115
679,0,0,679,0.01570780177742271,0.01570780177742259,0.0002467350366788041
680,0,1,680,0.015707801777422595,0.015707801777422595,0.0002467350366788005
681,0,0,681,0.015707801777422634,0.015707801777422634,0.0002467350366788017
682,0,0,682,0.015707801777422543,0.015707801777422543,0.0002467350366787989
683,0,1,683,0.015707801777422637,0.015707801777422592,0.00024673503667880175
684,0,1,684,0.015707801777422505,0.015707801777422477,0.0002467350366787976
685,0,0,685,0.015707801777422627,0.015707801777422627,0.0002467350366788015
686,0,1,686,0.015707801777422592,0.015707801777422592,0.00024673503667880034
687,0,1,687,0.015707801777422585,0.015707801777422575,0.0002467350366788001
688,0,1,688,0.015707801777422658,0.015707801777422647,0.0002467350366788024
689,0,0,689,0.01570780177742269,0.015707801777422644,0.0002467350366788033
690,0,1,690,0.015707801777422634,0.015707801777422613,0.0002467350366788017
691,0,0,691,0.015707801777422627,0.01570780177742258,0.0002467350366788013
692,0,0,692,0.01570780177742267,0.015707801777422592,0.0002467350366788026
693,0,0,693,0.01570780177742281,0.01570780177742277,0.00024673503667880717
694,0,1,694,0.015707801777422724,0.015707801777422724,0.0002467350366788044
695,0,1,695,0.015707801777422627,0.015707801777422627,0.0002467350366788015
696,0,0,696,0.015707801777422654,0.015707801777422654,0.0002467350366788023
697,0,0,697,0.015707801777422696,0.015707801777422696,0.00024673503667880354
698,0,1,698,0.0157078017774226,0.015707801777422585,0.0002467350366788005
699,0,0,699,0.015707801777422686,0.015707801777422675,0.0002467350366788032
700,0,0,700,0.015707801777422592,0.01570780177742257,0.00024673503667880034
701,0,0,701,0.015707801777422856,0.015707801777422856,0.0002467350366788087
702,0,1,702,0.015707801777422682,0.015707801777422682,0.0002467350366788032
703,0,1,703,0.015707801777422637,0.015707801777422637,0.0002467350366788018
704,0,1,704,0.015707801777422682,0.015707801777422623,0.0002467350366788032
705,0,1,705,0.015707801777422502,0.015707801777422474,0.0002467350366787974
706,0,0,706,0.01570780177742257,0.01570780177742257,0.00024673503667879974
707,0,0,707,0.015707801777422706,0.015707801777422658,0.00024673503667880397
708,0,0,708,0.015707801777422568,0.01570780177742247,0.0002467350366787995
709,0,0,709,0.01570780177742262,0.01570780177742258,0.0002467350366788011
710,0,0,710,0.015707801777422644,0.015707801777422644,0.00024673503667880197
711,0,1,711,0.015707801777422724,0.01570780177742263,0.0002467350366788045
712,0,0,712,0.0157078017774226,0.015707801777422526,0.0002467350366788004
713,0,1,713,0.015707801777422578,0.015707801777422564,0.00024673503667879985
714,0,1,714,0.015707801777422647,0.015707801777422526,0.000246735036678802
715,0,1,715,0.015707801777422897,0.015707801777422897,0.00024673503667880993
716,0,0,716,0.015707801777422658,0.015707801777422658,0.0002467350366788024
717,0,0,717,0.015707801777422578,0.015707801777422578,0.00024673503667879985
718,0,1,718,0.015707801777422634,0.015707801777422557,0.0002467350366788016
719,0,1,719,0.015707801777422647,0.015707801777422533,0.000246735036678802
720,0,1,720,0.015707801777422644,0.015707801777422575,0.00024673503667880197
721,0,1,721,0.01570780177742267,0.01570780177742246,0.0002467350366788028
722,0,1,722,0.015707801777422602,0.015707801777422602,0.00024673503667880066
723,0,1,723,0.015707801777422585,0.01570780177742257,0.0002467350366788
724,0,0,724,0.01570780177742255,0.015707801777422533,0.000246735036678799
725,0,0,725,0.015707801777422557,0.015707801777422557,0.00024673503667879936
726,0,0,726,0.01570780177742259,0.01570780177742259,0.0002467350366788003
727,0,0,727,0.015707801777422734,0.015707801777422717,0.00024673503667880484
728,0,1,728,0.01570780177742258,0.01570780177742258,0.00024673503667879996
729,0,1,729,0.015707801777422765,0.01570780177742273,0.0002467350366788058
730,0,1,730,0.0157078017774226,0.015707801777422568,0.00024673503667880056
731,0,0,731,0.015707801777422578,0.015707801777422575,0.0002467350366787998
732,0,0,732,0.015707801777422606,0.015707801777422606,0.0002467350366788008
733,0,0,733,0.015707801777422623,0.015707801777422623,0.00024673503667880126
734,0,1,734,0.015707801777422686,0.015707801777422686,0.00024673503667880327
735,0,0,735,0.015707801777422644,0.0157078017774226,0.00024673503667880197
736,0,1,736,0.01570780177742252,0.01570780177742252,0.00024673503667879806
737,0,1,737,0.0157078017774227,0.0157078017774227,0.0002467350366788036
738,0,0,738,0.015707801777422706,0.015707801777422665,0.0002467350366788039
739,0,1,739,0.015707801777422637,0.015707801777422512,0.00024673503667880175
740,0,1,740,0.015707801777422623,0.015707801777422623,0.0002467350366788013
741,0,1,741,0.015707801777422675,0.01570780177742262,0.00024673503667880294
742,0,0,742,0.01570780177742261,0.015707801777422557,0.0002467350366788009
743,0,1,743,0.01570780177742257,0.01570780177742257,0.00024673503667879963
744,0,1,744,0.015707801777422658,0.015707801777422627,0.0002467350366788024
745,0,1,745,0.015707801777422516,0.01570780177742246,0.00024673503667879795
746,0,1,746,0.015707801777422616,0.015707801777422616,0.0002467350366788011
747,0,0,747,0.015707801777422568,0.015707801777422568,0.0002467350366787995
748,0,0,748,0.01570780177742272,0.01570780177742272,0.00024673503667880435
749,0,1,749,0.015707801777422727,0.015707801777422706,0.00024673503667880457
750,0,1,750,0.015707801777422786,0.015707801777422786,0.00024673503667880636
751,0,1,751,0.015707801777422647,0.015707801777422647,0.00024673503667880213
752,0,0,752,0.015707801777422602,0.015707801777422602,0.00024673503667880066
753,0,0,753,0.01570780177742258,0.015707801777422564,0.00024673503667879996
754,0,0,754,0.015707801777422738,0.015707801777422738,0.000246735036678805
755,0,0,755,0.015707801777422592,0.015707801777422592,0.00024673503667880034
756,0,0,756,0.015707801777422616,0.015707801777422616,0.00024673503667880104
757,0,1,757,0.015707801777422627,0.01570780177742257,0.0002467350366788014
758,0,0,758,0.015707801777422523,0.015707801777422446,0.00024673503667879817
759,0,0,759,0.01570780177742267,0.01570780177742267,0.0002467350366788027
760,0,1,760,0.01570780177742264,0.01570780177742264,0.0002467350366788018
761,0,1,761,0.01570780177742269,0.01570780177742269,0.0002467350366788034
762,0,0,762,0.01570780177742271,0.015707801777422585,0.0002467350366788041
763,0,1,763,0.015707801777422738,0.015707801777422738,0.00024673503667880484
764,0,0,764,0.01570780177742259,0.01570780177742259,0.00024673503667880023
765,0,1,765,0.015707801777422675,0.015707801777422647,0.000246735036678803
766,0,1,766,1.9999383152895795,1.9999383152895795,0.00024673503667880836
767,0,1,767,0.015707801777422575,0.015707801777422575,0.00024673503667879985
768,0,1,768,0.015707801777422817,0.015707801777422797,0.00024673503667880744
769,0,0,769,0.015707801777422602,0.015707801777422602,0.0002467350366788006
770,0,0,770,0.01570780177742266,0.015707801777422592,0.0002467350366788025
771,0,1,771,0.01570780177742262,0.01570780177742262,0.00024673503667880115
772,0,0,772,0.01570780177742271,0.01570780177742271,0.00024673503667880413
773,0,1,773,0.01570780177742266,0.01570780177742266,0.00024673503667880256
774,0,0,774,0.015707801777422547,0.015707801777422547,0.00024673503667879893
775,0,0,775,0.0157078017774225,0.015707801777422484,0.0002467350366787974
776,0,0,776,0.015707801777422623,0.015707801777422623,0.0002467350366788013
777,0,0,777,0.01570780177742272,0.01570780177742272,0.0002467350366788044
778,0,0,778,0.01570780177742262,0.01570780177742262,0.00024673503667880115
779,0,0,779,0.015707801777422665,0.015707801777422665,0.00024673503667880267
780,0,1,780,0.015707801777422616,0.015707801777422616,0.0002467350366788011
781,0,1,781,0.015707801777422647,0.01570780177742258,0.0002467350366788021
782,0,0,782,0.01570780177742257,0.015707801777422526,0.00024673503667879963
783,0,0,783,0.015707801777422595,0.015707801777422477,0.00024673503667880034
784,0,0,784,0.01570780177742267,0.015707801777422592,0.0002467350366788028
785,0,0,785,0.01570780177742263,0.015707801777422627,0.00024673503667880153
786,0,0,786,0.01570780177742255,0.01570780177742255,0.000246735036678799
787,0,1,787,0.015707801777422585,0.01570780177742256,0.00024673503667880007
788,0,1,788,0.01570780177742265,0.01570780177742265,0.0002467350366788023
789,0,1,789,0.015707801777422654,0.015707801777422654,0.0002467350366788023
790,0,0,790,0.01570780177742264,0.015707801777422578,0.0002467350366788018
791,0,0,791,0.0157078017774226,0.0157078017774226,0.00024673503667880056
792,0,1,792,0.015707801777422627,0.015707801777422516,0.0002467350366788014
793,0,1,793,0.01570780177742257,0.01570780177742257,0.00024673503667879963
794,0,0,794,0.01570780177742256,0.01570780177742256,0.00024673503667879936
795,0,1,795,0.015707801777422516,0.015707801777422516,0.00024673503667879795
796,0,0,796,0.0157078017774226,0.01570780177742259,0.0002467350366788005
797,0,1,797,0.015707801777422665,0.015707801777422637,0.0002467350366788026
798,0,1,798,0.0157078017774226,0.015707801777422568,0.0002467350366788005
799,0,0,799,0.01570780177742258,0.01570780177742258,0.0002467350366788
800,0,0,800,0.01570780177742257,0.01570780177742257,0.0002467350366787997
801,0,1,801,0.015707801777422693,0.015707801777422693,0.00024673503667880354
802,0,0,802,0.015707801777422623,0.015707801777422623,0.00024673503667880137
803,0,0,803,0.015707801777422745,0.01570780177742273,0.00024673503667880516
804,0,0,804,0.01570780177742254,0.015707801777422464,0.00024673503667879866
805,0,1,805,0.01570780177742261,0.01570780177742261,0.0002467350366788009
806,0,1,806,0.015707801777422595,0.015707801777422595,0.0002467350366788004
807,0,0,807,0.01570780177742275,0.015707801777422717,0.00024673503667880527
808,0,0,808,0.015707801777422616,0.015707801777422616,0.00024673503667880104
809,0,0,809,0.01570780177742278,0.01570780177742271,0.0002467350366788062
810,0,0,810,0.015707801777422595,0.015707801777422564,0.0002467350366788004
811,0,0,811,0.015707801777422564,0.01570780177742256,0.00024673503667879947
812,0,0,812,0.015707801777422606,0.015707801777422606,0.0002467350366788007
813,0,1,813,0.015707801777422578,0.015707801777422578,0.0002467350366787999
814,0,0,814,0.015707801777422634,0.015707801777422564,0.0002467350366788016
815,0,0,815,0.015707801777422602,0.015707801777422602,0.0002467350366788007
816,0,0,816,0.015707801777422627,0.015707801777422627,0.0002467350366788015
817,0,0,817,0.015707801777422613,0.015707801777422613,0.000246735036678801
818,0,1,818,0.015707801777422682,0.015707801777422682,0.0002467350366788031
819,0,0,819,0.01570780177742267,0.01570780177742267,0.00024673503667880267
820,0,1,820,0.015707801777422578,0.015707801777422578,0.0002467350366787999
821,0,0,821,0.015707801777422672,0.015707801777422634,0.00024673503667880283
822,0,1,822,0.015707801777422734,0.015707801777422734,0.0002467350366788048
823,0,0,823,0.01570780177742279,0.01570780177742279,0.00024673503667880646
824,0,1,824,0.015707801777422554,0.015707801777422554,0.00024673503667879915
825,0,1,825,0.015707801777422713,0.015707801777422713,0.00024673503667880413
826,0,0,826,0.015707801777422654,0.01570780177742265,0.0002467350366788023
827,0,0,827,0.015707801777422634,0.015707801777422568,0.0002467350366788016
828,0,0,828,0.0157078017774227,0.0157078017774227,0.00024673503667880375
829,0,0,829,0.015707801777422616,0.015707801777422533,0.00024673503667880104
830,0,0,830,0.01570780177742258,0.015707801777422467,0.00024673503667879996
831,0,0,831,0.01570780177742282,0.015707801777422755,0.0002467350366788075
832,0,0,832,0.015707801777422717,0.015707801777422665,0.00024673503667880424
833,0,1,833,0.015707801777422564,0.015707801777422564,0.0002467350366787994
834,0,1,834,0.015707801777422658,0.015707801777422658,0.0002467350366788024
835,0,0,835,0.015707801777422602,0.01570780177742259,0.0002467350366788006
836,0,0,836,0.01570780177742269,0.015707801777422644,0.0002467350366788034
837,0,1,837,0.015707801777422613,0.015707801777422613,0.000246735036678801
838,0,1,838,0.015707801777422686,0.015707801777422623,0.00024673503667880327
839,0,0,839,0.015707801777422575,0.015707801777422575,0.00024673503667879985
840,0,0,840,0.01570780177742259,0.01570780177742259,0.0002467350366788003
841,0,0,841,0.015707801777422672,0.015707801777422672,0.00024673503667880283
842,0,1,842,0.015707801777422675,0.015707801777422675,0.00024673503667880294
843,0,0,843,0.015707801777422713,0.01570780177742269,0.0002467350366788042
844,0,1,844,0.015707801777422644,0.015707801777422613,0.0002467350366788019
845,0,1,845,0.01570780177742254,0.01570780177742251,0.0002467350366787987
846,0,0,846,0.01570780177742265,0.015707801777422595,0.0002467350366788022
847,0,1,847,0.01570780177742254,0.01570780177742254,0.0002467350366787986
848,0,1,848,0.01570780177742253,0.015707801777422523,0.0002467350366787984
849,0,0,849,0.015707801777422672,0.015707801777422672,0.00024673503667880283
850,0,1,850,0.015707801777422623,0.01570780177742258,0.00024673503667880126
851,0,1,851,0.015707801777422654,0.015707801777422495,0.0002467350366788023
852,0,1,852,0.01570780177742267,0.01570780177742267,0.0002467350366788028
853,0,1,853,0.015707801777422592,0.015707801777422523,0.0002467350366788003
854,0,0,854,0.015707801777422623,0.015707801777422623,0.00024673503667880137
855,0,0,855,0.015707801777422703,0.015707801777422682,0.00024673503667880386
856,0,0,856,0.015707801777422592,0.015707801777422592,0.0002467350366788003
857,0,0,857,0.015707801777422564,0.01570780177742248,0.00024673503667879947
858,0,1,858,0.015707801777422634,0.015707801777422634,0.0002467350366788016
859,0,0,859,0.015707801777422575,0.015707801777422575,0.00024673503667879974
860,0,0,860,0.01570780177742275,0.0157078017774227,0.0002467350366788053
861,0,1,861,0.015707801777422606,0.015707801777422606,0.0002467350366788008
862,0,1,862,0.01570780177742268,0.01570780177742268,0.00024673503667880305
863,0,1,863,0.015707801777422672,0.015707801777422637,0.00024673503667880283
864,0,1,864,0.01570780177742264,0.01570780177742264,0.00024673503667880186
865,0,1,865,0.01570780177742263,0.015707801777422606,0.0002467350366788015
866,0,0,866,0.015707801777422627,0.015707801777422627,0.0002467350366788014
867,0,0,867,0.01570780177742263,0.01570780177742263,0.0002467350366788016
868,0,1,868,0.015707801777422658,0.015707801777422658,0.0002467350366788024
869,0,1,869,0.015707801777422585,0.01570780177742257,0.0002467350366788001
870,0,1,870,0.015707801777422585,0.015707801777422564,0.00024673503667879996
871,0,1,871,0.015707801777422547,0.01570780177742253,0.00024673503667879893
872,0,0,872,0.015707801777422568,0.015707801777422547,0.0002467350366787996
873,0,0,873,0.015707801777422665,0.01570780177742257,0.0002467350366788026
874,0,1,874,0.015707801777422592,0.015707801777422575,0.00024673503667880023
875,0,0,875,0.015707801777422616,0.015707801777422575,0.00024673503667880104
876,0,0,876,0.01570780177742271,0.015707801777422665,0.000246735036678804
877,0,1,877,0.015707801777422554,0.015707801777422554,0.00024673503667879915
878,0,1,878,0.01570780177742262,0.01570780177742262,0.0002467350366788012
879,0,1,879,0.015707801777422578,0.015707801777422578,0.00024673503667879996
880,0,0,880,0.015707801777422602,0.015707801777422602,0.0002467350366788007
881,0,0,881,0.015707801777422748,0.015707801777422706,0.0002467350366788052
882,0,0,882,0.015707801777422644,0.015707801777422595,0.00024673503667880197
883,0,0,883,0.015707801777422672,0.015707801777422672,0.00024673503667880283
884,0,1,884,0.01570780177742266,0.01570780177742266,0.0002467350366788026
885,0,0,885,0.015707801777422817,0.01570780177742268,0.0002467350366788074
886,0,0,886,0.0157078017774226,0.01570780177742252,0.0002467350366788005
887,0,0,887,0.01570780177742261,0.015707801777422453,0.0002467350366788008
888,0,1,888,0.015707801777422675,0.01570780177742267,0.00024673503667880294
889,0,1,889,0.015707801777422575,0.015707801777422575,0.0002467350366787999
890,0,0,890,0.01570780177742258,0.015707801777422547,0.0002467350366788
891,0,0,891,0.0157078017774227,0.0157078017774227,0.0002467350366788037
892,0,0,892,0.015707801777422637,0.015707801777422637,0.00024673503667880175
893,0,1,893,0.015707801777422613,0.015707801777422613,0.000246735036678801
894,0,0,894,0.015707801777422804,0.015707801777422804,0.000246735036678807
895,0,0,895,0.015707801777422856,0.015707801777422856,0.0002467350366788086
896,0,1,896,0.01570780177742265,0.015707801777422644,0.00024673503667880213
897,0,1,897,0.015707801777422568,0.015707801777422568,0.00024673503667879963
898,0,1,898,0.01570780177742262,0.01570780177742262,0.00024673503667880115
899,0,0,899,0.015707801777422738,0.015707801777422738,0.00024673503667880484
900,0,1,900,0.015707801777422585,0.01570780177742258,0.00024673503667880007
901,0,0,901,0.015707801777422665,0.015707801777422654,0.0002467350366788026
902,0,1,902,0.01570780177742265,0.01570780177742265,0.00024673503667880224
903,0,0,903,0.015707801777422665,0.015707801777422665,0.00024673503667880267
904,0,0,904,0.01570780177742263,0.015707801777422568,0.00024673503667880153
905,0,0,905,0.015707801777422665,0.015707801777422665,0.00024673503667880256
906,0,0,906,0.015707801777422606,0.01570780177742258,0.00024673503667880066
907,0,1,907,0.015707801777422682,0.01570780177742258,0.0002467350366788032
908,0,0,908,0.015707801777422613,0.01570780177742261,0.000246735036678801
909,0,0,909,0.015707801777422616,0.01570780177742255,0.0002467350366788011
910,0,0,910,0.015707801777422554,0.015707801777422495,0.0002467350366787992
911,0,0,911,0.015707801777422665,0.015707801777422658,0.0002467350366788026
912,0,0,912,0.01570780177742269,0.01570780177742269,0.0002467350366788034
913,0,1,913,0.015707801777422706,0.015707801777422665,0.00024673503667880386
914,0,1,914,0.01570780177742262,0.01570780177742259,0.00024673503667880115
915,0,1,915,0.01570780177742289,0.015707801777422776,0.00024673503667880966
916,0,1,916,0.015707801777422637,0.015707801777422554,0.0002467350366788017
917,0,1,917,0.01570780177742261,0.015707801777422585,0.0002467350366788009
918,0,1,918,0.015707801777422765,0.015707801777422765,0.0002467350366788058
919,0,1,919,0.015707801777422595,0.015707801777422595,0.00024673503667880045
920,0,0,920,0.015707801777422554,0.015707801777422554,0.00024673503667879915
921,0,0,921,0.015707801777422703,0.015707801777422703,0.00024673503667880386
922,0,1,922,0.01570780177742252,0.01570780177742252,0.00024673503667879806
923,0,0,923,0.015707801777422613,0.01570780177742258,0.00024673503667880094
924,0,1,924,0.01570780177742259,0.015707801777422568,0.0002467350366788002
925,0,1,925,0.015707801777422647,0.015707801777422647,0.0002467350366788021
926,0,1,926,0.01570780177742261,0.015707801777422606,0.0002467350366788008
927,0,1,927,0.01570780177742261,0.015707801777422516,0.0002467350366788009
928,0,1,928,0.015707801777422706,0.015707801777422686,0.00024673503667880397
929,0,0,929,0.01570780177742269,0.01570780177742269,0.00024673503667880343
930,0,1,930,0.0157078017774227,0.015707801777422672,0.00024673503667880365
931,0,1,931,0.015707801777422533,0.015707801777422505,0.00024673503667879844
932,0,0,932,0.01570780177742259,0.015707801777422554,0.00024673503667880023
933,0,0,933,0.015707801777422616,0.015707801777422543,0.0002467350366788011
934,0,0,934,0.015707801777422578,0.015707801777422578,0.0002467350366787999
935,0,0,935,0.015707801777422776,0.015707801777422745,0.0002467350366788061
936,0,0,936,0.015707801777422606,0.015707801777422557,0.00024673503667880077
937,0,0,937,0.015707801777422578,0.01570780177742257,0.00024673503667879985
938,0,1,938,0.015707801777422613,0.015707801777422613,0.000246735036678801
939,0,1,939,0.015707801777422658,0.015707801777422658,0.0002467350366788024
940,0,0,940,0.015707801777422613,0.015707801777422595,0.0002467350366788009
941,0,0,941,0.015707801777422585,0.015707801777422585,0.0002467350366788001
942,0,1,942,0.01570780177742269,0.01570780177742265,0.0002467350366788034
943,0,0,943,0.015707801777422647,0.015707801777422647,0.00024673503667880197
944,0,1,944,0.015707801777422613,0.015707801777422578,0.000246735036678801
945,0,0,945,0.01570780177742272,0.01570780177742267,0.0002467350366788044
946,0,0,946,0.015707801777422616,0.015707801777422616,0.0002467350366788011
947,0,1,947,0.01570780177742271,0.015707801777422675,0.00024673503667880397
948,0,0,948,0.015707801777422654,0.015707801777422592,0.0002467350366788023
949,0,1,949,0.015707801777422616,0.015707801777422616,0.0002467350366788012
950,0,1,950,0.01570780177742258,0.015707801777422568,0.0002467350366788
951,0,1,951,0.015707801777422516,0.015707801777422516,0.000246735036678798
952,0,1,952,0.015707801777422637,0.015707801777422595,0.00024673503667880175
953,0,1,953,0.015707801777422665,0.015707801777422665,0.00024673503667880267
954,0,0,954,0.015707801777422613,0.015707801777422547,0.00024673503667880094
955,0,0,955,0.01570780177742276,0.01570780177742276,0.00024673503667880554
956,0,1,956,0.015707801777422616,0.015707801777422575,0.00024673503667880104
957,0,0,957,0.01570780177742259,0.015707801777422578,0.00024673503667880023
958,0,1,958,0.015707801777422915,0.01570780177742283,0.0002467350366788104
959,0,1,959,0.01570780177742276,0.015707801777422658,0.00024673503667880554
960,0,0,960,0.01570780177742255,0.01570780177742255,0.00024673503667879904
961,0,1,961,0.015707801777422644,0.015707801777422644,0.000246735036678802
962,0,1,962,0.015707801777422693,0.015707801777422693,0.00024673503667880343
963,0,1,963,0.01570780177742266,0.0157078017774226,0.0002467350366788025
964,0,1,964,0.015707801777422637,0.01570780177742262,0.00024673503667880175
965,0,0,965,0.015707801777422595,0.015707801777422516,0.0002467350366788004
966,0,1,966,0.015707801777422682,0.015707801777422682,0.0002467350366788032
967,0,1,967,0.015707801777422665,0.015707801777422665,0.00024673503667880267
968,0,0,968,0.015707801777422616,0.015707801777422616,0.0002467350366788011
969,0,1,969,0.01570780177742261,0.0157078017774226,0.0002467350366788009
970,0,0,970,0.015707801777422536,0.015707801777422536,0.0002467350366787986
971,0,1,971,0.01570780177742265,0.015707801777422616,0.0002467350366788022
972,0,0,972,0.01570780177742249,0.015707801777422477,0.0002467350366787972
973,0,0,973,0.015707801777422627,0.015707801777422627,0.0002467350366788015
974,0,1,974,0.015707801777422627,0.015707801777422627,0.00024673503667880137
975,0,0,975,0.01570780177742267,0.015707801777422658,0.0002467350366788027
976,0,1,976,0.015707801777422554,0.015707801777422554,0.00024673503667879915
977,0,0,977,0.01570780177742264,0.01570780177742258,0.0002467350366788018
978,0,0,978,0.01570780177742258,0.015707801777422568,0.0002467350366787999
979,0,1,979,0.015707801777422536,0.015707801777422536,0.00024673503667879855
980,0,0,980,0.015707801777422554,0.015707801777422526,0.0002467350366787991
981,0,1,981,0.015707801777422547,0.015707801777422547,0.0002467350366787988
982,0,0,982,0.015707801777422762,0.015707801777422762,0.00024673503667880565
983,0,1,983,0.01570780177742273,0.01570780177742259,0.00024673503667880473
984,0,0,984,0.01570780177742263,0.015707801777422595,0.00024673503667880153
985,0,1,985,0.015707801777422713,0.015707801777422644,0.00024673503667880413
986,0,0,986,0.015707801777422762,0.015707801777422682,0.00024673503667880565
987,0,0,987,0.015707801777422578,0.015707801777422578,0.0002467350366787999
988,0,0,988,0.015707801777422578,0.015707801777422578,0.0002467350366787999
989,0,0,989,0.015707801777422696,0.01570780177742251,0.0002467350366788036
990,0,0,990,0.015707801777422713,0.015707801777422713,0.0002467350366788041
991,0,1,991,0.01570780177742259,0.01570780177742259,0.0002467350366788003
992,0,1,992,0.01570780177742264,0.01570780177742264,0.0002467350366788019
993,0,0,993,0.015707801777422665,0.015707801777422665,0.0002467350366788026
994,0,0,994,0.015707801777422717,0.015707801777422713,0.0002467350366788042
995,0,1,995,0.015707801777422602,0.015707801777422575,0.0002467350366788006
996,0,1,996,0.015707801777422658,0.015707801777422658,0.0002467350366788025
997,0,1,997,0.015707801777422613,0.015707801777422613,0.000246735036678801
998,0,0,998,0.015707801777422765,0.015707801777422765,0.0002467350366788058
999,0,0,999,0.01570780177742261,0.01570780177742257,0.0002467350366788009
