,Layer,Qubit,Run,2-Norm,Trace Norm,Diamond Norm
0,0,0,0,0.015707801777422672,0.015707801777422665,0.00024673503667880267
1,0,0,1,0.01570780177742259,0.01570780177742256,0.0002467350366788002
2,0,1,2,0.015707801777422606,0.015707801777422606,0.00024673503667880077
3,0,1,3,0.015707801777422613,0.01570780177742261,0.0002467350366788008
4,0,1,4,0.015707801777422675,0.015707801777422578,0.00024673503667880294
5,0,0,5,1.9999383152895795,1.9999383152895793,0.0002467350366788181
6,0,0,6,0.015707801777422672,0.01570780177742254,0.00024673503667880283
7,0,1,7,0.015707801777422578,0.015707801777422575,0.0002467350366787999
8,0,1,8,0.01570780177742272,0.015707801777422713,0.0002467350366788044
9,0,1,9,0.015707801777422713,0.015707801777422647,0.00024673503667880413
10,0,1,10,0.015707801777422557,0.015707801777422557,0.0002467350366787992
11,0,0,11,0.015707801777422793,0.015707801777422793,0.00024673503667880663
12,0,0,12,0.01570780177742268,0.015707801777422647,0.000246735036678803
13,0,1,13,0.015707801777422686,0.015707801777422682,0.00024673503667880327
14,0,1,14,0.015707801777422734,0.015707801777422734,0.0002467350366788048
15,0,0,15,0.0157078017774226,0.0157078017774226,0.0002467350366788005
16,0,1,16,0.015707801777422706,0.015707801777422682,0.00024673503667880397
17,0,0,17,0.015707801777422578,0.015707801777422575,0.0002467350366787999
18,0,0,18,0.015707801777422616,0.015707801777422564,0.00024673503667880104
19,0,0,19,0.01570780177742255,0.015707801777422526,0.0002467350366787991
20,0,1,20,0.015707801777422713,0.01570780177742271,0.0002467350366788042
21,0,1,21,0.01570780177742262,0.01570780177742261,0.00024673503667880115
22,0,1,22,0.015707801777422623,0.015707801777422623,0.0002467350366788013
23,0,1,23,0.0157078017774226,0.01570780177742258,0.00024673503667880056
24,0,0,24,0.01570780177742262,0.015707801777422578,0.00024673503667880126
25,0,1,25,0.01570780177742264,0.015707801777422637,0.00024673503667880175
26,0,1,26,0.01570780177742254,0.015707801777422512,0.0002467350366787987
27,0,0,27,0.015707801777422613,0.01570780177742261,0.0002467350366788009
28,0,1,28,0.01570780177742262,0.01570780177742262,0.00024673503667880126
29,0,0,29,0.015707801777422665,0.01570780177742266,0.00024673503667880245
30,0,1,30,0.015707801777422623,0.01570780177742254,0.00024673503667880126
31,0,1,31,0.01570780177742264,0.015707801777422595,0.0002467350366788019
32,0,0,32,0.01570780177742274,0.015707801777422734,0.0002467350366788049
33,0,0,33,0.015707801777422613,0.015707801777422585,0.000246735036678801
34,0,1,34,0.015707801777422644,0.01570780177742264,0.0002467350366788018
35,0,0,35,0.01570780177742266,0.01570780177742266,0.00024673503667880256
36,0,0,36,0.015707801777422634,0.015707801777422634,0.0002467350366788017
37,0,0,37,0.015707801777422578,0.01570780177742253,0.0002467350366787999
38,0,1,38,0.01570780177742256,0.015707801777422526,0.00024673503667879936
39,0,0,39,0.01570780177742267,0.01570780177742267,0.00024673503667880267
40,0,0,40,0.015707801777422693,0.015707801777422613,0.0002467350366788035
41,0,0,41,0.01570780177742262,0.01570780177742262,0.0002467350366788012
42,0,1,42,0.015707801777422536,0.015707801777422536,0.0002467350366787986
43,0,0,43,0.015707801777422634,0.01570780177742261,0.00024673503667880164
44,0,0,44,0.01570780177742266,0.015707801777422658,0.0002467350366788025
45,0,1,45,0.015707801777422585,0.015707801777422575,0.00024673503667880007
46,0,1,46,0.015707801777422595,0.01570780177742259,0.0002467350366788003
47,0,0,47,0.01570780177742273,0.015707801777422654,0.00024673503667880473
48,0,1,48,0.015707801777422665,0.01570780177742266,0.00024673503667880245
49,0,1,49,0.01570780177742266,0.015707801777422654,0.0002467350366788023
50,0,0,50,0.01570780177742264,0.01570780177742264,0.00024673503667880186
51,0,0,51,0.015707801777422654,0.015707801777422647,0.00024673503667880213
52,0,1,52,0.015707801777422578,0.015707801777422578,0.00024673503667879996
53,0,1,53,0.015707801777422602,0.015707801777422568,0.0002467350366788007
54,0,1,54,0.015707801777422727,0.015707801777422724,0.0002467350366788045
55,0,0,55,0.015707801777422762,0.015707801777422762,0.0002467350366788057
56,0,0,56,0.015707801777422658,0.015707801777422654,0.0002467350366788023
57,0,1,57,0.015707801777422627,0.01570780177742257,0.0002467350366788015
58,0,1,58,0.01570780177742272,0.01570780177742269,0.00024673503667880435
59,0,0,59,0.015707801777422606,0.015707801777422602,0.00024673503667880077
60,0,0,60,0.015707801777422738,0.015707801777422634,0.0002467350366788049
61,0,1,61,0.015707801777422595,0.01570780177742259,0.0002467350366788005
62,0,0,62,0.015707801777422654,0.015707801777422557,0.0002467350366788023
63,0,0,63,0.015707801777422634,0.015707801777422627,0.00024673503667880153
64,0,0,64,0.015707801777422602,0.0157078017774226,0.00024673503667880056
65,0,0,65,0.015707801777422592,0.01570780177742252,0.0002467350366788003
66,0,1,66,0.015707801777422602,0.015707801777422602,0.00024673503667880066
67,0,1,67,0.015707801777422627,0.015707801777422623,0.00024673503667880137
68,0,1,68,0.015707801777422602,0.015707801777422575,0.00024673503667880066
69,0,0,69,0.015707801777422734,0.01570780177742273,0.0002467350366788048
70,0,0,70,0.01570780177742267,0.01570780177742257,0.0002467350366788027
71,0,0,71,0.015707801777422595,0.015707801777422595,0.0002467350366788004
72,0,1,72,0.015707801777422672,0.01570780177742267,0.00024673503667880283
73,0,1,73,0.01570780177742264,0.01570780177742264,0.00024673503667880197
74,0,1,74,0.015707801777422554,0.015707801777422387,0.00024673503667879915
75,0,0,75,0.015707801777422675,0.015707801777422675,0.00024673503667880294
76,0,1,76,0.015707801777422578,0.015707801777422575,0.00024673503667879985
77,0,0,77,0.015707801777422606,0.01570780177742253,0.00024673503667880077
78,0,0,78,0.01570780177742255,0.01570780177742255,0.000246735036678799
79,0,0,79,0.015707801777422606,0.0157078017774226,0.0002467350366788008
80,0,1,80,0.015707801777422696,0.015707801777422693,0.0002467350366788036
81,0,1,81,0.015707801777422616,0.015707801777422533,0.00024673503667880115
82,0,0,82,0.01570780177742268,0.015707801777422613,0.00024673503667880305
83,0,0,83,0.015707801777422575,0.015707801777422575,0.00024673503667879974
84,0,0,84,0.01570780177742275,0.01570780177742275,0.00024673503667880527
85,0,1,85,0.015707801777422613,0.015707801777422613,0.000246735036678801
86,0,0,86,0.0157078017774228,0.015707801777422745,0.0002467350366788069
87,0,1,87,0.01570780177742252,0.01570780177742252,0.000246735036678798
88,0,1,88,0.015707801777422637,0.015707801777422637,0.00024673503667880175
89,0,1,89,1.9999383152895795,1.9999383152895793,0.0002467350366788111
90,0,1,90,0.015707801777422627,0.015707801777422554,0.0002467350366788015
91,0,0,91,0.015707801777422637,0.015707801777422533,0.00024673503667880175
92,0,0,92,0.015707801777422505,0.015707801777422505,0.00024673503667879763
93,0,1,93,0.015707801777422658,0.015707801777422654,0.00024673503667880234
94,0,1,94,0.015707801777422595,0.015707801777422595,0.00024673503667880045
95,0,1,95,0.01570780177742273,0.015707801777422706,0.0002467350366788047
96,0,0,96,0.01570780177742288,0.01570780177742284,0.0002467350366788094
97,0,1,97,0.015707801777422578,0.015707801777422578,0.0002467350366788
98,0,0,98,0.015707801777422706,0.01570780177742264,0.0002467350366788039
99,0,1,99,0.015707801777422717,0.015707801777422717,0.00024673503667880424
100,0,1,100,0.015707801777422738,0.015707801777422738,0.0002467350366788049
101,0,0,101,0.015707801777422654,0.015707801777422627,0.00024673503667880234
102,0,1,102,0.015707801777422727,0.01570780177742267,0.00024673503667880457
103,0,0,103,0.015707801777422602,0.015707801777422505,0.00024673503667880066
104,0,0,104,0.015707801777422623,0.01570780177742262,0.00024673503667880115
105,0,0,105,0.01570780177742264,0.01570780177742264,0.0002467350366788018
106,0,0,106,0.01570780177742271,0.01570780177742271,0.0002467350366788041
107,0,1,107,0.015707801777422623,0.015707801777422523,0.00024673503667880137
108,0,0,108,0.015707801777422585,0.015707801777422585,0.0002467350366788001
109,0,1,109,0.015707801777422658,0.01570780177742263,0.00024673503667880245
110,0,0,110,0.015707801777422578,0.015707801777422575,0.00024673503667879985
111,0,1,111,0.015707801777422578,0.01570780177742253,0.00024673503667879996
112,0,1,112,0.015707801777422613,0.015707801777422554,0.00024673503667880104
113,0,1,113,0.015707801777422592,0.015707801777422474,0.00024673503667880034
114,0,1,114,0.01570780177742259,0.01570780177742253,0.0002467350366788003
115,0,1,115,0.01570780177742262,0.01570780177742262,0.00024673503667880115
116,0,1,116,0.015707801777422575,0.015707801777422575,0.00024673503667879974
117,0,0,117,0.01570780177742265,0.01570780177742258,0.0002467350366788022
118,0,1,118,0.015707801777422644,0.015707801777422554,0.00024673503667880197
119,0,1,119,0.015707801777422474,0.01570780177742247,0.0002467350366787966
120,0,1,120,0.0157078017774227,0.01570780177742267,0.0002467350366788037
121,0,0,121,0.015707801777422738,0.015707801777422706,0.0002467350366788049
122,0,0,122,0.015707801777422547,0.015707801777422547,0.0002467350366787989
123,0,0,123,0.015707801777422592,0.01570780177742255,0.00024673503667880034
124,0,1,124,0.015707801777422647,0.01570780177742261,0.000246735036678802
125,0,1,125,0.015707801777422772,0.01570780177742277,0.000246735036678806
126,0,0,126,0.015707801777422578,0.015707801777422488,0.00024673503667879985
127,0,1,127,0.015707801777422543,0.015707801777422543,0.0002467350366787989
128,0,1,128,0.01570780177742272,0.015707801777422686,0.00024673503667880435
129,0,1,129,0.015707801777422564,0.015707801777422564,0.0002467350366787995
130,0,1,130,0.01570780177742256,0.01570780177742256,0.00024673503667879936
131,0,0,131,0.015707801777422578,0.015707801777422578,0.0002467350366787999
132,0,1,132,0.01570780177742271,0.01570780177742271,0.00024673503667880413
133,0,1,133,0.015707801777422696,0.015707801777422686,0.0002467350366788036
134,0,1,134,0.01570780177742258,0.01570780177742258,0.00024673503667880007
135,0,1,135,0.015707801777422592,0.015707801777422547,0.0002467350366788003
136,0,0,136,0.015707801777422686,0.015707801777422644,0.00024673503667880327
137,0,1,137,0.015707801777422634,0.01570780177742263,0.00024673503667880164
138,0,0,138,0.015707801777422693,0.015707801777422693,0.0002467350366788035
139,0,1,139,0.015707801777422647,0.015707801777422647,0.000246735036678802
140,0,0,140,0.015707801777422602,0.015707801777422595,0.0002467350366788005
141,0,0,141,0.015707801777422502,0.015707801777422484,0.00024673503667879747
142,0,1,142,0.015707801777422717,0.015707801777422717,0.0002467350366788042
143,0,0,143,0.015707801777422606,0.015707801777422606,0.0002467350366788007
144,0,1,144,0.015707801777422696,0.015707801777422606,0.00024673503667880365
145,0,1,145,0.01570780177742267,0.015707801777422547,0.0002467350366788027
146,0,1,146,0.015707801777422665,0.01570780177742266,0.00024673503667880245
147,0,0,147,0.01570780177742274,0.01570780177742274,0.00024673503667880506
148,0,0,148,0.015707801777422592,0.015707801777422547,0.00024673503667880034
149,0,0,149,0.015707801777422595,0.015707801777422568,0.00024673503667880045
150,0,1,150,0.015707801777422613,0.015707801777422568,0.00024673503667880104
151,0,1,151,0.015707801777422595,0.015707801777422595,0.00024673503667880045
152,0,0,152,0.01570780177742263,0.015707801777422595,0.0002467350366788016
153,0,0,153,0.015707801777422606,0.015707801777422606,0.00024673503667880066
154,0,0,154,0.015707801777422592,0.01570780177742259,0.0002467350366788003
155,0,0,155,0.015707801777422557,0.01570780177742255,0.00024673503667879925
156,0,1,156,0.015707801777422727,0.01570780177742267,0.0002467350366788046
157,0,1,157,0.01570780177742257,0.01570780177742257,0.0002467350366787997
158,0,1,158,0.015707801777422575,0.015707801777422536,0.0002467350366787998
159,0,1,159,0.015707801777422512,0.01570780177742251,0.00024673503667879774
160,0,0,160,0.01570780177742257,0.01570780177742257,0.00024673503667879963
161,0,0,161,0.015707801777422682,0.015707801777422682,0.0002467350366788031
162,0,1,162,0.01570780177742264,0.01570780177742264,0.00024673503667880186
163,0,0,163,0.015707801777422727,0.015707801777422686,0.00024673503667880457
164,0,1,164,0.01570780177742276,0.015707801777422727,0.00024673503667880554
165,0,0,165,0.015707801777422672,0.015707801777422672,0.0002467350366788028
166,0,1,166,0.015707801777422536,0.015707801777422536,0.00024673503667879866
167,0,0,167,0.015707801777422776,0.01570780177742273,0.0002467350366788061
168,0,0,168,0.01570780177742268,0.01570780177742268,0.0002467350366788031
169,0,0,169,0.01570780177742258,0.015707801777422575,0.00024673503667879996
170,0,0,170,0.015707801777422658,0.015707801777422637,0.00024673503667880234
171,0,0,171,0.0157078017774226,0.015707801777422557,0.00024673503667880056
172,0,1,172,0.01570780177742261,0.015707801777422554,0.00024673503667880094
173,0,0,173,0.01570780177742265,0.015707801777422627,0.0002467350366788022
174,0,0,174,0.01570780177742254,0.01570780177742254,0.00024673503667879877
175,0,0,175,0.01570780177742272,0.01570780177742264,0.0002467350366788044
176,0,0,176,0.015707801777422613,0.01570780177742254,0.000246735036678801
177,0,0,177,0.01570780177742256,0.01570780177742255,0.0002467350366787993
178,0,1,178,0.015707801777422654,0.015707801777422606,0.00024673503667880234
179,0,0,179,0.015707801777422606,0.015707801777422602,0.0002467350366788007
180,0,1,180,0.015707801777422835,0.015707801777422783,0.000246735036678808
181,0,0,181,0.015707801777422557,0.015707801777422554,0.00024673503667879915
182,0,1,182,0.01570780177742257,0.01570780177742257,0.0002467350366787997
183,0,0,183,0.015707801777422564,0.015707801777422564,0.00024673503667879947
184,0,1,184,0.01570780177742256,0.015707801777422543,0.00024673503667879936
185,0,0,185,0.015707801777422578,0.015707801777422578,0.00024673503667879996
186,0,0,186,0.015707801777422606,0.015707801777422505,0.00024673503667880077
187,0,0,187,0.01570780177742257,0.015707801777422523,0.00024673503667879974
188,0,1,188,0.01570780177742267,0.01570780177742267,0.0002467350366788028
189,0,0,189,0.01570780177742256,0.01570780177742256,0.00024673503667879947
190,0,1,190,0.01570780177742256,0.015707801777422557,0.00024673503667879925
191,0,0,191,0.01570780177742273,0.015707801777422672,0.0002467350366788047
192,0,1,192,0.01570780177742259,0.01570780177742259,0.0002467350366788002
193,0,0,193,0.015707801777422585,0.01570780177742257,0.0002467350366788001
194,0,1,194,0.015707801777422536,0.01570780177742248,0.00024673503667879855
195,0,0,195,0.01570780177742274,0.01570780177742274,0.000246735036678805
196,0,1,196,0.01570780177742266,0.01570780177742252,0.00024673503667880256
197,0,1,197,0.015707801777422578,0.015707801777422578,0.0002467350366787999
198,0,1,198,0.01570780177742262,0.01570780177742262,0.00024673503667880115
199,0,1,199,0.0157078017774227,0.0157078017774227,0.0002467350366788037
200,0,1,200,0.015707801777422526,0.015707801777422477,0.0002467350366787983
201,0,1,201,0.015707801777422658,0.015707801777422575,0.0002467350366788024
202,0,1,202,0.015707801777422578,0.015707801777422578,0.0002467350366787998
203,0,1,203,0.015707801777422706,0.01570780177742269,0.00024673503667880397
204,0,0,204,0.015707801777422745,0.01570780177742271,0.0002467350366788051
205,0,0,205,0.015707801777422734,0.015707801777422734,0.00024673503667880484
206,0,0,206,0.01570780177742259,0.01570780177742259,0.00024673503667880023
207,0,1,207,0.0157078017774226,0.0157078017774226,0.0002467350366788005
208,0,1,208,0.015707801777422658,0.015707801777422627,0.0002467350366788024
209,0,0,209,0.01570780177742266,0.015707801777422658,0.0002467350366788024
210,0,0,210,0.01570780177742264,0.015707801777422564,0.0002467350366788019
211,0,0,211,0.015707801777422606,0.015707801777422606,0.0002467350366788008
212,0,1,212,0.015707801777422647,0.0157078017774226,0.00024673503667880213
213,0,0,213,0.015707801777422578,0.015707801777422578,0.0002467350366787999
214,0,0,214,0.01570780177742258,0.01570780177742257,0.00024673503667880007
215,0,1,215,0.015707801777422484,0.015707801777422443,0.000246735036678797
216,0,1,216,0.01570780177742266,0.015707801777422658,0.0002467350366788025
217,0,0,217,0.015707801777422568,0.015707801777422564,0.00024673503667879947
218,0,1,218,0.01570780177742269,0.015707801777422637,0.00024673503667880343
219,0,0,219,0.015707801777422592,0.015707801777422554,0.0002467350366788004
220,0,0,220,0.01570780177742259,0.015707801777422557,0.00024673503667880023
221,0,1,221,0.01570780177742259,0.015707801777422585,0.0002467350366788001
222,0,1,222,0.015707801777422703,0.0157078017774227,0.0002467350366788037
223,0,0,223,0.015707801777422647,0.015707801777422644,0.00024673503667880197
224,0,0,224,0.015707801777422804,0.01570780177742279,0.00024673503667880695
225,0,0,225,0.015707801777422627,0.01570780177742258,0.0002467350366788014
226,0,1,226,0.015707801777422547,0.015707801777422536,0.0002467350366787989
227,0,1,227,0.01570780177742259,0.01570780177742258,0.00024673503667880023
228,0,1,228,0.015707801777422564,0.01570780177742254,0.00024673503667879947
229,0,1,229,0.015707801777422675,0.01570780177742265,0.00024673503667880294
230,0,1,230,0.015707801777422568,0.015707801777422568,0.00024673503667879963
231,0,0,231,0.015707801777422616,0.015707801777422616,0.0002467350366788011
232,0,0,232,0.015707801777422578,0.015707801777422578,0.0002467350366787999
233,0,0,233,0.01570780177742253,0.015707801777422512,0.00024673503667879833
234,0,0,234,0.015707801777422665,0.015707801777422637,0.0002467350366788026
235,0,1,235,0.01570780177742263,0.01570780177742263,0.00024673503667880153
236,0,0,236,0.01570780177742261,0.015707801777422554,0.0002467350366788009
237,0,0,237,0.015707801777422693,0.015707801777422693,0.0002467350366788035
238,0,1,238,0.01570780177742264,0.01570780177742253,0.00024673503667880186
239,0,0,239,0.015707801777422616,0.015707801777422613,0.000246735036678801
240,0,0,240,0.01570780177742254,0.015707801777422536,0.0002467350366787986
241,0,0,241,0.015707801777422578,0.015707801777422526,0.0002467350366787999
242,0,1,242,0.015707801777422644,0.015707801777422644,0.00024673503667880197
243,0,1,243,0.01570780177742262,0.015707801777422602,0.0002467350366788012
244,0,0,244,0.0157078017774226,0.01570780177742258,0.0002467350366788005
245,0,1,245,0.015707801777422606,0.015707801777422595,0.00024673503667880077
246,0,0,246,0.015707801777422637,0.015707801777422543,0.00024673503667880175
247,0,0,247,0.015707801777422623,0.015707801777422623,0.0002467350366788014
248,0,1,248,0.015707801777422686,0.015707801777422686,0.0002467350366788033
249,0,1,249,0.015707801777422616,0.015707801777422616,0.0002467350366788011
250,0,0,250,0.01570780177742262,0.015707801777422543,0.00024673503667880115
251,0,0,251,0.015707801777422512,0.01570780177742246,0.0002467350366787978
252,0,0,252,0.015707801777422623,0.01570780177742257,0.0002467350366788013
253,0,0,253,0.015707801777422616,0.015707801777422616,0.00024673503667880104
254,0,0,254,0.01570780177742263,0.015707801777422516,0.00024673503667880153
255,0,1,255,0.015707801777422644,0.01570780177742261,0.00024673503667880197
256,0,0,256,0.015707801777422557,0.015707801777422523,0.00024673503667879925
257,0,0,257,0.01570780177742278,0.015707801777422682,0.00024673503667880625
258,0,0,258,0.015707801777422554,0.01570780177742253,0.0002467350366787991
259,0,0,259,0.015707801777422717,0.015707801777422717,0.00024673503667880424
260,0,0,260,0.015707801777422734,0.01570780177742269,0.0002467350366788048
261,0,1,261,0.015707801777422557,0.015707801777422554,0.00024673503667879915
262,0,0,262,0.01570780177742259,0.015707801777422543,0.0002467350366788003
263,0,1,263,0.015707801777422616,0.01570780177742261,0.000246735036678801
264,0,0,264,0.015707801777422595,0.015707801777422543,0.0002467350366788004
265,0,0,265,0.015707801777422682,0.015707801777422658,0.0002467350366788031
266,0,0,266,0.01570780177742258,0.015707801777422557,0.00024673503667880007
267,0,1,267,0.015707801777422686,0.015707801777422686,0.00024673503667880327
268,0,1,268,0.015707801777422672,0.01570780177742267,0.0002467350366788028
269,0,0,269,0.015707801777422585,0.015707801777422585,0.0002467350366788001
270,0,0,270,0.015707801777422727,0.015707801777422727,0.00024673503667880457
271,0,0,271,0.015707801777422637,0.015707801777422557,0.00024673503667880175
272,0,0,272,0.015707801777422592,0.015707801777422592,0.0002467350366788003
273,0,0,273,0.015707801777422616,0.015707801777422536,0.00024673503667880115
274,0,1,274,0.01570780177742274,0.01570780177742274,0.000246735036678805
275,0,1,275,0.015707801777422658,0.015707801777422658,0.00024673503667880234
276,0,0,276,0.015707801777422578,0.015707801777422575,0.00024673503667879974
277,0,0,277,0.015707801777422575,0.015707801777422564,0.0002467350366787998
278,0,0,278,0.01570780177742257,0.01570780177742252,0.0002467350366787997
279,0,1,279,0.015707801777422658,0.015707801777422578,0.0002467350366788024
280,0,1,280,0.015707801777422533,0.015707801777422505,0.0002467350366787985
281,0,1,281,0.015707801777422595,0.015707801777422557,0.0002467350366788004
282,0,1,282,0.015707801777422613,0.015707801777422613,0.000246735036678801
283,0,1,283,0.01570780177742259,0.01570780177742259,0.00024673503667880023
284,0,1,284,0.015707801777422564,0.015707801777422564,0.00024673503667879947
285,0,1,285,0.015707801777422647,0.015707801777422616,0.0002467350366788021
286,0,0,286,0.015707801777422543,0.015707801777422543,0.00024673503667879877
287,0,1,287,0.015707801777422644,0.01570780177742264,0.0002467350366788019
288,0,1,288,0.01570780177742259,0.01570780177742259,0.00024673503667880023
289,0,0,289,0.015707801777422654,0.015707801777422654,0.0002467350366788023
290,0,1,290,0.015707801777422654,0.015707801777422554,0.0002467350366788023
291,0,0,291,0.015707801777422665,0.015707801777422623,0.00024673503667880267
292,0,1,292,0.015707801777422738,0.015707801777422675,0.0002467350366788049
293,0,0,293,0.015707801777422585,0.015707801777422575,0.0002467350366788001
294,0,0,294,0.015707801777422675,0.015707801777422675,0.0002467350366788029
295,0,1,295,0.015707801777422578,0.015707801777422575,0.0002467350366787999
296,0,1,296,0.015707801777422602,0.01570780177742258,0.00024673503667880066
297,0,0,297,0.01570780177742245,0.015707801777422405,0.00024673503667879595
298,0,1,298,0.01570780177742258,0.01570780177742256,0.0002467350366788
299,0,1,299,0.015707801777422658,0.015707801777422634,0.00024673503667880245
300,0,1,300,0.01570780177742256,0.01570780177742256,0.0002467350366787994
301,0,0,301,0.015707801777422592,0.01570780177742255,0.00024673503667880034
302,0,1,302,0.01570780177742262,0.015707801777422613,0.0002467350366788012
303,0,0,303,0.015707801777422543,0.015707801777422474,0.0002467350366787988
304,0,1,304,0.015707801777422654,0.015707801777422654,0.0002467350366788022
305,0,0,305,0.015707801777422675,0.015707801777422675,0.00024673503667880294
306,0,1,306,0.01570780177742268,0.015707801777422575,0.00024673503667880305
307,0,0,307,0.015707801777422817,0.015707801777422807,0.00024673503667880744
308,0,0,308,0.015707801777422557,0.015707801777422557,0.00024673503667879925
309,0,1,309,0.015707801777422575,0.015707801777422543,0.0002467350366787998
310,0,0,310,0.01570780177742251,0.015707801777422505,0.0002467350366787975
311,0,0,311,0.01570780177742262,0.01570780177742262,0.0002467350366788012
312,0,0,312,0.015707801777422647,0.015707801777422533,0.0002467350366788021
313,0,0,313,0.01570780177742257,0.01570780177742257,0.00024673503667879974
314,0,1,314,0.01570780177742262,0.01570780177742262,0.0002467350366788013
315,0,0,315,0.015707801777422748,0.015707801777422686,0.00024673503667880527
316,0,1,316,0.01570780177742277,0.015707801777422658,0.00024673503667880587
317,0,1,317,0.015707801777422658,0.015707801777422654,0.00024673503667880245
318,0,1,318,0.015707801777422592,0.015707801777422495,0.00024673503667880034
319,0,1,319,0.01570780177742275,0.015707801777422748,0.0002467350366788053
320,0,1,320,0.0157078017774225,0.0157078017774225,0.0002467350366787974
321,0,0,321,0.01570780177742258,0.01570780177742255,0.0002467350366788
322,0,1,322,0.015707801777422543,0.01570780177742244,0.00024673503667879877
323,0,1,323,0.015707801777422602,0.015707801777422602,0.0002467350366788006
324,0,0,324,0.015707801777422717,0.015707801777422706,0.0002467350366788043
325,0,1,325,0.015707801777422533,0.015707801777422533,0.00024673503667879855
326,0,1,326,0.015707801777422665,0.01570780177742266,0.00024673503667880245
327,0,0,327,0.0157078017774227,0.015707801777422675,0.00024673503667880375
328,0,1,328,0.015707801777422616,0.015707801777422616,0.0002467350366788011
329,0,0,329,0.015707801777422595,0.015707801777422595,0.00024673503667880045
330,0,0,330,0.015707801777422637,0.01570780177742257,0.00024673503667880175
331,0,0,331,0.015707801777422526,0.015707801777422488,0.0002467350366787982
332,0,1,332,0.015707801777422564,0.015707801777422564,0.0002467350366787994
333,0,1,333,0.015707801777422602,0.015707801777422602,0.0002467350366788006
334,0,1,334,0.015707801777422748,0.015707801777422682,0.0002467350366788052
335,0,0,335,0.01570780177742264,0.01570780177742264,0.0002467350366788018
336,0,1,336,0.01570780177742261,0.015707801777422595,0.0002467350366788009
337,0,0,337,0.015707801777422526,0.015707801777422523,0.00024673503667879833
338,0,0,338,0.015707801777422637,0.01570780177742248,0.00024673503667880175
339,0,0,339,0.01570780177742254,0.01570780177742254,0.0002467350366787987
340,0,1,340,0.015707801777422613,0.01570780177742261,0.0002467350366788009
341,0,0,341,0.01570780177742258,0.01570780177742258,0.00024673503667879996
342,0,1,342,0.0157078017774225,0.015707801777422495,0.0002467350366787973
343,0,0,343,0.015707801777422568,0.015707801777422568,0.0002467350366787996
344,0,0,344,0.015707801777422627,0.015707801777422578,0.0002467350366788014
345,0,0,345,0.01570780177742275,0.015707801777422745,0.00024673503667880527
346,0,0,346,0.015707801777422703,0.015707801777422696,0.0002467350366788036
347,0,0,347,0.015707801777422595,0.015707801777422592,0.00024673503667880034
348,0,1,348,0.01570780177742281,0.01570780177742278,0.0002467350366788072
349,0,1,349,0.015707801777422755,0.015707801777422755,0.00024673503667880543
350,0,1,350,0.015707801777422627,0.015707801777422623,0.0002467350366788014
351,0,0,351,0.015707801777422637,0.015707801777422578,0.0002467350366788018
352,0,1,352,0.015707801777422595,0.015707801777422557,0.00024673503667880045
353,0,0,353,0.015707801777422595,0.01570780177742259,0.0002467350366788003
354,0,0,354,0.015707801777422616,0.015707801777422554,0.0002467350366788011
355,0,0,355,0.01570780177742273,0.01570780177742273,0.0002467350366788047
356,0,1,356,0.015707801777422595,0.015707801777422568,0.00024673503667880045
357,0,1,357,0.0157078017774226,0.015707801777422595,0.00024673503667880045
358,0,1,358,0.015707801777422682,0.01570780177742258,0.00024673503667880316
359,0,1,359,0.015707801777422637,0.015707801777422536,0.00024673503667880175
360,0,0,360,0.015707801777422658,0.015707801777422658,0.00024673503667880245
361,0,0,361,0.015707801777422554,0.015707801777422484,0.0002467350366787991
362,0,0,362,0.015707801777422634,0.01570780177742263,0.00024673503667880153
363,0,0,363,0.015707801777422647,0.01570780177742256,0.0002467350366788021
364,0,0,364,0.01570780177742266,0.015707801777422644,0.0002467350366788025
365,0,0,365,0.015707801777422606,0.015707801777422568,0.00024673503667880077
366,0,0,366,0.015707801777422564,0.015707801777422564,0.00024673503667879947
367,0,1,367,0.01570780177742271,0.01570780177742271,0.000246735036678804
368,0,0,368,0.01570780177742258,0.015707801777422554,0.0002467350366788
369,0,0,369,0.01570780177742246,0.015707801777422422,0.00024673503667879616
370,0,1,370,0.01570780177742282,0.01570780177742267,0.00024673503667880755
371,0,1,371,0.015707801777422713,0.01570780177742265,0.00024673503667880413
372,0,1,372,0.015707801777422637,0.015707801777422606,0.00024673503667880175
373,0,0,373,0.015707801777422727,0.01570780177742262,0.0002467350366788046
374,0,0,374,0.015707801777422592,0.015707801777422547,0.00024673503667880034
375,0,0,375,0.015707801777422734,0.015707801777422734,0.0002467350366788049
376,0,1,376,0.015707801777422554,0.015707801777422516,0.0002467350366787991
377,0,1,377,0.0157078017774226,0.015707801777422557,0.0002467350366788006
378,0,0,378,0.015707801777422564,0.015707801777422564,0.00024673503667879947
379,0,0,379,0.015707801777422665,0.015707801777422665,0.00024673503667880256
380,0,0,380,0.015707801777422547,0.015707801777422523,0.000246735036678799
381,0,1,381,0.015707801777422602,0.015707801777422585,0.00024673503667880066
382,0,1,382,0.015707801777422616,0.015707801777422575,0.00024673503667880115
383,0,0,383,0.015707801777422536,0.015707801777422536,0.0002467350366787986
384,0,1,384,0.015707801777422644,0.015707801777422644,0.0002467350366788021
385,0,0,385,0.015707801777422613,0.015707801777422613,0.00024673503667880104
386,0,0,386,0.01570780177742258,0.01570780177742258,0.0002467350366788
387,0,0,387,0.015707801777422713,0.015707801777422713,0.00024673503667880413
388,0,1,388,0.01570780177742266,0.015707801777422654,0.00024673503667880256
389,0,0,389,0.01570780177742268,0.01570780177742255,0.0002467350366788031
390,0,0,390,0.015707801777422595,0.015707801777422554,0.00024673503667880045
391,0,1,391,0.015707801777422606,0.015707801777422606,0.0002467350366788008
392,0,0,392,0.015707801777422772,0.015707801777422706,0.000246735036678806
393,0,0,393,0.01570780177742282,0.01570780177742282,0.0002467350366788075
394,0,0,394,0.01570780177742257,0.015707801777422547,0.00024673503667879963
395,0,1,395,0.01570780177742258,0.015707801777422578,0.0002467350366787999
396,0,0,396,0.015707801777422578,0.015707801777422578,0.00024673503667879985
397,0,0,397,0.01570780177742275,0.015707801777422696,0.0002467350366788053
398,0,0,398,0.015707801777422557,0.015707801777422557,0.00024673503667879925
399,0,1,399,0.015707801777422734,0.0157078017774227,0.00024673503667880484
400,0,0,400,0.01570780177742271,0.01570780177742271,0.000246735036678804
401,0,1,401,0.015707801777422564,0.015707801777422564,0.0002467350366787994
402,0,0,402,0.0157078017774226,0.0157078017774226,0.0002467350366788006
403,0,1,403,0.015707801777422578,0.01570780177742255,0.00024673503667879985
404,0,0,404,0.015707801777422672,0.015707801777422627,0.0002467350366788029
405,0,0,405,0.015707801777422634,0.015707801777422578,0.0002467350366788016
406,0,1,406,0.015707801777422727,0.015707801777422727,0.00024673503667880473
407,0,1,407,0.015707801777422595,0.01570780177742258,0.00024673503667880045
408,0,1,408,0.015707801777422627,0.015707801777422627,0.00024673503667880137
409,0,1,409,0.01570780177742261,0.01570780177742246,0.0002467350366788009
410,0,0,410,0.015707801777422675,0.01570780177742263,0.000246735036678803
411,0,1,411,0.0157078017774226,0.0157078017774226,0.00024673503667880056
412,0,1,412,0.015707801777422686,0.01570780177742268,0.00024673503667880305
413,0,0,413,0.015707801777422797,0.015707801777422797,0.0002467350366788068
414,0,1,414,0.01570780177742257,0.01570780177742257,0.00024673503667879963
415,0,0,415,0.015707801777422734,0.015707801777422734,0.0002467350366788048
416,0,1,416,0.01570780177742269,0.01570780177742269,0.0002467350366788034
417,0,1,417,0.01570780177742256,0.015707801777422523,0.00024673503667879936
418,0,1,418,0.015707801777422575,0.015707801777422575,0.00024673503667879985
419,0,0,419,0.015707801777422516,0.015707801777422502,0.00024673503667879795
420,0,1,420,0.01570780177742287,0.01570780177742275,0.00024673503667880907
421,0,0,421,0.01570780177742261,0.01570780177742259,0.0002467350366788009
422,0,0,422,0.015707801777422616,0.015707801777422446,0.0002467350366788011
423,0,1,423,0.01570780177742268,0.01570780177742268,0.000246735036678803
424,0,1,424,0.015707801777422672,0.015707801777422672,0.00024673503667880283
425,0,0,425,0.015707801777422627,0.015707801777422575,0.0002467350366788014
426,0,0,426,0.01570780177742271,0.015707801777422703,0.000246735036678804
427,0,0,427,0.01570780177742261,0.01570780177742258,0.0002467350366788008
428,0,0,428,0.0157078017774227,0.0157078017774227,0.00024673503667880365
429,0,1,429,0.015707801777422595,0.015707801777422578,0.00024673503667880045
430,0,1,430,0.01570780177742258,0.015707801777422578,0.0002467350366787999
431,0,0,431,0.015707801777422623,0.01570780177742257,0.0002467350366788013
432,0,1,432,0.015707801777422658,0.015707801777422658,0.00024673503667880245
433,0,0,433,0.01570780177742259,0.01570780177742254,0.00024673503667880023
434,0,0,434,0.015707801777422706,0.015707801777422703,0.00024673503667880386
435,0,1,435,0.015707801777422672,0.01570780177742267,0.0002467350366788027
436,0,1,436,0.015707801777422647,0.015707801777422568,0.0002467350366788021
437,0,0,437,0.01570780177742255,0.015707801777422547,0.0002467350366787989
438,0,0,438,0.01570780177742269,0.01570780177742269,0.00024673503667880343
439,0,1,439,0.015707801777422595,0.015707801777422592,0.0002467350366788005
440,0,0,440,0.01570780177742274,0.01570780177742274,0.00024673503667880495
441,0,1,441,0.015707801777422578,0.015707801777422578,0.00024673503667879996
442,0,1,442,0.0157078017774227,0.015707801777422696,0.0002467350366788037
443,0,1,443,0.01570780177742271,0.01570780177742271,0.000246735036678804
444,0,1,444,0.015707801777422533,0.01570780177742253,0.0002467350366787983
445,0,1,445,0.01570780177742261,0.015707801777422606,0.00024673503667880077
446,0,1,446,0.015707801777422734,0.015707801777422734,0.0002467350366788048
447,0,0,447,0.015707801777422595,0.015707801777422578,0.00024673503667880045
448,0,1,448,0.015707801777422616,0.01570780177742255,0.00024673503667880115
449,0,1,449,0.01570780177742268,0.015707801777422672,0.000246735036678803
450,0,1,450,0.015707801777422637,0.015707801777422606,0.00024673503667880175
451,0,0,451,0.01570780177742271,0.015707801777422706,0.0002467350366788039
452,0,0,452,0.01570780177742259,0.015707801777422585,0.0002467350366788001
453,0,1,453,0.015707801777422592,0.015707801777422578,0.00024673503667880034
454,0,1,454,0.015707801777422724,0.015707801777422647,0.00024673503667880446
455,0,1,455,0.01570780177742265,0.01570780177742265,0.0002467350366788022
456,0,0,456,0.015707801777422564,0.015707801777422564,0.00024673503667879947
457,0,0,457,0.01570780177742266,0.01570780177742265,0.0002467350366788025
458,0,1,458,0.01570780177742279,0.015707801777422713,0.0002467350366788066
459,0,0,459,0.015707801777422543,0.01570780177742254,0.00024673503667879877
460,0,1,460,0.015707801777422634,0.01570780177742261,0.0002467350366788016
461,0,0,461,0.015707801777422693,0.015707801777422693,0.0002467350366788035
462,0,1,462,0.01570780177742262,0.01570780177742262,0.00024673503667880115
463,0,0,463,0.015707801777422616,0.015707801777422516,0.00024673503667880115
464,0,0,464,0.015707801777422602,0.01570780177742259,0.0002467350366788006
465,0,0,465,0.01570780177742259,0.015707801777422557,0.00024673503667880023
466,0,0,466,0.01570780177742269,0.015707801777422686,0.0002467350366788033
467,0,0,467,0.015707801777422578,0.015707801777422578,0.0002467350366787999
468,0,1,468,0.01570780177742266,0.015707801777422647,0.0002467350366788025
469,0,1,469,0.015707801777422606,0.015707801777422606,0.0002467350366788008
470,0,1,470,0.0157078017774226,0.015707801777422568,0.00024673503667880056
471,0,0,471,0.015707801777422686,0.015707801777422665,0.0002467350366788032
472,0,0,472,0.01570780177742259,0.015707801777422585,0.0002467350366788002
473,0,0,473,0.015707801777422644,0.015707801777422644,0.00024673503667880197
474,0,0,474,0.015707801777422575,0.015707801777422575,0.0002467350366787997
475,0,0,475,0.015707801777422647,0.01570780177742257,0.000246735036678802
476,0,0,476,0.015707801777422637,0.01570780177742263,0.0002467350366788016
477,0,0,477,0.015707801777422672,0.015707801777422672,0.0002467350366788029
478,0,1,478,0.01570780177742257,0.01570780177742257,0.00024673503667879963
479,0,1,479,0.015707801777422613,0.01570780177742244,0.000246735036678801
480,0,0,480,0.015707801777422755,0.015707801777422755,0.00024673503667880543
481,0,1,481,0.01570780177742273,0.01570780177742273,0.00024673503667880473
482,0,1,482,0.015707801777422543,0.01570780177742251,0.0002467350366787987
483,0,0,483,0.01570780177742284,0.015707801777422835,0.000246735036678808
484,0,0,484,0.015707801777422557,0.015707801777422536,0.00024673503667879925
485,0,1,485,0.015707801777422665,0.015707801777422623,0.00024673503667880256
486,0,0,486,0.01570780177742256,0.01570780177742255,0.0002467350366787994
487,0,0,487,0.01570780177742265,0.015707801777422606,0.0002467350366788022
488,0,0,488,0.015707801777422647,0.015707801777422647,0.00024673503667880213
489,0,0,489,0.015707801777422682,0.015707801777422606,0.00024673503667880316
490,0,0,490,0.015707801777422512,0.015707801777422512,0.0002467350366787978
491,0,0,491,0.01570780177742258,0.015707801777422575,0.0002467350366788
492,0,0,492,0.01570780177742258,0.015707801777422578,0.00024673503667879996
493,0,1,493,0.015707801777422627,0.015707801777422627,0.0002467350366788015
494,0,1,494,0.015707801777422658,0.015707801777422647,0.00024673503667880234
495,0,1,495,0.015707801777422647,0.015707801777422575,0.0002467350366788021
496,0,1,496,0.01570780177742267,0.01570780177742256,0.0002467350366788027
497,0,0,497,0.0157078017774227,0.01570780177742268,0.0002467350366788037
498,0,0,498,0.015707801777422703,0.015707801777422703,0.00024673503667880386
499,0,0,499,0.015707801777422696,0.015707801777422696,0.00024673503667880365
500,0,1,500,0.01570780177742257,0.01570780177742257,0.0002467350366787997
501,0,0,501,0.01570780177742259,0.01570780177742259,0.0002467350366788003
502,0,1,502,0.015707801777422647,0.015707801777422647,0.0002467350366788021
503,0,0,503,0.01570780177742258,0.01570780177742258,0.0002467350366788
504,0,0,504,0.015707801777422717,0.015707801777422713,0.0002467350366788042
505,0,0,505,0.01570780177742265,0.01570780177742265,0.0002467350366788021
506,0,0,506,0.015707801777422585,0.015707801777422585,0.0002467350366788002
507,0,1,507,0.01570780177742263,0.01570780177742263,0.00024673503667880153
508,0,0,508,0.01570780177742257,0.01570780177742257,0.0002467350366787997
509,0,1,509,0.01570780177742261,0.01570780177742261,0.0002467350366788008
510,0,1,510,0.015707801777422644,0.015707801777422623,0.000246735036678802
511,0,0,511,0.015707801777422665,0.01570780177742266,0.00024673503667880256
512,0,0,512,0.015707801777422606,0.015707801777422602,0.00024673503667880077
513,0,1,513,0.015707801777422547,0.015707801777422533,0.00024673503667879893
514,0,0,514,0.015707801777422634,0.015707801777422602,0.0002467350366788017
515,0,1,515,0.015707801777422675,0.015707801777422672,0.0002467350366788028
516,0,1,516,0.015707801777422575,0.015707801777422575,0.0002467350366787998
517,0,0,517,0.015707801777422672,0.01570780177742262,0.00024673503667880283
518,0,0,518,0.015707801777422578,0.015707801777422578,0.0002467350366788
519,0,0,519,0.01570780177742255,0.015707801777422543,0.00024673503667879904
520,0,0,520,0.01570780177742261,0.01570780177742261,0.0002467350366788009
521,0,0,521,0.01570780177742258,0.01570780177742257,0.0002467350366788
522,0,1,522,0.015707801777422602,0.015707801777422602,0.00024673503667880066
523,0,0,523,0.015707801777422654,0.015707801777422654,0.00024673503667880234
524,0,0,524,0.015707801777422613,0.015707801777422613,0.000246735036678801
525,0,0,525,0.01570780177742275,0.01570780177742275,0.0002467350366788054
526,0,1,526,0.015707801777422654,0.015707801777422644,0.00024673503667880234
527,0,0,527,0.01570780177742269,0.0157078017774226,0.0002467350366788034
528,0,0,528,0.015707801777422557,0.015707801777422557,0.0002467350366787992
529,0,1,529,0.015707801777422602,0.015707801777422568,0.0002467350366788007
530,0,1,530,0.015707801777422613,0.015707801777422613,0.00024673503667880094
531,0,1,531,0.015707801777422616,0.01570780177742262,0.00024673503667880115
532,0,0,532,0.015707801777422748,0.015707801777422724,0.0002467350366788052
533,0,0,533,0.01570780177742277,0.01570780177742277,0.00024673503667880587
534,0,1,534,0.015707801777422745,0.015707801777422606,0.00024673503667880516
535,0,1,535,0.015707801777422654,0.015707801777422606,0.0002467350366788023
536,0,1,536,0.015707801777422644,0.015707801777422568,0.0002467350366788019
537,0,1,537,0.015707801777422644,0.015707801777422554,0.000246735036678802
538,0,0,538,0.015707801777422734,0.015707801777422734,0.00024673503667880473
539,0,0,539,0.01570780177742263,0.015707801777422557,0.00024673503667880153
540,0,1,540,0.01570780177742265,0.015707801777422647,0.00024673503667880213
541,0,0,541,0.01570780177742258,0.01570780177742258,0.00024673503667880007
542,0,0,542,0.015707801777422634,0.015707801777422578,0.0002467350366788017
543,0,1,543,0.01570780177742273,0.015707801777422727,0.00024673503667880457
544,0,0,544,0.01570780177742259,0.015707801777422585,0.0002467350366788001
545,0,0,545,0.015707801777422817,0.015707801777422776,0.0002467350366788074
546,0,0,546,0.015707801777422602,0.01570780177742258,0.0002467350366788007
547,0,1,547,0.015707801777422706,0.01570780177742259,0.0002467350366788039
548,0,1,548,0.015707801777422585,0.01570780177742258,0.00024673503667880007
549,0,0,549,0.01570780177742272,0.01570780177742272,0.00024673503667880435
550,0,1,550,0.015707801777422564,0.015707801777422495,0.00024673503667879947
551,0,1,551,0.015707801777422533,0.015707801777422464,0.0002467350366787985
552,0,0,552,0.015707801777422727,0.015707801777422675,0.0002467350366788045
553,0,1,553,0.015707801777422484,0.015707801777422484,0.00024673503667879703
554,0,0,554,0.015707801777422568,0.015707801777422568,0.0002467350366787996
555,0,0,555,0.015707801777422578,0.015707801777422575,0.0002467350366787998
556,0,0,556,0.015707801777422686,0.015707801777422686,0.00024673503667880327
557,0,1,557,0.015707801777422564,0.015707801777422564,0.0002467350366787994
558,0,0,558,0.01570780177742272,0.01570780177742272,0.0002467350366788043
559,0,0,559,0.015707801777422616,0.015707801777422616,0.00024673503667880115
560,0,0,560,0.01570780177742256,0.01570780177742256,0.00024673503667879936
561,0,1,561,0.015707801777422616,0.015707801777422616,0.00024673503667880104
562,0,0,562,0.015707801777422595,0.015707801777422557,0.00024673503667880045
563,0,1,563,0.015707801777422592,0.015707801777422592,0.00024673503667880034
564,0,1,564,0.0157078017774226,0.015707801777422568,0.00024673503667880056
565,0,0,565,0.015707801777422623,0.015707801777422606,0.00024673503667880137
566,0,0,566,0.015707801777422554,0.015707801777422516,0.00024673503667879915
567,0,0,567,0.015707801777422738,0.015707801777422738,0.000246735036678805
568,0,0,568,0.01570780177742259,0.015707801777422568,0.00024673503667880023
569,0,0,569,0.015707801777422616,0.015707801777422536,0.0002467350366788011
570,0,0,570,0.015707801777422606,0.015707801777422606,0.00024673503667880066
571,0,0,571,0.015707801777422592,0.01570780177742258,0.0002467350366788003
572,0,1,572,0.01570780177742268,0.015707801777422675,0.000246735036678803
573,0,1,573,0.015707801777422665,0.015707801777422564,0.00024673503667880267
574,0,1,574,0.0157078017774226,0.015707801777422585,0.00024673503667880056
575,0,1,575,0.015707801777422578,0.01570780177742252,0.0002467350366787999
576,0,1,576,0.01570780177742264,0.015707801777422536,0.0002467350366788019
577,0,1,577,0.015707801777422713,0.015707801777422713,0.0002467350366788042
578,0,0,578,0.015707801777422765,0.015707801777422765,0.00024673503667880587
579,0,0,579,0.01570780177742264,0.01570780177742264,0.00024673503667880186
580,0,0,580,0.015707801777422606,0.015707801777422602,0.0002467350366788008
581,0,0,581,0.015707801777422613,0.015707801777422606,0.00024673503667880104
582,0,1,582,0.015707801777422616,0.01570780177742255,0.0002467350366788011
583,0,1,583,0.015707801777422602,0.015707801777422602,0.00024673503667880056
584,0,0,584,0.015707801777422623,0.01570780177742262,0.00024673503667880126
585,0,1,585,0.015707801777422613,0.015707801777422613,0.000246735036678801
586,0,1,586,0.015707801777422675,0.015707801777422675,0.0002467350366788029
587,0,0,587,0.015707801777422644,0.01570780177742264,0.0002467350366788018
588,0,1,588,0.015707801777422745,0.015707801777422672,0.00024673503667880516
589,0,0,589,0.0157078017774226,0.015707801777422592,0.00024673503667880056
590,0,0,590,0.015707801777422564,0.015707801777422523,0.00024673503667879947
591,0,0,591,0.015707801777422637,0.015707801777422637,0.0002467350366788017
592,0,1,592,0.015707801777422703,0.015707801777422665,0.00024673503667880386
593,0,0,593,0.015707801777422852,0.015707801777422852,0.00024673503667880847
594,0,1,594,0.015707801777422627,0.015707801777422547,0.0002467350366788014
595,0,1,595,0.01570780177742278,0.01570780177742267,0.00024673503667880625
596,0,1,596,0.015707801777422564,0.015707801777422564,0.0002467350366787994
597,0,0,597,0.01570780177742263,0.01570780177742263,0.00024673503667880153
598,0,0,598,0.015707801777422613,0.015707801777422606,0.0002467350366788008
599,0,1,599,0.015707801777422672,0.01570780177742267,0.00024673503667880267
600,0,1,600,0.01570780177742259,0.01570780177742259,0.0002467350366788002
601,0,0,601,0.015707801777422696,0.015707801777422696,0.0002467350366788037
602,0,1,602,0.015707801777422682,0.015707801777422672,0.0002467350366788032
603,0,0,603,0.01570780177742269,0.015707801777422616,0.0002467350366788034
604,0,1,604,0.015707801777422637,0.015707801777422637,0.00024673503667880186
605,0,0,605,0.015707801777422727,0.015707801777422696,0.00024673503667880457
606,0,1,606,0.015707801777422575,0.015707801777422554,0.0002467350366787998
607,0,0,607,0.01570780177742262,0.01570780177742262,0.00024673503667880126
608,0,1,608,0.015707801777422644,0.015707801777422554,0.000246735036678802
609,0,0,609,0.015707801777422696,0.015707801777422682,0.0002467350366788036
610,0,1,610,0.0157078017774226,0.0157078017774226,0.0002467350366788006
611,0,1,611,0.015707801777422672,0.01570780177742267,0.00024673503667880267
612,0,1,612,0.01570780177742258,0.01570780177742257,0.0002467350366788
613,0,0,613,0.015707801777422602,0.01570780177742254,0.00024673503667880066
614,0,0,614,0.015707801777422606,0.015707801777422595,0.0002467350366788008
615,0,0,615,0.01570780177742259,0.01570780177742259,0.00024673503667880023
616,0,0,616,0.015707801777422637,0.015707801777422592,0.00024673503667880175
617,0,1,617,0.015707801777422585,0.015707801777422585,0.00024673503667880007
618,0,0,618,0.01570780177742255,0.0157078017774225,0.00024673503667879904
619,0,0,619,0.015707801777422693,0.01570780177742268,0.00024673503667880354
620,0,0,620,0.01570780177742269,0.015707801777422686,0.00024673503667880327
621,0,0,621,0.01570780177742264,0.01570780177742258,0.0002467350366788019
622,0,0,622,0.01570780177742264,0.015707801777422634,0.00024673503667880175
623,0,0,623,0.015707801777422595,0.015707801777422595,0.0002467350366788005
624,0,0,624,0.01570780177742271,0.01570780177742271,0.0002467350366788041
625,0,0,625,0.0157078017774226,0.0157078017774226,0.0002467350366788006
626,0,0,626,0.015707801777422637,0.01570780177742258,0.0002467350366788018
627,0,1,627,0.0157078017774226,0.015707801777422575,0.00024673503667880056
628,0,1,628,0.01570780177742258,0.015707801777422543,0.00024673503667879996
629,0,0,629,0.015707801777422564,0.0157078017774225,0.00024673503667879947
630,0,0,630,0.0157078017774226,0.0157078017774226,0.00024673503667880066
631,0,1,631,0.01570780177742256,0.01570780177742256,0.0002467350366787993
632,0,1,632,0.01570780177742263,0.01570780177742263,0.0002467350366788015
633,0,1,633,0.015707801777422578,0.015707801777422578,0.00024673503667879996
634,0,0,634,0.015707801777422675,0.01570780177742268,0.00024673503667880294
635,0,0,635,0.01570780177742256,0.015707801777422557,0.0002467350366787993
636,0,1,636,0.01570780177742252,0.01570780177742252,0.00024673503667879806
637,0,1,637,0.01570780177742265,0.01570780177742265,0.0002467350366788022
638,0,0,638,0.015707801777422665,0.015707801777422665,0.0002467350366788026
639,0,1,639,0.01570780177742276,0.01570780177742276,0.00024673503667880554
640,0,0,640,0.015707801777422543,0.015707801777422543,0.0002467350366787988
641,0,0,641,0.015707801777422536,0.015707801777422533,0.0002467350366787985
642,0,1,642,0.015707801777422595,0.015707801777422554,0.00024673503667880045
643,0,0,643,0.015707801777422623,0.015707801777422623,0.00024673503667880137
644,0,0,644,0.015707801777422776,0.01570780177742272,0.00024673503667880603
645,0,1,645,0.015707801777422592,0.015707801777422592,0.00024673503667880034
646,0,1,646,0.01570780177742265,0.01570780177742263,0.0002467350366788022
647,0,0,647,0.01570780177742261,0.015707801777422575,0.0002467350366788009
648,0,1,648,0.015707801777422654,0.01570780177742265,0.00024673503667880224
649,0,0,649,0.015707801777422578,0.01570780177742258,0.0002467350366787999
650,0,0,650,0.015707801777422606,0.015707801777422602,0.0002467350366788006
651,0,1,651,0.015707801777422634,0.01570780177742263,0.0002467350366788016
652,0,1,652,0.01570780177742268,0.01570780177742264,0.00024673503667880305
653,0,0,653,0.015707801777422658,0.015707801777422658,0.0002467350366788024
654,0,0,654,0.015707801777422724,0.015707801777422623,0.0002467350366788045
655,0,1,655,0.015707801777422724,0.015707801777422717,0.00024673503667880435
656,0,1,656,0.015707801777422682,0.01570780177742266,0.0002467350366788031
657,0,1,657,0.015707801777422654,0.015707801777422647,0.00024673503667880213
658,0,0,658,0.01570780177742268,0.015707801777422592,0.000246735036678803
659,0,1,659,0.015707801777422602,0.015707801777422602,0.0002467350366788006
660,0,1,660,0.015707801777422602,0.015707801777422502,0.0002467350366788007
661,0,0,661,0.015707801777422575,0.015707801777422575,0.00024673503667879974
662,0,0,662,0.015707801777422592,0.015707801777422578,0.00024673503667880034
663,0,1,663,0.015707801777422772,0.015707801777422772,0.0002467350366788059
664,0,1,664,0.015707801777422637,0.015707801777422557,0.00024673503667880175
665,0,0,665,0.0157078017774226,0.0157078017774226,0.00024673503667880056
666,0,0,666,0.015707801777422783,0.015707801777422783,0.0002467350366788063
667,0,1,667,0.015707801777422686,0.015707801777422623,0.00024673503667880327
668,0,1,668,0.01570780177742259,0.015707801777422585,0.00024673503667880007
669,0,0,669,0.015707801777422627,0.015707801777422627,0.0002467350366788015
670,0,1,670,0.015707801777422606,0.015707801777422568,0.00024673503667880077
671,0,0,671,0.015707801777422613,0.015707801777422613,0.00024673503667880094
672,0,0,672,0.015707801777422627,0.01570780177742262,0.0002467350366788013
673,0,0,673,0.01570780177742259,0.01570780177742259,0.0002467350366788003
674,0,1,674,0.01570780177742252,0.015707801777422495,0.000246735036678798
675,0,0,675,0.0157078017774226,0.0157078017774226,0.0002467350366788006
676,0,1,676,0.01570780177742273,0.015707801777422644,0.00024673503667880473
677,0,1,677,0.01570780177742267,0.015707801777422665,0.0002467350366788026
678,0,0,678,0.015707801777422616,0.015707801777422616,0.00024673503667880115
679,0,0,679,0.015707801777422724,0.01570780177742271,0.0002467350366788045
680,0,0,680,0.015707801777422575,0.015707801777422575,0.00024673503667879985
681,0,0,681,0.015707801777422592,0.01570780177742259,0.00024673503667880034
682,0,0,682,0.01570780177742263,0.01570780177742263,0.00024673503667880153
683,0,1,683,0.015707801777422585,0.01570780177742258,0.0002467350366788
684,0,1,684,0.015707801777422703,0.0157078017774227,0.00024673503667880386
685,0,1,685,0.015707801777422474,0.01570780177742247,0.00024673503667879654
686,0,0,686,0.015707801777422634,0.015707801777422536,0.00024673503667880164
687,0,1,687,0.015707801777422523,0.01570780177742249,0.00024673503667879817
688,0,0,688,0.015707801777422613,0.01570780177742254,0.000246735036678801
689,0,1,689,0.01570780177742262,0.01570780177742261,0.0002467350366788012
690,0,0,690,0.015707801777422557,0.015707801777422557,0.00024673503667879915
691,0,1,691,0.015707801777422543,0.015707801777422505,0.0002467350366787988
692,0,0,692,0.015707801777422658,0.015707801777422658,0.00024673503667880245
693,0,1,693,0.015707801777422613,0.015707801777422523,0.00024673503667880094
694,0,0,694,0.015707801777422568,0.015707801777422568,0.0002467350366787996
695,0,0,695,0.01570780177742253,0.01570780177742252,0.0002467350366787984
696,0,1,696,0.015707801777422682,0.015707801777422682,0.00024673503667880316
697,0,0,697,0.015707801777422602,0.0157078017774226,0.0002467350366788005
698,0,1,698,0.015707801777422706,0.015707801777422703,0.0002467350366788038
699,0,1,699,0.015707801777422585,0.015707801777422578,0.00024673503667880007
700,0,1,700,0.015707801777422592,0.015707801777422592,0.0002467350366788004
701,0,0,701,0.01570780177742248,0.015707801777422464,0.00024673503667879687
702,0,1,702,0.0157078017774228,0.0157078017774228,0.00024673503667880695
703,0,0,703,0.01570780177742261,0.01570780177742261,0.0002467350366788008
704,0,0,704,0.015707801777422682,0.015707801777422637,0.00024673503667880316
705,0,1,705,0.015707801777422745,0.01570780177742272,0.0002467350366788051
706,0,0,706,0.015707801777422738,0.015707801777422713,0.00024673503667880495
707,0,1,707,0.015707801777422644,0.015707801777422644,0.00024673503667880197
708,0,1,708,0.015707801777422654,0.01570780177742261,0.0002467350366788023
709,0,0,709,0.015707801777422602,0.015707801777422547,0.0002467350366788007
710,0,1,710,0.015707801777422738,0.015707801777422738,0.00024673503667880495
711,0,1,711,0.015707801777422637,0.01570780177742259,0.00024673503667880175
712,0,0,712,0.01570780177742268,0.01570780177742268,0.00024673503667880305
713,0,0,713,0.015707801777422606,0.015707801777422554,0.00024673503667880077
714,0,1,714,0.015707801777422686,0.015707801777422686,0.0002467350366788032
715,0,1,715,0.01570780177742259,0.015707801777422585,0.0002467350366788001
716,0,1,716,0.015707801777422647,0.015707801777422627,0.00024673503667880213
717,0,1,717,0.015707801777422592,0.01570780177742259,0.0002467350366788003
718,0,1,718,0.015707801777422623,0.015707801777422575,0.0002467350366788013
719,0,0,719,0.015707801777422602,0.015707801777422602,0.0002467350366788007
720,0,1,720,0.015707801777422703,0.01570780177742264,0.0002467350366788038
721,0,0,721,0.01570780177742268,0.01570780177742267,0.00024673503667880305
722,0,1,722,0.01570780177742259,0.01570780177742259,0.0002467350366788002
723,0,1,723,0.015707801777422724,0.015707801777422675,0.00024673503667880446
724,0,0,724,0.015707801777422637,0.015707801777422637,0.0002467350366788017
725,0,1,725,0.015707801777422717,0.015707801777422706,0.0002467350366788043
726,0,0,726,0.01570780177742258,0.015707801777422557,0.0002467350366788
727,0,1,727,0.01570780177742257,0.01570780177742254,0.00024673503667879974
728,0,1,728,0.015707801777422592,0.015707801777422554,0.0002467350366788003
729,0,1,729,0.015707801777422665,0.015707801777422634,0.0002467350366788026
730,0,0,730,0.015707801777422654,0.015707801777422654,0.0002467350366788022
731,0,1,731,0.0157078017774226,0.015707801777422554,0.00024673503667880056
732,0,0,732,0.01570780177742258,0.015707801777422578,0.00024673503667879996
733,0,0,733,0.01570780177742262,0.01570780177742262,0.0002467350366788012
734,0,1,734,0.01570780177742258,0.01570780177742258,0.00024673503667879996
735,0,1,735,0.015707801777422724,0.015707801777422693,0.0002467350366788045
736,0,1,736,0.015707801777422637,0.015707801777422637,0.00024673503667880175
737,0,1,737,0.01570780177742258,0.01570780177742258,0.00024673503667880007
738,0,0,738,0.015707801777422637,0.015707801777422634,0.00024673503667880164
739,0,0,739,0.015707801777422547,0.015707801777422547,0.00024673503667879893
740,0,0,740,0.015707801777422706,0.015707801777422658,0.0002467350366788039
741,0,1,741,0.015707801777422644,0.01570780177742264,0.0002467350366788019
742,0,0,742,0.015707801777422602,0.015707801777422602,0.00024673503667880066
743,0,1,743,0.01570780177742248,0.015707801777422477,0.00024673503667879676
744,0,1,744,0.015707801777422748,0.01570780177742268,0.00024673503667880527
745,0,0,745,0.015707801777422564,0.015707801777422526,0.0002467350366787994
746,0,1,746,0.01570780177742264,0.01570780177742264,0.0002467350366788019
747,0,1,747,0.01570780177742259,0.01570780177742253,0.00024673503667880023
748,0,0,748,0.01570780177742261,0.01570780177742261,0.0002467350366788009
749,0,1,749,0.015707801777422613,0.015707801777422554,0.00024673503667880104
750,0,1,750,0.015707801777422627,0.015707801777422627,0.0002467350366788015
751,0,0,751,0.01570780177742279,0.01570780177742279,0.00024673503667880646
752,0,1,752,0.015707801777422606,0.015707801777422606,0.00024673503667880077
753,0,0,753,0.01570780177742259,0.01570780177742256,0.00024673503667880023
754,0,1,754,0.015707801777422637,0.0157078017774226,0.00024673503667880175
755,0,1,755,0.015707801777422606,0.015707801777422526,0.0002467350366788008
756,0,0,756,0.01570780177742267,0.01570780177742267,0.0002467350366788028
757,0,0,757,0.015707801777422585,0.015707801777422578,0.0002467350366788001
758,0,0,758,0.0157078017774226,0.0157078017774226,0.00024673503667880056
759,0,1,759,0.015707801777422828,0.015707801777422828,0.0002467350366788077
760,0,1,760,0.015707801777422564,0.015707801777422526,0.0002467350366787995
761,0,0,761,0.01570780177742267,0.015707801777422623,0.00024673503667880267
762,0,1,762,0.015707801777422578,0.01570780177742257,0.0002467350366787999
763,0,1,763,0.015707801777422852,0.015707801777422703,0.0002467350366788085
764,0,0,764,0.015707801777422755,0.015707801777422755,0.0002467350366788054
765,0,0,765,0.015707801777422575,0.015707801777422568,0.00024673503667879974
766,0,1,766,0.015707801777422637,0.015707801777422637,0.00024673503667880175
767,0,0,767,0.01570780177742264,0.01570780177742264,0.0002467350366788019
768,0,0,768,0.0157078017774226,0.015707801777422505,0.0002467350366788006
769,0,0,769,0.015707801777422564,0.015707801777422564,0.00024673503667879947
770,0,1,770,0.01570780177742262,0.015707801777422616,0.0002467350366788011
771,0,1,771,0.01570780177742258,0.01570780177742253,0.00024673503667879996
772,0,0,772,0.015707801777422627,0.015707801777422627,0.0002467350366788014
773,0,0,773,0.01570780177742263,0.01570780177742262,0.0002467350366788015
774,0,1,774,0.015707801777422647,0.015707801777422592,0.000246735036678802
775,0,1,775,0.015707801777422627,0.015707801777422616,0.0002467350366788014
776,0,0,776,0.015707801777422568,0.015707801777422568,0.0002467350366787995
777,0,1,777,0.01570780177742259,0.01570780177742259,0.00024673503667880023
778,0,0,778,0.015707801777422585,0.01570780177742257,0.0002467350366788001
779,0,1,779,0.015707801777422776,0.015707801777422776,0.0002467350366788061
780,0,0,780,0.015707801777422585,0.01570780177742256,0.0002467350366788001
781,0,0,781,0.01570780177742255,0.01570780177742255,0.000246735036678799
782,0,0,782,0.01570780177742262,0.01570780177742258,0.00024673503667880115
783,0,1,783,0.01570780177742259,0.015707801777422575,0.0002467350366788002
784,0,0,784,0.015707801777422575,0.01570780177742257,0.00024673503667879974
785,0,0,785,0.01570780177742277,0.015707801777422755,0.00024673503667880587
786,0,0,786,0.01570780177742256,0.015707801777422547,0.0002467350366787994
787,0,1,787,0.015707801777422623,0.015707801777422623,0.00024673503667880126
788,0,0,788,0.01570780177742259,0.01570780177742259,0.0002467350366788003
789,0,0,789,0.01570780177742267,0.01570780177742265,0.0002467350366788027
790,0,1,790,0.01570780177742264,0.01570780177742264,0.00024673503667880186
791,0,1,791,0.015707801777422637,0.015707801777422606,0.0002467350366788018
792,0,1,792,0.01570780177742257,0.015707801777422568,0.00024673503667879974
793,0,1,793,0.01570780177742265,0.01570780177742265,0.00024673503667880213
794,0,0,794,0.01570780177742272,0.015707801777422717,0.00024673503667880435
795,0,1,795,0.01570780177742265,0.015707801777422647,0.00024673503667880213
796,0,0,796,0.015707801777422693,0.015707801777422654,0.0002467350366788035
797,0,0,797,0.01570780177742268,0.015707801777422644,0.000246735036678803
798,0,1,798,0.015707801777422644,0.015707801777422623,0.00024673503667880197
799,0,1,799,0.01570780177742265,0.01570780177742252,0.00024673503667880213
800,0,0,800,0.015707801777422644,0.015707801777422644,0.00024673503667880197
801,0,1,801,0.015707801777422738,0.015707801777422675,0.0002467350366788049
802,0,1,802,0.015707801777422623,0.015707801777422623,0.00024673503667880126
803,0,1,803,0.01570780177742263,0.015707801777422627,0.00024673503667880137
804,0,0,804,0.015707801777422658,0.015707801777422654,0.0002467350366788023
805,0,1,805,0.01570780177742262,0.01570780177742262,0.0002467350366788012
806,0,0,806,0.01570780177742256,0.01570780177742256,0.0002467350366787994
807,0,1,807,0.015707801777422557,0.015707801777422557,0.0002467350366787992
808,0,0,808,0.015707801777422672,0.015707801777422672,0.0002467350366788029
809,0,1,809,0.01570780177742267,0.015707801777422665,0.0002467350366788026
810,0,1,810,0.015707801777422682,0.015707801777422595,0.00024673503667880316
811,0,0,811,0.015707801777422602,0.0157078017774226,0.0002467350366788005
812,0,1,812,0.015707801777422713,0.01570780177742271,0.000246735036678804
813,0,0,813,0.01570780177742263,0.01570780177742263,0.00024673503667880153
814,0,1,814,0.015707801777422647,0.015707801777422634,0.0002467350366788021
815,0,0,815,0.015707801777422623,0.015707801777422623,0.0002467350366788013
816,0,0,816,0.01570780177742257,0.015707801777422543,0.0002467350366787997
817,0,1,817,0.01570780177742262,0.015707801777422554,0.0002467350366788012
818,0,1,818,0.01570780177742268,0.01570780177742268,0.0002467350366788031
819,0,0,819,0.015707801777422772,0.015707801777422762,0.000246735036678806
820,0,0,820,0.01570780177742268,0.01570780177742263,0.000246735036678803
821,0,0,821,0.015707801777422575,0.015707801777422568,0.0002467350366787998
822,0,0,822,0.015707801777422627,0.0157078017774224,0.0002467350366788014
823,0,0,823,0.015707801777422613,0.015707801777422536,0.00024673503667880104
824,0,1,824,0.015707801777422488,0.015707801777422488,0.0002467350366787971
825,0,0,825,0.015707801777422703,0.015707801777422675,0.0002467350366788038
826,0,0,826,0.01570780177742263,0.01570780177742259,0.00024673503667880153
827,0,1,827,0.01570780177742264,0.015707801777422634,0.00024673503667880186
828,0,1,828,0.01570780177742259,0.015707801777422585,0.0002467350366788002
829,0,0,829,0.0157078017774226,0.015707801777422533,0.0002467350366788005
830,0,0,830,0.015707801777422505,0.01570780177742249,0.0002467350366787976
831,0,0,831,0.01570780177742264,0.015707801777422606,0.00024673503667880186
832,0,1,832,0.015707801777422578,0.01570780177742254,0.0002467350366787999
833,0,0,833,0.01570780177742264,0.01570780177742263,0.0002467350366788019
834,0,0,834,0.015707801777422658,0.0157078017774226,0.00024673503667880234
835,0,0,835,0.01570780177742258,0.015707801777422547,0.0002467350366788
836,0,1,836,0.01570780177742263,0.01570780177742261,0.0002467350366788016
837,0,1,837,0.015707801777422654,0.015707801777422654,0.00024673503667880224
838,0,0,838,0.015707801777422623,0.015707801777422623,0.0002467350366788013
839,0,1,839,0.015707801777422706,0.015707801777422706,0.0002467350366788039
840,0,1,840,0.015707801777422595,0.015707801777422595,0.0002467350366788005
841,0,1,841,0.015707801777422602,0.015707801777422602,0.00024673503667880066
842,0,1,842,0.01570780177742264,0.015707801777422557,0.0002467350366788018
843,0,1,843,0.01570780177742262,0.015707801777422616,0.00024673503667880115
844,0,0,844,0.015707801777422578,0.015707801777422554,0.0002467350366787999
845,0,1,845,0.015707801777422686,0.015707801777422654,0.0002467350366788032
846,0,0,846,0.01570780177742255,0.015707801777422502,0.000246735036678799
847,0,1,847,0.015707801777422564,0.015707801777422564,0.0002467350366787994
848,0,0,848,0.01570780177742267,0.015707801777422665,0.00024673503667880267
849,0,0,849,0.01570780177742255,0.01570780177742255,0.00024673503667879904
850,0,1,850,0.015707801777422706,0.015707801777422658,0.0002467350366788039
851,0,0,851,0.015707801777422564,0.015707801777422564,0.0002467350366787994
852,0,1,852,0.015707801777422762,0.015707801777422706,0.00024673503667880565
853,0,0,853,0.015707801777422592,0.015707801777422564,0.0002467350366788003
854,0,0,854,0.015707801777422554,0.01570780177742255,0.00024673503667879904
855,0,1,855,0.01570780177742264,0.01570780177742258,0.0002467350366788018
856,0,1,856,0.01570780177742264,0.01570780177742264,0.0002467350366788018
857,0,1,857,0.01570780177742259,0.01570780177742259,0.0002467350366788002
858,0,1,858,0.01570780177742259,0.01570780177742259,0.00024673503667880023
859,0,0,859,0.015707801777422717,0.015707801777422717,0.0002467350366788042
860,0,1,860,0.01570780177742262,0.015707801777422595,0.0002467350366788012
861,0,1,861,0.01570780177742267,0.01570780177742267,0.0002467350366788027
862,0,0,862,0.01570780177742264,0.015707801777422637,0.0002467350366788017
863,0,1,863,0.015707801777422602,0.015707801777422585,0.00024673503667880066
864,0,1,864,0.015707801777422634,0.01570780177742261,0.0002467350366788017
865,0,0,865,0.015707801777422564,0.015707801777422516,0.0002467350366787995
866,0,0,866,0.015707801777422693,0.015707801777422686,0.0002467350366788035
867,0,1,867,0.01570780177742251,0.01570780177742251,0.0002467350366787977
868,0,0,868,0.015707801777422613,0.01570780177742257,0.00024673503667880104
869,0,0,869,0.015707801777422585,0.01570780177742254,0.0002467350366788001
870,0,1,870,0.01570780177742253,0.01570780177742242,0.0002467350366787984
871,0,0,871,0.0157078017774227,0.015707801777422696,0.0002467350366788037
872,0,1,872,0.015707801777422713,0.015707801777422613,0.00024673503667880413
873,0,1,873,0.01570780177742265,0.015707801777422647,0.000246735036678802
874,0,0,874,0.01570780177742254,0.01570780177742246,0.00024673503667879866
875,0,0,875,0.01570780177742252,0.01570780177742248,0.000246735036678798
876,0,1,876,0.01570780177742261,0.015707801777422533,0.00024673503667880094
877,0,0,877,0.015707801777422672,0.01570780177742266,0.00024673503667880283
878,0,1,878,0.015707801777422713,0.015707801777422713,0.00024673503667880413
879,0,0,879,0.015707801777422578,0.015707801777422523,0.0002467350366787999
880,0,1,880,0.015707801777422623,0.01570780177742262,0.00024673503667880115
881,0,1,881,0.01570780177742264,0.01570780177742256,0.0002467350366788019
882,0,0,882,0.01570780177742267,0.015707801777422665,0.0002467350366788027
883,0,0,883,0.0157078017774226,0.015707801777422592,0.0002467350366788004
884,0,1,884,0.01570780177742258,0.01570780177742258,0.00024673503667879996
885,0,0,885,0.015707801777422592,0.015707801777422592,0.0002467350366788003
886,0,0,886,0.01570780177742262,0.01570780177742262,0.00024673503667880126
887,0,0,887,0.01570780177742258,0.01570780177742258,0.0002467350366788
888,0,1,888,0.01570780177742264,0.01570780177742261,0.00024673503667880186
889,0,0,889,0.015707801777422745,0.01570780177742272,0.00024673503667880516
890,0,0,890,0.015707801777422738,0.015707801777422665,0.0002467350366788049
891,0,0,891,0.015707801777422665,0.015707801777422665,0.00024673503667880267
892,0,0,892,0.01570780177742273,0.015707801777422713,0.00024673503667880473
893,0,1,893,0.015707801777422755,0.015707801777422755,0.0002467350366788055
894,0,1,894,0.015707801777422706,0.015707801777422706,0.00024673503667880397
895,0,0,895,0.01570780177742271,0.015707801777422706,0.000246735036678804
896,0,0,896,0.0157078017774227,0.0157078017774227,0.0002467350366788037
897,0,1,897,0.015707801777422616,0.0157078017774226,0.0002467350366788011
898,0,1,898,0.015707801777422675,0.015707801777422672,0.0002467350366788029
899,0,1,899,0.015707801777422706,0.015707801777422623,0.0002467350366788039
900,0,1,900,0.01570780177742257,0.015707801777422526,0.0002467350366787997
901,0,1,901,0.015707801777422762,0.015707801777422682,0.0002467350366788057
902,0,1,902,1.99993831528958,1.9999383152895793,0.0002467350366788081
903,0,0,903,0.015707801777422585,0.01570780177742258,0.0002467350366788
904,0,0,904,0.015707801777422682,0.015707801777422644,0.0002467350366788032
905,0,0,905,0.01570780177742275,0.015707801777422717,0.0002467350366788053
906,0,1,906,0.015707801777422568,0.015707801777422564,0.00024673503667879947
907,0,0,907,0.015707801777422613,0.015707801777422613,0.000246735036678801
908,0,0,908,0.01570780177742263,0.015707801777422547,0.0002467350366788015
909,0,1,909,0.01570780177742262,0.01570780177742262,0.00024673503667880115
910,0,0,910,0.01570780177742264,0.01570780177742264,0.00024673503667880186
911,0,0,911,0.015707801777422554,0.015707801777422484,0.0002467350366787992
912,0,1,912,0.01570780177742259,0.01570780177742258,0.00024673503667880023
913,0,0,913,0.01570780177742262,0.01570780177742262,0.00024673503667880115
914,0,0,914,0.015707801777422658,0.015707801777422554,0.00024673503667880234
915,0,1,915,0.01570780177742255,0.015707801777422523,0.0002467350366787991
916,0,0,916,0.01570780177742278,0.01570780177742278,0.00024673503667880625
917,0,1,917,0.01570780177742258,0.015707801777422512,0.0002467350366788
918,0,1,918,0.01570780177742262,0.015707801777422595,0.00024673503667880126
919,0,0,919,0.015707801777422564,0.015707801777422564,0.0002467350366787996
920,0,0,920,0.01570780177742284,0.015707801777422776,0.00024673503667880815
921,0,0,921,0.015707801777422654,0.015707801777422547,0.00024673503667880224
922,0,0,922,0.015707801777422613,0.015707801777422564,0.00024673503667880094
923,0,0,923,0.015707801777422533,0.015707801777422495,0.00024673503667879844
924,0,1,924,0.01570780177742254,0.01570780177742254,0.00024673503667879877
925,0,0,925,0.015707801777422772,0.01570780177742265,0.00024673503667880603
926,0,1,926,0.0157078017774227,0.0157078017774227,0.00024673503667880375
927,0,1,927,0.015707801777422595,0.015707801777422568,0.0002467350366788004
928,0,0,928,0.015707801777422602,0.015707801777422547,0.0002467350366788007
929,0,0,929,0.015707801777422533,0.01570780177742253,0.00024673503667879844
930,0,1,930,0.015707801777422647,0.015707801777422647,0.00024673503667880213
931,0,1,931,0.015707801777422783,0.015707801777422783,0.00024673503667880636
932,0,1,932,0.015707801777422734,0.015707801777422734,0.00024673503667880473
933,0,1,933,0.015707801777422568,0.015707801777422564,0.00024673503667879936
934,0,0,934,0.015707801777422672,0.01570780177742267,0.0002467350366788028
935,0,1,935,0.015707801777422627,0.01570780177742254,0.00024673503667880137
936,0,0,936,0.015707801777422755,0.015707801777422748,0.0002467350366788055
937,0,1,937,0.015707801777422595,0.015707801777422564,0.0002467350366788004
938,0,1,938,0.01570780177742262,0.01570780177742262,0.0002467350366788012
939,0,0,939,0.01570780177742251,0.01570780177742251,0.0002467350366787977
940,0,1,940,0.015707801777422675,0.015707801777422647,0.00024673503667880294
941,0,0,941,0.015707801777422672,0.015707801777422647,0.00024673503667880283
942,0,1,942,0.015707801777422613,0.015707801777422585,0.000246735036678801
943,0,0,943,0.015707801777422613,0.0157078017774225,0.000246735036678801
944,0,1,944,0.015707801777422672,0.015707801777422644,0.0002467350366788029
945,0,0,945,0.01570780177742257,0.015707801777422547,0.00024673503667879963
946,0,0,946,0.015707801777422713,0.015707801777422713,0.00024673503667880413
947,0,1,947,0.015707801777422627,0.015707801777422606,0.0002467350366788014
948,0,1,948,0.015707801777422658,0.01570780177742259,0.0002467350366788024
949,0,1,949,0.01570780177742263,0.01570780177742263,0.0002467350366788015
950,0,0,950,0.015707801777422755,0.015707801777422755,0.00024673503667880543
951,0,1,951,0.015707801777422783,0.015707801777422783,0.00024673503667880636
952,0,1,952,0.01570780177742262,0.015707801777422575,0.0002467350366788012
953,0,1,953,0.015707801777422637,0.015707801777422634,0.0002467350366788018
954,0,1,954,0.01570780177742266,0.01570780177742258,0.0002467350366788025
955,0,0,955,0.015707801777422623,0.01570780177742262,0.0002467350366788012
956,0,1,956,0.01570780177742269,0.015707801777422595,0.00024673503667880343
957,0,0,957,0.015707801777422578,0.015707801777422523,0.0002467350366787999
958,0,0,958,0.015707801777422575,0.015707801777422554,0.00024673503667879985
959,0,0,959,0.015707801777422717,0.015707801777422717,0.0002467350366788043
960,0,0,960,0.015707801777422634,0.015707801777422634,0.00024673503667880164
961,0,0,961,0.015707801777422606,0.015707801777422595,0.00024673503667880077
962,0,0,962,0.015707801777422512,0.015707801777422502,0.0002467350366787978
963,0,1,963,0.01570780177742264,0.015707801777422627,0.0002467350366788018
964,0,0,964,0.01570780177742271,0.015707801777422706,0.0002467350366788039
965,0,0,965,0.01570780177742261,0.01570780177742261,0.0002467350366788009
966,0,1,966,0.01570780177742259,0.01570780177742259,0.0002467350366788002
967,0,0,967,0.01570780177742257,0.01570780177742257,0.00024673503667879974
968,0,0,968,0.01570780177742265,0.01570780177742265,0.0002467350366788021
969,0,1,969,0.01570780177742257,0.015707801777422523,0.0002467350366787997
970,0,0,970,0.015707801777422585,0.015707801777422585,0.0002467350366788001
971,0,1,971,0.015707801777422703,0.0157078017774227,0.0002467350366788037
972,0,0,972,0.0157078017774227,0.0157078017774227,0.0002467350366788037
973,0,0,973,0.015707801777422738,0.01570780177742272,0.00024673503667880495
974,0,0,974,0.015707801777422557,0.015707801777422543,0.0002467350366787992
975,0,1,975,0.01570780177742273,0.015707801777422727,0.0002467350366788046
976,0,1,976,0.0157078017774226,0.01570780177742252,0.00024673503667880056
977,0,1,977,1.9999383152895795,1.9999383152895793,0.00024673503667881606
978,0,0,978,0.015707801777422703,0.0157078017774227,0.0002467350366788038
979,0,1,979,0.015707801777422585,0.01570780177742258,0.00024673503667880007
980,0,0,980,0.01570780177742271,0.01570780177742271,0.0002467350366788041
981,0,0,981,0.015707801777422703,0.015707801777422644,0.0002467350366788038
982,0,1,982,0.015707801777422557,0.015707801777422502,0.0002467350366787993
983,0,1,983,0.015707801777422727,0.015707801777422727,0.00024673503667880457
984,0,1,984,0.015707801777422717,0.015707801777422665,0.00024673503667880424
985,0,1,985,0.015707801777422703,0.015707801777422627,0.00024673503667880386
986,0,1,986,0.01570780177742258,0.015707801777422557,0.00024673503667880007
987,0,0,987,0.015707801777422675,0.015707801777422647,0.000246735036678803
988,0,1,988,0.015707801777422575,0.01570780177742251,0.0002467350366787998
989,0,1,989,0.01570780177742255,0.01570780177742255,0.000246735036678799
990,0,0,990,0.015707801777422627,0.01570780177742262,0.0002467350366788015
991,0,1,991,0.015707801777422578,0.015707801777422578,0.00024673503667879985
992,0,0,992,0.015707801777422606,0.015707801777422526,0.00024673503667880077
993,0,0,993,0.015707801777422734,0.01570780177742273,0.00024673503667880473
994,0,1,994,0.01570780177742266,0.015707801777422654,0.00024673503667880256
995,0,1,995,0.015707801777422505,0.015707801777422505,0.0002467350366787976
996,0,1,996,0.015707801777422706,0.015707801777422682,0.00024673503667880397
997,0,1,997,0.01570780177742259,0.015707801777422547,0.0002467350366788003
998,0,1,998,0.01570780177742264,0.01570780177742264,0.0002467350366788019
999,0,1,999,0.015707801777422654,0.015707801777422654,0.0002467350366788023
