,Layer,Qubit,Run,2-Norm,Trace Norm,Diamond Norm
0,0,1,0,0.0031415913616618368,0.01256636544664725,9.869596283668273e-06
1,0,0,1,0.0031415913616616507,0.01256636544664636,9.869596283667108e-06
2,0,0,2,0.0031415913616617604,0.012566365446647014,9.869596283667797e-06
3,0,1,3,0.003141591361661824,0.012566365446647267,9.869596283668195e-06
4,0,0,4,0.0031415913616617782,0.012566365446646875,9.86959628366791e-06
5,0,1,5,0.0031415913616618216,0.012566365446647014,9.869596283668178e-06
6,0,1,6,0.0031415913616615774,0.012566365446646018,9.869596283666642e-06
7,0,1,7,0.0031415913616615393,0.012566365446646115,9.869596283666405e-06
8,0,1,8,0.00314159136166182,0.012566365446647134,9.869596283668168e-06
9,0,0,9,0.0031415913616617947,0.012566365446647163,9.869596283668009e-06
10,0,1,10,0.003141591361661643,0.012566365446646282,9.869596283667055e-06
11,0,0,11,0.0031415913616618697,0.012566365446647285,9.869596283668478e-06
12,0,0,12,0.003141591361661829,0.012566365446647156,9.869596283668224e-06
13,0,1,13,0.0031415913616617964,0.01256636544664711,9.86959628366802e-06
14,0,0,14,0.0031415913616618485,0.012566365446647331,9.869596283668348e-06
15,0,0,15,0.003141591361661889,0.012566365446647191,9.8695962836686e-06
16,0,0,16,0.0031415913616615228,0.012566365446646053,9.869596283666303e-06
17,0,0,17,0.003141591361661543,0.01256636544664606,9.869596283666432e-06
18,0,0,18,0.003141591361661634,0.01256636544664622,9.869596283666997e-06
19,0,0,19,0.003141591361661911,0.01256636544664744,9.869596283668739e-06
20,0,0,20,0.0031415913616617873,0.0125663654466471,9.869596283667963e-06
21,0,1,21,0.0031415913616617843,0.01256636544664711,9.869596283667946e-06
22,0,1,22,0.0031415913616616572,0.01256636544664661,9.869596283667145e-06
23,0,0,23,0.003141591361661768,0.012566365446647021,9.86959628366784e-06
24,0,0,24,0.003141591361661757,0.012566365446647023,9.86959628366777e-06
25,0,1,25,0.003141591361661609,0.012566365446646426,9.869596283666843e-06
26,0,1,26,0.003141591361661495,0.01256636544664591,9.869596283666127e-06
27,0,1,27,0.0031415913616618506,0.01256636544664733,9.869596283668365e-06
28,0,1,28,0.003141591361661791,0.012566365446647125,9.869596283667983e-06
29,0,0,29,0.0031415913616615757,0.012566365446646233,9.869596283666633e-06
30,0,1,30,0.003141591361661638,0.012566365446646455,9.869596283667023e-06
31,0,1,31,0.003141591361661797,0.012566365446646969,9.869596283668022e-06
32,0,1,32,0.003141591361661806,0.012566365446647106,9.869596283668077e-06
33,0,0,33,0.003141591361661562,0.01256636544664613,9.869596283666543e-06
34,0,0,34,0.0031415913616615965,0.012566365446646322,9.869596283666764e-06
35,0,0,35,0.0031415913616617695,0.012566365446646957,9.869596283667853e-06
36,0,0,36,0.0031415913616615145,0.012566365446646029,9.869596283666249e-06
37,0,1,37,0.0031415913616617986,0.01256636544664718,9.869596283668033e-06
38,0,0,38,0.003141591361661814,0.012566365446647215,9.869596283668132e-06
39,0,0,39,0.0031415913616618983,0.012566365446647505,9.869596283668661e-06
40,0,1,40,0.003141591361661662,0.012566365446646448,9.869596283667175e-06
41,0,1,41,0.00314159136166183,0.012566365446647264,9.86959628366823e-06
42,0,0,42,0.0031415913616616616,0.012566365446646473,9.869596283667174e-06
43,0,0,43,0.0031415913616615588,0.01256636544664623,9.869596283666525e-06
44,0,0,44,0.0031415913616615857,0.01256636544664624,9.869596283666696e-06
45,0,0,45,0.003141591361661711,0.012566365446646728,9.86959628366748e-06
46,0,1,46,0.003141591361661888,0.012566365446647333,9.869596283668593e-06
47,0,1,47,0.0031415913616615063,0.012566365446645885,9.869596283666198e-06
48,0,0,48,0.0031415913616616165,0.012566365446646396,9.869596283666887e-06
49,0,1,49,0.003141591361661747,0.012566365446646964,9.869596283667709e-06
50,0,1,50,0.003141591361661528,0.012566365446646018,9.86959628366633e-06
51,0,0,51,0.0031415913616618346,0.012566365446647236,9.86959628366826e-06
52,0,0,52,0.0031415913616618138,0.012566365446647094,9.869596283668129e-06
53,0,1,53,0.0031415913616618042,0.012566365446647151,9.86959628366807e-06
54,0,0,54,0.0031415913616617526,0.012566365446646976,9.869596283667745e-06
55,0,1,55,0.00314159136166174,0.012566365446646945,9.869596283667667e-06
56,0,0,56,0.0031415913616615982,0.012566365446646327,9.869596283666776e-06
57,0,1,57,0.003141591361661833,0.012566365446647262,9.86959628366825e-06
58,0,0,58,0.0031415913616616212,0.012566365446646466,9.869596283666918e-06
59,0,0,59,0.0031415913616618637,0.012566365446647357,9.869596283668442e-06
60,0,1,60,0.0031415913616617617,0.012566365446647021,9.869596283667802e-06
61,0,1,61,0.0031415913616618467,0.012566365446647375,9.869596283668334e-06
62,0,0,62,0.0031415913616615323,0.012566365446646108,9.869596283666357e-06
63,0,0,63,0.003141591361661797,0.012566365446647038,9.86959628366802e-06
64,0,0,64,0.0031415913616617782,0.012566365446646952,9.869596283667907e-06
65,0,0,65,0.003141591361661785,0.012566365446647113,9.869596283667948e-06
66,0,1,66,0.0031415913616615514,0.012566365446646011,9.869596283666479e-06
67,0,0,67,0.0031415913616615714,0.01256636544664625,9.869596283666606e-06
68,0,1,68,0.0031415913616617765,0.012566365446647083,9.869596283667895e-06
69,0,0,69,0.003141591361661847,0.012566365446647217,9.869596283668337e-06
70,0,1,70,0.0031415913616616997,0.012566365446646785,9.869596283667416e-06
71,0,0,71,0.0031415913616618107,0.012566365446647229,9.86959628366811e-06
72,0,0,72,0.0031415913616617466,0.012566365446646913,9.869596283667707e-06
73,0,0,73,0.003141591361661753,0.012566365446646993,9.869596283667746e-06
74,0,1,74,0.003141591361661816,0.012566365446647219,9.869596283668141e-06
75,0,0,75,0.0031415913616617513,0.012566365446646997,9.869596283667738e-06
76,0,0,76,0.003141591361661824,0.012566365446647226,9.869596283668195e-06
77,0,1,77,0.0031415913616617956,0.012566365446647128,9.869596283668016e-06
78,0,0,78,0.0031415913616617886,0.012566365446647045,9.869596283667972e-06
79,0,0,79,0.0031415913616617557,0.012566365446647004,9.869596283667765e-06
80,0,0,80,0.0031415913616617856,0.012566365446647139,9.869596283667953e-06
81,0,1,81,0.003141591361661808,0.012566365446647198,9.869596283668097e-06
82,0,0,82,0.003141591361661857,0.01256636544664733,9.8695962836684e-06
83,0,1,83,0.0031415913616617682,0.012566365446646976,9.869596283667841e-06
84,0,0,84,0.003141591361661514,0.012566365446645994,9.869596283666247e-06
85,0,1,85,0.003141591361661536,0.012566365446646112,9.86959628366638e-06
86,0,1,86,0.0031415913616616308,0.012566365446646351,9.869596283666979e-06
87,0,0,87,0.0031415913616616585,0.012566365446646497,9.869596283667153e-06
88,0,0,88,0.00314159136166181,0.012566365446647215,9.869596283668102e-06
89,0,0,89,0.0031415913616618615,0.012566365446647436,9.86959628366843e-06
90,0,1,90,0.0031415913616618424,0.012566365446647276,9.86959628366831e-06
91,0,1,91,0.0031415913616617956,0.01256636544664693,9.869596283668012e-06
92,0,0,92,0.003141591361661567,0.01256636544664622,9.869596283666577e-06
93,0,1,93,0.003141591361661824,0.012566365446647083,9.869596283668195e-06
94,0,1,94,0.0031415913616618025,0.012566365446647207,9.869596283668058e-06
95,0,0,95,0.003141591361661818,0.0125663654466472,9.869596283668156e-06
96,0,0,96,0.003141591361661793,0.012566365446647128,9.869596283667999e-06
97,0,0,97,0.003141591361661779,0.012566365446646997,9.869596283667912e-06
98,0,0,98,0.0031415913616615887,0.012566365446646261,9.869596283666715e-06
99,0,1,99,0.0031415913616618853,0.01256636544664744,9.869596283668581e-06
100,0,1,100,0.003141591361661838,0.01256636544664733,9.86959628366828e-06
101,0,0,101,0.003141591361661755,0.01256636544664701,9.869596283667758e-06
102,0,0,102,0.003141591361661794,0.012566365446647167,9.869596283668004e-06
103,0,1,103,0.003141591361661806,0.012566365446647146,9.869596283668083e-06
104,0,0,104,0.0031415913616617917,0.012566365446647135,9.869596283667988e-06
105,0,0,105,0.0031415913616617943,0.012566365446647118,9.869596283668009e-06
106,0,1,106,0.0031415913616618107,0.012566365446647014,9.869596283668112e-06
107,0,0,107,0.0031415913616617886,0.012566365446647071,9.869596283667972e-06
108,0,0,108,0.0031415913616616845,0.0125663654466466,9.869596283667316e-06
109,0,1,109,0.0031415913616615085,0.012566365446646008,9.869596283666208e-06
110,0,0,110,0.0031415913616618463,0.012566365446647215,9.869596283668332e-06
111,0,0,111,0.003141591361661802,0.012566365446647021,9.869596283668055e-06
112,0,0,112,0.003141591361661778,0.012566365446647007,9.869596283667904e-06
113,0,0,113,0.0031415913616617912,0.012566365446647063,9.869596283667987e-06
114,0,0,114,0.0031415913616615844,0.012566365446646046,9.869596283666689e-06
115,0,0,115,0.003141591361661783,0.012566365446647104,9.869596283667936e-06
116,0,0,116,0.0031415913616615653,0.012566365446646261,9.869596283666567e-06
117,0,0,117,0.003141591361661508,0.01256636544664597,9.86959628366621e-06
118,0,1,118,0.0031415913616617813,0.012566365446647092,9.869596283667926e-06
119,0,0,119,0.003141591361661779,0.012566365446647014,9.869596283667912e-06
120,0,0,120,0.003141591361661905,0.012566365446647264,9.869596283668698e-06
121,0,1,121,0.0031415913616618333,0.012566365446647167,9.869596283668251e-06
122,0,1,122,0.003141591361661735,0.012566365446646898,9.869596283667634e-06
123,0,1,123,0.0031415913616617917,0.012566365446647066,9.869596283667992e-06
124,0,1,124,0.0031415913616618797,0.01256636544664743,9.869596283668546e-06
125,0,0,125,0.0031415913616618506,0.012566365446647278,9.869596283668361e-06
126,0,1,126,0.0031415913616618394,0.012566365446647236,9.86959628366829e-06
127,0,1,127,0.0031415913616618177,0.01256636544664718,9.869596283668153e-06
128,0,0,128,0.0031415913616614157,0.012566365446645618,9.869596283665627e-06
129,0,0,129,0.0031415913616619023,0.012566365446647564,9.869596283668686e-06
130,0,0,130,0.0031415913616617943,0.012566365446647153,9.869596283668007e-06
131,0,0,131,0.0031415913616617565,0.012566365446647004,9.869596283667768e-06
132,0,0,132,0.0031415913616615293,0.012566365446646105,9.869596283666344e-06
133,0,0,133,0.00314159136166181,0.012566365446647132,9.869596283668105e-06
134,0,1,134,0.0031415913616617813,0.012566365446647043,9.869596283667922e-06
135,0,1,135,0.0031415913616615523,0.012566365446646202,9.869596283666486e-06
136,0,1,136,0.0031415913616617934,0.012566365446647083,9.869596283668002e-06
137,0,1,137,0.003141591361661516,0.012566365446645935,9.869596283666257e-06
138,0,0,138,0.0031415913616618446,0.012566365446647156,9.869596283668322e-06
139,0,0,139,0.003141591361661534,0.01256636544664606,9.869596283666374e-06
140,0,1,140,0.0031415913616618632,0.012566365446647292,9.869596283668439e-06
141,0,1,141,0.003141591361661692,0.012566365446646495,9.869596283667362e-06
142,0,0,142,0.0031415913616615904,0.012566365446646268,9.869596283666726e-06
143,0,0,143,0.00314159136166148,0.012566365446645807,9.869596283666032e-06
144,0,1,144,0.0031415913616617565,0.012566365446646948,9.86959628366777e-06
145,0,1,145,0.003141591361661762,0.012566365446646976,9.869596283667804e-06
146,0,0,146,0.0031415913616618545,0.01256636544664724,9.869596283668388e-06
147,0,0,147,0.0031415913616618216,0.012566365446647233,9.86959628366818e-06
148,0,0,148,0.0031415913616617552,0.01256636544664701,9.86959628366776e-06
149,0,0,149,0.003141591361661782,0.012566365446647122,9.86959628366793e-06
150,0,0,150,0.003141591361661527,0.012566365446646043,9.869596283666327e-06
151,0,1,151,0.0031415913616618116,0.012566365446647111,9.869596283668116e-06
152,0,0,152,0.003141591361661792,0.012566365446647108,9.86959628366799e-06
153,0,0,153,0.0031415913616615735,0.012566365446646185,9.869596283666618e-06
154,0,0,154,0.0031415913616618146,0.012566365446647217,9.869596283668134e-06
155,0,0,155,0.0031415913616617873,0.012566365446647108,9.869596283667963e-06
156,0,1,156,0.003141591361661828,0.012566365446647128,9.869596283668222e-06
157,0,0,157,0.003141591361661824,0.012566365446647281,9.869596283668193e-06
158,0,1,158,0.0031415913616616043,0.012566365446646313,9.86959628366681e-06
159,0,1,159,0.0031415913616618233,0.012566365446647177,9.869596283668188e-06
160,0,0,160,0.003141591361661825,0.012566365446647212,9.8695962836682e-06
161,0,0,161,0.003141591361661728,0.012566365446646806,9.869596283667594e-06
162,0,0,162,0.003141591361661612,0.012566365446646417,9.869596283666862e-06
163,0,1,163,0.0031415913616617873,0.012566365446647094,9.869596283667963e-06
164,0,0,164,0.003141591361661543,0.012566365446646164,9.869596283666428e-06
165,0,0,165,0.003141591361661761,0.012566365446647037,9.869596283667799e-06
166,0,0,166,0.0031415913616617695,0.012566365446646879,9.869596283667855e-06
167,0,1,167,0.00314159136166177,0.012566365446647071,9.869596283667853e-06
168,0,1,168,0.003141591361661543,0.012566365446646136,9.86959628366643e-06
169,0,1,169,0.003141591361661803,0.01256636544664717,9.869596283668058e-06
170,0,0,170,0.003141591361661474,0.012566365446645874,9.869596283665995e-06
171,0,1,171,0.0031415913616617405,0.012566365446646703,9.869596283667668e-06
172,0,0,172,0.0031415913616617106,0.01256636544664668,9.869596283667479e-06
173,0,1,173,0.003141591361661752,0.012566365446647007,9.869596283667743e-06
174,0,0,174,0.0031415913616617873,0.012566365446647144,9.869596283667965e-06
175,0,1,175,0.003141591361661493,0.012566365446645914,9.869596283666113e-06
176,0,1,176,0.003141591361661761,0.012566365446646917,9.869596283667795e-06
177,0,1,177,0.0031415913616617847,0.012566365446647139,9.869596283667946e-06
178,0,0,178,0.003141591361661768,0.012566365446646913,9.869596283667843e-06
179,0,0,179,0.0031415913616615497,0.012566365446646181,9.86959628366647e-06
180,0,1,180,0.003141591361661949,0.012566365446647298,9.86959628366898e-06
181,0,0,181,0.003141591361661741,0.012566365446646962,9.86959628366767e-06
182,0,0,182,0.00314159136166173,0.012566365446646823,9.869596283667602e-06
183,0,0,183,0.0031415913616617956,0.012566365446647168,9.869596283668014e-06
184,0,1,184,0.003141591361661535,0.012566365446646098,9.869596283666379e-06
185,0,0,185,0.0031415913616619053,0.012566365446647541,9.869596283668705e-06
186,0,1,186,0.0031415913616618034,0.012566365446647184,9.869596283668065e-06
187,0,0,187,0.00314159136166182,0.012566365446647224,9.869596283668168e-06
188,0,0,188,0.003141591361661644,0.012566365446646448,9.869596283667062e-06
189,0,0,189,0.0031415913616616212,0.012566365446646374,9.869596283666921e-06
190,0,1,190,0.003141591361661783,0.012566365446647118,9.869596283667936e-06
191,0,0,191,0.0031415913616617787,0.012566365446647028,9.86959628366791e-06
192,0,0,192,0.003141591361661578,0.01256636544664625,9.869596283666648e-06
193,0,0,193,0.0031415913616618316,0.012566365446647253,9.869596283668243e-06
194,0,0,194,0.003141591361661549,0.012566365446646181,9.869596283666462e-06
195,0,1,195,0.003141591361661627,0.01256636544664648,9.869596283666955e-06
196,0,1,196,0.003141591361661818,0.012566365446647219,9.86959628366816e-06
197,0,1,197,0.0031415913616615674,0.012566365446646265,9.86959628366658e-06
198,0,0,198,0.003141591361661575,0.01256636544664607,9.869596283666628e-06
199,0,0,199,0.003141591361661581,0.012566365446646287,9.869596283666665e-06
200,0,0,200,0.003141591361661858,0.012566365446647177,9.869596283668407e-06
201,0,1,201,0.0031415913616615193,0.012566365446646067,9.86959628366628e-06
202,0,1,202,0.0031415913616616286,0.012566365446646435,9.869596283666967e-06
203,0,1,203,0.003141591361661821,0.012566365446647236,9.869596283668177e-06
204,0,0,204,0.003141591361661728,0.012566365446646754,9.869596283667592e-06
205,0,0,205,0.003141591361661803,0.012566365446647097,9.86959628366806e-06
206,0,0,206,0.0031415913616617444,0.012566365446646893,9.869596283667694e-06
207,0,1,207,0.0031415913616615874,0.012566365446646292,9.869596283666704e-06
208,0,0,208,0.003141591361661824,0.012566365446647174,9.869596283668197e-06
209,0,1,209,0.003141591361661805,0.01256636544664719,9.869596283668073e-06
210,0,0,210,0.0031415913616617518,0.012566365446646986,9.869596283667738e-06
211,0,0,211,0.0031415913616615883,0.012566365446646119,9.869596283666711e-06
212,0,1,212,0.003141591361661597,0.012566365446646332,9.869596283666769e-06
213,0,0,213,0.0031415913616618545,0.012566365446647371,9.869596283668387e-06
214,0,0,214,0.003141591361661828,0.012566365446647285,9.86959628366822e-06
215,0,1,215,0.003141591361661789,0.012566365446647024,9.869596283667973e-06
216,0,1,216,0.0031415913616618225,0.012566365446647288,9.869596283668187e-06
217,0,0,217,0.003141591361661826,0.0125663654466472,9.869596283668205e-06
218,0,1,218,0.00314159136166176,0.012566365446647012,9.869596283667792e-06
219,0,1,219,0.0031415913616618884,0.012566365446647361,9.869596283668602e-06
220,0,1,220,0.0031415913616617956,0.012566365446647142,9.869596283668012e-06
221,0,0,221,0.003141591361661809,0.012566365446647156,9.869596283668099e-06
222,0,0,222,0.003141591361661776,0.012566365446647024,9.86959628366789e-06
223,0,1,223,0.003141591361661549,0.012566365446645945,9.869596283666464e-06
224,0,1,224,0.003141591361661838,0.012566365446647325,9.869596283668282e-06
225,0,1,225,0.003141591361661774,0.012566365446647096,9.86959628366788e-06
226,0,1,226,0.0031415913616617626,0.01256636544664698,9.86959628366781e-06
227,0,0,227,0.0031415913616618476,0.012566365446647257,9.869596283668344e-06
228,0,0,228,0.0031415913616618515,0.012566365446647364,9.869596283668365e-06
229,0,1,229,0.003141591361661848,0.012566365446647292,9.869596283668343e-06
230,0,1,230,0.0031415913616618554,0.012566365446647326,9.869596283668392e-06
231,0,0,231,0.003141591361661459,0.012566365446645834,9.8695962836659e-06
232,0,0,232,0.003141591361661783,0.012566365446646917,9.869596283667936e-06
233,0,1,233,0.003141591361661478,0.012566365446645885,9.869596283666022e-06
234,0,0,234,0.003141591361661812,0.012566365446647118,9.869596283668117e-06
235,0,0,235,0.0031415913616618233,0.01256636544664715,9.86959628366819e-06
236,0,0,236,0.0031415913616618563,0.012566365446647302,9.869596283668397e-06
237,0,1,237,0.0031415913616616147,0.012566365446646311,9.86959628366688e-06
238,0,0,238,0.0031415913616617253,0.012566365446646844,9.869596283667573e-06
239,0,0,239,0.0031415913616618008,0.012566365446647201,9.869596283668046e-06
240,0,1,240,0.00314159136166175,0.012566365446646952,9.86959628366773e-06
241,0,1,241,0.0031415913616618355,0.012566365446647323,9.869596283668266e-06
242,0,1,242,0.00314159136166189,0.0125663654466474,9.869596283668605e-06
243,0,1,243,0.0031415913616618003,0.012566365446647132,9.869596283668046e-06
244,0,0,244,0.00314159136166163,0.012566365446646487,9.869596283666974e-06
245,0,1,245,0.003141591361661822,0.012566365446647165,9.869596283668182e-06
246,0,0,246,0.003141591361661823,0.012566365446647163,9.869596283668188e-06
247,0,1,247,0.0031415913616618467,0.012566365446647314,9.869596283668337e-06
248,0,0,248,0.0031415913616617626,0.01256636544664692,9.869596283667809e-06
249,0,1,249,0.0031415913616615735,0.012566365446646292,9.869596283666618e-06
250,0,0,250,0.0031415913616617682,0.012566365446647014,9.869596283667843e-06
251,0,0,251,0.003141591361661837,0.012566365446647255,9.869596283668276e-06
252,0,1,252,0.0031415913616618463,0.012566365446647378,9.869596283668334e-06
253,0,0,253,0.003141591361661902,0.012566365446647257,9.869596283668681e-06
254,0,1,254,0.0031415913616618064,0.012566365446647222,9.869596283668082e-06
255,0,1,255,0.0031415913616615527,0.0125663654466462,9.86959628366649e-06
256,0,1,256,0.0031415913616618493,0.012566365446647229,9.86959628366835e-06
257,0,0,257,0.0031415913616617513,0.01256636544664692,9.86959628366774e-06
258,0,0,258,0.003141591361661509,0.012566365446645984,9.869596283666211e-06
259,0,0,259,0.003141591361661821,0.012566365446647168,9.869596283668175e-06
260,0,1,260,0.003141591361661803,0.012566365446647028,9.869596283668063e-06
261,0,0,261,0.003141591361661818,0.012566365446647212,9.869596283668158e-06
262,0,1,262,0.0031415913616617847,0.01256636544664701,9.869596283667948e-06
263,0,1,263,0.0031415913616618016,0.012566365446646962,9.869596283668056e-06
264,0,0,264,0.0031415913616618233,0.012566365446647248,9.86959628366819e-06
265,0,1,265,0.003141591361661783,0.01256636544664708,9.86959628366794e-06
266,0,1,266,0.0031415913616615093,0.01256636544664595,9.869596283666218e-06
267,0,0,267,0.003141591361661769,0.012566365446647052,9.869596283667848e-06
268,0,0,268,0.003141591361661581,0.012566365446646209,9.869596283666665e-06
269,0,0,269,0.0031415913616616754,0.01256636544664667,9.86959628366726e-06
270,0,0,270,0.003141591361661816,0.012566365446647174,9.869596283668141e-06
271,0,1,271,0.0031415913616615787,0.01256636544664627,9.869596283666655e-06
272,0,0,272,0.003141591361661469,0.012566365446645814,9.86959628366596e-06
273,0,1,273,0.003141591361661792,0.012566365446647045,9.869596283667992e-06
274,0,1,274,0.0031415913616618905,0.012566365446647371,9.86959628366861e-06
275,0,1,275,0.0031415913616617973,0.012566365446647111,9.869596283668024e-06
276,0,1,276,0.0031415913616618355,0.012566365446647083,9.869596283668265e-06
277,0,0,277,0.0031415913616618923,0.012566365446647357,9.869596283668625e-06
278,0,0,278,0.0031415913616617695,0.012566365446647073,9.869596283667853e-06
279,0,1,279,0.0031415913616617717,0.012566365446646948,9.869596283667867e-06
280,0,0,280,0.0031415913616616668,0.012566365446646664,9.869596283667204e-06
281,0,0,281,0.003141591361661861,0.012566365446647187,9.869596283668426e-06
282,0,1,282,0.003141591361661764,0.012566365446646922,9.869596283667816e-06
283,0,0,283,0.003141591361661719,0.012566365446646743,9.869596283667531e-06
284,0,1,284,0.003141591361661792,0.012566365446647028,9.869596283667992e-06
285,0,0,285,0.003141591361661801,0.012566365446647056,9.869596283668048e-06
286,0,1,286,0.0031415913616617964,0.012566365446647113,9.869596283668019e-06
287,0,0,287,0.0031415913616615046,0.012566365446645932,9.869596283666184e-06
288,0,1,288,0.0031415913616615223,0.012566365446645847,9.869596283666298e-06
289,0,1,289,0.0031415913616618255,0.012566365446647179,9.869596283668205e-06
290,0,0,290,0.0031415913616618433,0.01256636544664723,9.869596283668312e-06
291,0,0,291,0.0031415913616615705,0.01256636544664607,9.869596283666598e-06
292,0,0,292,0.003141591361661578,0.01256636544664629,9.869596283666647e-06
293,0,1,293,0.003141591361661816,0.012566365446647226,9.869596283668143e-06
294,0,1,294,0.00314159136166178,0.012566365446647118,9.869596283667917e-06
295,0,0,295,0.0031415913616616156,0.012566365446646435,9.869596283666882e-06
296,0,1,296,0.003141591361661848,0.01256636544664725,9.869596283668344e-06
297,0,0,297,0.0031415913616617973,0.012566365446647021,9.869596283668029e-06
298,0,1,298,0.003141591361661563,0.012566365446646213,9.869596283666552e-06
299,0,0,299,0.0031415913616615896,0.012566365446646334,9.86959628366672e-06
300,0,0,300,0.003141591361661723,0.012566365446646877,9.869596283667558e-06
301,0,1,301,0.0031415913616619014,0.012566365446647392,9.869596283668681e-06
302,0,0,302,0.003141591361661635,0.012566365446646506,9.86959628366701e-06
303,0,1,303,0.0031415913616618055,0.01256636544664718,9.869596283668078e-06
304,0,0,304,0.003141591361661544,0.012566365446646145,9.869596283666433e-06
305,0,1,305,0.00314159136166181,0.012566365446647229,9.869596283668105e-06
306,0,1,306,0.0031415913616618216,0.012566365446647266,9.869596283668177e-06
307,0,0,307,0.003141591361661562,0.01256636544664622,9.869596283666545e-06
308,0,1,308,0.0031415913616618103,0.012566365446647115,9.869596283668109e-06
309,0,1,309,0.0031415913616615674,0.012566365446646207,9.869596283666582e-06
310,0,0,310,0.0031415913616617995,0.012566365446647153,9.869596283668038e-06
311,0,0,311,0.0031415913616617648,0.012566365446647035,9.869596283667819e-06
312,0,0,312,0.0031415913616617674,0.012566365446646903,9.869596283667836e-06
313,0,0,313,0.0031415913616617656,0.012566365446647,9.869596283667826e-06
314,0,1,314,0.0031415913616617544,0.012566365446646934,9.869596283667756e-06
315,0,1,315,0.0031415913616617375,0.012566365446646882,9.869596283667651e-06
316,0,1,316,0.0031415913616618524,0.012566365446647226,9.869596283668371e-06
317,0,1,317,0.003141591361661784,0.012566365446647135,9.869596283667941e-06
318,0,0,318,0.003141591361661778,0.01256636544664696,9.869596283667905e-06
319,0,1,319,0.0031415913616617912,0.012566365446647127,9.869596283667987e-06
320,0,0,320,0.003141591361661567,0.012566365446646154,9.869596283666579e-06
321,0,0,321,0.0031415913616617795,0.012566365446647043,9.869596283667912e-06
322,0,0,322,0.0031415913616618736,0.012566365446647333,9.869596283668503e-06
323,0,1,323,0.003141591361661624,0.012566365446646417,9.869596283666935e-06
324,0,0,324,0.0031415913616617587,0.012566365446647004,9.869596283667782e-06
325,0,1,325,0.003141591361661877,0.012566365446647305,9.869596283668526e-06
326,0,1,326,0.00314159136166181,0.012566365446647035,9.869596283668105e-06
327,0,1,327,0.0031415913616618246,0.012566365446647187,9.869596283668195e-06
328,0,0,328,0.0031415913616617158,0.01256636544664682,9.869596283667516e-06
329,0,1,329,0.003141591361661614,0.012566365446646442,9.869596283666877e-06
330,0,1,330,0.0031415913616617917,0.012566365446647148,9.869596283667988e-06
331,0,1,331,0.0031415913616615705,0.012566365446646233,9.8695962836666e-06
332,0,1,332,0.003141591361661726,0.01256636544664672,9.86959628366758e-06
333,0,0,333,0.0031415913616618146,0.012566365446647233,9.869596283668132e-06
334,0,0,334,0.003141591361661811,0.012566365446647148,9.86959628366811e-06
335,0,1,335,0.0031415913616618172,0.012566365446647059,9.869596283668153e-06
336,0,1,336,0.0031415913616618055,0.012566365446647031,9.869596283668077e-06
337,0,0,337,0.0031415913616617865,0.012566365446647111,9.869596283667955e-06
338,0,1,338,0.0031415913616615566,0.012566365446646157,9.869596283666513e-06
339,0,1,339,0.003141591361661547,0.012566365446646017,9.869596283666454e-06
340,0,1,340,0.0031415913616618025,0.012566365446647196,9.869596283668058e-06
341,0,0,341,0.003141591361661564,0.012566365446646176,9.869596283666557e-06
342,0,0,342,0.003141591361661803,0.012566365446647123,9.869596283668063e-06
343,0,1,343,0.003141591361661567,0.01256636544664625,9.86959628366658e-06
344,0,0,344,0.0031415913616615783,0.012566365446646292,9.869596283666648e-06
345,0,0,345,0.0031415913616617084,0.012566365446646825,9.869596283667467e-06
346,0,0,346,0.003141591361661567,0.012566365446646258,9.86959628366658e-06
347,0,0,347,0.0031415913616618385,0.012566365446647333,9.869596283668288e-06
348,0,1,348,0.0031415913616618207,0.012566365446647156,9.869596283668173e-06
349,0,1,349,0.003141591361661831,0.012566365446647253,9.86959628366824e-06
350,0,1,350,0.0031415913616618008,0.012566365446647187,9.86959628366805e-06
351,0,0,351,0.0031415913616616564,0.01256636544664647,9.869596283667138e-06
352,0,0,352,0.0031415913616616494,0.012566365446646452,9.869596283667096e-06
353,0,1,353,0.0031415913616615362,0.012566365446646053,9.869596283666388e-06
354,0,1,354,0.0031415913616618498,0.012566365446647295,9.869596283668354e-06
355,0,1,355,0.0031415913616618008,0.012566365446647026,9.86959628366805e-06
356,0,0,356,0.0031415913616618355,0.01256636544664732,9.869596283668266e-06
357,0,1,357,0.003141591361661832,0.012566365446647309,9.869596283668243e-06
358,0,1,358,0.003141591361661797,0.01256636544664716,9.86959628366802e-06
359,0,1,359,0.0031415913616618073,0.012566365446647187,9.869596283668088e-06
360,0,1,360,0.0031415913616617717,0.012566365446647,9.869596283667865e-06
361,0,0,361,0.003141591361661862,0.012566365446647236,9.869596283668432e-06
362,0,1,362,0.0031415913616617886,0.012566365446647151,9.86959628366797e-06
363,0,0,363,0.0031415913616617956,0.01256636544664718,9.869596283668016e-06
364,0,0,364,0.0031415913616618003,0.012566365446647097,9.869596283668048e-06
365,0,1,365,0.0031415913616617977,0.012566365446647146,9.869596283668027e-06
366,0,1,366,0.003141591361661764,0.012566365446647052,9.869596283667819e-06
367,0,0,367,0.00314159136166184,0.012566365446647222,9.869596283668292e-06
368,0,0,368,0.0031415913616617375,0.012566365446646901,9.869596283667653e-06
369,0,0,369,0.003141591361661853,0.01256636544664727,9.869596283668376e-06
370,0,0,370,0.003141591361661622,0.012566365446646473,9.869596283666923e-06
371,0,1,371,0.003141591361661815,0.012566365446647229,9.869596283668136e-06
372,0,0,372,0.0031415913616616212,0.012566365446646325,9.86959628366692e-06
373,0,0,373,0.003141591361661883,0.01256636544664727,9.869596283668568e-06
374,0,1,374,0.003141591361661588,0.012566365446646292,9.86959628366671e-06
375,0,0,375,0.00314159136166182,0.012566365446647269,9.869596283668166e-06
376,0,1,376,0.0031415913616616086,0.012566365446646376,9.86959628366684e-06
377,0,0,377,0.003141591361661534,0.01256636544664613,9.869596283666372e-06
378,0,0,378,0.0031415913616618506,0.01256636544664735,9.86959628366836e-06
379,0,0,379,0.0031415913616617535,0.012566365446647,9.869596283667751e-06
380,0,1,380,0.0031415913616617787,0.012566365446647097,9.86959628366791e-06
381,0,0,381,0.003141591361661824,0.012566365446647186,9.869596283668195e-06
382,0,0,382,0.003141591361661652,0.012566365446646605,9.869596283667113e-06
383,0,1,383,0.003141591361661585,0.012566365446646228,9.869596283666693e-06
384,0,0,384,0.0031415913616617795,0.012566365446647066,9.869596283667916e-06
385,0,0,385,0.003141591361661859,0.012566365446647174,9.869596283668414e-06
386,0,0,386,0.00314159136166159,0.012566365446646344,9.869596283666723e-06
387,0,0,387,0.003141591361661823,0.012566365446647205,9.869596283668187e-06
388,0,1,388,0.0031415913616618827,0.012566365446647448,9.869596283668564e-06
389,0,0,389,0.0031415913616615805,0.012566365446646206,9.869596283666665e-06
390,0,0,390,0.0031415913616616095,0.012566365446646351,9.869596283666848e-06
391,0,0,391,0.0031415913616618324,0.01256636544664719,9.869596283668246e-06
392,0,0,392,0.003141591361661836,0.012566365446647111,9.86959628366827e-06
393,0,1,393,0.0031415913616617947,0.012566365446647123,9.869596283668007e-06
394,0,0,394,0.003141591361661802,0.012566365446647184,9.869596283668056e-06
395,0,1,395,0.0031415913616618663,0.012566365446647371,9.869596283668458e-06
396,0,1,396,0.0031415913616618576,0.012566365446647281,9.869596283668407e-06
397,0,1,397,0.0031415913616615974,0.012566365446646254,9.869596283666769e-06
398,0,0,398,0.0031415913616615657,0.012566365446646206,9.86959628366657e-06
399,0,1,399,0.003141591361661854,0.012566365446647337,9.869596283668383e-06
400,0,1,400,0.003141591361661853,0.012566365446647201,9.869596283668375e-06
401,0,1,401,0.003141591361661847,0.012566365446647208,9.869596283668337e-06
402,0,0,402,0.003141591361661656,0.012566365446646336,9.869596283667136e-06
403,0,0,403,0.003141591361661812,0.012566365446647187,9.869596283668117e-06
404,0,0,404,0.0031415913616617804,0.012566365446647122,9.869596283667919e-06
405,0,0,405,0.0031415913616617596,0.012566365446646997,9.869596283667789e-06
406,0,1,406,0.003141591361661897,0.012566365446647347,9.869596283668654e-06
407,0,1,407,0.0031415913616615588,0.012566365446646173,9.869596283666527e-06
408,0,1,408,0.0031415913616616815,0.012566365446646681,9.869596283667297e-06
409,0,1,409,0.0031415913616618003,0.012566365446647179,9.869596283668046e-06
410,0,0,410,0.003141591361661833,0.012566365446647187,9.86959628366825e-06
411,0,0,411,0.003141591361661536,0.012566365446646067,9.869596283666383e-06
412,0,0,412,0.0031415913616617518,0.012566365446646889,9.86959628366774e-06
413,0,0,413,0.0031415913616616143,0.012566365446646405,9.869596283666875e-06
414,0,0,414,0.003141591361661874,0.01256636544664727,9.86959628366851e-06
415,0,1,415,0.003141591361661829,0.01256636544664724,9.869596283668226e-06
416,0,1,416,0.0031415913616618025,0.012566365446647177,9.86959628366806e-06
417,0,0,417,0.0031415913616617643,0.012566365446647049,9.869596283667819e-06
418,0,1,418,0.0031415913616618385,0.012566365446647208,9.869596283668283e-06
419,0,1,419,0.0031415913616618246,0.012566365446647219,9.869596283668195e-06
420,0,1,420,0.003141591361661573,0.012566365446646258,9.86959628366662e-06
421,0,0,421,0.003141591361661783,0.012566365446647111,9.869596283667933e-06
422,0,0,422,0.0031415913616618593,0.012566365446647437,9.869596283668414e-06
423,0,0,423,0.0031415913616615406,0.012566365446646112,9.86959628366641e-06
424,0,1,424,0.0031415913616617878,0.012566365446647118,9.869596283667966e-06
425,0,0,425,0.0031415913616618437,0.012566365446647361,9.869596283668317e-06
426,0,1,426,0.0031415913616615714,0.012566365446646147,9.869596283666608e-06
427,0,0,427,0.003141591361661572,0.012566365446646287,9.869596283666608e-06
428,0,1,428,0.0031415913616618103,0.012566365446647179,9.869596283668105e-06
429,0,0,429,0.0031415913616618255,0.012566365446647198,9.869596283668205e-06
430,0,1,430,0.0031415913616616538,0.012566365446646507,9.869596283667125e-06
431,0,0,431,0.003141591361661839,0.012566365446647345,9.869596283668287e-06
432,0,1,432,0.0031415913616618316,0.012566365446647233,9.86959628366824e-06
433,0,0,433,0.003141591361661553,0.012566365446646155,9.869596283666491e-06
434,0,0,434,0.0031415913616618363,0.012566365446647115,9.86959628366827e-06
435,0,1,435,0.0031415913616615805,0.012566365446646318,9.869596283666662e-06
436,0,1,436,0.003141591361661805,0.012566365446647078,9.869596283668077e-06
437,0,0,437,0.0031415913616618515,0.012566365446647135,9.869596283668368e-06
438,0,1,438,0.00314159136166158,0.012566365446646296,9.869596283666662e-06
439,0,0,439,0.0031415913616618597,0.01256636544664732,9.869596283668417e-06
440,0,0,440,0.0031415913616617765,0.012566365446646962,9.869596283667897e-06
441,0,1,441,0.0031415913616616173,0.012566365446646303,9.869596283666894e-06
442,0,1,442,0.0031415913616616113,0.012566365446646327,9.869596283666855e-06
443,0,1,443,0.0031415913616618225,0.012566365446647043,9.869596283668183e-06
444,0,1,444,0.0031415913616615896,0.012566365446646284,9.86959628366672e-06
445,0,1,445,0.003141591361661804,0.012566365446647146,9.86959628366807e-06
446,0,0,446,0.0031415913616615727,0.012566365446646244,9.869596283666615e-06
447,0,0,447,0.0031415913616616056,0.012566365446646355,9.86959628366682e-06
448,0,1,448,0.003141591361661553,0.012566365446646209,9.869596283666488e-06
449,0,0,449,0.0031415913616617934,0.01256636544664716,9.869596283668e-06
450,0,1,450,0.0031415913616615735,0.012566365446646258,9.86959628366662e-06
451,0,1,451,0.003141591361661739,0.012566365446646847,9.86959628366766e-06
452,0,0,452,0.0031415913616615757,0.012566365446646258,9.869596283666633e-06
453,0,0,453,0.0031415913616618125,0.012566365446647156,9.869596283668119e-06
454,0,0,454,0.003141591361661731,0.012566365446646913,9.869596283667609e-06
455,0,0,455,0.0031415913616617648,0.012566365446646967,9.869596283667817e-06
456,0,0,456,0.003141591361661684,0.012566365446646296,9.869596283667316e-06
457,0,0,457,0.003141591361661802,0.012566365446647045,9.869596283668055e-06
458,0,1,458,0.0031415913616614846,0.012566365446645893,9.869596283666062e-06
459,0,0,459,0.003141591361661672,0.012566365446646556,9.869596283667238e-06
460,0,1,460,0.003141591361661796,0.012566365446647132,9.869596283668016e-06
461,0,0,461,0.0031415913616615635,0.012566365446646171,9.869596283666555e-06
462,0,0,462,0.00314159136166154,0.01256636544664614,9.869596283666408e-06
463,0,1,463,0.0031415913616618016,0.012566365446647196,9.869596283668053e-06
464,0,0,464,0.003141591361661709,0.01256636544664675,9.86959628366747e-06
465,0,1,465,0.00314159136166181,0.012566365446647229,9.869596283668104e-06
466,0,0,466,0.003141591361661598,0.012566365446646195,9.869596283666772e-06
467,0,0,467,0.0031415913616618086,0.012566365446647191,9.869596283668099e-06
468,0,0,468,0.0031415913616617544,0.012566365446646969,9.869596283667755e-06
469,0,0,469,0.003141591361661594,0.012566365446646362,9.86959628366675e-06
470,0,0,470,0.0031415913616616646,0.012566365446646643,9.86959628366719e-06
471,0,1,471,0.003141591361661832,0.012566365446647233,9.869596283668243e-06
472,0,0,472,0.0031415913616618116,0.012566365446647172,9.869596283668116e-06
473,0,0,473,0.003141591361661674,0.012566365446646665,9.869596283667253e-06
474,0,1,474,0.003141591361661814,0.012566365446647191,9.869596283668136e-06
475,0,0,475,0.0031415913616618524,0.012566365446647208,9.869596283668371e-06
476,0,1,476,0.0031415913616618125,0.012566365446647118,9.86959628366812e-06
477,0,0,477,0.00314159136166178,0.012566365446647064,9.869596283667919e-06
478,0,0,478,0.003141591361661631,0.012566365446646438,9.869596283666984e-06
479,0,1,479,0.003141591361661573,0.012566365446646282,9.869596283666616e-06
480,0,1,480,0.0031415913616618624,0.01256636544664734,9.869596283668432e-06
481,0,0,481,0.003141591361661549,0.012566365446646185,9.869596283666462e-06
482,0,1,482,0.0031415913616618086,0.012566365446647059,9.869596283668097e-06
483,0,0,483,0.003141591361661698,0.012566365446646705,9.8695962836674e-06
484,0,0,484,0.003141591361661736,0.012566365446646882,9.869596283667641e-06
485,0,1,485,0.003141591361661579,0.012566365446646223,9.869596283666652e-06
486,0,0,486,0.003141591361661754,0.012566365446646957,9.869596283667753e-06
487,0,1,487,0.0031415913616618515,0.012566365446647316,9.869596283668366e-06
488,0,0,488,0.0031415913616618055,0.012566365446647174,9.869596283668075e-06
489,0,0,489,0.0031415913616617557,0.012566365446647017,9.869596283667767e-06
490,0,1,490,0.0031415913616618186,0.012566365446647096,9.869596283668158e-06
491,0,0,491,0.003141591361661577,0.012566365446646265,9.869596283666642e-06
492,0,1,492,0.0031415913616615328,0.012566365446646115,9.869596283666367e-06
493,0,0,493,0.0031415913616617813,0.012566365446646997,9.869596283667927e-06
494,0,0,494,0.0031415913616618394,0.012566365446647259,9.869596283668292e-06
495,0,1,495,0.0031415913616617513,0.012566365446646952,9.869596283667736e-06
496,0,0,496,0.0031415913616618042,0.012566365446647113,9.86959628366807e-06
497,0,1,497,0.003141591361661784,0.012566365446647111,9.86959628366794e-06
498,0,0,498,0.00314159136166155,0.012566365446646167,9.869596283666472e-06
499,0,0,499,0.0031415913616617544,0.012566365446647007,9.869596283667755e-06
500,0,1,500,0.0031415913616617344,0.012566365446646837,9.869596283667633e-06
501,0,0,501,0.003141591361661833,0.012566365446647283,9.86959628366825e-06
502,0,1,502,0.0031415913616616086,0.012566365446646358,9.86959628366684e-06
503,0,0,503,0.003141591361661608,0.012566365446646365,9.869596283666837e-06
504,0,0,504,0.003141591361661825,0.012566365446647264,9.869596283668199e-06
505,0,1,505,0.003141591361661892,0.012566365446647534,9.86959628366862e-06
506,0,0,506,0.003141591361661564,0.012566365446646223,9.869596283666559e-06
507,0,1,507,0.003141591361661833,0.012566365446647295,9.869596283668248e-06
508,0,0,508,0.00314159136166184,0.012566365446647321,9.869596283668293e-06
509,0,0,509,0.003141591361661511,0.012566365446645992,9.869596283666227e-06
510,0,0,510,0.0031415913616616603,0.01256636544664659,9.869596283667165e-06
511,0,0,511,0.0031415913616615262,0.012566365446645921,9.869596283666325e-06
512,0,1,512,0.003141591361661475,0.012566365446645848,9.869596283666003e-06
513,0,1,513,0.003141591361661592,0.01256636544664631,9.869596283666737e-06
514,0,1,514,0.003141591361661656,0.012566365446646577,9.869596283667135e-06
515,0,1,515,0.0031415913616617322,0.012566365446646917,9.869596283667616e-06
516,0,1,516,0.0031415913616617765,0.012566365446647087,9.869596283667894e-06
517,0,0,517,0.0031415913616618394,0.0125663654466471,9.86959628366829e-06
518,0,1,518,0.003141591361661565,0.012566365446646247,9.869596283666564e-06
519,0,1,519,0.0031415913616617388,0.012566365446646941,9.869596283667658e-06
520,0,1,520,0.003141591361661764,0.012566365446646978,9.869596283667817e-06
521,0,1,521,0.003141591361661524,0.012566365446646053,9.869596283666308e-06
522,0,1,522,0.003141591361661531,0.0125663654466461,9.869596283666354e-06
523,0,0,523,0.0031415913616615714,0.012566365446646278,9.869596283666606e-06
524,0,1,524,0.0031415913616618806,0.012566365446647368,9.869596283668546e-06
525,0,1,525,0.003141591361661867,0.012566365446647283,9.869596283668465e-06
526,0,1,526,0.003141591361661814,0.012566365446647156,9.86959628366813e-06
527,0,1,527,0.0031415913616619014,0.01256636544664739,9.86959628366868e-06
528,0,1,528,0.0031415913616617834,0.012566365446647132,9.869596283667936e-06
529,0,1,529,0.0031415913616618376,0.012566365446647266,9.86959628366828e-06
530,0,0,530,0.0031415913616617995,0.012566365446647135,9.869596283668038e-06
531,0,1,531,0.0031415913616617986,0.012566365446647108,9.869596283668034e-06
532,0,1,532,0.003141591361661811,0.012566365446647167,9.869596283668116e-06
533,0,0,533,0.003141591361661586,0.012566365446646221,9.869596283666696e-06
534,0,1,534,0.003141591361661813,0.012566365446647017,9.869596283668122e-06
535,0,0,535,0.003141591361661575,0.012566365446646244,9.869596283666628e-06
536,0,1,536,0.0031415913616617635,0.01256636544664703,9.86959628366781e-06
537,0,0,537,0.0031415913616616577,0.012566365446646513,9.86959628366715e-06
538,0,1,538,0.0031415913616616737,0.012566365446646606,9.869596283667248e-06
539,0,1,539,0.0031415913616617726,0.012566365446647076,9.86959628366787e-06
540,0,1,540,0.003141591361661804,0.012566365446647201,9.869596283668065e-06
541,0,0,541,0.003141591361661775,0.01256636544664699,9.869596283667885e-06
542,0,1,542,0.0031415913616616147,0.012566365446646365,9.869596283666877e-06
543,0,0,543,0.0031415913616618303,0.012566365446647163,9.869596283668232e-06
544,0,1,544,0.0031415913616617643,0.01256636544664699,9.86959628366782e-06
545,0,0,545,0.003141591361661536,0.012566365446646015,9.869596283666384e-06
546,0,1,546,0.0031415913616616073,0.012566365446646346,9.869596283666831e-06
547,0,1,547,0.003141591361661565,0.012566365446646133,9.869596283666565e-06
548,0,0,548,0.0031415913616617986,0.012566365446647045,9.869596283668033e-06
549,0,1,549,0.0031415913616618003,0.012566365446647179,9.869596283668046e-06
550,0,1,550,0.0031415913616617873,0.012566365446647113,9.869596283667963e-06
551,0,1,551,0.003141591361661421,0.012566365446645671,9.86959628366566e-06
552,0,0,552,0.0031415913616618103,0.01256636544664713,9.86959628366811e-06
553,0,0,553,0.003141591361661795,0.01256636544664715,9.869596283668012e-06
554,0,1,554,0.00314159136166178,0.012566365446647087,9.869596283667917e-06
555,0,0,555,0.003141591361661752,0.01256636544664698,9.86959628366774e-06
556,0,1,556,0.00314159136166177,0.012566365446647035,9.869596283667853e-06
557,0,0,557,0.0031415913616616073,0.012566365446646244,9.86959628366683e-06
558,0,1,558,0.003141591361661792,0.012566365446647045,9.869596283667992e-06
559,0,0,559,0.0031415913616618307,0.012566365446647212,9.869596283668238e-06
560,0,0,560,0.0031415913616618303,0.012566365446647071,9.869596283668232e-06
561,0,0,561,0.003141591361661598,0.012566365446646372,9.869596283666774e-06
562,0,1,562,0.003141591361661808,0.01256636544664718,9.869596283668092e-06
563,0,0,563,0.003141591361661609,0.012566365446646252,9.869596283666845e-06
564,0,1,564,0.0031415913616617878,0.01256636544664707,9.869596283667968e-06
565,0,1,565,0.003141591361661804,0.012566365446647139,9.869596283668066e-06
566,0,1,566,0.0031415913616617826,0.012566365446646983,9.869596283667933e-06
567,0,1,567,0.003141591361661563,0.012566365446646126,9.869596283666552e-06
568,0,1,568,0.0031415913616619226,0.012566365446647422,9.869596283668813e-06
569,0,0,569,0.0031415913616618324,0.01256636544664727,9.869596283668248e-06
570,0,0,570,0.0031415913616618584,0.012566365446647326,9.869596283668409e-06
571,0,1,571,0.0031415913616617036,0.012566365446646438,9.869596283667435e-06
572,0,0,572,0.0031415913616618303,0.012566365446647059,9.86959628366823e-06
573,0,1,573,0.0031415913616615627,0.012566365446646206,9.869596283666552e-06
574,0,0,574,0.0031415913616615753,0.012566365446646246,9.869596283666632e-06
575,0,0,575,0.003141591361661782,0.012566365446647111,9.86959628366793e-06
576,0,0,576,0.0031415913616615635,0.012566365446646242,9.869596283666557e-06
577,0,1,577,0.003141591361661617,0.012566365446646284,9.869596283666889e-06
578,0,0,578,0.003141591361661787,0.012566365446646945,9.869596283667958e-06
579,0,0,579,0.00314159136166183,0.012566365446647236,9.869596283668229e-06
580,0,0,580,0.003141591361661797,0.012566365446647122,9.869596283668022e-06
581,0,0,581,0.003141591361661571,0.01256636544664622,9.869596283666604e-06
582,0,1,582,0.0031415913616618806,0.012566365446647312,9.869596283668548e-06
583,0,1,583,0.003141591361661546,0.012566365446646164,9.869596283666449e-06
584,0,1,584,0.003141591361661649,0.012566365446646542,9.869596283667094e-06
585,0,0,585,0.0031415913616618485,0.012566365446647292,9.869596283668348e-06
586,0,0,586,0.003141591361661544,0.012566365446646143,9.869596283666435e-06
587,0,0,587,0.00314159136166178,0.012566365446647031,9.869596283667917e-06
588,0,0,588,0.00314159136166182,0.012566365446647236,9.869596283668165e-06
589,0,1,589,0.003141591361661787,0.012566365446647132,9.86959628366796e-06
590,0,1,590,0.003141591361661662,0.012566365446646223,9.869596283667174e-06
591,0,1,591,0.003141591361661786,0.01256636544664708,9.869596283667953e-06
592,0,0,592,0.003141591361661857,0.012566365446647305,9.869596283668402e-06
593,0,0,593,0.003141591361661766,0.012566365446646938,9.86959628366783e-06
594,0,1,594,0.0031415913616618016,0.01256636544664713,9.869596283668056e-06
595,0,1,595,0.0031415913616615657,0.012566365446646183,9.86959628366657e-06
596,0,1,596,0.003141591361661482,0.012566365446645793,9.869596283666044e-06
597,0,0,597,0.003141591361661755,0.012566365446646882,9.86959628366776e-06
598,0,0,598,0.0031415913616614833,0.012566365446645873,9.869596283666054e-06
599,0,1,599,0.003141591361661802,0.012566365446647193,9.869596283668055e-06
600,0,0,600,0.003141591361661768,0.012566365446647014,9.869596283667843e-06
601,0,1,601,0.003141591361661579,0.012566365446646102,9.869596283666654e-06
602,0,1,602,0.003141591361661775,0.012566365446646889,9.869596283667885e-06
603,0,1,603,0.003141591361661562,0.01256636544664618,9.869596283666547e-06
604,0,0,604,0.003141591361661792,0.012566365446647096,9.869596283667994e-06
605,0,0,605,0.0031415913616618988,0.012566365446647468,9.869596283668663e-06
606,0,1,606,0.0031415913616619435,0.012566365446647533,9.869596283668942e-06
607,0,0,607,0.003141591361661815,0.012566365446647038,9.869596283668138e-06
608,0,0,608,0.0031415913616617383,0.012566365446646934,9.869596283667656e-06
609,0,1,609,0.0031415913616616607,0.012566365446646563,9.869596283667167e-06
610,0,1,610,0.0031415913616617813,0.012566365446646955,9.86959628366792e-06
611,0,1,611,0.00314159136166175,0.012566365446646879,9.869596283667731e-06
612,0,0,612,0.003141591361661776,0.012566365446647021,9.86959628366789e-06
613,0,1,613,0.003141591361661665,0.012566365446646483,9.869596283667196e-06
614,0,1,614,0.0031415913616616,0.012566365446646207,9.869596283666787e-06
615,0,1,615,0.0031415913616617934,0.012566365446647163,9.869596283668e-06
616,0,1,616,0.0031415913616616143,0.012566365446646263,9.869596283666877e-06
617,0,0,617,0.0031415913616616763,0.012566365446646693,9.869596283667267e-06
618,0,0,618,0.0031415913616615635,0.012566365446646247,9.869596283666555e-06
619,0,0,619,0.003141591361661829,0.012566365446647135,9.869596283668224e-06
620,0,0,620,0.0031415913616619005,0.012566365446647576,9.869596283668678e-06
621,0,0,621,0.0031415913616617635,0.012566365446647004,9.86959628366781e-06
622,0,0,622,0.003141591361661804,0.012566365446647083,9.869596283668066e-06
623,0,0,623,0.003141591361661637,0.012566365446646405,9.869596283667016e-06
624,0,1,624,0.003141591361661677,0.012566365446646632,9.86959628366727e-06
625,0,0,625,0.0031415913616618277,0.012566365446647253,9.869596283668217e-06
626,0,1,626,0.003141591361661882,0.012566365446647415,9.869596283668556e-06
627,0,1,627,0.0031415913616615653,0.012566365446646254,9.86959628366657e-06
628,0,0,628,0.003141591361661542,0.012566365446646141,9.869596283666421e-06
629,0,1,629,0.0031415913616615588,0.012566365446646197,9.869596283666527e-06
630,0,1,630,0.003141591361661841,0.012566365446647222,9.869596283668302e-06
631,0,0,631,0.003141591361661583,0.012566365446646294,9.869596283666677e-06
632,0,1,632,0.003141591361661802,0.01256636544664716,9.869596283668053e-06
633,0,0,633,0.0031415913616618125,0.012566365446647073,9.869596283668119e-06
634,0,1,634,0.003141591361661802,0.01256636544664716,9.869596283668056e-06
635,0,0,635,0.0031415913616617834,0.012566365446647128,9.86959628366794e-06
636,0,1,636,0.0031415913616618077,0.012566365446646969,9.86959628366809e-06
637,0,0,637,0.003141591361661778,0.012566365446647066,9.869596283667902e-06
638,0,0,638,0.0031415913616617383,0.012566365446646922,9.869596283667655e-06
639,0,0,639,0.0031415913616617787,0.012566365446647087,9.869596283667909e-06
640,0,0,640,0.003141591361661777,0.012566365446647089,9.869596283667897e-06
641,0,0,641,0.003141591361661826,0.012566365446647056,9.869596283668205e-06
642,0,1,642,0.00314159136166153,0.012566365446646039,9.869596283666349e-06
643,0,1,643,0.0031415913616617184,0.012566365446646865,9.869596283667533e-06
644,0,1,644,0.003141591361661828,0.012566365446647174,9.86959628366822e-06
645,0,1,645,0.0031415913616617795,0.012566365446647063,9.869596283667916e-06
646,0,0,646,0.0031415913616615987,0.012566365446646235,9.86959628366678e-06
647,0,0,647,0.0031415913616615566,0.012566365446646131,9.869596283666513e-06
648,0,0,648,0.0031415913616618116,0.012566365446647116,9.869596283668114e-06
649,0,1,649,0.00314159136166175,0.01256636544664693,9.869596283667728e-06
650,0,0,650,0.0031415913616618207,0.012566365446647172,9.869596283668171e-06
651,0,1,651,0.003141591361661843,0.012566365446647205,9.86959628366831e-06
652,0,0,652,0.003141591361661572,0.012566365446646204,9.86959628366661e-06
653,0,0,653,0.003141591361661822,0.012566365446647253,9.869596283668182e-06
654,0,1,654,0.0031415913616616212,0.012566365446646403,9.86959628366692e-06
655,0,1,655,0.0031415913616617327,0.012566365446646924,9.86959628366762e-06
656,0,0,656,0.0031415913616618233,0.01256636544664717,9.869596283668187e-06
657,0,1,657,0.003141591361661852,0.012566365446647017,9.86959628366837e-06
658,0,0,658,0.0031415913616615605,0.012566365446646088,9.869596283666538e-06
659,0,1,659,0.0031415913616617925,0.01256636544664716,9.869596283667995e-06
660,0,1,660,0.0031415913616618238,0.01256636544664723,9.869596283668193e-06
661,0,0,661,0.003141591361661688,0.012566365446646736,9.869596283667336e-06
662,0,1,662,0.003141591361661593,0.012566365446646292,9.869596283666742e-06
663,0,0,663,0.003141591361661754,0.012566365446646986,9.869596283667755e-06
664,0,1,664,0.003141591361661595,0.012566365446646254,9.869596283666755e-06
665,0,1,665,0.003141591361661818,0.01256636544664725,9.869596283668158e-06
666,0,1,666,0.003141591361661781,0.01256636544664698,9.869596283667922e-06
667,0,0,667,0.0031415913616617414,0.012566365446646889,9.869596283667673e-06
668,0,1,668,0.0031415913616616702,0.012566365446646445,9.869596283667226e-06
669,0,0,669,0.003141591361661607,0.012566365446646393,9.869596283666828e-06
670,0,1,670,0.0031415913616618146,0.012566365446647226,9.869596283668134e-06
671,0,1,671,0.003141591361661628,0.012566365446646391,9.869596283666964e-06
672,0,0,672,0.0031415913616615124,0.012566365446645987,9.869596283666235e-06
673,0,0,673,0.0031415913616617774,0.012566365446647057,9.869596283667902e-06
674,0,1,674,0.0031415913616617322,0.012566365446646865,9.869596283667616e-06
675,0,0,675,0.0031415913616615688,0.012566365446646157,9.869596283666591e-06
676,0,1,676,0.0031415913616615635,0.012566365446646223,9.869596283666557e-06
677,0,0,677,0.003141591361661859,0.012566365446647368,9.869596283668415e-06
678,0,0,678,0.0031415913616618107,0.012566365446647236,9.869596283668112e-06
679,0,1,679,0.0031415913616618016,0.012566365446647184,9.869596283668053e-06
680,0,0,680,0.0031415913616615735,0.012566365446646178,9.869596283666623e-06
681,0,0,681,0.0031415913616615635,0.012566365446646157,9.869596283666559e-06
682,0,0,682,0.003141591361661574,0.012566365446646289,9.869596283666621e-06
683,0,0,683,0.003141591361661833,0.01256636544664731,9.869596283668246e-06
684,0,1,684,0.0031415913616618506,0.01256636544664735,9.86959628366836e-06
685,0,0,685,0.0031415913616618584,0.012566365446647295,9.86959628366841e-06
686,0,1,686,0.0031415913616616147,0.012566365446646358,9.869596283666875e-06
687,0,1,687,0.003141591361661722,0.012566365446646813,9.86959628366755e-06
688,0,0,688,0.003141591361661877,0.012566365446647092,9.869596283668527e-06
689,0,0,689,0.003141591361661824,0.012566365446647205,9.869596283668195e-06
690,0,1,690,0.003141591361661802,0.012566365446647063,9.869596283668055e-06
691,0,1,691,0.0031415913616617357,0.012566365446646757,9.869596283667638e-06
692,0,1,692,0.0031415913616615284,0.01256636544664601,9.869596283666335e-06
693,0,1,693,0.0031415913616617804,0.012566365446647097,9.86959628366792e-06
694,0,0,694,0.003141591361661605,0.01256636544664642,9.869596283666818e-06
695,0,0,695,0.0031415913616618606,0.01256636544664707,9.869596283668426e-06
696,0,1,696,0.003141591361661796,0.012566365446647182,9.869596283668019e-06
697,0,1,697,0.0031415913616619044,0.012566365446647507,9.8695962836687e-06
698,0,0,698,0.0031415913616615627,0.012566365446646133,9.86959628366655e-06
699,0,1,699,0.003141591361661783,0.012566365446647005,9.869596283667938e-06
700,0,1,700,0.0031415913616617843,0.012566365446647087,9.869596283667943e-06
701,0,1,701,0.003141591361661827,0.012566365446647276,9.86959628366821e-06
702,0,0,702,0.0031415913616617665,0.012566365446647059,9.869596283667833e-06
703,0,1,703,0.003141591361661755,0.012566365446647014,9.869596283667756e-06
704,0,1,704,0.0031415913616617843,0.012566365446647115,9.869596283667941e-06
705,0,1,705,0.0031415913616617895,0.012566365446647068,9.869596283667977e-06
706,0,1,706,0.0031415913616617787,0.01256636544664711,9.869596283667907e-06
707,0,0,707,0.0031415913616618008,0.012566365446647201,9.869596283668046e-06
708,0,1,708,0.003141591361661752,0.012566365446646958,9.869596283667741e-06
709,0,0,709,0.0031415913616617583,0.012566365446646983,9.869596283667778e-06
710,0,0,710,0.003141591361661766,0.012566365446647045,9.86959628366783e-06
711,0,1,711,0.003141591361661789,0.012566365446647111,9.869596283667975e-06
712,0,1,712,0.003141591361661784,0.012566365446646983,9.86959628366794e-06
713,0,0,713,0.0031415913616617912,0.012566365446647137,9.869596283667985e-06
714,0,1,714,0.0031415913616616043,0.012566365446646202,9.869596283666814e-06
715,0,1,715,0.0031415913616615106,0.012566365446645852,9.869596283666225e-06
716,0,1,716,0.003141591361661636,0.012566365446646422,9.869596283667013e-06
717,0,1,717,0.003141591361661817,0.01256636544664713,9.869596283668148e-06
718,0,0,718,0.0031415913616618467,0.012566365446647252,9.869596283668337e-06
719,0,0,719,0.003141591361661822,0.01256636544664724,9.86959628366818e-06
720,0,0,720,0.0031415913616617934,0.012566365446647135,9.869596283668004e-06
721,0,1,721,0.00314159136166151,0.012566365446646036,9.869596283666223e-06
722,0,0,722,0.0031415913616618676,0.012566365446647382,9.869596283668466e-06
723,0,1,723,0.003141591361661602,0.012566365446646247,9.8695962836668e-06
724,0,1,724,0.00314159136166187,0.012566365446647439,9.869596283668481e-06
725,0,1,725,0.003141591361661761,0.01256636544664703,9.869596283667797e-06
726,0,0,726,0.0031415913616617977,0.012566365446647191,9.869596283668029e-06
727,0,0,727,0.0031415913616616273,0.012566365446646487,9.869596283666958e-06
728,0,0,728,0.0031415913616618086,0.012566365446647212,9.869596283668095e-06
729,0,0,729,0.0031415913616619027,0.012566365446647423,9.869596283668688e-06
730,0,1,730,0.0031415913616616086,0.012566365446646384,9.869596283666842e-06
731,0,1,731,0.003141591361661789,0.012566365446647155,9.869596283667973e-06
732,0,0,732,0.0031415913616615653,0.012566365446646202,9.869596283666569e-06
733,0,1,733,0.00314159136166159,0.012566365446646285,9.869596283666725e-06
734,0,0,734,0.0031415913616615536,0.012566365446646062,9.869596283666494e-06
735,0,1,735,0.0031415913616618225,0.012566365446647222,9.869596283668182e-06
736,0,0,736,0.003141591361661722,0.012566365446646693,9.86959628366755e-06
737,0,1,737,0.003141591361661776,0.012566365446647094,9.869596283667889e-06
738,0,1,738,0.0031415913616617787,0.012566365446647097,9.869596283667909e-06
739,0,1,739,0.0031415913616617366,0.012566365446646802,9.869596283667641e-06
740,0,0,740,0.0031415913616618545,0.012566365446647276,9.869596283668383e-06
741,0,1,741,0.003141591361661623,0.012566365446646438,9.869596283666931e-06
742,0,1,742,0.003141591361661808,0.01256636544664708,9.869596283668092e-06
743,0,1,743,0.003141591361661795,0.012566365446647128,9.869596283668014e-06
744,0,0,744,0.0031415913616615666,0.012566365446646187,9.869596283666576e-06
745,0,0,745,0.0031415913616619174,0.012566365446647486,9.86959628366878e-06
746,0,0,746,0.0031415913616617856,0.012566365446647122,9.86959628366795e-06
747,0,0,747,0.003141591361661852,0.01256636544664701,9.86959628366837e-06
748,0,1,748,0.003141591361661798,0.012566365446647148,9.869596283668029e-06
749,0,1,749,0.003141591361661754,0.012566365446646991,9.869596283667751e-06
750,0,0,750,0.0031415913616617977,0.012566365446647144,9.869596283668029e-06
751,0,1,751,0.0031415913616618047,0.01256636544664713,9.869596283668073e-06
752,0,0,752,0.003141591361661784,0.01256636544664713,9.86959628366794e-06
753,0,1,753,0.003141591361661795,0.012566365446647132,9.869596283668012e-06
754,0,1,754,0.0031415913616618346,0.012566365446647213,9.86959628366826e-06
755,0,0,755,0.003141591361661802,0.012566365446647177,9.869596283668056e-06
756,0,0,756,0.0031415913616618255,0.012566365446647177,9.8695962836682e-06
757,0,0,757,0.0031415913616617804,0.012566365446647111,9.86959628366792e-06
758,0,0,758,0.0031415913616617817,0.012566365446646991,9.869596283667927e-06
759,0,0,759,0.0031415913616618923,0.012566365446647212,9.86959628366862e-06
760,0,1,760,0.0031415913616618355,0.012566365446647337,9.869596283668263e-06
761,0,0,761,0.003141591361661584,0.012566365446646126,9.869596283666687e-06
762,0,0,762,0.0031415913616617544,0.01256636544664701,9.869596283667755e-06
763,0,1,763,0.00314159136166183,0.012566365446647219,9.869596283668232e-06
764,0,0,764,0.003141591361661891,0.0125663654466474,9.869596283668612e-06
765,0,0,765,0.003141591361661794,0.012566365446647142,9.869596283668005e-06
766,0,1,766,0.003141591361661769,0.012566365446647059,9.869596283667848e-06
767,0,0,767,0.003141591361661538,0.012566365446646053,9.869596283666394e-06
768,0,0,768,0.003141591361661806,0.012566365446647111,9.869596283668077e-06
769,0,1,769,0.0031415913616615917,0.012566365446646362,9.869596283666735e-06
770,0,1,770,0.0031415913616618385,0.012566365446647321,9.869596283668282e-06
771,0,0,771,0.003141591361661796,0.012566365446647083,9.869596283668014e-06
772,0,0,772,0.0031415913616618762,0.012566365446647298,9.86959628366852e-06
773,0,0,773,0.0031415913616618086,0.01256636544664718,9.869596283668095e-06
774,0,0,774,0.0031415913616615297,0.012566365446646115,9.869596283666344e-06
775,0,0,775,0.00314159136166176,0.012566365446646969,9.869596283667792e-06
776,0,0,776,0.0031415913616618524,0.012566365446647257,9.869596283668371e-06
777,0,0,777,0.0031415913616618966,0.012566365446647526,9.869596283668651e-06
778,0,1,778,0.003141591361661781,0.012566365446647056,9.869596283667924e-06
779,0,0,779,0.0031415913616618303,0.012566365446647177,9.869596283668232e-06
780,0,1,780,0.003141591361661752,0.012566365446646889,9.869596283667743e-06
781,0,0,781,0.003141591361661798,0.01256636544664709,9.86959628366803e-06
782,0,1,782,0.0031415913616616624,0.012566365446646566,9.869596283667179e-06
783,0,1,783,0.0031415913616615783,0.0125663654466463,9.86959628366665e-06
784,0,1,784,0.003141591361661616,0.012566365446646325,9.869596283666884e-06
785,0,1,785,0.003141591361661523,0.012566365446645977,9.869596283666303e-06
786,0,0,786,0.0031415913616617947,0.012566365446647073,9.86959628366801e-06
787,0,0,787,0.0031415913616617886,0.01256636544664705,9.86959628366797e-06
788,0,0,788,0.0031415913616618103,0.012566365446647167,9.869596283668107e-06
789,0,0,789,0.003141591361661538,0.012566365446646124,9.869596283666396e-06
790,0,0,790,0.0031415913616615727,0.012566365446646244,9.869596283666613e-06
791,0,0,791,0.003141591361661893,0.012566365446647534,9.869596283668625e-06
792,0,0,792,0.003141591361661507,0.012566365446645949,9.869596283666205e-06
793,0,0,793,0.0031415913616615523,0.012566365446646174,9.869596283666486e-06
794,0,1,794,0.0031415913616617552,0.012566365446646854,9.869596283667758e-06
795,0,0,795,0.003141591361661601,0.01256636544664633,9.86959628366679e-06
796,0,0,796,0.0031415913616615965,0.012566365446646379,9.869596283666764e-06
797,0,0,797,0.003141591361661801,0.012566365446647111,9.869596283668053e-06
798,0,1,798,0.0031415913616617856,0.012566365446647128,9.869596283667953e-06
799,0,0,799,0.003141591361661785,0.012566365446647134,9.86959628366795e-06
800,0,0,800,0.0031415913616617943,0.01256636544664713,9.869596283668007e-06
801,0,1,801,0.003141591361661827,0.012566365446647115,9.869596283668212e-06
802,0,0,802,0.0031415913616617878,0.012566365446647068,9.869596283667963e-06
803,0,1,803,0.0031415913616615293,0.012566365446646053,9.869596283666342e-06
804,0,1,804,0.0031415913616616854,0.012566365446646632,9.869596283667321e-06
805,0,1,805,0.00314159136166177,0.012566365446647073,9.869596283667851e-06
806,0,0,806,0.003141591361661549,0.012566365446646011,9.869596283666462e-06
807,0,1,807,0.003141591361661606,0.012566365446646414,9.869596283666823e-06
808,0,1,808,0.003141591361661732,0.01256636544664691,9.869596283667612e-06
809,0,1,809,0.003141591361661812,0.012566365446647163,9.869596283668117e-06
810,0,1,810,0.003141591361661806,0.012566365446647153,9.86959628366808e-06
811,0,1,811,0.003141591361661568,0.012566365446646265,9.869596283666586e-06
812,0,1,812,0.003141591361661894,0.01256636544664743,9.86959628366863e-06
813,0,0,813,0.0031415913616615544,0.012566365446646004,9.8695962836665e-06
814,0,1,814,0.0031415913616618034,0.012566365446647161,9.869596283668063e-06
815,0,0,815,0.0031415913616617557,0.012566365446646917,9.869596283667765e-06
816,0,1,816,0.003141591361661769,0.012566365446647016,9.869596283667853e-06
817,0,1,817,0.0031415913616617283,0.012566365446646837,9.869596283667592e-06
818,0,0,818,0.003141591361661566,0.012566365446646252,9.86959628366657e-06
819,0,0,819,0.003141591361661803,0.012566365446647146,9.869596283668061e-06
820,0,0,820,0.003141591361661825,0.01256636544664721,9.8695962836682e-06
821,0,0,821,0.003141591361661593,0.012566365446646301,9.869596283666742e-06
822,0,1,822,0.0031415913616615115,0.012566365446646023,9.869596283666233e-06
823,0,0,823,0.003141591361661633,0.01256636544664649,9.869596283666992e-06
824,0,1,824,0.0031415913616617895,0.012566365446647123,9.86959628366798e-06
825,0,0,825,0.003141591361661806,0.012566365446647125,9.86959628366808e-06
826,0,0,826,0.0031415913616617843,0.01256636544664709,9.869596283667946e-06
827,0,1,827,0.0031415913616615527,0.012566365446646157,9.869596283666488e-06
828,0,0,828,0.0031415913616617765,0.012566365446647042,9.869596283667895e-06
829,0,1,829,0.0031415913616616347,0.012566365446646344,9.869596283667004e-06
830,0,1,830,0.003141591361661769,0.012566365446647038,9.86959628366785e-06
831,0,1,831,0.0031415913616614994,0.012566365446645966,9.869596283666154e-06
832,0,0,832,0.003141591361661748,0.012566365446646898,9.869596283667716e-06
833,0,0,833,0.003141591361661878,0.012566365446647333,9.869596283668534e-06
834,0,1,834,0.0031415913616615943,0.012566365446646346,9.869596283666748e-06
835,0,0,835,0.003141591361661843,0.012566365446647246,9.869596283668312e-06
836,0,1,836,0.003141591361661637,0.012566365446646412,9.869596283667016e-06
837,0,1,837,0.0031415913616617912,0.012566365446647146,9.869596283667987e-06
838,0,1,838,0.003141591361661746,0.012566365446646953,9.869596283667704e-06
839,0,1,839,0.0031415913616618294,0.012566365446647309,9.869596283668227e-06
840,0,1,840,0.0031415913616617895,0.01256636544664713,9.869596283667978e-06
841,0,0,841,0.0031415913616615688,0.012566365446646226,9.869596283666591e-06
842,0,0,842,0.003141591361661595,0.012566365446646344,9.869596283666755e-06
843,0,1,843,0.0031415913616618506,0.012566365446647139,9.869596283668363e-06
844,0,1,844,0.003141591361661649,0.012566365446646442,9.869596283667094e-06
845,0,0,845,0.0031415913616616525,0.012566365446646431,9.869596283667116e-06
846,0,0,846,0.0031415913616617626,0.012566365446647031,9.869596283667809e-06
847,0,0,847,0.0031415913616617843,0.012566365446647087,9.869596283667944e-06
848,0,0,848,0.0031415913616617865,0.012566365446647104,9.869596283667956e-06
849,0,1,849,0.0031415913616617414,0.012566365446646948,9.869596283667672e-06
850,0,0,850,0.0031415913616615436,0.012566365446646133,9.869596283666428e-06
851,0,1,851,0.0031415913616618927,0.012566365446647345,9.869596283668624e-06
852,0,1,852,0.0031415913616618133,0.012566365446647057,9.869596283668127e-06
853,0,1,853,0.0031415913616618355,0.012566365446647288,9.869596283668261e-06
854,0,1,854,0.003141591361661791,0.012566365446647097,9.869596283667987e-06
855,0,0,855,0.0031415913616617604,0.012566365446646837,9.869596283667795e-06
856,0,0,856,0.0031415913616617322,0.012566365446646799,9.86959628366762e-06
857,0,1,857,0.003141591361661587,0.0125663654466463,9.869596283666703e-06
858,0,1,858,0.003141591361661785,0.012566365446647135,9.869596283667951e-06
859,0,0,859,0.003141591361661553,0.012566365446646202,9.86959628366649e-06
860,0,0,860,0.0031415913616616425,0.012566365446646516,9.869596283667057e-06
861,0,1,861,0.003141591361661757,0.012566365446646927,9.869596283667773e-06
862,0,0,862,0.0031415913616615705,0.012566365446646159,9.869596283666598e-06
863,0,1,863,0.0031415913616618463,0.01256636544664726,9.86959628366833e-06
864,0,0,864,0.003141591361661576,0.012566365446646268,9.869596283666635e-06
865,0,1,865,0.003141591361661594,0.012566365446646358,9.869596283666748e-06
866,0,0,866,0.0031415913616618333,0.01256636544664726,9.869596283668254e-06
867,0,0,867,0.003141591361661789,0.012566365446647097,9.869596283667977e-06
868,0,1,868,0.003141591361661663,0.012566365446646388,9.869596283667182e-06
869,0,0,869,0.0031415913616617023,0.012566365446646702,9.869596283667428e-06
870,0,1,870,0.0031415913616618407,0.012566365446647224,9.869596283668297e-06
871,0,1,871,0.0031415913616617726,0.012566365446647063,9.869596283667868e-06
872,0,1,872,0.00314159136166179,0.012566365446647122,9.86959628366798e-06
873,0,1,873,0.0031415913616616685,0.012566365446646462,9.869596283667214e-06
874,0,1,874,0.0031415913616617414,0.012566365446646788,9.869596283667675e-06
875,0,1,875,0.0031415913616614885,0.01256636544664582,9.869596283666084e-06
876,0,0,876,0.003141591361661522,0.012566365446646082,9.869596283666294e-06
877,0,0,877,0.0031415913616617166,0.01256636544664686,9.869596283667521e-06
878,0,1,878,0.003141591361661444,0.012566365446645716,9.869596283665807e-06
879,0,1,879,0.0031415913616615683,0.012566365446646178,9.86959628366659e-06
880,0,1,880,0.0031415913616617917,0.012566365446647083,9.86959628366799e-06
881,0,0,881,0.003141591361661855,0.012566365446647278,9.869596283668388e-06
882,0,1,882,0.003141591361661815,0.012566365446647194,9.869596283668134e-06
883,0,1,883,0.0031415913616618207,0.012566365446647222,9.869596283668173e-06
884,0,1,884,0.0031415913616615818,0.012566365446646324,9.869596283666672e-06
885,0,0,885,0.0031415913616616832,0.012566365446646448,9.86959628366731e-06
886,0,1,886,0.003141591361661864,0.012566365446647295,9.869596283668444e-06
887,0,1,887,0.003141591361661849,0.01256636544664734,9.869596283668353e-06
888,0,0,888,0.003141591361661789,0.012566365446647156,9.869596283667973e-06
889,0,1,889,0.0031415913616615254,0.012566365446646074,9.869596283666315e-06
890,0,0,890,0.003141591361661904,0.012566365446647437,9.869596283668698e-06
891,0,1,891,0.0031415913616618194,0.012566365446647243,9.869596283668168e-06
892,0,0,892,0.003141591361661602,0.01256636544664624,9.869596283666798e-06
893,0,1,893,0.0031415913616616724,0.012566365446646684,9.869596283667241e-06
894,0,1,894,0.0031415913616618016,0.012566365446647177,9.869596283668051e-06
895,0,1,895,0.0031415913616615362,0.012566365446646122,9.869596283666386e-06
896,0,1,896,0.003141591361661552,0.012566365446646195,9.869596283666482e-06
897,0,0,897,0.003141591361661574,0.012566365446646294,9.86959628366662e-06
898,0,0,898,0.003141591361661613,0.012566365446646247,9.869596283666869e-06
899,0,1,899,0.003141591361661545,0.012566365446646178,9.869596283666438e-06
900,0,0,900,0.0031415913616617986,0.012566365446647,9.869596283668033e-06
901,0,0,901,0.0031415913616618463,0.012566365446647184,9.869596283668334e-06
902,0,0,902,0.0031415913616615757,0.01256636544664629,9.869596283666633e-06
903,0,1,903,0.0031415913616618,0.012566365446647122,9.869596283668043e-06
904,0,1,904,0.003141591361661809,0.012566365446647205,9.8695962836681e-06
905,0,1,905,0.0031415913616615727,0.012566365446646282,9.869596283666615e-06
906,0,1,906,0.003141591361661624,0.012566365446646365,9.869596283666938e-06
907,0,1,907,0.0031415913616616113,0.012566365446646384,9.869596283666855e-06
908,0,0,908,0.003141591361661792,0.012566365446647007,9.869596283667992e-06
909,0,0,909,0.0031415913616617604,0.012566365446647028,9.869596283667794e-06
910,0,1,910,0.0031415913616614985,0.012566365446645982,9.869596283666149e-06
911,0,0,911,0.0031415913616618186,0.01256636544664718,9.869596283668158e-06
912,0,1,912,0.0031415913616618762,0.012566365446647472,9.86959628366852e-06
913,0,0,913,0.0031415913616616607,0.012566365446646462,9.86959628366717e-06
914,0,1,914,0.003141591361661787,0.012566365446647146,9.86959628366796e-06
915,0,0,915,0.003141591361661785,0.012566365446647113,9.869596283667948e-06
916,0,1,916,0.0031415913616616273,0.01256636544664647,9.869596283666957e-06
917,0,1,917,0.0031415913616617826,0.012566365446647118,9.869596283667934e-06
918,0,0,918,0.003141591361661888,0.012566365446647475,9.869596283668595e-06
919,0,1,919,0.003141591361661817,0.012566365446647163,9.869596283668144e-06
920,0,1,920,0.003141591361661775,0.012566365446647049,9.869596283667889e-06
921,0,0,921,0.003141591361661614,0.012566365446646324,9.869596283666874e-06
922,0,1,922,0.0031415913616615653,0.012566365446646252,9.869596283666567e-06
923,0,0,923,0.0031415913616616286,0.012566365446646452,9.869596283666967e-06
924,0,0,924,0.0031415913616616073,0.012566365446646185,9.869596283666831e-06
925,0,0,925,0.0031415913616618294,0.012566365446647196,9.869596283668226e-06
926,0,1,926,0.0031415913616616095,0.012566365446646407,9.869596283666845e-06
927,0,1,927,0.0031415913616616043,0.012566365446646362,9.869596283666813e-06
928,0,1,928,0.0031415913616615666,0.01256636544664606,9.869596283666576e-06
929,0,0,929,0.0031415913616619174,0.012566365446647262,9.869596283668781e-06
930,0,1,930,0.003141591361661568,0.012566365446646244,9.86959628366658e-06
931,0,1,931,0.0031415913616616234,0.012566365446646396,9.86959628366693e-06
932,0,0,932,0.003141591361661804,0.012566365446647146,9.869596283668065e-06
933,0,1,933,0.003141591361661772,0.012566365446647056,9.86959628366787e-06
934,0,1,934,0.0031415913616618042,0.01256636544664715,9.869596283668066e-06
935,0,1,935,0.003141591361661683,0.012566365446646627,9.86959628366731e-06
936,0,1,936,0.0031415913616615774,0.012566365446646206,9.869596283666643e-06
937,0,1,937,0.0031415913616617604,0.012566365446647028,9.869596283667792e-06
938,0,0,938,0.0031415913616617695,0.012566365446647043,9.869596283667851e-06
939,0,0,939,0.0031415913616617314,0.012566365446646736,9.869596283667612e-06
940,0,1,940,0.0031415913616617687,0.012566365446646955,9.869596283667844e-06
941,0,1,941,0.00314159136166156,0.012566365446646164,9.869596283666538e-06
942,0,0,942,0.0031415913616617587,0.012566365446647024,9.869596283667784e-06
943,0,1,943,0.0031415913616615644,0.012566365446646213,9.869596283666562e-06
944,0,0,944,0.0031415913616615926,0.012566365446646329,9.869596283666738e-06
945,0,1,945,0.0031415913616618285,0.012566365446647246,9.86959628366822e-06
946,0,1,946,0.0031415913616618207,0.012566365446647278,9.869596283668175e-06
947,0,0,947,0.003141591361661782,0.012566365446647078,9.869596283667926e-06
948,0,1,948,0.0031415913616616342,0.012566365446646412,9.869596283667003e-06
949,0,1,949,0.0031415913616615887,0.012566365446646237,9.869596283666715e-06
950,0,1,950,0.003141591361661773,0.012566365446647059,9.86959628366787e-06
951,0,1,951,0.0031415913616617535,0.012566365446646988,9.86959628366775e-06
952,0,0,952,0.003141591361661537,0.012566365446646043,9.869596283666391e-06
953,0,0,953,0.003141591361661952,0.01256636544664766,9.869596283668996e-06
954,0,0,954,0.0031415913616618086,0.012566365446647148,9.869596283668095e-06
955,0,1,955,0.0031415913616618125,0.012566365446647115,9.869596283668119e-06
956,0,0,956,0.003141591361661846,0.012566365446647186,9.869596283668332e-06
957,0,0,957,0.0031415913616614616,0.012566365446645841,9.869596283665918e-06
958,0,1,958,0.003141591361661675,0.012566365446646324,9.869596283667258e-06
959,0,1,959,0.003141591361661747,0.01256636544664697,9.869596283667712e-06
960,0,1,960,0.00314159136166158,0.01256636544664608,9.869596283666664e-06
961,0,1,961,0.0031415913616618402,0.012566365446647174,9.869596283668297e-06
962,0,1,962,0.0031415913616617813,0.012566365446647118,9.869596283667924e-06
963,0,0,963,0.003141591361661855,0.012566365446647212,9.869596283668387e-06
964,0,1,964,0.003141591361661775,0.012566365446647083,9.869596283667887e-06
965,0,1,965,0.0031415913616617687,0.012566365446647021,9.869596283667848e-06
966,0,0,966,0.003141591361661793,0.012566365446647153,9.869596283667995e-06
967,0,1,967,0.00314159136166175,0.012566365446647,9.86959628366773e-06
968,0,0,968,0.003141591361661804,0.012566365446647076,9.869596283668068e-06
969,0,0,969,0.0031415913616617314,0.012566365446646825,9.869596283667614e-06
970,0,0,970,0.003141591361661751,0.012566365446646893,9.869596283667736e-06
971,0,0,971,0.0031415913616617587,0.012566365446647028,9.869596283667784e-06
972,0,0,972,0.0031415913616615766,0.012566365446646244,9.869596283666637e-06
973,0,1,973,0.00314159136166156,0.012566365446646162,9.869596283666535e-06
974,0,1,974,0.003141591361661808,0.012566365446647194,9.869596283668094e-06
975,0,1,975,0.0031415913616617813,0.012566365446647094,9.869596283667926e-06
976,0,0,976,0.0031415913616617804,0.012566365446647118,9.869596283667919e-06
977,0,0,977,0.003141591361661609,0.012566365446646417,9.86959628366684e-06
978,0,0,978,0.0031415913616615596,0.012566365446646206,9.869596283666533e-06
979,0,0,979,0.0031415913616618333,0.012566365446647246,9.869596283668253e-06
980,0,0,980,0.003141591361661798,0.01256636544664706,9.86959628366803e-06
981,0,1,981,0.003141591361661529,0.012566365446646114,9.86959628366634e-06
982,0,1,982,0.003141591361661866,0.012566365446647347,9.869596283668456e-06
983,0,1,983,0.0031415913616615987,0.0125663654466463,9.869596283666779e-06
984,0,0,984,0.0031415913616617873,0.01256636544664709,9.869596283667961e-06
985,0,1,985,0.00314159136166185,0.012566365446647382,9.869596283668358e-06
986,0,0,986,0.0031415913616618376,0.012566365446647217,9.869596283668278e-06
987,0,0,987,0.003141591361661624,0.012566365446646409,9.869596283666935e-06
988,0,0,988,0.00314159136166192,0.012566365446647656,9.869596283668795e-06
989,0,0,989,0.003141591361661852,0.012566365446647224,9.86959628366837e-06
990,0,1,990,0.0031415913616617782,0.012566365446647068,9.869596283667909e-06
991,0,1,991,0.003141591361661778,0.012566365446647045,9.869596283667904e-06
992,0,0,992,0.003141591361661618,0.012566365446646442,9.869596283666904e-06
993,0,1,993,0.003141591361661887,0.012566365446647375,9.86959628366859e-06
994,0,0,994,0.003141591361661666,0.012566365446646625,9.869596283667197e-06
995,0,0,995,0.0031415913616617483,0.012566365446646872,9.869596283667719e-06
996,0,1,996,0.003141591361661812,0.012566365446647116,9.869596283668119e-06
997,0,0,997,0.0031415913616618368,0.012566365446647246,9.869596283668273e-06
998,0,1,998,0.0031415913616615714,0.012566365446646237,9.869596283666606e-06
999,0,0,999,0.0031415913616618892,0.012566365446647354,9.869596283668602e-06
