,Layer,Qubit,Run,2-Norm,Trace Norm,Diamond Norm
0,0,0,0,0.01570780177742263,0.0628312071096902,0.0002467350366788016
1,0,1,1,0.0157078017774226,0.06283120710969015,0.00024673503667880056
2,0,1,2,0.015707801777422516,0.06283120710969003,0.00024673503667879795
3,0,0,3,0.015707801777422807,0.06283120710969117,0.000246735036678807
4,0,0,4,0.01570780177742261,0.06283120710969038,0.0002467350366788009
5,0,0,5,0.015707801777422564,0.06283120710969006,0.0002467350366787995
6,0,1,6,0.01570780177742267,0.06283120710969049,0.0002467350366788027
7,0,0,7,0.015707801777422568,0.06283120710969016,0.0002467350366787997
8,0,1,8,0.015707801777422543,0.06283120710969015,0.0002467350366787988
9,0,1,9,0.015707801777422564,0.0628312071096902,0.0002467350366787994
10,0,1,10,0.015707801777422602,0.06283120710969023,0.0002467350366788007
11,0,0,11,0.015707801777422696,0.06283120710969076,0.00024673503667880365
12,0,0,12,0.01570780177742265,0.0628312071096906,0.00024673503667880224
13,0,1,13,0.01570780177742264,0.06283120710969048,0.00024673503667880186
14,0,0,14,0.015707801777422658,0.06283120710969028,0.00024673503667880234
15,0,1,15,0.015707801777422592,0.06283120710969037,0.00024673503667880034
16,0,0,16,0.01570780177742262,0.0628312071096904,0.0002467350366788012
17,0,0,17,0.015707801777422654,0.06283120710969056,0.00024673503667880234
18,0,1,18,0.015707801777422585,0.06283120710969033,0.0002467350366788001
19,0,1,19,0.015707801777422595,0.06283120710969038,0.00024673503667880045
20,0,1,20,0.015707801777422634,0.06283120710969053,0.00024673503667880164
21,0,0,21,0.015707801777422595,0.06283120710969026,0.0002467350366788005
22,0,1,22,0.015707801777422585,0.06283120710969028,0.0002467350366788002
23,0,0,23,0.015707801777422654,0.06283120710969048,0.00024673503667880234
24,0,0,24,0.015707801777422578,0.06283120710969012,0.0002467350366787999
25,0,0,25,0.015707801777422568,0.06283120710969026,0.0002467350366787996
26,0,1,26,0.01570780177742269,0.06283120710969073,0.00024673503667880343
27,0,0,27,0.01570780177742259,0.06283120710969031,0.00024673503667880023
28,0,1,28,0.015707801777422745,0.06283120710969083,0.00024673503667880516
29,0,0,29,0.015707801777422686,0.06283120710969065,0.0002467350366788033
30,0,0,30,0.015707801777422602,0.06283120710969037,0.00024673503667880077
31,0,0,31,0.015707801777422637,0.06283120710969042,0.00024673503667880175
32,0,1,32,0.01570780177742257,0.06283120710969023,0.0002467350366787997
33,0,1,33,0.01570780177742259,0.06283120710969031,0.00024673503667880023
34,0,1,34,0.01570780177742271,0.06283120710969067,0.0002467350366788041
35,0,0,35,0.015707801777422675,0.06283120710969067,0.00024673503667880294
36,0,1,36,0.01570780177742266,0.06283120710969059,0.00024673503667880256
37,0,0,37,0.01570780177742262,0.06283120710969041,0.00024673503667880115
38,0,0,38,0.01570780177742261,0.06283120710969026,0.0002467350366788008
39,0,1,39,0.01570780177742261,0.06283120710969044,0.0002467350366788009
40,0,1,40,0.01570780177742265,0.06283120710969042,0.0002467350366788022
41,0,0,41,0.01570780177742281,0.06283120710969115,0.0002467350366788072
42,0,0,42,0.015707801777422637,0.06283120710969049,0.0002467350366788017
43,0,1,43,0.015707801777422575,0.06283120710969024,0.00024673503667879985
44,0,1,44,0.01570780177742264,0.06283120710969055,0.00024673503667880186
45,0,0,45,0.01570780177742259,0.06283120710969035,0.00024673503667880023
46,0,1,46,0.01570780177742258,0.0628312071096903,0.00024673503667879996
47,0,0,47,0.015707801777422745,0.0628312071096909,0.00024673503667880516
48,0,1,48,0.015707801777422817,0.06283120710969109,0.00024673503667880744
49,0,0,49,0.015707801777422682,0.0628312071096907,0.00024673503667880316
50,0,0,50,0.015707801777422613,0.06283120710969031,0.00024673503667880094
51,0,0,51,0.01570780177742259,0.06283120710969015,0.00024673503667880023
52,0,0,52,0.015707801777422717,0.06283120710969087,0.0002467350366788042
53,0,0,53,0.015707801777422738,0.06283120710969087,0.0002467350366788049
54,0,1,54,0.01570780177742266,0.06283120710969056,0.0002467350366788026
55,0,0,55,0.015707801777422623,0.0628312071096904,0.0002467350366788013
56,0,0,56,0.015707801777422578,0.06283120710969017,0.00024673503667879985
57,0,0,57,0.015707801777422748,0.06283120710969092,0.00024673503667880527
58,0,1,58,1.9999383152895795,7.999753261158318,0.00024673503667880955
59,0,0,59,0.015707801777422554,0.06283120710969015,0.00024673503667879915
60,0,0,60,0.015707801777422748,0.06283120710969085,0.0002467350366788052
61,0,0,61,0.01570780177742255,0.06283120710969017,0.00024673503667879904
62,0,1,62,0.01570780177742255,0.06283120710969009,0.000246735036678799
63,0,1,63,0.0157078017774227,0.06283120710969076,0.0002467350366788036
64,0,1,64,0.015707801777422693,0.06283120710969065,0.0002467350366788035
65,0,0,65,0.01570780177742256,0.06283120710969009,0.0002467350366787994
66,0,1,66,0.015707801777422658,0.06283120710969048,0.00024673503667880245
67,0,1,67,0.015707801777422672,0.06283120710969069,0.00024673503667880294
68,0,1,68,0.01570780177742263,0.06283120710969049,0.0002467350366788016
69,0,1,69,0.01570780177742268,0.06283120710969071,0.0002467350366788031
70,0,0,70,0.01570780177742263,0.06283120710969042,0.0002467350366788015
71,0,0,71,0.015707801777422665,0.06283120710969042,0.0002467350366788026
72,0,1,72,0.015707801777422647,0.06283120710969056,0.000246735036678802
73,0,0,73,0.01570780177742273,0.06283120710969077,0.00024673503667880473
74,0,0,74,0.01570780177742255,0.06283120710969016,0.000246735036678799
75,0,0,75,0.015707801777422602,0.06283120710969026,0.0002467350366788007
76,0,0,76,0.01570780177742268,0.06283120710969071,0.0002467350366788031
77,0,1,77,0.015707801777422675,0.06283120710969048,0.000246735036678803
78,0,1,78,0.01570780177742262,0.06283120710969047,0.00024673503667880115
79,0,0,79,0.015707801777422627,0.06283120710969048,0.0002467350366788015
80,0,0,80,0.01570780177742278,0.06283120710969098,0.0002467350366788062
81,0,0,81,0.01570780177742268,0.06283120710969067,0.0002467350366788031
82,0,1,82,0.01570780177742269,0.06283120710969058,0.0002467350366788033
83,0,0,83,0.01570780177742259,0.06283120710969034,0.00024673503667880023
84,0,0,84,0.0157078017774226,0.06283120710969038,0.0002467350366788005
85,0,0,85,0.015707801777422797,0.0628312071096911,0.00024673503667880674
86,0,1,86,0.015707801777422658,0.06283120710969058,0.00024673503667880234
87,0,1,87,0.015707801777422623,0.06283120710969042,0.00024673503667880126
88,0,1,88,0.01570780177742255,0.06283120710969019,0.000246735036678799
89,0,0,89,0.015707801777422606,0.06283120710969042,0.0002467350366788007
90,0,1,90,0.015707801777422623,0.06283120710969035,0.0002467350366788013
91,0,0,91,0.015707801777422686,0.06283120710969074,0.00024673503667880327
92,0,0,92,0.01570780177742261,0.06283120710969042,0.00024673503667880094
93,0,1,93,0.015707801777422585,0.06283120710969028,0.00024673503667880007
94,0,1,94,0.015707801777422786,0.06283120710969099,0.00024673503667880646
95,0,1,95,0.015707801777422564,0.06283120710969017,0.00024673503667879947
96,0,0,96,0.015707801777422616,0.06283120710969034,0.00024673503667880115
97,0,0,97,0.015707801777422755,0.0628312071096909,0.0002467350366788055
98,0,1,98,0.015707801777422613,0.06283120710969028,0.0002467350366788011
99,0,0,99,0.01570780177742272,0.06283120710969081,0.0002467350366788044
100,0,1,100,0.015707801777422578,0.06283120710969026,0.0002467350366787999
101,0,0,101,0.015707801777422717,0.06283120710969076,0.0002467350366788043
102,0,1,102,0.015707801777422748,0.06283120710969071,0.0002467350366788053
103,0,0,103,0.015707801777422575,0.06283120710969026,0.0002467350366787997
104,0,1,104,0.015707801777422616,0.06283120710969026,0.0002467350366788012
105,0,1,105,0.015707801777422613,0.0628312071096904,0.00024673503667880094
106,0,1,106,0.015707801777422665,0.06283120710969047,0.00024673503667880267
107,0,0,107,0.015707801777422693,0.06283120710969058,0.00024673503667880354
108,0,1,108,0.01570780177742258,0.0628312071096903,0.0002467350366788
109,0,0,109,0.015707801777422682,0.06283120710969053,0.00024673503667880327
110,0,1,110,0.01570780177742259,0.06283120710969035,0.0002467350366788003
111,0,1,111,0.015707801777422564,0.0628312071096902,0.0002467350366787995
112,0,1,112,0.015707801777422533,0.06283120710968998,0.0002467350366787985
113,0,1,113,0.015707801777422717,0.06283120710969078,0.0002467350366788043
114,0,1,114,0.015707801777422713,0.06283120710969076,0.0002467350366788042
115,0,0,115,0.01570780177742256,0.06283120710969024,0.0002467350366787994
116,0,0,116,0.015707801777422713,0.06283120710969067,0.0002467350366788041
117,0,0,117,0.015707801777422547,0.06283120710969016,0.0002467350366787989
118,0,1,118,0.01570780177742254,0.0628312071096901,0.00024673503667879877
119,0,1,119,0.0157078017774226,0.06283120710969035,0.00024673503667880056
120,0,0,120,0.0157078017774226,0.06283120710969037,0.0002467350366788005
121,0,1,121,0.015707801777422658,0.06283120710969063,0.0002467350366788024
122,0,0,122,0.015707801777422533,0.06283120710969009,0.0002467350366787985
123,0,0,123,0.015707801777422637,0.0628312071096904,0.0002467350366788018
124,0,0,124,0.015707801777422623,0.06283120710969042,0.00024673503667880137
125,0,0,125,0.015707801777422616,0.06283120710969045,0.0002467350366788011
126,0,0,126,0.01570780177742253,0.06283120710969009,0.0002467350366787983
127,0,0,127,0.015707801777422575,0.06283120710969028,0.0002467350366787998
128,0,1,128,0.015707801777422575,0.06283120710969026,0.0002467350366787998
129,0,1,129,0.0157078017774226,0.06283120710969037,0.0002467350366788005
130,0,0,130,0.01570780177742269,0.06283120710969067,0.0002467350366788034
131,0,0,131,0.015707801777422616,0.06283120710969045,0.00024673503667880115
132,0,0,132,0.015707801777422724,0.06283120710969087,0.00024673503667880446
133,0,1,133,0.015707801777422786,0.06283120710969095,0.00024673503667880646
134,0,1,134,0.015707801777422602,0.06283120710969031,0.00024673503667880066
135,0,0,135,0.015707801777422536,0.06283120710969006,0.00024673503667879855
136,0,0,136,0.015707801777422745,0.06283120710969092,0.00024673503667880516
137,0,1,137,0.01570780177742274,0.06283120710969081,0.000246735036678805
138,0,0,138,0.01570780177742261,0.0628312071096904,0.0002467350366788009
139,0,1,139,0.01570780177742259,0.06283120710969017,0.0002467350366788002
140,0,1,140,0.0157078017774227,0.06283120710969065,0.00024673503667880375
141,0,0,141,0.015707801777422523,0.06283120710969009,0.00024673503667879817
142,0,1,142,0.01570780177742261,0.0628312071096904,0.00024673503667880094
143,0,0,143,0.01570780177742263,0.06283120710969044,0.00024673503667880153
144,0,1,144,0.015707801777422578,0.06283120710969023,0.0002467350366787999
145,0,0,145,0.01570780177742256,0.06283120710969023,0.0002467350366787993
146,0,1,146,0.015707801777422554,0.06283120710969017,0.0002467350366787991
147,0,0,147,0.01570780177742278,0.06283120710969092,0.0002467350366788062
148,0,1,148,0.015707801777422585,0.0628312071096902,0.0002467350366788001
149,0,1,149,0.015707801777422623,0.06283120710969042,0.00024673503667880126
150,0,0,150,0.01570780177742258,0.06283120710969024,0.00024673503667879996
151,0,0,151,0.01570780177742256,0.06283120710969023,0.0002467350366787994
152,0,1,152,0.015707801777422706,0.06283120710969069,0.00024673503667880386
153,0,1,153,0.015707801777422634,0.06283120710969042,0.0002467350366788016
154,0,1,154,0.015707801777422602,0.0628312071096904,0.0002467350366788006
155,0,1,155,0.01570780177742259,0.06283120710969033,0.00024673503667880023
156,0,1,156,0.01570780177742271,0.06283120710969077,0.000246735036678804
157,0,1,157,0.01570780177742262,0.06283120710969042,0.00024673503667880115
158,0,1,158,0.0157078017774226,0.0628312071096903,0.0002467350366788006
159,0,0,159,0.01570780177742277,0.06283120710969108,0.00024673503667880587
160,0,1,160,0.015707801777422616,0.06283120710969037,0.0002467350366788011
161,0,0,161,0.01570780177742264,0.06283120710969042,0.00024673503667880186
162,0,0,162,0.01570780177742267,0.06283120710969065,0.0002467350366788028
163,0,1,163,0.01570780177742261,0.06283120710969035,0.0002467350366788008
164,0,1,164,0.015707801777422568,0.06283120710969023,0.00024673503667879947
165,0,0,165,1.9999383152895793,7.999753261158317,0.0002467350366788077
166,0,1,166,0.01570780177742259,0.06283120710969015,0.0002467350366788002
167,0,1,167,0.01570780177742271,0.06283120710969062,0.000246735036678804
168,0,1,168,0.01570780177742265,0.0628312071096905,0.00024673503667880213
169,0,0,169,0.015707801777422533,0.06283120710969006,0.00024673503667879844
170,0,0,170,0.01570780177742261,0.06283120710969035,0.0002467350366788009
171,0,1,171,0.015707801777422543,0.06283120710969012,0.0002467350366787987
172,0,0,172,0.015707801777422637,0.06283120710969044,0.00024673503667880175
173,0,0,173,0.015707801777422602,0.06283120710969026,0.00024673503667880066
174,0,0,174,0.01570780177742264,0.06283120710969044,0.0002467350366788019
175,0,0,175,0.015707801777422776,0.06283120710969084,0.0002467350366788061
176,0,1,176,0.015707801777422543,0.06283120710969003,0.0002467350366787988
177,0,0,177,0.015707801777422585,0.06283120710969024,0.0002467350366788001
178,0,1,178,0.015707801777422734,0.0628312071096907,0.00024673503667880473
179,0,0,179,0.01570780177742263,0.06283120710969042,0.00024673503667880153
180,0,1,180,0.015707801777422828,0.06283120710969113,0.0002467350366788078
181,0,0,181,0.01570780177742268,0.06283120710969052,0.00024673503667880305
182,0,1,182,0.01570780177742256,0.06283120710969023,0.00024673503667879936
183,0,0,183,0.015707801777422675,0.06283120710969059,0.000246735036678803
184,0,0,184,0.015707801777422693,0.0628312071096907,0.00024673503667880354
185,0,1,185,0.01570780177742258,0.06283120710969013,0.00024673503667879996
186,0,1,186,0.01570780177742254,0.06283120710969015,0.00024673503667879877
187,0,1,187,0.015707801777422824,0.06283120710969117,0.0002467350366788076
188,0,0,188,0.015707801777422675,0.0628312071096907,0.000246735036678803
189,0,1,189,0.015707801777422606,0.0628312071096904,0.00024673503667880077
190,0,1,190,0.01570780177742269,0.06283120710969034,0.0002467350366788035
191,0,1,191,0.01570780177742264,0.06283120710969056,0.00024673503667880197
192,0,0,192,0.01570780177742256,0.06283120710969005,0.00024673503667879936
193,0,0,193,0.01570780177742269,0.06283120710969066,0.0002467350366788035
194,0,0,194,0.01570780177742258,0.0628312071096902,0.00024673503667880007
195,0,1,195,0.015707801777422616,0.0628312071096904,0.00024673503667880104
196,0,0,196,0.01570780177742261,0.06283120710969034,0.00024673503667880077
197,0,0,197,0.015707801777422606,0.06283120710969028,0.0002467350366788008
198,0,1,198,0.015707801777422502,0.06283120710968998,0.0002467350366787975
199,0,1,199,0.015707801777422637,0.06283120710969026,0.00024673503667880186
200,0,1,200,0.01570780177742274,0.06283120710969087,0.000246735036678805
201,0,1,201,0.0157078017774226,0.06283120710969031,0.0002467350366788006
202,0,0,202,0.015707801777422557,0.0628312071096902,0.00024673503667879925
203,0,1,203,0.015707801777422536,0.06283120710969013,0.0002467350366787986
204,0,0,204,0.015707801777422762,0.06283120710969088,0.0002467350366788056
205,0,1,205,0.015707801777422623,0.06283120710969042,0.00024673503667880137
206,0,0,206,0.015707801777422613,0.0628312071096902,0.00024673503667880104
207,0,0,207,0.01570780177742257,0.06283120710969026,0.00024673503667879974
208,0,1,208,0.01570780177742267,0.06283120710969045,0.0002467350366788028
209,0,0,209,0.01570780177742267,0.06283120710969034,0.0002467350366788027
210,0,0,210,0.015707801777422613,0.0628312071096904,0.00024673503667880104
211,0,1,211,0.015707801777422672,0.06283120710969065,0.00024673503667880283
212,0,1,212,0.015707801777422554,0.0628312071096902,0.00024673503667879904
213,0,1,213,0.01570780177742259,0.0628312071096902,0.0002467350366788003
214,0,0,214,0.015707801777422606,0.06283120710969031,0.0002467350366788008
215,0,0,215,0.015707801777422634,0.06283120710969028,0.0002467350366788017
216,0,1,216,0.015707801777422682,0.06283120710969065,0.0002467350366788032
217,0,1,217,0.01570780177742252,0.06283120710969001,0.00024673503667879806
218,0,1,218,0.015707801777422602,0.06283120710969023,0.0002467350366788007
219,0,1,219,0.01570780177742264,0.06283120710969037,0.00024673503667880186
220,0,1,220,0.01570780177742257,0.06283120710969026,0.0002467350366787998
221,0,1,221,0.015707801777422665,0.06283120710969058,0.0002467350366788026
222,0,0,222,0.015707801777422772,0.06283120710969109,0.000246735036678806
223,0,0,223,0.01570780177742257,0.06283120710969015,0.0002467350366787997
224,0,0,224,0.015707801777422693,0.0628312071096907,0.00024673503667880343
225,0,0,225,0.01570780177742257,0.06283120710969019,0.0002467350366787997
226,0,1,226,0.01570780177742267,0.06283120710969067,0.0002467350366788027
227,0,0,227,0.01570780177742262,0.06283120710969037,0.00024673503667880115
228,0,0,228,0.01570780177742256,0.06283120710969022,0.0002467350366787993
229,0,0,229,0.01570780177742264,0.06283120710969056,0.00024673503667880186
230,0,1,230,0.015707801777422568,0.06283120710969017,0.0002467350366787996
231,0,1,231,0.015707801777422606,0.0628312071096904,0.0002467350366788007
232,0,1,232,0.015707801777422523,0.06283120710969006,0.00024673503667879817
233,0,0,233,0.015707801777422592,0.06283120710969034,0.0002467350366788004
234,0,1,234,0.015707801777422745,0.06283120710969095,0.00024673503667880516
235,0,0,235,0.015707801777422602,0.06283120710969028,0.00024673503667880066
236,0,1,236,0.015707801777422533,0.06283120710969009,0.00024673503667879844
237,0,1,237,0.015707801777422637,0.06283120710969042,0.00024673503667880175
238,0,1,238,0.01570780177742271,0.06283120710969078,0.000246735036678804
239,0,0,239,0.01570780177742268,0.06283120710969062,0.000246735036678803
240,0,0,240,0.015707801777422647,0.0628312071096905,0.00024673503667880213
241,0,0,241,0.01570780177742278,0.06283120710969109,0.0002467350366788062
242,0,0,242,0.015707801777422717,0.06283120710969078,0.0002467350366788043
243,0,0,243,0.015707801777422616,0.06283120710969042,0.00024673503667880104
244,0,0,244,0.015707801777422616,0.06283120710969042,0.0002467350366788011
245,0,0,245,0.015707801777422703,0.06283120710969081,0.00024673503667880386
246,0,1,246,0.015707801777422783,0.06283120710969106,0.0002467350366788063
247,0,1,247,0.01570780177742257,0.06283120710969017,0.0002467350366787997
248,0,1,248,0.01570780177742252,0.06283120710969005,0.000246735036678798
249,0,1,249,0.015707801777422738,0.06283120710969078,0.00024673503667880495
250,0,0,250,0.015707801777422745,0.06283120710969088,0.0002467350366788051
251,0,1,251,0.015707801777422592,0.0628312071096902,0.00024673503667880023
252,0,1,252,0.015707801777422627,0.06283120710969031,0.00024673503667880137
253,0,0,253,0.015707801777422748,0.06283120710969084,0.0002467350366788053
254,0,1,254,0.015707801777422554,0.0628312071096901,0.0002467350366787991
255,0,0,255,0.015707801777422595,0.06283120710969034,0.0002467350366788005
256,0,0,256,0.015707801777422713,0.0628312071096907,0.0002467350366788041
257,0,0,257,0.015707801777422627,0.06283120710969031,0.0002467350366788014
258,0,1,258,0.015707801777422647,0.06283120710969056,0.00024673503667880213
259,0,0,259,0.015707801777422637,0.06283120710969048,0.0002467350366788018
260,0,1,260,0.01570780177742261,0.06283120710969022,0.00024673503667880094
261,0,0,261,0.015707801777422585,0.06283120710969031,0.00024673503667880007
262,0,1,262,0.015707801777422613,0.06283120710969026,0.00024673503667880094
263,0,0,263,0.015707801777422547,0.06283120710969017,0.0002467350366787989
264,0,1,264,0.015707801777422682,0.06283120710969073,0.0002467350366788032
265,0,0,265,0.015707801777422457,0.06283120710968979,0.0002467350366787961
266,0,0,266,0.0157078017774228,0.06283120710969096,0.0002467350366788069
267,0,1,267,0.01570780177742248,0.06283120710968984,0.00024673503667879687
268,0,0,268,0.015707801777422536,0.06283120710969013,0.0002467350366787987
269,0,1,269,0.01570780177742258,0.06283120710969028,0.0002467350366788
270,0,0,270,0.01570780177742278,0.06283120710969106,0.00024673503667880625
271,0,1,271,0.01570780177742274,0.06283120710969092,0.000246735036678805
272,0,0,272,0.015707801777422682,0.0628312071096904,0.00024673503667880316
273,0,1,273,0.01570780177742266,0.06283120710969062,0.0002467350366788025
274,0,0,274,0.01570780177742258,0.06283120710969031,0.00024673503667880007
275,0,1,275,0.01570780177742259,0.06283120710969031,0.00024673503667880023
276,0,1,276,0.0157078017774227,0.06283120710969067,0.00024673503667880375
277,0,1,277,0.015707801777422568,0.06283120710969012,0.0002467350366787995
278,0,0,278,0.015707801777422578,0.0628312071096902,0.00024673503667879985
279,0,1,279,0.01570780177742254,0.06283120710969016,0.0002467350366787987
280,0,1,280,0.015707801777422686,0.06283120710969037,0.0002467350366788032
281,0,1,281,0.015707801777422575,0.06283120710969028,0.0002467350366787998
282,0,1,282,0.015707801777422637,0.06283120710969045,0.00024673503667880175
283,0,1,283,0.015707801777422647,0.06283120710969042,0.000246735036678802
284,0,0,284,0.015707801777422613,0.06283120710969034,0.000246735036678801
285,0,0,285,0.01570780177742269,0.06283120710969065,0.0002467350366788034
286,0,0,286,0.015707801777422748,0.06283120710969081,0.0002467350366788053
287,0,1,287,0.01570780177742271,0.06283120710969065,0.000246735036678804
288,0,0,288,0.01570780177742265,0.06283120710969053,0.0002467350366788022
289,0,0,289,0.015707801777422686,0.06283120710969062,0.0002467350366788032
290,0,1,290,0.01570780177742256,0.06283120710969023,0.0002467350366787993
291,0,0,291,0.015707801777422672,0.06283120710969066,0.0002467350366788028
292,0,0,292,0.015707801777422644,0.06283120710969049,0.000246735036678802
293,0,1,293,0.015707801777422658,0.06283120710969059,0.00024673503667880245
294,0,1,294,0.015707801777422578,0.0628312071096902,0.00024673503667879985
295,0,0,295,0.015707801777422616,0.06283120710969028,0.00024673503667880104
296,0,0,296,0.015707801777422592,0.06283120710969031,0.00024673503667880034
297,0,0,297,0.015707801777422564,0.06283120710969009,0.0002467350366787994
298,0,0,298,0.015707801777422776,0.06283120710969109,0.00024673503667880614
299,0,1,299,0.015707801777422793,0.06283120710969112,0.00024673503667880663
300,0,1,300,0.015707801777422606,0.06283120710969028,0.0002467350366788007
301,0,1,301,0.01570780177742268,0.06283120710969056,0.0002467350366788031
302,0,0,302,0.015707801777422727,0.06283120710969077,0.00024673503667880457
303,0,1,303,0.01570780177742259,0.06283120710969031,0.00024673503667880023
304,0,0,304,0.01570780177742257,0.0628312071096902,0.00024673503667879974
305,0,0,305,0.01570780177742262,0.06283120710969048,0.0002467350366788012
306,0,0,306,0.01570780177742264,0.06283120710969055,0.00024673503667880186
307,0,0,307,0.015707801777422644,0.06283120710969028,0.000246735036678802
308,0,0,308,0.01570780177742258,0.06283120710969031,0.00024673503667880007
309,0,0,309,0.015707801777422575,0.06283120710969026,0.00024673503667879974
310,0,1,310,0.01570780177742261,0.06283120710969042,0.0002467350366788009
311,0,0,311,0.015707801777422606,0.06283120710969035,0.0002467350366788008
312,0,0,312,0.015707801777422703,0.06283120710969078,0.00024673503667880375
313,0,0,313,0.015707801777422658,0.06283120710969053,0.0002467350366788024
314,0,0,314,0.015707801777422658,0.06283120710969045,0.0002467350366788024
315,0,1,315,0.015707801777422627,0.06283120710969033,0.0002467350366788014
316,0,1,316,0.01570780177742263,0.06283120710969049,0.00024673503667880153
317,0,1,317,0.01570780177742269,0.06283120710969053,0.0002467350366788034
318,0,0,318,0.01570780177742253,0.06283120710969005,0.00024673503667879844
319,0,1,319,0.015707801777422606,0.0628312071096904,0.0002467350366788007
320,0,0,320,0.015707801777422564,0.06283120710969009,0.0002467350366787995
321,0,0,321,0.015707801777422734,0.06283120710969085,0.00024673503667880484
322,0,1,322,0.0157078017774226,0.06283120710969038,0.00024673503667880056
323,0,0,323,0.015707801777422595,0.06283120710969028,0.0002467350366788005
324,0,0,324,0.01570780177742252,0.06283120710969001,0.00024673503667879817
325,0,0,325,0.01570780177742266,0.0628312071096905,0.0002467350366788025
326,0,0,326,0.015707801777422686,0.0628312071096907,0.00024673503667880327
327,0,0,327,0.015707801777422696,0.06283120710969077,0.0002467350366788036
328,0,0,328,0.01570780177742272,0.06283120710969071,0.0002467350366788043
329,0,0,329,0.015707801777422595,0.0628312071096904,0.0002467350366788005
330,0,0,330,0.015707801777422575,0.06283120710969024,0.00024673503667879974
331,0,1,331,0.015707801777422647,0.06283120710969048,0.00024673503667880213
332,0,1,332,0.015707801777422783,0.06283120710969103,0.00024673503667880636
333,0,0,333,0.015707801777422828,0.06283120710969115,0.00024673503667880777
334,0,1,334,0.015707801777422616,0.06283120710969028,0.0002467350366788011
335,0,0,335,0.01570780177742254,0.06283120710969006,0.00024673503667879877
336,0,1,336,0.015707801777422644,0.06283120710969038,0.000246735036678802
337,0,0,337,0.015707801777422654,0.06283120710969053,0.0002467350366788023
338,0,0,338,0.01570780177742275,0.06283120710969091,0.0002467350366788053
339,0,0,339,0.015707801777422745,0.06283120710969076,0.00024673503667880516
340,0,0,340,0.015707801777422748,0.06283120710969076,0.0002467350366788053
341,0,0,341,0.015707801777422613,0.06283120710969035,0.000246735036678801
342,0,1,342,0.015707801777422703,0.06283120710969078,0.0002467350366788038
343,0,1,343,0.015707801777422762,0.06283120710969092,0.00024673503667880565
344,0,1,344,0.015707801777422686,0.0628312071096907,0.0002467350366788032
345,0,0,345,0.01570780177742258,0.06283120710969022,0.00024673503667880007
346,0,0,346,0.015707801777422585,0.06283120710969026,0.0002467350366788001
347,0,1,347,0.01570780177742269,0.06283120710969067,0.0002467350366788034
348,0,0,348,0.01570780177742259,0.0628312071096903,0.0002467350366788003
349,0,1,349,0.01570780177742267,0.06283120710969056,0.0002467350366788027
350,0,1,350,0.015707801777422647,0.06283120710969045,0.0002467350366788021
351,0,1,351,0.01570780177742267,0.06283120710969037,0.00024673503667880283
352,0,0,352,0.015707801777422616,0.06283120710969028,0.00024673503667880115
353,0,0,353,0.01570780177742261,0.06283120710969037,0.0002467350366788009
354,0,0,354,0.015707801777422814,0.06283120710969121,0.0002467350366788073
355,0,1,355,0.015707801777422627,0.06283120710969037,0.0002467350366788014
356,0,1,356,0.015707801777422568,0.06283120710969006,0.00024673503667879963
357,0,0,357,0.015707801777422592,0.06283120710969024,0.0002467350366788003
358,0,1,358,0.015707801777422717,0.06283120710969071,0.0002467350366788043
359,0,1,359,0.015707801777422516,0.06283120710968995,0.00024673503667879795
360,0,0,360,0.01570780177742264,0.06283120710969042,0.00024673503667880186
361,0,0,361,0.01570780177742255,0.06283120710969001,0.00024673503667879904
362,0,1,362,0.015707801777422724,0.06283120710969067,0.00024673503667880446
363,0,1,363,0.015707801777422595,0.06283120710969034,0.0002467350366788005
364,0,0,364,0.01570780177742267,0.06283120710969062,0.0002467350366788027
365,0,1,365,0.015707801777422568,0.06283120710969023,0.0002467350366787996
366,0,0,366,0.015707801777422623,0.0628312071096904,0.00024673503667880137
367,0,1,367,0.015707801777422828,0.06283120710969126,0.0002467350366788077
368,0,1,368,0.015707801777422585,0.06283120710969012,0.0002467350366788001
369,0,0,369,0.015707801777422675,0.06283120710969062,0.00024673503667880305
370,0,0,370,0.015707801777422602,0.06283120710969031,0.0002467350366788007
371,0,0,371,0.015707801777422675,0.06283120710969059,0.00024673503667880294
372,0,1,372,0.01570780177742261,0.06283120710969037,0.0002467350366788008
373,0,1,373,0.015707801777422616,0.06283120710969042,0.00024673503667880104
374,0,1,374,0.015707801777422564,0.0628312071096902,0.00024673503667879947
375,0,1,375,0.01570780177742257,0.06283120710969026,0.00024673503667879974
376,0,1,376,0.015707801777422703,0.06283120710969076,0.00024673503667880386
377,0,0,377,0.015707801777422672,0.06283120710969065,0.0002467350366788029
378,0,1,378,0.015707801777422595,0.06283120710969026,0.00024673503667880045
379,0,1,379,0.015707801777422734,0.06283120710969084,0.00024673503667880484
380,0,1,380,0.01570780177742259,0.06283120710969033,0.0002467350366788002
381,0,1,381,0.015707801777422575,0.06283120710969028,0.00024673503667879974
382,0,1,382,0.015707801777422693,0.06283120710969073,0.0002467350366788035
383,0,1,383,0.015707801777422516,0.06283120710969005,0.00024673503667879795
384,0,1,384,0.015707801777422748,0.06283120710969087,0.00024673503667880527
385,0,0,385,0.015707801777422623,0.06283120710969045,0.0002467350366788013
386,0,0,386,0.0157078017774226,0.06283120710969034,0.0002467350366788006
387,0,1,387,0.0157078017774227,0.06283120710969062,0.0002467350366788037
388,0,0,388,0.015707801777422585,0.06283120710969028,0.00024673503667880007
389,0,0,389,0.015707801777422696,0.06283120710969077,0.0002467350366788036
390,0,0,390,0.015707801777422637,0.06283120710969042,0.0002467350366788018
391,0,1,391,0.015707801777422713,0.06283120710969076,0.00024673503667880413
392,0,1,392,0.015707801777422658,0.06283120710969048,0.0002467350366788024
393,0,0,393,0.015707801777422578,0.0628312071096903,0.00024673503667879996
394,0,0,394,0.015707801777422665,0.06283120710969037,0.0002467350366788026
395,0,0,395,0.01570780177742268,0.06283120710969069,0.0002467350366788031
396,0,0,396,0.01570780177742262,0.06283120710969042,0.00024673503667880115
397,0,0,397,0.01570780177742254,0.06283120710969008,0.0002467350366787987
398,0,1,398,0.015707801777422717,0.0628312071096907,0.00024673503667880413
399,0,1,399,0.015707801777422776,0.06283120710969103,0.0002467350366788062
400,0,0,400,0.01570780177742261,0.06283120710969042,0.0002467350366788009
401,0,1,401,0.015707801777422675,0.0628312071096907,0.000246735036678803
402,0,1,402,0.015707801777422564,0.06283120710969023,0.0002467350366787995
403,0,1,403,0.0157078017774227,0.06283120710969076,0.0002467350366788037
404,0,1,404,0.015707801777422564,0.06283120710969023,0.0002467350366787996
405,0,0,405,0.015707801777422644,0.06283120710969053,0.00024673503667880197
406,0,0,406,0.01570780177742262,0.06283120710969042,0.00024673503667880115
407,0,0,407,0.015707801777422717,0.06283120710969077,0.00024673503667880424
408,0,0,408,0.01570780177742287,0.06283120710969134,0.0002467350366788091
409,0,1,409,0.015707801777422658,0.06283120710969042,0.0002467350366788024
410,0,0,410,0.015707801777422637,0.0628312071096905,0.0002467350366788018
411,0,1,411,0.01570780177742285,0.06283120710969117,0.00024673503667880836
412,0,1,412,0.015707801777422658,0.0628312071096905,0.0002467350366788024
413,0,0,413,0.015707801777422568,0.06283120710969026,0.0002467350366787995
414,0,1,414,0.01570780177742259,0.06283120710969034,0.00024673503667880023
415,0,1,415,0.015707801777422772,0.06283120710969098,0.0002467350366788059
416,0,1,416,0.01570780177742257,0.0628312071096902,0.0002467350366787997
417,0,0,417,0.01570780177742262,0.06283120710969031,0.0002467350366788012
418,0,1,418,0.015707801777422703,0.0628312071096908,0.0002467350366788038
419,0,1,419,0.015707801777422724,0.06283120710969067,0.00024673503667880446
420,0,0,420,0.01570780177742257,0.06283120710969028,0.0002467350366787997
421,0,0,421,0.0157078017774227,0.0628312071096907,0.00024673503667880365
422,0,0,422,0.015707801777422585,0.06283120710969027,0.0002467350366788
423,0,1,423,0.01570780177742269,0.06283120710969063,0.0002467350366788034
424,0,1,424,0.015707801777422727,0.06283120710969053,0.0002467350366788046
425,0,1,425,0.015707801777422745,0.06283120710969092,0.0002467350366788052
426,0,1,426,0.015707801777422554,0.06283120710969017,0.0002467350366787991
427,0,1,427,0.015707801777422634,0.06283120710969037,0.0002467350366788017
428,0,1,428,0.01570780177742274,0.06283120710969084,0.0002467350366788051
429,0,1,429,0.015707801777422647,0.06283120710969056,0.00024673503667880197
430,0,1,430,0.01570780177742256,0.06283120710969023,0.0002467350366787994
431,0,1,431,0.0157078017774226,0.06283120710969034,0.00024673503667880056
432,0,1,432,0.015707801777422557,0.06283120710969006,0.00024673503667879925
433,0,0,433,0.015707801777422713,0.06283120710969074,0.0002467350366788042
434,0,1,434,0.015707801777422644,0.06283120710969056,0.00024673503667880186
435,0,0,435,0.01570780177742265,0.06283120710969048,0.0002467350366788022
436,0,0,436,0.01570780177742255,0.06283120710969015,0.0002467350366787991
437,0,1,437,0.015707801777422637,0.06283120710969037,0.0002467350366788017
438,0,0,438,0.015707801777422647,0.06283120710969055,0.0002467350366788021
439,0,0,439,0.015707801777422523,0.06283120710969006,0.0002467350366787981
440,0,1,440,0.01570780177742265,0.06283120710969031,0.00024673503667880213
441,0,0,441,0.015707801777422627,0.06283120710969009,0.0002467350366788015
442,0,1,442,0.015707801777422616,0.0628312071096904,0.00024673503667880115
443,0,0,443,0.015707801777422658,0.0628312071096904,0.00024673503667880245
444,0,0,444,0.01570780177742257,0.06283120710969015,0.00024673503667879963
445,0,1,445,0.01570780177742251,0.06283120710969001,0.00024673503667879774
446,0,1,446,0.015707801777422543,0.06283120710969017,0.0002467350366787988
447,0,1,447,0.01570780177742258,0.06283120710969019,0.0002467350366788
448,0,0,448,0.0157078017774227,0.06283120710969055,0.00024673503667880375
449,0,0,449,0.01570780177742271,0.06283120710969053,0.000246735036678804
450,0,1,450,0.015707801777422623,0.06283120710969048,0.00024673503667880137
451,0,1,451,0.015707801777422634,0.06283120710969047,0.0002467350366788016
452,0,0,452,0.015707801777422765,0.06283120710969105,0.00024673503667880587
453,0,0,453,0.01570780177742265,0.06283120710969045,0.0002467350366788022
454,0,1,454,0.01570780177742266,0.06283120710969055,0.00024673503667880256
455,0,1,455,0.015707801777422526,0.06283120710969005,0.0002467350366787983
456,0,1,456,0.015707801777422613,0.06283120710969042,0.0002467350366788011
457,0,1,457,0.01570780177742267,0.06283120710969042,0.00024673503667880267
458,0,0,458,0.015707801777422776,0.0628312071096909,0.00024673503667880614
459,0,0,459,0.015707801777422592,0.06283120710969031,0.00024673503667880034
460,0,1,460,0.015707801777422623,0.0628312071096903,0.00024673503667880137
461,0,0,461,0.015707801777422696,0.06283120710969073,0.00024673503667880354
462,0,1,462,0.015707801777422606,0.0628312071096904,0.0002467350366788007
463,0,1,463,0.01570780177742263,0.0628312071096904,0.00024673503667880153
464,0,0,464,0.015707801777422745,0.06283120710969088,0.00024673503667880516
465,0,0,465,0.015707801777422564,0.06283120710969026,0.00024673503667879947
466,0,0,466,0.015707801777422592,0.06283120710969035,0.00024673503667880034
467,0,1,467,0.015707801777422592,0.06283120710969028,0.0002467350366788003
468,0,0,468,0.015707801777422592,0.06283120710969031,0.00024673503667880034
469,0,0,469,0.01570780177742257,0.06283120710969028,0.0002467350366787997
470,0,0,470,0.015707801777422693,0.06283120710969053,0.00024673503667880354
471,0,0,471,0.015707801777422717,0.06283120710969073,0.0002467350366788043
472,0,1,472,0.01570780177742258,0.06283120710969026,0.00024673503667879996
473,0,0,473,0.01570780177742283,0.06283120710969126,0.00024673503667880777
474,0,1,474,0.015707801777422578,0.06283120710969026,0.0002467350366788
475,0,1,475,0.015707801777422686,0.06283120710969066,0.0002467350366788033
476,0,1,476,0.015707801777422616,0.06283120710969042,0.0002467350366788011
477,0,0,477,0.01570780177742268,0.06283120710969058,0.0002467350366788031
478,0,1,478,0.01570780177742258,0.06283120710969028,0.00024673503667879996
479,0,1,479,0.015707801777422564,0.06283120710968994,0.00024673503667879947
480,0,1,480,0.015707801777422578,0.06283120710969017,0.0002467350366787999
481,0,1,481,0.015707801777422627,0.0628312071096904,0.0002467350366788014
482,0,0,482,0.01570780177742264,0.0628312071096905,0.00024673503667880186
483,0,1,483,0.015707801777422634,0.06283120710969053,0.0002467350366788017
484,0,0,484,0.01570780177742257,0.06283120710969012,0.0002467350366787997
485,0,0,485,0.015707801777422654,0.06283120710969049,0.0002467350366788023
486,0,0,486,0.015707801777422727,0.0628312071096909,0.0002467350366788045
487,0,1,487,0.015707801777422665,0.06283120710969055,0.0002467350366788026
488,0,0,488,0.015707801777422772,0.06283120710969092,0.00024673503667880603
489,0,0,489,0.015707801777422484,0.0628312071096899,0.000246735036678797
490,0,0,490,0.015707801777422634,0.06283120710969027,0.0002467350366788017
491,0,0,491,0.015707801777422575,0.06283120710969026,0.0002467350366787998
492,0,0,492,0.015707801777422675,0.06283120710969065,0.000246735036678803
493,0,1,493,0.015707801777422547,0.06283120710969012,0.00024673503667879893
494,0,0,494,0.015707801777422578,0.06283120710969017,0.00024673503667879985
495,0,0,495,0.015707801777422575,0.06283120710969017,0.00024673503667879974
496,0,1,496,0.015707801777422547,0.06283120710969016,0.00024673503667879893
497,0,0,497,0.015707801777422703,0.06283120710969065,0.0002467350366788038
498,0,1,498,0.015707801777422557,0.06283120710968995,0.0002467350366787992
499,0,1,499,0.015707801777422595,0.06283120710969026,0.0002467350366788004
500,0,1,500,0.015707801777422585,0.06283120710969017,0.0002467350366788001
501,0,0,501,0.015707801777422547,0.06283120710969005,0.0002467350366787988
502,0,1,502,0.015707801777422696,0.06283120710969067,0.0002467350366788035
503,0,0,503,0.015707801777422693,0.0628312071096905,0.00024673503667880354
504,0,0,504,0.015707801777422654,0.0628312071096905,0.0002467350366788023
505,0,1,505,0.015707801777422634,0.06283120710969037,0.0002467350366788016
506,0,0,506,0.015707801777422713,0.06283120710969066,0.0002467350366788042
507,0,1,507,0.01570780177742276,0.06283120710969092,0.0002467350366788055
508,0,0,508,0.015707801777422602,0.06283120710969033,0.0002467350366788006
509,0,0,509,0.015707801777422585,0.06283120710969017,0.0002467350366788001
510,0,1,510,0.01570780177742263,0.06283120710969045,0.0002467350366788015
511,0,1,511,0.01570780177742275,0.06283120710969096,0.0002467350366788053
512,0,0,512,0.015707801777422578,0.06283120710969027,0.00024673503667879985
513,0,0,513,0.015707801777422703,0.06283120710969081,0.00024673503667880375
514,0,1,514,0.015707801777422686,0.06283120710969071,0.0002467350366788032
515,0,1,515,0.01570780177742258,0.06283120710969026,0.00024673503667880007
516,0,1,516,0.015707801777422804,0.06283120710969106,0.000246735036678807
517,0,0,517,0.01570780177742268,0.06283120710969062,0.0002467350366788031
518,0,1,518,0.015707801777422675,0.06283120710969045,0.00024673503667880294
519,0,1,519,0.01570780177742273,0.06283120710969083,0.0002467350366788046
520,0,1,520,0.015707801777422703,0.06283120710969067,0.0002467350366788039
521,0,0,521,0.015707801777422613,0.06283120710969041,0.000246735036678801
522,0,0,522,0.01570780177742269,0.06283120710969073,0.00024673503667880343
523,0,0,523,0.015707801777422575,0.06283120710969015,0.0002467350366787997
524,0,1,524,0.015707801777422595,0.0628312071096902,0.0002467350366788005
525,0,1,525,0.015707801777422585,0.0628312071096903,0.0002467350366788001
526,0,0,526,0.015707801777422592,0.06283120710969031,0.00024673503667880034
527,0,0,527,0.015707801777422568,0.06283120710969024,0.0002467350366787996
528,0,0,528,0.015707801777422547,0.06283120710969017,0.00024673503667879893
529,0,1,529,0.01570780177742277,0.06283120710969087,0.0002467350366788059
530,0,1,530,0.01570780177742281,0.06283120710969103,0.0002467350366788073
531,0,0,531,0.015707801777422654,0.06283120710969048,0.00024673503667880234
532,0,0,532,0.015707801777422613,0.0628312071096904,0.000246735036678801
533,0,0,533,0.015707801777422613,0.06283120710969026,0.000246735036678801
534,0,0,534,0.015707801777422634,0.06283120710969026,0.0002467350366788016
535,0,0,535,0.015707801777422557,0.06283120710969009,0.0002467350366787992
536,0,0,536,0.015707801777422595,0.06283120710969031,0.0002467350366788005
537,0,0,537,0.015707801777422776,0.06283120710969095,0.00024673503667880614
538,0,0,538,0.015707801777422675,0.06283120710969063,0.000246735036678803
539,0,1,539,0.015707801777422495,0.06283120710968997,0.00024673503667879725
540,0,0,540,0.015707801777422568,0.06283120710969012,0.00024673503667879963
541,0,0,541,0.015707801777422568,0.06283120710969023,0.0002467350366787996
542,0,1,542,0.015707801777422644,0.0628312071096904,0.000246735036678802
543,0,0,543,0.0157078017774227,0.06283120710969067,0.00024673503667880365
544,0,1,544,0.015707801777422717,0.06283120710969085,0.0002467350366788042
545,0,1,545,0.015707801777422554,0.06283120710969017,0.00024673503667879915
546,0,0,546,0.015707801777422602,0.06283120710969034,0.00024673503667880056
547,0,1,547,0.015707801777422693,0.06283120710969062,0.00024673503667880354
548,0,1,548,0.015707801777422637,0.06283120710969023,0.0002467350366788018
549,0,1,549,0.01570780177742253,0.0628312071096901,0.00024673503667879833
550,0,0,550,0.015707801777422595,0.06283120710969034,0.00024673503667880045
551,0,1,551,0.015707801777422613,0.06283120710969034,0.00024673503667880104
552,0,1,552,0.015707801777422557,0.06283120710969023,0.00024673503667879925
553,0,1,553,0.01570780177742267,0.06283120710969048,0.00024673503667880267
554,0,0,554,0.0157078017774226,0.06283120710969026,0.0002467350366788006
555,0,1,555,0.015707801777422595,0.06283120710969031,0.0002467350366788005
556,0,0,556,0.015707801777422557,0.06283120710969017,0.00024673503667879915
557,0,0,557,0.015707801777422672,0.06283120710969067,0.00024673503667880283
558,0,0,558,0.01570780177742259,0.06283120710969034,0.0002467350366788002
559,0,1,559,0.015707801777422575,0.06283120710969026,0.00024673503667879985
560,0,0,560,0.01570780177742266,0.0628312071096906,0.0002467350366788025
561,0,0,561,0.015707801777422665,0.06283120710969066,0.0002467350366788026
562,0,1,562,0.01570780177742258,0.06283120710969028,0.00024673503667880007
563,0,1,563,0.01570780177742267,0.06283120710969059,0.0002467350366788027
564,0,0,564,0.015707801777422613,0.0628312071096903,0.00024673503667880104
565,0,1,565,0.015707801777422713,0.06283120710969077,0.0002467350366788041
566,0,1,566,0.015707801777422575,0.06283120710969026,0.00024673503667879974
567,0,0,567,0.01570780177742257,0.06283120710969019,0.00024673503667879974
568,0,1,568,0.015707801777422516,0.06283120710969003,0.00024673503667879795
569,0,0,569,0.01570780177742258,0.0628312071096903,0.00024673503667880007
570,0,1,570,0.015707801777422703,0.0628312071096907,0.00024673503667880386
571,0,1,571,0.015707801777422644,0.0628312071096905,0.000246735036678802
572,0,1,572,0.015707801777422644,0.06283120710969053,0.000246735036678802
573,0,1,573,0.015707801777422592,0.06283120710969026,0.0002467350366788004
574,0,1,574,0.015707801777422585,0.06283120710969026,0.0002467350366788001
575,0,0,575,0.015707801777422575,0.06283120710969016,0.0002467350366787998
576,0,1,576,0.015707801777422488,0.06283120710968994,0.00024673503667879714
577,0,0,577,0.01570780177742266,0.06283120710969045,0.0002467350366788025
578,0,1,578,0.015707801777422564,0.0628312071096902,0.0002467350366787994
579,0,1,579,0.015707801777422866,0.06283120710969126,0.00024673503667880896
580,0,1,580,0.015707801777422647,0.0628312071096904,0.00024673503667880213
581,0,1,581,0.015707801777422627,0.06283120710969048,0.0002467350366788015
582,0,0,582,0.015707801777422585,0.06283120710969031,0.00024673503667880007
583,0,0,583,0.015707801777422602,0.06283120710969034,0.00024673503667880066
584,0,0,584,0.015707801777422592,0.06283120710969031,0.00024673503667880045
585,0,0,585,0.015707801777422634,0.06283120710969042,0.0002467350366788016
586,0,1,586,0.01570780177742268,0.06283120710969067,0.0002467350366788031
587,0,1,587,0.015707801777422644,0.06283120710969053,0.000246735036678802
588,0,1,588,0.01570780177742257,0.06283120710969026,0.00024673503667879963
589,0,0,589,0.015707801777422557,0.06283120710969019,0.0002467350366787993
590,0,0,590,0.015707801777422575,0.06283120710969015,0.00024673503667879985
591,0,0,591,0.01570780177742262,0.06283120710969035,0.0002467350366788012
592,0,0,592,0.01570780177742277,0.06283120710969092,0.0002467350366788059
593,0,1,593,0.01570780177742259,0.06283120710969023,0.00024673503667880023
594,0,0,594,0.01570780177742262,0.06283120710969034,0.0002467350366788012
595,0,1,595,1.9999383152895798,7.999753261158318,0.00024673503667880766
596,0,0,596,0.01570780177742259,0.06283120710969033,0.0002467350366788003
597,0,1,597,0.01570780177742274,0.06283120710969084,0.000246735036678805
598,0,0,598,0.015707801777422658,0.06283120710969053,0.00024673503667880234
599,0,1,599,0.01570780177742259,0.06283120710969034,0.00024673503667880023
600,0,1,600,0.0157078017774227,0.06283120710969076,0.00024673503667880365
601,0,1,601,0.015707801777422706,0.0628312071096907,0.00024673503667880386
602,0,1,602,0.015707801777422578,0.06283120710969026,0.00024673503667879985
603,0,0,603,0.015707801777422634,0.06283120710969031,0.00024673503667880164
604,0,1,604,0.015707801777422713,0.06283120710969081,0.00024673503667880413
605,0,0,605,0.015707801777422665,0.06283120710969037,0.00024673503667880256
606,0,1,606,0.015707801777422616,0.06283120710969045,0.00024673503667880104
607,0,1,607,0.015707801777422592,0.06283120710969031,0.0002467350366788004
608,0,0,608,0.015707801777422568,0.06283120710969022,0.00024673503667879947
609,0,0,609,0.015707801777422578,0.06283120710969024,0.00024673503667879996
610,0,1,610,0.01570780177742252,0.06283120710969008,0.000246735036678798
611,0,1,611,0.015707801777422595,0.0628312071096903,0.0002467350366788004
612,0,1,612,0.015707801777422564,0.06283120710969022,0.0002467350366787994
613,0,1,613,0.015707801777422748,0.06283120710969078,0.0002467350366788052
614,0,0,614,0.01570780177742264,0.06283120710969049,0.0002467350366788019
615,0,1,615,0.015707801777422526,0.06283120710969003,0.0002467350366787983
616,0,0,616,0.01570780177742266,0.06283120710969044,0.0002467350366788025
617,0,0,617,0.015707801777422557,0.06283120710969015,0.00024673503667879925
618,0,0,618,0.01570780177742262,0.06283120710969037,0.00024673503667880115
619,0,0,619,0.01570780177742256,0.06283120710969017,0.0002467350366787993
620,0,0,620,0.015707801777422682,0.0628312071096907,0.0002467350366788032
621,0,0,621,0.015707801777422682,0.06283120710969073,0.0002467350366788032
622,0,0,622,0.01570780177742255,0.06283120710969017,0.00024673503667879904
623,0,0,623,0.015707801777422703,0.06283120710969056,0.00024673503667880386
624,0,1,624,0.015707801777422682,0.06283120710969056,0.00024673503667880316
625,0,1,625,0.01570780177742254,0.06283120710969013,0.00024673503667879866
626,0,1,626,0.01570780177742259,0.06283120710969034,0.00024673503667880023
627,0,1,627,0.01570780177742263,0.0628312071096905,0.0002467350366788016
628,0,0,628,0.015707801777422575,0.06283120710969028,0.0002467350366787998
629,0,1,629,0.0157078017774226,0.06283120710969027,0.00024673503667880066
630,0,0,630,0.015707801777422613,0.06283120710969042,0.000246735036678801
631,0,0,631,0.01570780177742256,0.06283120710969022,0.0002467350366787993
632,0,1,632,0.01570780177742258,0.0628312071096902,0.00024673503667880007
633,0,1,633,0.015707801777422654,0.06283120710969055,0.00024673503667880224
634,0,0,634,0.01570780177742257,0.06283120710969027,0.00024673503667879974
635,0,0,635,0.015707801777422543,0.06283120710969017,0.0002467350366787988
636,0,0,636,0.01570780177742258,0.06283120710969028,0.00024673503667880007
637,0,0,637,0.015707801777422592,0.06283120710969034,0.0002467350366788003
638,0,1,638,0.01570780177742262,0.0628312071096902,0.0002467350366788012
639,0,1,639,0.01570780177742269,0.06283120710969059,0.0002467350366788034
640,0,1,640,0.015707801777422547,0.06283120710969012,0.00024673503667879893
641,0,0,641,0.01570780177742273,0.06283120710969087,0.0002467350366788048
642,0,1,642,0.01570780177742249,0.06283120710968988,0.0002467350366787972
643,0,1,643,0.015707801777422523,0.06283120710969006,0.00024673503667879817
644,0,0,644,0.01570780177742262,0.06283120710969038,0.0002467350366788012
645,0,0,645,0.015707801777422613,0.06283120710969045,0.000246735036678801
646,0,1,646,0.015707801777422585,0.06283120710969028,0.0002467350366788
647,0,0,647,0.015707801777422616,0.06283120710969034,0.0002467350366788011
648,0,0,648,0.015707801777422672,0.06283120710969065,0.0002467350366788029
649,0,1,649,0.01570780177742269,0.06283120710969074,0.0002467350366788034
650,0,1,650,0.015707801777422578,0.06283120710969026,0.0002467350366787999
651,0,0,651,0.01570780177742274,0.06283120710969087,0.0002467350366788051
652,0,0,652,0.015707801777422568,0.06283120710969026,0.0002467350366787996
653,0,0,653,0.015707801777422623,0.0628312071096904,0.0002467350366788013
654,0,0,654,0.015707801777422564,0.06283120710969012,0.0002467350366787995
655,0,1,655,0.015707801777422568,0.06283120710969023,0.00024673503667879947
656,0,0,656,0.01570780177742277,0.0628312071096909,0.0002467350366788059
657,0,0,657,0.01570780177742267,0.06283120710969058,0.0002467350366788027
658,0,1,658,0.015707801777422686,0.06283120710969058,0.0002467350366788034
659,0,0,659,0.015707801777422623,0.0628312071096904,0.00024673503667880137
660,0,1,660,0.015707801777422623,0.06283120710969044,0.00024673503667880137
661,0,0,661,0.015707801777422602,0.06283120710969028,0.0002467350366788006
662,0,0,662,0.01570780177742258,0.06283120710969026,0.00024673503667879996
663,0,0,663,0.01570780177742275,0.06283120710969099,0.0002467350366788054
664,0,1,664,0.015707801777422727,0.06283120710969077,0.0002467350366788045
665,0,1,665,0.01570780177742254,0.06283120710969009,0.0002467350366787987
666,0,0,666,0.015707801777422595,0.06283120710969037,0.0002467350366788005
667,0,0,667,0.015707801777422623,0.0628312071096904,0.0002467350366788013
668,0,1,668,0.015707801777422595,0.06283120710969035,0.00024673503667880045
669,0,1,669,0.015707801777422585,0.0628312071096903,0.00024673503667880023
670,0,1,670,0.015707801777422706,0.06283120710969078,0.0002467350366788039
671,0,0,671,0.01570780177742262,0.06283120710969042,0.00024673503667880126
672,0,0,672,0.015707801777422727,0.06283120710969085,0.0002467350366788045
673,0,1,673,0.015707801777422606,0.06283120710969041,0.0002467350366788007
674,0,1,674,0.015707801777422658,0.0628312071096905,0.00024673503667880245
675,0,1,675,0.015707801777422654,0.06283120710969056,0.00024673503667880234
676,0,0,676,0.015707801777422613,0.06283120710969023,0.00024673503667880094
677,0,1,677,0.01570780177742255,0.06283120710969013,0.00024673503667879904
678,0,0,678,0.015707801777422765,0.06283120710969095,0.0002467350366788058
679,0,0,679,0.01570780177742273,0.06283120710969081,0.0002467350366788047
680,0,0,680,0.0157078017774227,0.06283120710969076,0.00024673503667880375
681,0,0,681,0.015707801777422696,0.06283120710969073,0.00024673503667880365
682,0,1,682,0.01570780177742262,0.06283120710969035,0.0002467350366788012
683,0,1,683,0.015707801777422523,0.06283120710968995,0.0002467350366787982
684,0,1,684,0.015707801777422762,0.062831207109691,0.0002467350366788057
685,0,1,685,0.015707801777422543,0.06283120710969001,0.0002467350366787988
686,0,1,686,0.01570780177742269,0.06283120710969059,0.0002467350366788034
687,0,0,687,0.015707801777422654,0.06283120710969059,0.0002467350366788023
688,0,1,688,0.01570780177742256,0.06283120710969023,0.00024673503667879936
689,0,1,689,0.015707801777422547,0.06283120710969012,0.00024673503667879893
690,0,0,690,0.01570780177742264,0.06283120710969037,0.0002467350366788019
691,0,1,691,0.01570780177742258,0.06283120710969026,0.00024673503667879996
692,0,0,692,0.01570780177742267,0.06283120710969062,0.00024673503667880267
693,0,0,693,0.015707801777422696,0.06283120710969065,0.0002467350366788036
694,0,0,694,0.015707801777422686,0.06283120710969067,0.00024673503667880327
695,0,0,695,0.015707801777422713,0.06283120710969073,0.00024673503667880413
696,0,0,696,0.015707801777422602,0.06283120710969035,0.0002467350366788006
697,0,1,697,0.01570780177742258,0.06283120710969024,0.00024673503667879996
698,0,1,698,0.01570780177742261,0.06283120710969042,0.0002467350366788009
699,0,0,699,0.01570780177742261,0.06283120710969031,0.00024673503667880077
700,0,0,700,0.01570780177742256,0.06283120710969023,0.0002467350366787994
701,0,0,701,0.015707801777422575,0.06283120710969027,0.0002467350366787998
702,0,0,702,0.015707801777422706,0.06283120710969081,0.0002467350366788039
703,0,1,703,0.015707801777422602,0.06283120710969017,0.0002467350366788006
704,0,0,704,0.015707801777422575,0.06283120710969024,0.0002467350366787998
705,0,0,705,0.01570780177742262,0.06283120710969044,0.0002467350366788013
706,0,1,706,0.015707801777422568,0.06283120710969023,0.0002467350366787995
707,0,1,707,0.015707801777422585,0.06283120710969024,0.00024673503667880007
708,0,0,708,0.015707801777422658,0.06283120710969037,0.0002467350366788024
709,0,0,709,0.015707801777422634,0.06283120710969044,0.00024673503667880164
710,0,0,710,0.01570780177742262,0.06283120710969031,0.00024673503667880126
711,0,1,711,0.015707801777422623,0.06283120710969047,0.0002467350366788013
712,0,1,712,0.015707801777422647,0.06283120710969028,0.0002467350366788022
713,0,0,713,0.015707801777422713,0.06283120710969076,0.0002467350366788042
714,0,1,714,0.015707801777422606,0.06283120710969037,0.00024673503667880077
715,0,0,715,0.015707801777422807,0.06283120710969088,0.00024673503667880706
716,0,0,716,0.015707801777422575,0.0628312071096902,0.00024673503667879974
717,0,1,717,0.01570780177742263,0.06283120710969028,0.0002467350366788016
718,0,0,718,0.01570780177742265,0.06283120710969059,0.0002467350366788022
719,0,1,719,0.015707801777422592,0.06283120710969023,0.0002467350366788004
720,0,0,720,0.015707801777422724,0.0628312071096907,0.0002467350366788044
721,0,0,721,0.01570780177742274,0.06283120710969091,0.00024673503667880495
722,0,0,722,0.015707801777422748,0.06283120710969078,0.0002467350366788052
723,0,0,723,0.015707801777422602,0.06283120710969034,0.0002467350366788006
724,0,1,724,1.9999383152895795,7.999753261158318,0.00024673503667880945
725,0,1,725,0.0157078017774227,0.06283120710969062,0.00024673503667880375
726,0,0,726,0.01570780177742271,0.06283120710969084,0.0002467350366788041
727,0,1,727,0.01570780177742267,0.06283120710969045,0.0002467350366788027
728,0,1,728,0.01570780177742256,0.06283120710969017,0.0002467350366787994
729,0,0,729,0.01570780177742263,0.06283120710969041,0.00024673503667880153
730,0,1,730,0.015707801777422658,0.06283120710969049,0.0002467350366788024
731,0,1,731,0.01570780177742257,0.06283120710969008,0.00024673503667879963
732,0,1,732,0.015707801777422672,0.06283120710969053,0.00024673503667880283
733,0,0,733,0.015707801777422595,0.06283120710969033,0.00024673503667880045
734,0,1,734,0.01570780177742261,0.06283120710969027,0.00024673503667880094
735,0,0,735,0.015707801777422654,0.06283120710969028,0.0002467350366788023
736,0,0,736,0.015707801777422568,0.0628312071096902,0.00024673503667879963
737,0,1,737,0.015707801777422627,0.06283120710969038,0.0002467350366788014
738,0,1,738,0.015707801777422686,0.0628312071096906,0.00024673503667880327
739,0,1,739,0.015707801777422686,0.06283120710969069,0.00024673503667880327
740,0,0,740,0.015707801777422693,0.06283120710969067,0.00024673503667880343
741,0,0,741,0.01570780177742279,0.06283120710969106,0.0002467350366788066
742,0,1,742,0.015707801777422606,0.06283120710969034,0.00024673503667880077
743,0,0,743,0.01570780177742248,0.06283120710968987,0.00024673503667879687
744,0,0,744,0.0157078017774227,0.06283120710969063,0.00024673503667880375
745,0,1,745,0.01570780177742257,0.0628312071096902,0.00024673503667879974
746,0,1,746,0.015707801777422627,0.06283120710969028,0.00024673503667880153
747,0,0,747,0.015707801777422602,0.06283120710969031,0.00024673503667880066
748,0,0,748,0.01570780177742273,0.0628312071096909,0.00024673503667880473
749,0,1,749,0.015707801777422554,0.0628312071096902,0.00024673503667879915
750,0,1,750,0.015707801777422682,0.06283120710969058,0.0002467350366788032
751,0,1,751,0.015707801777422623,0.06283120710969028,0.0002467350366788013
752,0,1,752,0.015707801777422578,0.06283120710969028,0.0002467350366787999
753,0,1,753,0.01570780177742274,0.06283120710969095,0.00024673503667880506
754,0,1,754,0.01570780177742275,0.062831207109691,0.0002467350366788053
755,0,1,755,0.0157078017774227,0.06283120710969073,0.0002467350366788037
756,0,0,756,0.015707801777422713,0.06283120710969078,0.0002467350366788042
757,0,0,757,0.015707801777422647,0.06283120710969049,0.0002467350366788021
758,0,0,758,0.01570780177742255,0.06283120710969008,0.0002467350366787991
759,0,0,759,0.0157078017774227,0.06283120710969073,0.00024673503667880365
760,0,0,760,0.015707801777422613,0.06283120710969041,0.000246735036678801
761,0,1,761,0.015707801777422578,0.06283120710969028,0.0002467350366787999
762,0,0,762,0.0157078017774227,0.06283120710969073,0.0002467350366788037
763,0,1,763,0.015707801777422613,0.06283120710969031,0.00024673503667880094
764,0,1,764,0.015707801777422578,0.06283120710969031,0.0002467350366787999
765,0,0,765,0.0157078017774226,0.06283120710969037,0.00024673503667880056
766,0,0,766,0.015707801777422693,0.06283120710969077,0.0002467350366788036
767,0,1,767,0.01570780177742257,0.0628312071096902,0.0002467350366787997
768,0,1,768,0.015707801777422606,0.06283120710969037,0.0002467350366788008
769,0,1,769,0.0157078017774228,0.06283120710969112,0.00024673503667880684
770,0,0,770,0.015707801777422526,0.06283120710968998,0.0002467350366787983
771,0,0,771,0.01570780177742257,0.06283120710969023,0.0002467350366787997
772,0,1,772,0.015707801777422516,0.06283120710969,0.00024673503667879785
773,0,0,773,0.01570780177742263,0.0628312071096905,0.0002467350366788014
774,0,1,774,0.01570780177742269,0.06283120710969073,0.0002467350366788034
775,0,0,775,0.01570780177742258,0.06283120710969028,0.0002467350366787999
776,0,0,776,0.015707801777422564,0.06283120710969026,0.00024673503667879947
777,0,1,777,0.01570780177742267,0.06283120710969067,0.0002467350366788027
778,0,0,778,0.0157078017774226,0.06283120710969023,0.0002467350366788006
779,0,1,779,0.015707801777422627,0.06283120710969048,0.0002467350366788015
780,0,1,780,0.015707801777422592,0.06283120710969035,0.00024673503667880034
781,0,1,781,0.015707801777422543,0.06283120710969015,0.0002467350366787987
782,0,0,782,0.015707801777422575,0.06283120710969026,0.0002467350366787998
783,0,1,783,0.015707801777422644,0.06283120710969042,0.00024673503667880197
784,0,1,784,0.01570780177742253,0.06283120710969006,0.0002467350366787983
785,0,0,785,0.015707801777422658,0.06283120710969056,0.00024673503667880245
786,0,1,786,0.015707801777422592,0.06283120710969028,0.0002467350366788003
787,0,1,787,0.015707801777422672,0.06283120710969041,0.00024673503667880283
788,0,0,788,0.015707801777422765,0.06283120710969103,0.00024673503667880576
789,0,0,789,0.015707801777422682,0.06283120710969067,0.00024673503667880327
790,0,0,790,0.015707801777422575,0.06283120710969028,0.0002467350366787998
791,0,0,791,0.015707801777422672,0.06283120710969067,0.00024673503667880283
792,0,0,792,0.015707801777422568,0.06283120710969024,0.0002467350366787995
793,0,0,793,0.015707801777422672,0.06283120710969044,0.00024673503667880294
794,0,1,794,0.0157078017774226,0.06283120710969028,0.0002467350366788006
795,0,1,795,0.0157078017774227,0.06283120710969078,0.00024673503667880375
796,0,1,796,0.01570780177742275,0.0628312071096909,0.0002467350366788054
797,0,0,797,0.01570780177742257,0.0628312071096901,0.0002467350366787997
798,0,1,798,0.015707801777422627,0.0628312071096905,0.0002467350366788014
799,0,1,799,0.015707801777422595,0.06283120710969037,0.00024673503667880045
800,0,0,800,0.01570780177742267,0.0628312071096906,0.0002467350366788028
801,0,1,801,0.015707801777422585,0.06283120710969027,0.0002467350366788
802,0,0,802,0.015707801777422606,0.06283120710969034,0.00024673503667880077
803,0,1,803,0.01570780177742278,0.06283120710969099,0.00024673503667880625
804,0,1,804,0.015707801777422568,0.06283120710969015,0.0002467350366787995
805,0,0,805,0.015707801777422578,0.06283120710969031,0.0002467350366787999
806,0,1,806,0.01570780177742274,0.06283120710969081,0.00024673503667880506
807,0,1,807,0.015707801777422557,0.06283120710969012,0.00024673503667879925
808,0,0,808,0.015707801777422686,0.06283120710969026,0.0002467350366788033
809,0,0,809,0.01570780177742254,0.06283120710969008,0.0002467350366787987
810,0,1,810,0.015707801777422713,0.0628312071096907,0.0002467350366788042
811,0,1,811,0.015707801777422602,0.06283120710969031,0.00024673503667880066
812,0,1,812,0.015707801777422672,0.06283120710969027,0.00024673503667880283
813,0,0,813,0.015707801777422644,0.0628312071096904,0.0002467350366788019
814,0,1,814,0.015707801777422682,0.06283120710969067,0.0002467350366788032
815,0,0,815,0.015707801777422654,0.06283120710969059,0.0002467350366788023
816,0,0,816,0.015707801777422675,0.06283120710969045,0.00024673503667880294
817,0,0,817,0.01570780177742256,0.06283120710969013,0.0002467350366787993
818,0,1,818,0.01570780177742265,0.06283120710969042,0.00024673503667880224
819,0,0,819,0.0157078017774227,0.06283120710969077,0.00024673503667880375
820,0,1,820,0.01570780177742273,0.06283120710969081,0.00024673503667880473
821,0,1,821,0.015707801777422637,0.06283120710969048,0.0002467350366788017
822,0,1,822,0.015707801777422797,0.06283120710969106,0.0002467350366788068
823,0,1,823,0.015707801777422665,0.0628312071096906,0.00024673503667880267
824,0,1,824,0.015707801777422654,0.0628312071096906,0.0002467350366788024
825,0,1,825,0.015707801777422606,0.06283120710969033,0.00024673503667880077
826,0,0,826,0.015707801777422547,0.06283120710969006,0.000246735036678799
827,0,0,827,0.015707801777422634,0.06283120710969042,0.0002467350366788016
828,0,1,828,0.015707801777422585,0.06283120710969033,0.0002467350366788002
829,0,1,829,0.01570780177742256,0.06283120710969024,0.0002467350366787993
830,0,0,830,0.015707801777422717,0.06283120710969078,0.0002467350366788043
831,0,0,831,0.015707801777422592,0.06283120710969023,0.00024673503667880034
832,0,1,832,0.015707801777422658,0.0628312071096904,0.0002467350366788024
833,0,0,833,0.015707801777422578,0.06283120710969031,0.0002467350366787999
834,0,0,834,0.01570780177742266,0.06283120710969053,0.0002467350366788025
835,0,1,835,0.01570780177742263,0.06283120710969038,0.00024673503667880153
836,0,0,836,0.015707801777422543,0.06283120710969015,0.0002467350366787989
837,0,1,837,0.015707801777422568,0.06283120710969013,0.0002467350366787996
838,0,0,838,0.015707801777422592,0.06283120710969034,0.0002467350366788004
839,0,1,839,0.0157078017774226,0.06283120710969028,0.0002467350366788005
840,0,0,840,0.015707801777422623,0.06283120710969031,0.00024673503667880126
841,0,0,841,0.015707801777422613,0.06283120710969028,0.00024673503667880094
842,0,1,842,0.015707801777422595,0.06283120710969037,0.00024673503667880045
843,0,1,843,0.015707801777422717,0.0628312071096908,0.00024673503667880424
844,0,1,844,0.015707801777422602,0.06283120710969037,0.0002467350366788007
845,0,1,845,0.015707801777422616,0.06283120710969037,0.0002467350366788011
846,0,1,846,0.01570780177742257,0.06283120710969023,0.0002467350366787997
847,0,1,847,0.015707801777422627,0.06283120710969034,0.0002467350366788014
848,0,1,848,0.015707801777422602,0.06283120710969041,0.00024673503667880066
849,0,0,849,0.015707801777422523,0.06283120710968997,0.00024673503667879817
850,0,1,850,0.015707801777422686,0.06283120710969056,0.0002467350366788033
851,0,1,851,0.015707801777422703,0.06283120710969065,0.00024673503667880375
852,0,0,852,0.015707801777422696,0.0628312071096907,0.00024673503667880354
853,0,0,853,0.015707801777422595,0.06283120710969037,0.0002467350366788004
854,0,0,854,0.015707801777422613,0.06283120710969028,0.00024673503667880104
855,0,1,855,0.015707801777422713,0.06283120710969073,0.00024673503667880413
856,0,0,856,0.01570780177742274,0.06283120710969092,0.00024673503667880495
857,0,0,857,0.0157078017774226,0.06283120710969038,0.0002467350366788006
858,0,1,858,0.015707801777422547,0.06283120710968998,0.0002467350366787988
859,0,0,859,0.015707801777422575,0.06283120710969022,0.00024673503667879974
860,0,0,860,0.015707801777422776,0.06283120710969098,0.0002467350366788061
861,0,1,861,0.015707801777422672,0.06283120710969056,0.0002467350366788029
862,0,1,862,0.015707801777422606,0.0628312071096904,0.00024673503667880077
863,0,0,863,0.01570780177742265,0.06283120710969059,0.0002467350366788022
864,0,0,864,0.015707801777422672,0.06283120710969059,0.0002467350366788029
865,0,0,865,0.01570780177742268,0.06283120710969067,0.0002467350366788031
866,0,0,866,0.015707801777422606,0.0628312071096904,0.0002467350366788008
867,0,0,867,0.015707801777422703,0.06283120710969076,0.00024673503667880386
868,0,0,868,0.015707801777422613,0.06283120710969042,0.000246735036678801
869,0,1,869,0.015707801777422627,0.06283120710969037,0.0002467350366788014
870,0,0,870,0.015707801777422644,0.06283120710969048,0.00024673503667880197
871,0,0,871,0.01570780177742276,0.06283120710969083,0.00024673503667880554
872,0,0,872,0.015707801777422665,0.06283120710969055,0.0002467350366788026
873,0,0,873,0.015707801777422672,0.06283120710969059,0.0002467350366788029
874,0,0,874,0.015707801777422627,0.06283120710969049,0.0002467350366788014
875,0,0,875,0.015707801777422623,0.06283120710969031,0.00024673503667880137
876,0,0,876,0.015707801777422623,0.06283120710969048,0.0002467350366788013
877,0,0,877,0.015707801777422637,0.06283120710969053,0.0002467350366788017
878,0,1,878,0.01570780177742279,0.06283120710969106,0.0002467350366788065
879,0,0,879,0.015707801777422647,0.06283120710969048,0.00024673503667880197
880,0,1,880,0.015707801777422557,0.06283120710969017,0.0002467350366787993
881,0,1,881,0.015707801777422762,0.06283120710969088,0.00024673503667880565
882,0,0,882,0.01570780177742277,0.06283120710969091,0.0002467350366788059
883,0,0,883,0.015707801777422623,0.06283120710969031,0.00024673503667880126
884,0,1,884,0.01570780177742259,0.06283120710969028,0.0002467350366788003
885,0,1,885,0.01570780177742259,0.06283120710969027,0.0002467350366788002
886,0,1,886,0.015707801777422578,0.06283120710969024,0.0002467350366787998
887,0,1,887,0.01570780177742273,0.06283120710969085,0.0002467350366788047
888,0,1,888,0.015707801777422623,0.06283120710969028,0.00024673503667880137
889,0,0,889,0.015707801777422616,0.06283120710969045,0.0002467350366788012
890,0,0,890,0.015707801777422543,0.06283120710969012,0.00024673503667879877
891,0,1,891,0.015707801777422592,0.06283120710969024,0.0002467350366788004
892,0,1,892,0.01570780177742272,0.06283120710969071,0.0002467350366788044
893,0,1,893,0.01570780177742262,0.06283120710969035,0.00024673503667880115
894,0,1,894,0.015707801777422602,0.06283120710969038,0.00024673503667880066
895,0,0,895,0.015707801777422647,0.06283120710969053,0.00024673503667880213
896,0,0,896,0.01570780177742269,0.06283120710969053,0.0002467350366788034
897,0,1,897,0.015707801777422693,0.06283120710969066,0.0002467350366788035
898,0,0,898,0.015707801777422578,0.06283120710969026,0.0002467350366787998
899,0,1,899,0.015707801777422595,0.06283120710969033,0.0002467350366788004
900,0,0,900,0.01570780177742256,0.0628312071096901,0.0002467350366787993
901,0,1,901,0.015707801777422717,0.06283120710969084,0.00024673503667880424
902,0,1,902,0.01570780177742268,0.06283120710969066,0.0002467350366788031
903,0,0,903,0.015707801777422637,0.06283120710969033,0.00024673503667880175
904,0,0,904,0.0157078017774226,0.06283120710969031,0.00024673503667880045
905,0,1,905,0.015707801777422533,0.0628312071096901,0.00024673503667879844
906,0,1,906,0.01570780177742264,0.06283120710969041,0.00024673503667880186
907,0,0,907,1.9999383152895793,7.999753261158316,0.00024673503667881384
908,0,0,908,0.015707801777422595,0.06283120710969034,0.0002467350366788005
909,0,0,909,0.01570780177742268,0.06283120710969066,0.00024673503667880305
910,0,0,910,0.015707801777422693,0.06283120710969073,0.00024673503667880354
911,0,0,911,0.0157078017774226,0.06283120710969016,0.00024673503667880056
912,0,0,912,0.015707801777422578,0.0628312071096902,0.0002467350366787999
913,0,1,913,0.015707801777422727,0.06283120710969081,0.0002467350366788046
914,0,0,914,0.015707801777422578,0.06283120710969028,0.0002467350366787999
915,0,0,915,0.015707801777422703,0.06283120710969067,0.0002467350366788038
916,0,0,916,0.015707801777422675,0.06283120710969031,0.0002467350366788029
917,0,0,917,0.015707801777422717,0.06283120710969083,0.00024673503667880435
918,0,0,918,0.015707801777422717,0.06283120710969076,0.00024673503667880424
919,0,1,919,0.01570780177742253,0.06283120710969009,0.00024673503667879844
920,0,0,920,0.015707801777422658,0.0628312071096905,0.00024673503667880234
921,0,0,921,0.015707801777422606,0.06283120710969028,0.00024673503667880077
922,0,1,922,0.01570780177742258,0.06283120710969003,0.00024673503667879996
923,0,1,923,0.015707801777422672,0.0628312071096905,0.00024673503667880283
924,0,1,924,0.01570780177742269,0.0628312071096907,0.0002467350366788034
925,0,0,925,0.015707801777422672,0.06283120710969053,0.0002467350366788029
926,0,0,926,0.01570780177742275,0.062831207109691,0.0002467350366788054
927,0,0,927,0.015707801777422654,0.0628312071096905,0.0002467350366788023
928,0,0,928,0.015707801777422644,0.06283120710969052,0.00024673503667880197
929,0,1,929,0.015707801777422644,0.06283120710969037,0.000246735036678802
930,0,0,930,0.015707801777422734,0.06283120710969092,0.00024673503667880484
931,0,0,931,0.01570780177742272,0.06283120710969087,0.0002467350366788043
932,0,0,932,0.015707801777422682,0.06283120710969045,0.00024673503667880316
933,0,0,933,0.015707801777422547,0.06283120710969017,0.000246735036678799
934,0,1,934,0.015707801777422755,0.0628312071096909,0.0002467350366788055
935,0,1,935,0.015707801777422568,0.06283120710969026,0.0002467350366787997
936,0,0,936,0.015707801777422706,0.0628312071096907,0.00024673503667880397
937,0,0,937,0.015707801777422634,0.06283120710969045,0.0002467350366788017
938,0,0,938,0.015707801777422644,0.06283120710969056,0.00024673503667880197
939,0,0,939,0.01570780177742259,0.06283120710969031,0.0002467350366788002
940,0,0,940,0.015707801777422602,0.06283120710969026,0.00024673503667880066
941,0,0,941,0.015707801777422613,0.06283120710969041,0.0002467350366788009
942,0,0,942,0.015707801777422578,0.06283120710969028,0.0002467350366787999
943,0,1,943,0.01570780177742261,0.06283120710969042,0.0002467350366788009
944,0,0,944,0.015707801777422554,0.06283120710969012,0.0002467350366787992
945,0,0,945,0.015707801777422616,0.06283120710969035,0.00024673503667880104
946,0,0,946,0.01570780177742255,0.06283120710969012,0.000246735036678799
947,0,0,947,0.015707801777422755,0.062831207109691,0.0002467350366788054
948,0,0,948,0.015707801777422672,0.06283120710969067,0.0002467350366788028
949,0,0,949,0.015707801777422672,0.06283120710969065,0.0002467350366788029
950,0,0,950,0.015707801777422634,0.0628312071096904,0.0002467350366788017
951,0,0,951,0.015707801777422783,0.06283120710969109,0.00024673503667880636
952,0,1,952,0.015707801777422693,0.06283120710969065,0.00024673503667880354
953,0,0,953,0.01570780177742281,0.06283120710969115,0.0002467350366788072
954,0,0,954,0.015707801777422675,0.06283120710969063,0.00024673503667880294
955,0,1,955,0.015707801777422592,0.06283120710969031,0.00024673503667880034
956,0,1,956,0.01570780177742266,0.06283120710969048,0.0002467350366788026
957,0,0,957,0.015707801777422634,0.06283120710969033,0.00024673503667880164
958,0,0,958,0.015707801777422755,0.06283120710969096,0.0002467350366788055
959,0,0,959,0.015707801777422734,0.06283120710969088,0.00024673503667880484
960,0,1,960,0.015707801777422644,0.06283120710969052,0.000246735036678802
961,0,1,961,0.015707801777422713,0.06283120710969085,0.0002467350366788042
962,0,1,962,0.01570780177742259,0.06283120710969033,0.0002467350366788003
963,0,0,963,0.015707801777422592,0.06283120710969028,0.0002467350366788003
964,0,0,964,0.015707801777422602,0.06283120710969031,0.0002467350366788006
965,0,0,965,0.015707801777422606,0.0628312071096904,0.0002467350366788008
966,0,1,966,0.015707801777422606,0.06283120710969035,0.0002467350366788007
967,0,1,967,0.015707801777422613,0.0628312071096904,0.00024673503667880094
968,0,1,968,0.01570780177742258,0.06283120710969026,0.00024673503667880007
969,0,0,969,0.015707801777422585,0.06283120710969024,0.0002467350366788001
970,0,0,970,0.01570780177742264,0.06283120710969056,0.0002467350366788018
971,0,1,971,0.015707801777422762,0.06283120710969085,0.0002467350366788057
972,0,0,972,0.015707801777422675,0.06283120710969065,0.00024673503667880294
973,0,1,973,0.015707801777422727,0.0628312071096909,0.0002467350366788047
974,0,0,974,0.015707801777422623,0.0628312071096904,0.00024673503667880137
975,0,0,975,0.015707801777422595,0.06283120710969012,0.0002467350366788004
976,0,0,976,0.015707801777422606,0.06283120710969031,0.00024673503667880077
977,0,0,977,0.015707801777422578,0.06283120710969027,0.00024673503667879996
978,0,1,978,0.015707801777422627,0.06283120710969035,0.0002467350366788014
979,0,0,979,0.01570780177742255,0.0628312071096902,0.00024673503667879904
980,0,0,980,0.015707801777422696,0.06283120710969063,0.00024673503667880365
981,0,0,981,0.015707801777422623,0.06283120710969048,0.00024673503667880137
982,0,1,982,0.01570780177742258,0.06283120710969031,0.0002467350366787999
983,0,0,983,0.01570780177742274,0.06283120710969095,0.000246735036678805
984,0,1,984,0.01570780177742246,0.06283120710968973,0.00024673503667879616
985,0,1,985,0.015707801777422568,0.0628312071096902,0.00024673503667879947
986,0,1,986,0.015707801777422592,0.0628312071096903,0.00024673503667880034
987,0,1,987,0.015707801777422578,0.06283120710969028,0.00024673503667879985
988,0,0,988,0.015707801777422727,0.06283120710969081,0.0002467350366788046
989,0,1,989,0.015707801777422627,0.0628312071096904,0.0002467350366788015
990,0,1,990,0.0157078017774225,0.06283120710968998,0.0002467350366787974
991,0,1,991,0.015707801777422627,0.06283120710969048,0.0002467350366788014
992,0,0,992,0.015707801777422724,0.06283120710969081,0.0002467350366788045
993,0,0,993,0.015707801777422536,0.06283120710969009,0.00024673503667879855
994,0,0,994,0.015707801777422647,0.06283120710969045,0.00024673503667880213
995,0,1,995,0.01570780177742266,0.06283120710969062,0.0002467350366788025
996,0,0,996,0.015707801777422578,0.06283120710969031,0.00024673503667879985
997,0,0,997,0.015707801777422654,0.06283120710969053,0.00024673503667880234
998,0,1,998,0.01570780177742265,0.06283120710969053,0.0002467350366788022
999,0,1,999,0.0157078017774226,0.06283120710969012,0.00024673503667880056
