,Layer,Qubit,Run,2-Norm,Trace Norm,Diamond Norm
0,0,0,0,0.01570780177742257,0.04514160437382997,0.0002467350366787986
1,0,1,1,0.0157078017774226,0.04745189649474624,0.00024673503667880283
2,0,1,2,0.01570780177742254,0.04579235347066213,0.0002467350366787987
3,0,0,3,0.01570780177742282,0.035503688453778715,0.0002467350366788073
4,0,0,4,0.01570780177742261,0.009545435828252777,0.0002467350366788008
5,0,0,5,0.015707801777422585,0.023983467644100143,0.00024673503667879855
6,0,1,6,0.01570780177742262,0.02674328989504926,0.0002467350366788011
7,0,0,7,0.015707801777422623,0.032142587785558896,0.0002467350366788002
8,0,1,8,0.015707801777422595,0.014146638511042031,0.0002467350366788002
9,0,1,9,0.01570780177742257,0.006699542297902372,0.0002467350366787998
10,0,1,10,0.015707801777422627,0.00955859902836087,0.0002467350366788009
11,0,0,11,0.01570780177742272,0.0004158884436011867,0.0002467350366788028
12,0,0,12,0.015707801777422675,0.02289625497906611,0.0002467350366788029
13,0,1,13,0.015707801777422647,0.015107263266442406,0.00024673503667880213
14,0,0,14,0.015707801777422654,0.019561769677324314,0.0002467350366788013
15,0,1,15,0.015707801777422595,0.00046618001513537566,0.00024673503667880045
16,0,0,16,0.015707801777422693,0.00974972439152344,0.00024673503667880267
17,0,0,17,0.01570780177742267,0.026519184958446962,0.0002467350366788021
18,0,1,18,0.015707801777422578,0.06033604523874664,0.00024673503667879985
19,0,1,19,0.0157078017774226,0.0013385147339955994,0.00024673503667880045
20,0,1,20,0.0157078017774226,0.05771704293778657,0.0002467350366788003
21,0,0,21,0.015707801777422585,0.013529036372625487,0.00024673503667880007
22,0,1,22,0.01570780177742257,0.006351972758286806,0.00024673503667879974
23,0,0,23,0.015707801777422658,0.010026128489378339,0.0002467350366788023
24,0,0,24,0.015707801777422654,0.030862248771495127,0.00024673503667880066
25,0,0,25,0.01570780177742256,0.02384089654105148,0.00024673503667879925
26,0,1,26,0.015707801777422738,0.017843964970163828,0.00024673503667880473
27,0,0,27,0.01570780177742257,0.06147823944819941,0.0002467350366787997
28,0,1,28,0.015707801777422734,0.011895864434205539,0.00024673503667880413
29,0,0,29,0.015707801777422637,0.04879439711773381,0.00024673503667880164
30,0,0,30,0.015707801777422606,0.035810436953308766,0.0002467350366788007
31,0,0,31,0.015707801777422585,0.0271789117136928,0.0002467350366787997
32,0,1,32,0.015707801777422592,0.044278249170909056,0.00024673503667880034
33,0,1,33,0.015707801777422564,0.047468048921433414,0.00024673503667879947
34,0,1,34,0.01570780177742265,0.014415393360001971,0.00024673503667880213
35,0,0,35,0.015707801777422665,0.0008382543472023052,0.00024673503667880245
36,0,1,36,0.015707801777422665,0.002253695911978326,0.00024673503667880267
37,0,0,37,0.015707801777422595,0.007034162201802724,0.0002467350366788003
38,0,0,38,0.01570780177742257,0.05164455631741571,0.00024673503667879963
39,0,1,39,0.015707801777422568,0.050223058282180544,0.0002467350366787995
40,0,1,40,0.015707801777422647,0.017851901109385393,0.0002467350366788014
41,0,0,41,0.015707801777422797,0.0038302761521406548,0.00024673503667880684
42,0,0,42,0.015707801777422634,0.027972318813100028,0.00024673503667880056
43,0,1,43,0.01570780177742258,0.021129954339205115,0.00024673503667879963
44,0,1,44,0.015707801777422647,0.004630716475308674,0.0002467350366788018
45,0,0,45,0.015707801777422592,0.0001932747768699783,0.0002467350366788003
46,0,1,46,0.01570780177742257,0.060995116602129196,0.0002467350366787997
47,0,0,47,0.015707801777422748,0.018384624505751734,0.00024673503667880527
48,0,1,48,0.01570780177742279,0.016750002347922788,0.00024673503667880554
49,0,0,49,0.01570780177742268,0.0011948151687658504,0.00024673503667880305
50,0,0,50,0.015707801777422627,0.05410358260027692,0.00024673503667880137
51,0,0,51,0.01570780177742252,0.015150367608696258,0.00024673503667879806
52,0,0,52,0.015707801777422717,0.003054157753941078,0.0002467350366788042
53,0,0,53,0.015707801777422755,0.0016374783749084076,0.00024673503667880543
54,0,1,54,0.015707801777422682,0.04552692624018184,0.00024673503667880197
55,0,0,55,0.01570780177742262,0.04211218705877817,0.0002467350366788006
56,0,0,56,0.015707801777422568,0.05082752457156081,0.0002467350366787993
57,0,0,57,0.01570780177742276,0.026077586526231045,0.0002467350366788044
58,0,1,58,1.9999383152895795,5.219533199096558,0.0002467350366788093
59,0,0,59,0.015707801777422533,0.005549086778431994,0.00024673503667879855
60,0,0,60,0.01570780177742271,0.0199546338374037,0.0002467350366788033
61,0,0,61,0.01570780177742258,0.05124817753728306,0.0002467350366788
62,0,1,62,0.015707801777422474,0.05401218790315143,0.00024673503667879665
63,0,1,63,0.015707801777422665,0.0025147609956706063,0.0002467350366788026
64,0,1,64,0.01570780177742266,0.027221388672378,0.0002467350366788024
65,0,0,65,0.015707801777422547,0.03537471810368342,0.0002467350366787981
66,0,1,66,0.01570780177742263,0.021890556917553816,0.000246735036678801
67,0,1,67,0.015707801777422693,0.005513871213151278,0.0002467350366788027
68,0,1,68,0.015707801777422647,0.03667619049548443,0.00024673503667880186
69,0,1,69,0.015707801777422696,0.002311063755079612,0.0002467350366788027
70,0,0,70,0.015707801777422613,0.03498805410970507,0.000246735036678801
71,0,0,71,0.01570780177742267,0.044813969726610114,0.0002467350366788013
72,0,1,72,0.015707801777422675,0.03326988618702065,0.0002467350366788022
73,0,0,73,0.01570780177742273,0.018608473447827567,0.0002467350366788046
74,0,0,74,0.01570780177742259,0.053662350888965094,0.00024673503667879996
75,0,0,75,0.01570780177742257,0.01834352299977482,0.00024673503667879963
76,0,0,76,0.015707801777422682,0.03324879563529892,0.0002467350366788025
77,0,1,77,0.015707801777422644,0.022447895183095756,0.00024673503667880164
78,0,1,78,0.015707801777422585,0.04864108353953034,0.0002467350366788001
79,0,0,79,0.015707801777422672,0.019648103432674646,0.0002467350366788016
80,0,0,80,0.015707801777422713,0.015035420399149624,0.0002467350366788041
81,0,0,81,0.015707801777422703,0.03800383528735907,0.0002467350366788037
82,0,1,82,0.015707801777422703,0.02850722802995609,0.00024673503667880186
83,0,0,83,0.015707801777422578,0.031105208843178578,0.0002467350366787999
84,0,0,84,0.015707801777422613,0.006741950626052429,0.0002467350366788003
85,0,0,85,0.015707801777422828,0.028169234056530268,0.0002467350366788075
86,0,1,86,0.015707801777422637,0.015482298017988061,0.0002467350366788016
87,0,1,87,0.015707801777422595,0.004689682141899368,0.00024673503667880034
88,0,1,88,0.015707801777422564,0.025072706208413287,0.0002467350366787993
89,0,0,89,0.015707801777422595,0.0017546634784884052,0.0002467350366788001
90,0,1,90,0.015707801777422592,0.0019820413455195404,0.0002467350366788003
91,0,0,91,0.015707801777422682,0.029375443975058424,0.00024673503667880294
92,0,0,92,0.015707801777422734,0.0017352417698641709,0.00024673503667880283
93,0,1,93,0.015707801777422578,0.06091673721047819,0.0002467350366787997
94,0,1,94,0.01570780177742272,0.009769219522807404,0.0002467350366788035
95,0,1,95,0.015707801777422557,0.005962807908878098,0.00024673503667879904
96,0,0,96,0.015707801777422623,0.010300427482661245,0.0002467350366788008
97,0,0,97,0.015707801777422717,0.01331827066619029,0.00024673503667880397
98,0,1,98,0.015707801777422602,0.029906643956710388,0.0002467350366788002
99,0,0,99,0.01570780177742269,0.031121767346891316,0.0002467350366788033
100,0,1,100,0.015707801777422585,0.01697774185053412,0.00024673503667879996
101,0,0,101,0.01570780177742274,0.048414673522945595,0.00024673503667880484
102,0,1,102,0.015707801777422654,0.01489830888765492,0.0002467350366788021
103,0,0,103,0.015707801777422557,0.014654816680612193,0.0002467350366787986
104,0,1,104,0.015707801777422578,0.06079842598495518,0.0002467350366787999
105,0,1,105,0.01570780177742259,0.03653178553858627,0.0002467350366788002
106,0,1,106,0.01570780177742264,0.02282466098174618,0.0002467350366788011
107,0,0,107,0.01570780177742268,0.03324278884796428,0.00024673503667880305
108,0,1,108,0.01570780177742257,0.009365507479596857,0.0002467350366787991
109,0,0,109,0.01570780177742262,0.0039335401388104485,0.00024673503667880115
110,0,1,110,0.01570780177742262,0.046356585395440186,0.00024673503667880077
111,0,1,111,0.015707801777422536,0.03129323070530554,0.00024673503667879855
112,0,1,112,0.015707801777422488,0.007638760268089795,0.00024673503667879714
113,0,1,113,0.0157078017774227,0.00036981795979349613,0.00024673503667880365
114,0,1,114,0.01570780177742269,0.01582326622343344,0.0002467350366788027
115,0,0,115,0.01570780177742258,0.010342865867279505,0.0002467350366787998
116,0,0,116,0.015707801777422644,0.003120233487553803,0.0002467350366788019
117,0,0,117,0.01570780177742253,0.023825791860783152,0.0002467350366787984
118,0,1,118,0.01570780177742258,0.008425870220707843,0.00024673503667879963
119,0,1,119,0.015707801777422602,0.0007480776908644349,0.0002467350366788005
120,0,0,120,0.0157078017774226,0.0021057200327193604,0.0002467350366788003
121,0,1,121,0.01570780177742265,0.013963091428913277,0.00024673503667880213
122,0,0,122,0.015707801777422536,0.008135463462333112,0.0002467350366787985
123,0,0,123,0.015707801777422637,0.039236620942676215,0.00024673503667880175
124,0,0,124,0.01570780177742266,0.05596746656494189,0.0002467350366788024
125,0,0,125,0.01570780177742261,0.041653366644242795,0.0002467350366788009
126,0,0,126,0.015707801777422502,0.005703755682556988,0.00024673503667879747
127,0,0,127,0.015707801777422564,0.055175042345507075,0.0002467350366787993
128,0,1,128,0.01570780177742257,0.008716729078496858,0.0002467350366787998
129,0,1,129,0.015707801777422602,0.003679703280265123,0.0002467350366788006
130,0,0,130,0.01570780177742262,0.03646500361113558,0.0002467350366788012
131,0,0,131,0.01570780177742259,0.0058278356421386235,0.00024673503667880007
132,0,0,132,0.01570780177742271,0.01826213156671974,0.0002467350366788027
133,0,1,133,0.01570780177742286,0.029214210590120082,0.00024673503667880836
134,0,1,134,0.015707801777422536,0.017160855879215564,0.00024673503667879795
135,0,0,135,0.015707801777422523,0.02138115255502171,0.00024673503667879795
136,0,0,136,0.015707801777422765,0.026248024351668953,0.00024673503667880484
137,0,1,137,0.015707801777422745,0.02562505100784085,0.0002467350366788036
138,0,0,138,0.015707801777422595,0.05337565407380407,0.00024673503667880034
139,0,1,139,0.01570780177742259,0.04641379571338733,0.00024673503667879947
140,0,1,140,0.015707801777422665,0.008275525592903898,0.0002467350366788026
141,0,0,141,0.015707801777422547,0.03875112322320562,0.0002467350366787988
142,0,1,142,0.0157078017774226,0.05061916814745793,0.0002467350366788005
143,0,0,143,0.015707801777422644,0.020485334418828105,0.00024673503667880186
144,0,1,144,0.01570780177742258,0.020465953173598575,0.00024673503667879996
145,0,0,145,0.01570780177742257,0.009070664962067765,0.0002467350366787994
146,0,1,146,0.01570780177742249,0.023715720782751415,0.0002467350366787971
147,0,0,147,0.015707801777422717,0.007444782398968508,0.0002467350366788041
148,0,1,148,0.015707801777422602,0.014094576069523801,0.0002467350366788003
149,0,1,149,0.015707801777422606,0.02247798873922746,0.0002467350366788005
150,0,0,150,0.015707801777422536,0.0035544630538678623,0.00024673503667879844
151,0,0,151,0.015707801777422557,0.011086557391547736,0.0002467350366787992
152,0,1,152,0.015707801777422637,0.0038446386780038866,0.00024673503667880175
153,0,1,153,0.01570780177742259,0.04729320362389622,0.0002467350366787996
154,0,1,154,0.0157078017774226,0.001959006014924422,0.00024673503667880045
155,0,1,155,0.015707801777422585,0.000668115145931264,0.0002467350366788
156,0,1,156,0.01570780177742271,0.018732386364842757,0.0002467350366788038
157,0,1,157,0.015707801777422634,0.006388022897186985,0.0002467350366788014
158,0,1,158,0.015707801777422568,0.06075263536183878,0.00024673503667879947
159,0,0,159,0.015707801777422776,0.04785149120634724,0.00024673503667880587
160,0,1,160,0.0157078017774226,0.04872167912393632,0.00024673503667880056
161,0,0,161,0.015707801777422585,0.005626713552532858,0.0002467350366787999
162,0,0,162,0.015707801777422686,0.03769591728189292,0.00024673503667880316
163,0,1,163,0.015707801777422592,0.031884718058090344,0.00024673503667880034
164,0,1,164,0.01570780177742259,0.0005008499377399112,0.0002467350366788
165,0,0,165,1.9999383152895793,0.3823770498366146,0.0002467350366788077
166,0,1,166,0.01570780177742258,0.0006734242901971221,0.00024673503667880007
167,0,1,167,0.01570780177742267,0.002401230283213429,0.00024673503667880256
168,0,1,168,0.01570780177742259,0.029979254000370936,0.00024673503667880023
169,0,0,169,0.015707801777422557,0.006684116479516694,0.0002467350366787993
170,0,0,170,0.01570780177742266,0.02277427701644763,0.00024673503667880234
171,0,1,171,0.015707801777422592,0.04946579682028396,0.00024673503667879996
172,0,0,172,0.01570780177742263,0.03121358574275468,0.0002467350366788004
173,0,0,173,0.01570780177742258,0.054573116832131285,0.00024673503667879985
174,0,0,174,0.01570780177742257,0.04944955705337861,0.00024673503667879963
175,0,0,175,0.015707801777422675,0.014485445785983542,0.00024673503667880267
176,0,1,176,0.0157078017774225,0.020001041902162342,0.0002467350366787974
177,0,0,177,0.015707801777422533,0.02014338530884241,0.00024673503667879844
178,0,1,178,0.015707801777422675,0.02183281763351319,0.00024673503667880294
179,0,0,179,0.015707801777422592,0.06170296312318302,0.00024673503667880034
180,0,1,180,0.015707801777422738,0.011728045126514708,0.00024673503667880495
181,0,0,181,0.015707801777422616,0.02050152920228232,0.000246735036678801
182,0,1,182,0.01570780177742257,0.06096287790894239,0.0002467350366787997
183,0,0,183,0.015707801777422634,0.021499315008839837,0.00024673503667880153
184,0,0,184,0.01570780177742264,0.024754373370866833,0.00024673503667880484
185,0,1,185,0.015707801777422536,0.05223068304514583,0.0002467350366787985
186,0,1,186,0.015707801777422547,0.030861978764112064,0.00024673503667879855
187,0,1,187,0.015707801777422793,0.052649776959051486,0.0002467350366788065
188,0,0,188,0.01570780177742269,0.01739844498962162,0.0002467350366788032
189,0,1,189,0.01570780177742257,0.018509852707885383,0.0002467350366787998
190,0,1,190,0.015707801777422585,0.0028214132543703807,0.0002467350366788001
191,0,1,191,0.015707801777422644,6.728405285471922e-05,0.00024673503667880197
192,0,0,192,0.015707801777422578,0.0006623422607434648,0.0002467350366787999
193,0,0,193,0.01570780177742273,0.0025764112257811167,0.00024673503667880413
194,0,0,194,0.015707801777422554,0.0005862707927267626,0.0002467350366787991
195,0,1,195,0.015707801777422602,0.0021703806486848554,0.0002467350366788006
196,0,0,196,0.01570780177742259,0.012831004298525836,0.0002467350366787998
197,0,0,197,0.015707801777422578,0.022565900141387152,0.0002467350366787999
198,0,1,198,0.0157078017774225,0.022180935979810856,0.00024673503667879747
199,0,1,199,0.015707801777422613,0.016145947027449647,0.000246735036678801
200,0,1,200,0.015707801777422696,0.0028220966577063855,0.0002467350366788028
201,0,1,201,0.015707801777422595,0.031652630045612806,0.00024673503667880045
202,0,0,202,0.015707801777422602,0.05915598418898771,0.00024673503667880066
203,0,1,203,0.01570780177742252,0.06044613339251392,0.00024673503667879795
204,0,0,204,0.015707801777422724,0.03492599369070426,0.0002467350366788044
205,0,1,205,0.015707801777422675,0.04131548348829872,0.0002467350366788026
206,0,0,206,0.015707801777422627,0.04613061134230513,0.00024673503667879996
207,0,0,207,0.015707801777422623,0.029322407691231955,0.00024673503667880104
208,0,1,208,0.015707801777422585,0.05710147194972115,0.00024673503667879985
209,0,0,209,0.015707801777422606,0.04653373849083842,0.0002467350366788007
210,0,0,210,0.015707801777422568,0.011316981499685852,0.00024673503667879936
211,0,1,211,0.015707801777422658,0.03990922658024143,0.0002467350366788022
212,0,1,212,0.01570780177742252,0.05152928628341469,0.0002467350366787979
213,0,1,213,0.015707801777422557,0.001240571334734722,0.00024673503667879904
214,0,0,214,0.015707801777422568,0.04060145377206381,0.0002467350366787992
215,0,0,215,0.015707801777422613,0.04672489071206343,0.0002467350366788009
216,0,1,216,0.015707801777422665,0.009354837598104515,0.0002467350366788026
217,0,1,217,0.01570780177742255,0.024996250234299744,0.00024673503667879817
218,0,1,218,0.01570780177742256,0.004341471412648901,0.0002467350366787993
219,0,1,219,0.01570780177742259,0.05251464868926714,0.0002467350366788001
220,0,1,220,0.01570780177742257,0.014846874166423663,0.0002467350366787996
221,0,1,221,0.01570780177742264,0.02591969898007651,0.00024673503667880164
222,0,0,222,0.015707801777422686,0.03348245557329932,0.0002467350366788033
223,0,0,223,0.015707801777422543,0.06028335666548834,0.0002467350366787987
224,0,0,224,0.015707801777422713,0.008023853482531318,0.00024673503667880386
225,0,0,225,0.01570780177742259,0.002049890334659743,0.00024673503667879974
226,0,1,226,0.015707801777422672,4.635761060822752e-05,0.0002467350366788028
227,0,0,227,0.015707801777422557,0.01527076525037252,0.00024673503667879925
228,0,0,228,0.015707801777422564,0.04444976344718654,0.0002467350366787991
229,0,0,229,0.01570780177742268,0.027693540181648046,0.00024673503667880305
230,0,1,230,0.015707801777422654,0.0497123992906221,0.00024673503667880153
231,0,1,231,0.015707801777422578,0.001524643781519952,0.00024673503667879996
232,0,1,232,0.01570780177742253,0.030771117854990426,0.0002467350366787983
233,0,0,233,0.015707801777422592,0.010989189732682786,0.0002467350366788004
234,0,1,234,0.01570780177742274,0.03175121931823566,0.00024673503667880484
235,0,0,235,0.015707801777422568,0.03798253061752899,0.0002467350366787996
236,0,1,236,0.015707801777422533,0.05586337637173222,0.00024673503667879795
237,0,1,237,0.0157078017774226,0.05933776704511895,0.00024673503667880056
238,0,1,238,0.0157078017774227,0.02099713390313851,0.00024673503667880365
239,0,0,239,0.015707801777422665,0.014761435518327204,0.0002467350366788018
240,0,0,240,0.01570780177742264,0.04549766144428169,0.00024673503667880094
241,0,0,241,0.01570780177742275,0.024287688689149434,0.0002467350366788045
242,0,0,242,0.015707801777422686,0.005490348658115929,0.0002467350366788032
243,0,0,243,0.015707801777422602,0.002549754482952693,0.0002467350366788002
244,0,0,244,0.015707801777422644,0.005810137104666158,0.0002467350366788002
245,0,0,245,0.015707801777422665,0.03624290983875289,0.0002467350366788025
246,0,1,246,0.015707801777422783,0.0274442399410888,0.000246735036678806
247,0,1,247,0.01570780177742253,0.014490657885768837,0.0002467350366787984
248,0,1,248,0.015707801777422516,0.045902890197393464,0.00024673503667879763
249,0,1,249,0.01570780177742273,0.03757591631713497,0.00024673503667880457
250,0,0,250,0.015707801777422745,0.035173030150601914,0.000246735036678805
251,0,1,251,0.01570780177742258,0.05467894211454638,0.00024673503667879996
252,0,1,252,0.0157078017774226,0.016501904840098724,0.00024673503667880056
253,0,0,253,0.015707801777422717,0.008786252581815202,0.0002467350366788043
254,0,1,254,0.015707801777422606,0.0013532461694096831,0.00024673503667879985
255,0,0,255,0.015707801777422693,0.039602037662449074,0.0002467350366788029
256,0,0,256,0.015707801777422647,0.03311565516989878,0.0002467350366788021
257,0,0,257,0.015707801777422585,0.05892061340767678,0.0002467350366787999
258,0,1,258,0.01570780177742265,0.015613912136571262,0.00024673503667880224
259,0,0,259,0.015707801777422595,0.00593649565786647,0.00024673503667879985
260,0,1,260,0.015707801777422564,0.0549270744155006,0.0002467350366787994
261,0,0,261,0.015707801777422578,0.062439029651340905,0.0002467350366788
262,0,1,262,0.01570780177742257,0.0599172241044279,0.0002467350366787997
263,0,0,263,0.015707801777422578,0.05140802630973251,0.00024673503667879974
264,0,1,264,0.0157078017774227,0.020639038988918168,0.00024673503667880343
265,0,0,265,0.015707801777422547,0.0539177683951384,0.0002467350366787988
266,0,0,266,0.015707801777422776,0.012477603086324285,0.00024673503667880587
267,0,1,267,0.01570780177742244,0.022136877720526416,0.0002467350366787955
268,0,0,268,0.015707801777422516,0.03494901149898322,0.0002467350366787978
269,0,1,269,0.01570780177742257,0.012767994717125308,0.0002467350366787996
270,0,0,270,0.015707801777422706,0.00656278940808086,0.00024673503667880316
271,0,1,271,0.01570780177742268,0.02887543424947303,0.0002467350366788031
272,0,0,272,0.015707801777422606,0.04279971240292768,0.0002467350366788028
273,0,1,273,0.01570780177742264,0.02946921504144484,0.0002467350366788018
274,0,0,274,0.015707801777422613,0.023556683506623877,0.000246735036678801
275,0,1,275,0.015707801777422578,0.011182937110166477,0.0002467350366787999
276,0,1,276,0.01570780177742267,0.012699338004892535,0.0002467350366788027
277,0,1,277,0.015707801777422495,0.05142459120418286,0.0002467350366787972
278,0,0,278,0.015707801777422592,0.05622861732646334,0.00024673503667880023
279,0,1,279,0.015707801777422516,0.059649373886808243,0.00024673503667879774
280,0,1,280,0.015707801777422564,0.049496792256184974,0.0002467350366787988
281,0,1,281,0.015707801777422578,0.017206250724267153,0.0002467350366787998
282,0,1,282,0.01570780177742262,0.019041389151937205,0.0002467350366788004
283,0,1,283,0.01570780177742262,0.04966765252081462,0.00024673503667880094
284,0,0,284,0.015707801777422595,0.03721054129578283,0.00024673503667880007
285,0,0,285,0.015707801777422703,0.00998283141045131,0.0002467350366788034
286,0,0,286,0.01570780177742268,0.03431676411926121,0.0002467350366788029
287,0,1,287,0.015707801777422585,0.016787401347961417,0.0002467350366788
288,0,0,288,0.015707801777422693,0.01369130352677006,0.0002467350366788024
289,0,0,289,0.01570780177742264,0.03888334913664693,0.0002467350366788019
290,0,1,290,0.015707801777422564,0.058842395177481854,0.00024673503667879915
291,0,0,291,0.015707801777422672,0.0004204721225099517,0.0002467350366788028
292,0,0,292,0.015707801777422644,0.003566117097316468,0.00024673503667880197
293,0,1,293,0.01570780177742267,0.008573824048517809,0.00024673503667880256
294,0,1,294,0.015707801777422557,0.010330125351125263,0.00024673503667879915
295,0,0,295,0.015707801777422523,0.01610735843983313,0.0002467350366787983
296,0,0,296,0.015707801777422606,0.007655917667192175,0.00024673503667880077
297,0,0,297,0.015707801777422533,0.030287046532022632,0.0002467350366787985
298,0,0,298,0.015707801777422783,0.006328676502008301,0.0002467350366788063
299,0,1,299,0.015707801777422807,0.009310430118966595,0.00024673503667880636
300,0,1,300,0.015707801777422585,0.054932248472576474,0.0002467350366787999
301,0,1,301,0.015707801777422686,0.005378135519989113,0.0002467350366788034
302,0,0,302,0.01570780177742268,0.00048017291280633145,0.00024673503667880294
303,0,1,303,0.015707801777422585,0.0004330158870705335,0.0002467350366788001
304,0,0,304,0.015707801777422547,0.05328616392476104,0.000246735036678799
305,0,0,305,0.015707801777422644,0.013879251095677114,0.00024673503667880153
306,0,0,306,0.01570780177742264,0.006149089646427464,0.0002467350366788016
307,0,0,307,0.015707801777422505,0.0425971150855573,0.0002467350366787975
308,0,0,308,0.015707801777422613,0.023728950814999372,0.00024673503667879925
309,0,0,309,0.01570780177742257,0.003231020229605752,0.0002467350366787999
310,0,1,310,0.015707801777422658,0.05205877766594358,0.000246735036678802
311,0,0,311,0.015707801777422613,0.05984097373032071,0.000246735036678801
312,0,0,312,0.01570780177742273,0.017331514603235565,0.0002467350366788044
313,0,0,313,0.01570780177742263,0.03802101040173117,0.00024673503667880056
314,0,0,314,0.01570780177742258,0.013818318013137737,0.0002467350366788
315,0,1,315,0.015707801777422578,0.05296038355414301,0.00024673503667879974
316,0,1,316,0.015707801777422623,0.005695648282644683,0.0002467350366788013
317,0,1,317,0.01570780177742263,0.01159603059650638,0.0002467350366788006
318,0,0,318,0.01570780177742246,0.0187729663570404,0.00024673503667879616
319,0,1,319,0.01570780177742256,0.010551381672438742,0.00024673503667879936
320,0,0,320,0.015707801777422595,0.05278066477401144,0.0002467350366788004
321,0,0,321,0.015707801777422686,0.03618393055599878,0.0002467350366788032
322,0,1,322,0.015707801777422578,0.05984787245899564,0.0002467350366787997
323,0,0,323,0.01570780177742257,0.06166021114698156,0.0002467350366787996
324,0,0,324,0.01570780177742261,0.03273174948006696,0.0002467350366788002
325,0,0,325,0.015707801777422658,0.004337396767817303,0.00024673503667880245
326,0,0,326,0.0157078017774227,0.019735363588905486,0.0002467350366788037
327,0,0,327,0.015707801777422682,0.0007272175743809894,0.0002467350366788029
328,0,0,328,0.01570780177742265,0.01651328526275031,0.00024673503667880213
329,0,0,329,0.01570780177742257,0.05244831381548498,0.0002467350366787993
330,0,0,330,0.015707801777422543,0.010711015139258873,0.000246735036678798
331,0,1,331,0.015707801777422647,0.0376217267314074,0.00024673503667880197
332,0,1,332,0.01570780177742277,0.026903492732653245,0.00024673503667880576
333,0,0,333,0.015707801777422817,0.0031103558048972135,0.00024673503667880744
334,0,1,334,0.015707801777422523,0.0517838356536775,0.0002467350366787981
335,0,0,335,0.015707801777422474,0.009756918584025887,0.0002467350366787965
336,0,1,336,0.015707801777422595,0.05826776376751153,0.0002467350366788002
337,0,0,337,0.015707801777422623,0.01675789741114997,0.0002467350366788013
338,0,0,338,0.015707801777422713,0.016355036135961676,0.00024673503667880375
339,0,0,339,0.01570780177742266,0.0048307131900686695,0.00024673503667880213
340,0,0,340,0.015707801777422706,0.01362574034859465,0.00024673503667880316
341,0,0,341,0.01570780177742256,0.0030920988523165382,0.00024673503667879936
342,0,1,342,0.01570780177742271,0.030217646611865323,0.00024673503667880386
343,0,1,343,0.015707801777422738,0.038510129111136715,0.0002467350366788049
344,0,1,344,0.01570780177742269,0.008631822467561001,0.00024673503667880316
345,0,0,345,0.015707801777422557,0.00156060119479709,0.0002467350366787992
346,0,0,346,0.01570780177742258,0.01502137174521152,0.0002467350366787999
347,0,1,347,0.01570780177742271,0.03786713274737896,0.00024673503667880327
348,0,0,348,0.01570780177742258,0.0007307808877210532,0.00024673503667879985
349,0,1,349,0.01570780177742259,0.03577074073209874,0.0002467350366788
350,0,1,350,0.015707801777422592,0.035194227587163174,0.00024673503667880007
351,0,1,351,0.015707801777422602,0.043622912060942765,0.0002467350366787992
352,0,0,352,0.01570780177742258,0.0034140799098552055,0.0002467350366788
353,0,0,353,0.01570780177742259,0.05062177727416994,0.0002467350366788002
354,0,0,354,0.01570780177742284,0.016365049871240434,0.00024673503667880815
355,0,1,355,0.015707801777422606,0.04744782868648323,0.0002467350366788008
356,0,1,356,0.01570780177742256,0.038823792805719126,0.0002467350366787993
357,0,0,357,0.015707801777422477,0.04832702978988568,0.0002467350366787967
358,0,1,358,0.015707801777422713,0.002435501194215206,0.00024673503667880283
359,0,1,359,0.015707801777422536,0.05426890888205249,0.0002467350366787986
360,0,0,360,0.015707801777422606,0.03737094462337065,0.0002467350366788003
361,0,0,361,0.015707801777422606,0.03513038100074989,0.0002467350366787998
362,0,1,362,0.015707801777422672,0.0012629752009526707,0.0002467350366788028
363,0,1,363,0.01570780177742259,0.016535635326340642,0.00024673503667880007
364,0,0,364,0.015707801777422644,0.010112559422474465,0.0002467350366788019
365,0,1,365,0.015707801777422592,0.038079590213208114,0.00024673503667880034
366,0,0,366,0.0157078017774226,0.009268376798493794,0.00024673503667879985
367,0,1,367,0.015707801777422817,0.008654776680458443,0.00024673503667880717
368,0,1,368,0.01570780177742259,0.05030402628530006,0.0002467350366787989
369,0,0,369,0.015707801777422623,0.019489408230762617,0.00024673503667880126
370,0,0,370,0.015707801777422606,0.056794115793730615,0.00024673503667880066
371,0,0,371,0.015707801777422613,0.006663261570927226,0.0002467350366788011
372,0,1,372,0.01570780177742263,0.058085163855224,0.0002467350366788016
373,0,1,373,0.015707801777422613,0.008012864634370231,0.0002467350366788008
374,0,1,374,0.015707801777422564,0.022570475051634453,0.0002467350366787988
375,0,1,375,0.01570780177742257,0.006486712547072365,0.00024673503667879963
376,0,1,376,0.015707801777422675,0.00980773341382779,0.0002467350366788022
377,0,0,377,0.015707801777422665,0.028847541862093262,0.00024673503667880224
378,0,1,378,0.015707801777422564,0.00478072401318802,0.0002467350366787994
379,0,1,379,0.015707801777422703,0.03657455790637987,0.0002467350366788038
380,0,1,380,0.015707801777422578,0.007871430843521487,0.0002467350366787997
381,0,1,381,0.01570780177742257,0.0008173162102357301,0.0002467350366787997
382,0,1,382,0.015707801777422682,0.0004395919581757779,0.0002467350366788032
383,0,1,383,0.01570780177742253,0.040493703127794434,0.0002467350366787983
384,0,1,384,0.01570780177742275,0.037356892220732796,0.0002467350366788054
385,0,0,385,0.01570780177742266,0.023347605094542923,0.0002467350366788025
386,0,0,386,0.015707801777422627,0.003547162691207806,0.0002467350366788
387,0,1,387,0.015707801777422564,0.053032598491242755,0.0002467350366787993
388,0,0,388,0.015707801777422578,0.005144129573454573,0.00024673503667879996
389,0,0,389,0.015707801777422658,0.027336203689398264,0.0002467350366788024
390,0,0,390,0.015707801777422592,0.023355667958572413,0.0002467350366787999
391,0,1,391,0.015707801777422738,0.008630138263432396,0.0002467350366788042
392,0,1,392,0.01570780177742259,0.03792632625008974,0.0002467350366788003
393,0,0,393,0.015707801777422606,0.021713236574867345,0.00024673503667880056
394,0,0,394,0.01570780177742262,0.04132552521060051,0.0002467350366788012
395,0,0,395,0.015707801777422627,0.04125107385532267,0.0002467350366788012
396,0,0,396,0.01570780177742262,0.05352415412697642,0.00024673503667880094
397,0,0,397,0.015707801777422543,0.05939674306672005,0.00024673503667879866
398,0,1,398,0.01570780177742264,0.0391044939159122,0.0002467350366788019
399,0,1,399,0.015707801777422765,0.04475391909227078,0.00024673503667880473
400,0,0,400,0.015707801777422682,0.056704760105426466,0.0002467350366788031
401,0,1,401,0.015707801777422665,0.0182997926985764,0.00024673503667880256
402,0,1,402,0.01570780177742254,0.0618677592195821,0.00024673503667879866
403,0,1,403,0.01570780177742268,0.024115857964666088,0.00024673503667880305
404,0,1,404,0.015707801777422516,0.012420518485614318,0.0002467350366787979
405,0,0,405,0.015707801777422613,0.024709908069987296,0.00024673503667879996
406,0,0,406,0.015707801777422592,0.03763173691507227,0.00024673503667879996
407,0,0,407,0.01570780177742267,0.017077402974387645,0.00024673503667880267
408,0,0,408,0.015707801777422817,0.01656453816500658,0.00024673503667880744
409,0,1,409,0.01570780177742258,0.03791622595562749,0.00024673503667879985
410,0,0,410,0.015707801777422634,0.004768950400667438,0.00024673503667880164
411,0,1,411,0.01570780177742278,0.03804824742289492,0.0002467350366788056
412,0,1,412,0.015707801777422654,0.040013382616284954,0.0002467350366788009
413,0,0,413,0.015707801777422623,0.015483029434856022,0.00024673503667880137
414,0,1,414,0.015707801777422623,0.040944077206821916,0.0002467350366788013
415,0,1,415,0.01570780177742274,0.0051093894712716525,0.000246735036678805
416,0,1,416,0.015707801777422613,0.04478606006762331,0.0002467350366788006
417,0,0,417,0.01570780177742255,0.04897988203844528,0.0002467350366787988
418,0,1,418,0.015707801777422713,0.01525749825958611,0.00024673503667880343
419,0,1,419,0.015707801777422682,0.019592661208080564,0.00024673503667880234
420,0,0,420,0.01570780177742257,0.0627584161365019,0.00024673503667879963
421,0,0,421,0.015707801777422682,0.035117620388875004,0.0002467350366788025
422,0,0,422,0.0157078017774226,0.0055526136452690444,0.0002467350366787999
423,0,1,423,0.01570780177742273,0.04568144827768039,0.00024673503667880386
424,0,1,424,0.015707801777422672,0.0034402535922803956,0.00024673503667880565
425,0,1,425,0.015707801777422745,0.028563539969406193,0.00024673503667880484
426,0,1,426,0.015707801777422547,0.0067612747864749245,0.0002467350366787989
427,0,1,427,0.015707801777422623,0.014290341819653829,0.00024673503667880446
428,0,1,428,0.015707801777422713,0.03693030592534252,0.00024673503667880413
429,0,1,429,0.015707801777422637,0.057750778736720076,0.00024673503667880164
430,0,1,430,0.015707801777422564,0.017461941808379178,0.00024673503667879915
431,0,1,431,0.01570780177742259,0.00018122435399509085,0.0002467350366788002
432,0,1,432,0.015707801777422512,0.03238038253381026,0.00024673503667879774
433,0,0,433,0.015707801777422686,0.007100439492884858,0.00024673503667880316
434,0,1,434,0.01570780177742266,0.013965874559994207,0.0002467350366788018
435,0,0,435,0.01570780177742259,0.0008884834177675383,0.0002467350366788002
436,0,0,436,0.015707801777422564,0.01956661718387409,0.0002467350366787993
437,0,1,437,0.015707801777422623,0.018763439590512743,0.0002467350366788002
438,0,0,438,0.015707801777422748,0.00865576676827784,0.0002467350366788044
439,0,0,439,0.01570780177742252,0.03885017933929813,0.0002467350366787979
440,0,1,440,0.015707801777422585,0.03501235406685327,0.0002467350366788
441,0,0,441,0.015707801777422647,0.03573993037031975,0.00024673503667880034
442,0,1,442,0.01570780177742257,0.03514024484680445,0.00024673503667879974
443,0,0,443,0.01570780177742264,0.051063644268037334,0.0002467350366788001
444,0,0,444,0.015707801777422613,0.0318335553919612,0.00024673503667880045
445,0,1,445,0.01570780177742247,0.04709807334188265,0.00024673503667879644
446,0,1,446,0.015707801777422547,0.005920673402980192,0.0002467350366787988
447,0,1,447,0.01570780177742259,0.04082176487848177,0.0002467350366788001
448,0,0,448,0.015707801777422606,0.044711580760758096,0.0002467350366788007
449,0,0,449,0.01570780177742262,0.009026969517550665,0.0002467350366788012
450,0,1,450,0.015707801777422665,0.03980824759183532,0.0002467350366788019
451,0,1,451,0.015707801777422606,0.008998043555223656,0.00024673503667880077
452,0,0,452,0.015707801777422724,0.0370589746354999,0.0002467350366788044
453,0,0,453,0.01570780177742262,0.048844190004677324,0.0002467350366788012
454,0,1,454,0.015707801777422623,0.02724374453378564,0.00024673503667880137
455,0,1,455,0.015707801777422516,0.0032582739290921703,0.0002467350366787979
456,0,1,456,0.015707801777422613,0.06219375927927595,0.0002467350366788009
457,0,1,457,0.015707801777422658,0.0067928371608922955,0.0002467350366788023
458,0,0,458,0.01570780177742269,0.017273926146487373,0.00024673503667880234
459,0,0,459,0.015707801777422578,0.05436097543798163,0.0002467350366787997
460,0,1,460,0.015707801777422613,0.04652117535390632,0.0002467350366787998
461,0,0,461,0.01570780177742272,0.014034802555246806,0.00024673503667880283
462,0,1,462,0.015707801777422616,0.06069354607709654,0.0002467350366788009
463,0,1,463,0.01570780177742257,0.027387668140101518,0.0002467350366787998
464,0,0,464,0.01570780177742271,0.012739200989083432,0.00024673503667880354
465,0,0,465,0.01570780177742254,0.012907922256502946,0.00024673503667879866
466,0,0,466,0.01570780177742259,0.0040283393042104265,0.00024673503667879963
467,0,1,467,0.015707801777422568,0.02688114357628768,0.0002467350366787996
468,0,0,468,0.01570780177742259,0.011063857877818682,0.00024673503667879996
469,0,0,469,0.01570780177742257,0.0032927929120436517,0.0002467350366787997
470,0,0,470,0.01570780177742265,0.01518631161654449,0.000246735036678802
471,0,0,471,0.015707801777422724,0.017751113480572123,0.00024673503667880435
472,0,1,472,0.015707801777422637,0.04038748843923212,0.0002467350366788018
473,0,0,473,0.015707801777422797,0.019211674507603416,0.00024673503667880674
474,0,1,474,0.015707801777422637,0.0060916961393062685,0.00024673503667880056
475,0,1,475,0.015707801777422665,0.05389225262076791,0.00024673503667880186
476,0,1,476,0.015707801777422658,0.02205221733961138,0.0002467350366788015
477,0,0,477,0.015707801777422647,0.0003066088836756603,0.000246735036678802
478,0,1,478,0.015707801777422623,0.01841657554958888,0.0002467350366787996
479,0,1,479,0.01570780177742255,0.009350790353351845,0.000246735036678798
480,0,1,480,0.01570780177742257,0.009836840246528311,0.0002467350366787998
481,0,1,481,0.01570780177742263,0.05705046821650983,0.00024673503667880153
482,0,0,482,0.015707801777422713,0.01841527655161812,0.000246735036678805
483,0,1,483,0.015707801777422682,0.030130558790967044,0.00024673503667880245
484,0,0,484,0.01570780177742251,0.054791428934253705,0.00024673503667879774
485,0,0,485,0.015707801777422585,0.030709873653887332,0.0002467350366787998
486,0,0,486,0.01570780177742275,0.017524654615082014,0.0002467350366788053
487,0,1,487,0.01570780177742275,0.007522634265989758,0.0002467350366788061
488,0,0,488,0.015707801777422765,0.03321515222162308,0.00024673503667880565
489,0,0,489,0.015707801777422453,0.00796543209210615,0.00024673503667879595
490,0,0,490,0.01570780177742257,0.03616005884443718,0.00024673503667879963
491,0,0,491,0.0157078017774226,0.013709342944789427,0.00024673503667879985
492,0,0,492,0.015707801777422672,0.006739105622688202,0.0002467350366788024
493,0,1,493,0.015707801777422564,0.026627097574153907,0.0002467350366787994
494,0,0,494,0.015707801777422578,0.05033521256913387,0.0002467350366787993
495,0,0,495,0.01570780177742255,0.026832241651895572,0.00024673503667879877
496,0,1,496,0.015707801777422543,0.0014610394223351086,0.00024673503667879877
497,0,0,497,0.015707801777422686,0.024307560452524246,0.0002467350366788032
498,0,1,498,0.01570780177742254,0.014315622406555706,0.00024673503667879855
499,0,1,499,0.015707801777422585,0.05415831583569308,0.00024673503667879996
500,0,1,500,0.0157078017774226,0.0233825833147005,0.0002467350366788001
501,0,0,501,0.015707801777422536,0.01273565126838938,0.0002467350366787985
502,0,1,502,0.0157078017774226,0.011752236723944876,0.0002467350366788006
503,0,0,503,0.015707801777422637,0.03472528467378799,0.0002467350366788016
504,0,0,504,0.01570780177742257,0.047142725741898484,0.00024673503667879974
505,0,1,505,0.01570780177742257,0.016821347277653498,0.00024673503667880164
506,0,0,506,0.015707801777422696,0.029213320775737683,0.000246735036678803
507,0,1,507,0.015707801777422734,0.008379271122210152,0.00024673503667880435
508,0,0,508,0.015707801777422602,0.05916767494326136,0.0002467350366788005
509,0,0,509,0.01570780177742259,0.057459818915472693,0.00024673503667879985
510,0,1,510,0.015707801777422613,0.0319377208763818,0.00024673503667880115
511,0,1,511,0.01570780177742274,0.0148275858574074,0.00024673503667880495
512,0,0,512,0.01570780177742258,0.002277642853676154,0.00024673503667879996
513,0,0,513,0.0157078017774227,0.01991538181305108,0.0002467350366788033
514,0,1,514,0.015707801777422675,0.0477667543487601,0.000246735036678803
515,0,1,515,0.015707801777422543,0.05349775731511164,0.0002467350366787988
516,0,1,516,0.01570780177742275,0.007914028203216183,0.0002467350366788049
517,0,0,517,0.015707801777422637,0.021552102818942043,0.0002467350366788017
518,0,1,518,0.015707801777422564,0.030097881820998373,0.0002467350366787992
519,0,1,519,0.015707801777422706,0.0007530655067617409,0.00024673503667880397
520,0,1,520,0.015707801777422717,0.03659599392663937,0.0002467350366788042
521,0,0,521,0.015707801777422585,0.0005288066701868432,0.0002467350366788002
522,0,0,522,0.01570780177742273,0.019678836092685614,0.0002467350366788046
523,0,0,523,0.015707801777422543,0.03080825839139939,0.00024673503667879866
524,0,1,524,0.01570780177742262,0.04739294367532809,0.0002467350366788011
525,0,1,525,0.015707801777422568,0.01475646263401198,0.0002467350366787995
526,0,0,526,0.015707801777422585,0.0327048611486562,0.0002467350366787999
527,0,0,527,0.01570780177742257,0.05315511374067561,0.00024673503667879963
528,0,0,528,0.015707801777422505,0.05280828456327047,0.0002467350366787974
529,0,1,529,0.015707801777422713,0.02711324058824882,0.0002467350366788039
530,0,1,530,0.01570780177742274,0.010479745940741747,0.0002467350366788051
531,0,0,531,0.015707801777422585,0.028917258337157192,0.0002467350366788
532,0,0,532,0.015707801777422606,0.030866534721899708,0.0002467350366788008
533,0,0,533,0.015707801777422616,0.05796445786506044,0.00024673503667880104
534,0,0,534,0.015707801777422554,0.03327748789277235,0.0002467350366787991
535,0,0,535,0.015707801777422526,0.03478690776216187,0.0002467350366787982
536,0,0,536,0.01570780177742258,0.007987825955567018,0.0002467350366787999
537,0,0,537,0.015707801777422672,0.0018932391388650771,0.0002467350366788028
538,0,0,538,0.015707801777422654,0.008900815149676333,0.00024673503667880224
539,0,1,539,0.015707801777422484,0.010827928272093335,0.0002467350366787969
540,0,0,540,0.015707801777422554,0.05503794383875604,0.00024673503667879915
541,0,0,541,0.015707801777422585,0.05839970163167646,0.0002467350366788002
542,0,1,542,0.015707801777422647,0.05568525144755854,0.00024673503667880153
543,0,0,543,0.015707801777422658,0.03768418239667559,0.0002467350366788024
544,0,1,544,0.01570780177742272,0.03073232858378283,0.0002467350366788043
545,0,1,545,0.015707801777422585,0.04512030968109171,0.0002467350366787997
546,0,0,546,0.015707801777422658,0.013095367237366595,0.0002467350366788005
547,0,1,547,0.015707801777422644,0.017937866341720732,0.0002467350366788017
548,0,1,548,0.01570780177742262,0.05195997309881084,0.0002467350366788026
549,0,1,549,0.01570780177742257,0.04028749686533839,0.00024673503667879963
550,0,0,550,0.01570780177742259,0.05616874709042152,0.00024673503667880023
551,0,1,551,0.01570780177742256,0.025783866318384252,0.00024673503667879936
552,0,1,552,0.015707801777422564,0.005895001170676692,0.00024673503667879925
553,0,1,553,0.015707801777422616,0.013551502514883351,0.000246735036678801
554,0,0,554,0.015707801777422602,0.031782477054825176,0.0002467350366788
555,0,1,555,0.01570780177742257,0.012813185900490076,0.0002467350366787997
556,0,0,556,0.015707801777422568,0.022080961687774903,0.0002467350366787993
557,0,0,557,0.015707801777422658,0.022528208898726643,0.0002467350366788023
558,0,0,558,0.015707801777422647,0.008799251946062014,0.0002467350366788006
559,0,1,559,0.015707801777422564,0.00025987624601753884,0.0002467350366787996
560,0,0,560,0.015707801777422654,0.011624663927640722,0.00024673503667880213
561,0,0,561,0.01570780177742266,0.002495147794873309,0.00024673503667880256
562,0,1,562,0.01570780177742259,0.05281768206640525,0.00024673503667879985
563,0,1,563,0.01570780177742268,0.02189676064774959,0.0002467350366788025
564,0,0,564,0.015707801777422585,0.05806409877139296,0.00024673503667880007
565,0,1,565,0.01570780177742267,0.00039983231808160546,0.00024673503667880267
566,0,1,566,0.015707801777422554,0.026077294497006243,0.00024673503667879915
567,0,0,567,0.01570780177742255,0.010445303912735682,0.0002467350366787989
568,0,1,568,0.015707801777422543,0.01495074699056076,0.00024673503667879877
569,0,0,569,0.015707801777422578,0.02481955071277936,0.0002467350366787997
570,0,1,570,0.015707801777422713,0.02633064538762997,0.00024673503667880305
571,0,1,571,0.015707801777422654,0.03645049066726269,0.0002467350366788024
572,0,1,572,0.015707801777422647,0.021228559374943945,0.00024673503667880175
573,0,1,573,0.015707801777422592,0.002327948415088321,0.0002467350366788004
574,0,1,574,0.015707801777422578,0.0355587984637241,0.00024673503667879985
575,0,0,575,0.015707801777422557,0.013241518038661054,0.00024673503667879925
576,0,1,576,0.015707801777422477,0.02739790173046508,0.0002467350366787966
577,0,0,577,0.01570780177742259,0.02654791202109774,0.0002467350366788001
578,0,1,578,0.015707801777422585,0.04376671917430297,0.00024673503667879996
579,0,1,579,0.0157078017774228,0.05064905339156356,0.0002467350366788066
580,0,1,580,0.01570780177742258,0.041142772225753896,0.00024673503667879996
581,0,1,581,0.015707801777422602,0.0336233515281279,0.00024673503667880056
582,0,0,582,0.015707801777422564,0.0085578463863345,0.00024673503667879947
583,0,0,583,0.01570780177742261,0.02122987163159934,0.00024673503667880056
584,0,0,584,0.015707801777422623,0.015204660797770941,0.0002467350366788006
585,0,0,585,0.015707801777422616,0.011314108365536812,0.0002467350366788011
586,0,1,586,0.01570780177742267,0.03729704976535975,0.0002467350366788027
587,0,1,587,0.015707801777422623,0.03360021307709715,0.00024673503667880045
588,0,1,588,0.01570780177742257,0.0011696768732905038,0.00024673503667879963
589,0,0,589,0.015707801777422526,0.003689364089924263,0.00024673503667879833
590,0,0,590,0.01570780177742255,0.009658540675263394,0.00024673503667879904
591,0,0,591,0.015707801777422644,0.020102253188302832,0.0002467350366788013
592,0,0,592,0.015707801777422755,0.016212277397045893,0.0002467350366788054
593,0,1,593,0.01570780177742257,0.015004201783253901,0.00024673503667879974
594,0,0,594,0.015707801777422554,0.020330692992190702,0.00024673503667879795
595,0,1,595,1.9999383152895795,7.578170934463642,0.00024673503667880777
596,0,0,596,0.01570780177742258,0.03454427818155059,0.0002467350366788
597,0,1,597,0.01570780177742266,0.002985677380090923,0.0002467350366788024
598,0,0,598,0.01570780177742258,0.04470011078286333,0.0002467350366788001
599,0,1,599,0.015707801777422592,0.004344624911172289,0.0002467350366788001
600,0,1,600,0.015707801777422703,0.037444469551055626,0.00024673503667880375
601,0,1,601,0.015707801777422654,0.038947570674664256,0.00024673503667880197
602,0,1,602,0.015707801777422592,0.003188681317372044,0.0002467350366788
603,0,0,603,0.01570780177742256,0.010737818255034726,0.00024673503667879936
604,0,1,604,0.01570780177742271,0.015272480378135445,0.00024673503667880343
605,0,0,605,0.015707801777422592,0.04941303209649062,0.00024673503667879963
606,0,1,606,0.015707801777422613,0.014376876174264641,0.0002467350366788008
607,0,1,607,0.015707801777422557,0.0013055625573849539,0.00024673503667879915
608,0,0,608,0.015707801777422543,0.013635187563416196,0.00024673503667879855
609,0,0,609,0.0157078017774226,0.04514453101912608,0.0002467350366788006
610,0,1,610,0.015707801777422543,0.03498228707078965,0.00024673503667879877
611,0,1,611,0.01570780177742257,0.011961388911740034,0.00024673503667879963
612,0,1,612,0.01570780177742258,0.04246958472629414,0.00024673503667879893
613,0,1,613,0.0157078017774227,0.00228766681562953,0.0002467350366788036
614,0,0,614,0.015707801777422658,0.028301837064812485,0.00024673503667880224
615,0,1,615,0.01570780177742258,0.000434686250554428,0.0002467350366787999
616,0,0,616,0.01570780177742269,0.03703271041498901,0.0002467350366788017
617,0,0,617,0.015707801777422595,0.025714598057760663,0.0002467350366788004
618,0,0,618,0.015707801777422557,0.0071705455064129675,0.0002467350366787992
619,0,0,619,0.015707801777422592,0.013939238898306838,0.0002467350366787994
620,0,0,620,0.015707801777422686,0.029044342255629463,0.00024673503667880305
621,0,0,621,0.015707801777422675,0.004427449705272757,0.00024673503667880283
622,0,0,622,0.015707801777422578,0.023484736694426855,0.00024673503667879947
623,0,0,623,0.015707801777422606,0.004711113050711646,0.0002467350366788007
624,0,1,624,0.0157078017774226,0.012168611413251984,0.0002467350366787993
625,0,1,625,0.015707801777422526,0.014661809000360682,0.0002467350366787978
626,0,1,626,0.015707801777422585,0.005608977678215577,0.0002467350366788
627,0,1,627,0.015707801777422623,0.03049359656771866,0.00024673503667880126
628,0,0,628,0.015707801777422547,0.030731051029853962,0.0002467350366787989
629,0,1,629,0.015707801777422557,0.04495260278046875,0.00024673503667879915
630,0,0,630,0.015707801777422637,0.014605334432822747,0.0002467350366787993
631,0,0,631,0.01570780177742251,0.00326225482463946,0.00024673503667879774
632,0,1,632,0.01570780177742257,0.01174577886214423,0.0002467350366787998
633,0,1,633,0.01570780177742264,0.05162229008972474,0.0002467350366788016
634,0,0,634,0.015707801777422623,0.003961275798657848,0.00024673503667880115
635,0,0,635,0.01570780177742257,0.016932212825134928,0.00024673503667879985
636,0,0,636,0.015707801777422578,0.06246671265269699,0.00024673503667879974
637,0,0,637,0.015707801777422585,0.05510575298604367,0.0002467350366788
638,0,1,638,0.01570780177742258,0.05579421677488394,0.00024673503667879996
639,0,1,639,0.015707801777422675,0.020967340672076062,0.00024673503667880397
640,0,1,640,0.01570780177742257,0.05749949395607912,0.00024673503667879947
641,0,0,641,0.01570780177742272,0.02195248097990765,0.00024673503667880424
642,0,1,642,0.015707801777422474,0.001090225699741619,0.0002467350366787965
643,0,1,643,0.015707801777422585,0.042008563908448426,0.00024673503667879893
644,0,0,644,0.015707801777422623,0.02322566988691399,0.00024673503667880115
645,0,0,645,0.0157078017774226,0.012477147156832236,0.00024673503667880045
646,0,1,646,0.01570780177742257,0.00765168139582377,0.0002467350366787994
647,0,0,647,0.0157078017774226,0.05732872943534795,0.00024673503667880034
648,0,0,648,0.01570780177742268,0.003086489304400253,0.00024673503667880294
649,0,1,649,0.01570780177742269,0.0063036183801652435,0.00024673503667880305
650,0,1,650,0.015707801777422585,0.05784065428105356,0.0002467350366788002
651,0,0,651,0.015707801777422706,0.004133496976220563,0.0002467350366788032
652,0,0,652,0.01570780177742257,0.014765469445159544,0.00024673503667879974
653,0,0,653,0.015707801777422578,0.019799176742757718,0.0002467350366787996
654,0,0,654,0.015707801777422613,0.050411927032184556,0.0002467350366788008
655,0,1,655,0.015707801777422557,0.020580369771490914,0.0002467350366787989
656,0,0,656,0.015707801777422703,0.006349213982704827,0.0002467350366788035
657,0,0,657,0.01570780177742265,0.011769969182527706,0.00024673503667880175
658,0,1,658,0.015707801777422696,0.01096192323891354,0.0002467350366788032
659,0,0,659,0.01570780177742262,0.013752546427765078,0.0002467350366788007
660,0,1,660,0.015707801777422595,0.01423658802949923,0.0002467350366787995
661,0,0,661,0.01570780177742259,0.02636168844398501,0.00024673503667879936
662,0,0,662,0.015707801777422595,0.001415853532029665,0.00024673503667880007
663,0,0,663,0.01570780177742275,0.047797744880572424,0.0002467350366788053
664,0,1,664,0.015707801777422727,0.03993862115738622,0.00024673503667880446
665,0,1,665,0.015707801777422578,0.05111233946601487,0.0002467350366787999
666,0,0,666,0.01570780177742261,0.014014274534183316,0.00024673503667880077
667,0,0,667,0.01570780177742259,0.026047114007901273,0.00024673503667880007
668,0,1,668,0.015707801777422564,0.01037320945382092,0.00024673503667879947
669,0,1,669,0.015707801777422592,0.012905913229573684,0.00024673503667880034
670,0,1,670,0.015707801777422686,0.004876952090031139,0.00024673503667880316
671,0,0,671,0.015707801777422578,0.011040044627497636,0.0002467350366787999
672,0,0,672,0.01570780177742269,0.01912348141232234,0.0002467350366788029
673,0,1,673,0.015707801777422585,0.028669668208382237,0.0002467350366788
674,0,1,674,0.015707801777422613,0.009771720959053543,0.0002467350366788009
675,0,1,675,0.01570780177742264,0.009484987691065427,0.00024673503667880197
676,0,0,676,0.015707801777422585,0.051518067049404204,0.0002467350366787996
677,0,1,677,0.01570780177742257,0.026659433589163006,0.00024673503667879893
678,0,0,678,0.015707801777422745,0.03340847600904273,0.00024673503667880516
679,0,0,679,0.015707801777422745,0.020184986838845287,0.0002467350366788051
680,0,0,680,0.01570780177742271,0.024953513083893153,0.000246735036678804
681,0,0,681,0.01570780177742272,0.030885392831520697,0.00024673503667880435
682,0,1,682,0.01570780177742257,0.009755482355276235,0.0002467350366787998
683,0,1,683,0.01570780177742253,0.02183811738418079,0.00024673503667879774
684,0,1,684,0.01570780177742283,0.03582657357839425,0.0002467350366788078
685,0,1,685,0.01570780177742258,0.01678417259306153,0.0002467350366787998
686,0,1,686,0.015707801777422682,0.003432738396766055,0.0002467350366788031
687,0,0,687,0.01570780177742264,0.009728229279997835,0.00024673503667880175
688,0,1,688,0.015707801777422578,0.00031094463678371653,0.0002467350366787999
689,0,1,689,0.01570780177742255,0.0034082745471242237,0.00024673503667879877
690,0,0,690,0.015707801777422613,0.018912312161564637,0.0002467350366788001
691,0,1,691,0.015707801777422644,0.012112794749778333,0.0002467350366788008
692,0,0,692,0.015707801777422672,0.007333442102419152,0.00024673503667880283
693,0,0,693,0.015707801777422644,0.01617287636092013,0.0002467350366788017
694,0,0,694,0.015707801777422654,0.03720117602252904,0.00024673503667880197
695,0,0,695,0.015707801777422665,0.002192473312078169,0.00024673503667880267
696,0,0,696,0.01570780177742257,0.05225762065637185,0.00024673503667879974
697,0,1,697,0.015707801777422602,0.021517291304203212,0.0002467350366787992
698,0,1,698,0.01570780177742258,0.03862053943668409,0.0002467350366787998
699,0,0,699,0.015707801777422627,0.00721788493933298,0.0002467350366788013
700,0,0,700,0.015707801777422606,0.057058218593917576,0.00024673503667879996
701,0,0,701,0.015707801777422564,0.05908287595091655,0.0002467350366787994
702,0,0,702,0.01570780177742269,0.03861347200840071,0.0002467350366788024
703,0,1,703,0.015707801777422592,0.01885480216916946,0.0002467350366788004
704,0,0,704,0.015707801777422578,0.05270332872074501,0.00024673503667879947
705,0,0,705,0.015707801777422616,0.007527760350707791,0.00024673503667879996
706,0,1,706,0.01570780177742257,0.0024410686008171645,0.00024673503667879963
707,0,1,707,0.01570780177742261,0.058347377199952755,0.0002467350366788009
708,0,0,708,0.015707801777422557,0.052765877595149835,0.00024673503667879925
709,0,0,709,0.015707801777422595,0.0011157359710943782,0.00024673503667880034
710,0,0,710,0.01570780177742261,0.03843185920621606,0.0002467350366788008
711,0,1,711,0.015707801777422634,0.03844320714320704,0.00024673503667880153
712,0,1,712,0.015707801777422578,0.006385079681478167,0.0002467350366787998
713,0,0,713,0.015707801777422713,0.03830661018397574,0.00024673503667880234
714,0,1,714,0.015707801777422592,0.00010827119191106349,0.0002467350366788003
715,0,0,715,0.01570780177742272,0.003051147864221171,0.00024673503667880435
716,0,0,716,0.01570780177742252,0.023482069739124145,0.00024673503667879806
717,0,1,717,0.01570780177742258,0.028775615455372813,0.00024673503667879985
718,0,0,718,0.01570780177742266,0.01182584684570065,0.00024673503667880186
719,0,1,719,0.015707801777422595,0.031396904598869346,0.00024673503667879947
720,0,0,720,0.01570780177742272,0.029060504265329135,0.0002467350366788036
721,0,0,721,0.015707801777422734,0.003331644401860734,0.0002467350366788043
722,0,0,722,0.0157078017774227,0.03659217448890084,0.00024673503667880316
723,0,0,723,0.015707801777422554,0.014816481968985773,0.0002467350366787991
724,0,1,724,1.9999383152895804,4.193143385829988,0.0002467350366788092
725,0,1,725,0.015707801777422765,0.03385146291396257,0.0002467350366788057
726,0,0,726,0.015707801777422706,0.02468134100585173,0.00024673503667880386
727,0,1,727,0.01570780177742257,0.017231711186360354,0.0002467350366787998
728,0,1,728,0.015707801777422554,0.02041172127957358,0.0002467350366787989
729,0,0,729,0.01570780177742256,0.058077665561540925,0.0002467350366787991
730,0,1,730,0.015707801777422665,0.01516783727925508,0.0002467350366788019
731,0,1,731,0.01570780177742254,0.05264351973697523,0.0002467350366787987
732,0,1,732,0.01570780177742266,0.004627854771916073,0.00024673503667880234
733,0,0,733,0.015707801777422592,0.024918592790831973,0.0002467350366788003
734,0,1,734,0.015707801777422585,0.010294297671039343,0.0002467350366788001
735,0,0,735,0.015707801777422578,0.03832628872963051,0.0002467350366787999
736,0,0,736,0.015707801777422578,0.04960441782069869,0.00024673503667879985
737,0,1,737,0.015707801777422578,0.004703651811017506,0.00024673503667879996
738,0,1,738,0.015707801777422585,0.02908084921488241,0.0002467350366788001
739,0,1,739,0.0157078017774227,0.0037099363716845968,0.0002467350366788036
740,0,0,740,0.015707801777422734,0.020552845168682277,0.0002467350366788048
741,0,0,741,0.015707801777422786,0.035621523234697694,0.00024673503667880614
742,0,1,742,0.015707801777422505,0.04589802312357483,0.0002467350366787974
743,0,0,743,0.01570780177742247,0.027822440674229343,0.0002467350366787963
744,0,0,744,0.01570780177742266,0.040593777120312424,0.0002467350366788024
745,0,1,745,0.015707801777422644,0.02001674783589369,0.0002467350366788006
746,0,1,746,0.01570780177742261,0.046760668644721726,0.0002467350366788008
747,0,0,747,0.015707801777422592,0.04746349674628059,0.00024673503667880023
748,0,0,748,0.01570780177742271,0.017267152067560687,0.00024673503667880354
749,0,1,749,0.015707801777422616,0.005333036954827897,0.0002467350366788007
750,0,1,750,0.015707801777422627,0.022458153988656138,0.0002467350366788015
751,0,1,751,0.01570780177742258,0.011498113273192612,0.00024673503667879963
752,0,1,752,0.015707801777422585,0.0002675394643011364,0.00024673503667879985
753,0,1,753,0.015707801777422658,0.04492846018350338,0.00024673503667880234
754,0,1,754,0.015707801777422755,0.034489100779379056,0.00024673503667880543
755,0,1,755,0.01570780177742273,0.0351018566820982,0.0002467350366788036
756,0,0,756,0.015707801777422738,0.00881023487766841,0.00024673503667880424
757,0,0,757,0.01570780177742267,0.0012478215825484362,0.0002467350366788026
758,0,0,758,0.015707801777422512,0.01605115689243286,0.0002467350366787977
759,0,0,759,0.015707801777422686,0.0058227744801180314,0.0002467350366788032
760,0,0,760,0.015707801777422564,0.02853756100139726,0.0002467350366787994
761,0,1,761,0.015707801777422557,0.007430125860157233,0.0002467350366787994
762,0,0,762,0.015707801777422703,0.028556175470354273,0.00024673503667880354
763,0,1,763,0.015707801777422554,0.041304213562223246,0.0002467350366787991
764,0,1,764,0.01570780177742251,0.030930934782094077,0.00024673503667879747
765,0,0,765,0.015707801777422592,0.011160830590877246,0.00024673503667880034
766,0,0,766,0.015707801777422713,0.02612812080482252,0.0002467350366788037
767,0,1,767,0.015707801777422557,0.002952451820859847,0.0002467350366787989
768,0,1,768,0.015707801777422592,0.0019446222749048836,0.0002467350366788001
769,0,1,769,0.015707801777422783,0.0021115382391738713,0.0002467350366788063
770,0,0,770,0.015707801777422568,0.02937957556208204,0.0002467350366787996
771,0,0,771,0.015707801777422585,0.06003750176243057,0.0002467350366787999
772,0,1,772,0.01570780177742251,0.03300869196799727,0.0002467350366787971
773,0,0,773,0.015707801777422634,0.05122541557927862,0.00024673503667880153
774,0,1,774,0.015707801777422686,0.00977687967056573,0.00024673503667880224
775,0,0,775,0.015707801777422585,0.009436729540072054,0.0002467350366788
776,0,0,776,0.015707801777422578,0.008236689750426428,0.00024673503667879985
777,0,1,777,0.01570780177742267,0.002324907296425316,0.0002467350366788026
778,0,0,778,0.01570780177742258,0.034356735499229796,0.00024673503667879996
779,0,1,779,0.015707801777422606,0.04094224285728787,0.00024673503667879996
780,0,1,780,0.015707801777422592,0.010653443595193046,0.0002467350366788003
781,0,1,781,0.01570780177742258,0.04058741067239985,0.00024673503667879996
782,0,0,782,0.01570780177742258,0.04526898302068405,0.0002467350366788
783,0,1,783,0.015707801777422644,0.020019717487540944,0.0002467350366788019
784,0,1,784,0.01570780177742256,0.03587951168324022,0.000246735036678798
785,0,0,785,0.01570780177742273,0.006189860254117052,0.0002467350366788033
786,0,1,786,0.01570780177742259,0.050596652403409825,0.00024673503667880007
787,0,1,787,0.01570780177742258,0.03343671470437848,0.00024673503667879996
788,0,0,788,0.01570780177742277,0.03146890822899229,0.00024673503667880473
789,0,0,789,0.015707801777422672,0.011445724369322896,0.0002467350366788029
790,0,0,790,0.01570780177742259,0.001157568513327413,0.00024673503667880023
791,0,0,791,0.015707801777422696,0.0016949792266447439,0.00024673503667880283
792,0,0,792,0.015707801777422627,0.007871076296027901,0.0002467350366788
793,0,0,793,0.015707801777422647,0.04209932807086836,0.00024673503667880126
794,0,1,794,0.01570780177742253,0.03479902406029334,0.00024673503667879833
795,0,1,795,0.015707801777422706,0.026065655671502874,0.0002467350366788036
796,0,1,796,0.015707801777422717,0.023648128325031603,0.00024673503667880424
797,0,0,797,0.01570780177742253,0.001216091522763335,0.0002467350366787984
798,0,1,798,0.015707801777422682,0.012790357142704711,0.000246735036678803
799,0,1,799,0.01570780177742257,0.021168952067771585,0.0002467350366787997
800,0,0,800,0.01570780177742275,0.025169276460474066,0.00024673503667880484
801,0,1,801,0.015707801777422654,0.04869265740091766,0.0002467350366788023
802,0,0,802,0.015707801777422564,0.003655610014699842,0.0002467350366787993
803,0,1,803,0.015707801777422748,0.010154180656274825,0.00024673503667880516
804,0,1,804,0.015707801777422557,0.0184010087017919,0.00024673503667879925
805,0,0,805,0.01570780177742258,2.6815822164738545e-05,0.00024673503667879996
806,0,1,806,0.01570780177742271,0.007123386947602395,0.000246735036678803
807,0,1,807,0.015707801777422554,0.007973182103603316,0.0002467350366787991
808,0,0,808,0.01570780177742263,0.0374117501183,0.0002467350366788017
809,0,0,809,0.015707801777422578,0.025492619962464737,0.00024673503667879996
810,0,1,810,0.015707801777422696,0.024297518426187104,0.0002467350366788035
811,0,1,811,0.01570780177742257,0.02045978542617166,0.00024673503667879974
812,0,1,812,0.01570780177742257,0.002769305627316976,0.00024673503667879963
813,0,0,813,0.015707801777422585,0.023695123418737085,0.0002467350366787999
814,0,1,814,0.015707801777422717,0.04025338713601778,0.00024673503667880424
815,0,0,815,0.01570780177742257,0.042882623627336525,0.0002467350366787997
816,0,0,816,0.015707801777422713,0.05050673745287071,0.00024673503667880267
817,0,0,817,0.015707801777422592,0.027115017348878223,0.00024673503667879936
818,0,1,818,0.01570780177742263,0.031568411987137335,0.00024673503667879985
819,0,0,819,0.015707801777422654,0.01790595985682142,0.00024673503667880224
820,0,1,820,0.015707801777422693,0.003482313423711414,0.0002467350366788035
821,0,1,821,0.015707801777422654,0.02102546648467607,0.0002467350366788019
822,0,1,822,0.015707801777422793,0.004063071909999438,0.00024673503667880663
823,0,1,823,0.015707801777422675,0.004131685436154164,0.0002467350366788029
824,0,1,824,0.01570780177742267,0.009200540262388479,0.00024673503667880267
825,0,1,825,0.01570780177742259,0.04899373921974426,0.00024673503667880023
826,0,0,826,0.015707801777422578,0.05300545561928177,0.00024673503667879996
827,0,0,827,0.01570780177742258,0.00441057771476272,0.00024673503667880007
828,0,1,828,0.01570780177742262,0.04927664802535858,0.00024673503667880045
829,0,1,829,0.015707801777422543,0.0023767678711584805,0.0002467350366787988
830,0,0,830,0.015707801777422675,0.013438247713410956,0.00024673503667880294
831,0,0,831,0.01570780177742256,0.02442502760868731,0.0002467350366787992
832,0,1,832,0.015707801777422616,0.03511523420872398,0.0002467350366788006
833,0,0,833,0.015707801777422578,0.009306712376315168,0.00024673503667879996
834,0,0,834,0.015707801777422727,0.002258470395448242,0.00024673503667880603
835,0,1,835,0.015707801777422616,0.035700074560777395,0.000246735036678801
836,0,0,836,0.015707801777422554,0.0033606082593169995,0.0002467350366787991
837,0,1,837,0.01570780177742254,0.0028696866757496886,0.00024673503667879877
838,0,0,838,0.01570780177742257,0.05925880566680841,0.0002467350366787994
839,0,1,839,0.01570780177742258,0.048456305220026974,0.00024673503667879996
840,0,0,840,0.015707801777422606,0.05378200898812663,0.0002467350366788004
841,0,0,841,0.015707801777422606,0.060160352377058635,0.0002467350366788008
842,0,1,842,0.015707801777422595,0.014434151703694165,0.00024673503667880034
843,0,1,843,0.015707801777422703,0.016673889775608908,0.00024673503667880365
844,0,1,844,0.01570780177742259,0.016612675535627175,0.0002467350366788002
845,0,1,845,0.015707801777422627,0.053372994653003714,0.0002467350366788007
846,0,1,846,0.015707801777422592,0.04083561893064949,0.0002467350366788003
847,0,1,847,0.01570780177742257,0.04366479790320643,0.0002467350366787996
848,0,1,848,0.01570780177742257,0.061247982034348114,0.00024673503667879974
849,0,0,849,0.01570780177742247,0.028639863813824995,0.0002467350366787963
850,0,1,850,0.01570780177742263,0.021235236131831314,0.00024673503667880164
851,0,1,851,0.015707801777422672,0.005018374844404816,0.0002467350366788023
852,0,0,852,0.015707801777422703,0.025472844525580518,0.00024673503667880354
853,0,0,853,0.015707801777422578,0.0037389829582346046,0.00024673503667879985
854,0,0,854,0.0157078017774226,0.0018104199579385138,0.0002467350366787998
855,0,1,855,0.01570780177742269,0.04582564670852207,0.00024673503667880283
856,0,0,856,0.015707801777422797,0.025231643101525147,0.0002467350366788057
857,0,0,857,0.01570780177742259,0.006105508587130853,0.0002467350366788003
858,0,1,858,0.015707801777422554,0.02038445478384432,0.00024673503667879877
859,0,0,859,0.015707801777422592,0.0585281264586186,0.00024673503667880034
860,0,0,860,0.015707801777422748,0.031761762368405666,0.000246735036678805
861,0,1,861,0.01570780177742263,0.0527820564353656,0.00024673503667880137
862,0,1,862,0.015707801777422585,0.057313329095546095,0.0002467350366788001
863,0,0,863,0.015707801777422623,0.02052034976253725,0.000246735036678801
864,0,0,864,0.015707801777422672,0.0025701775806231675,0.0002467350366788029
865,0,0,865,0.015707801777422672,0.00018898919288745653,0.00024673503667880283
866,0,0,866,0.015707801777422547,0.05915910786229395,0.00024673503667879893
867,0,0,867,0.015707801777422693,0.026694120892174045,0.00024673503667880354
868,0,0,868,0.015707801777422606,0.007796303832563467,0.00024673503667879974
869,0,1,869,0.015707801777422585,0.03445966960931568,0.0002467350366788
870,0,0,870,0.015707801777422606,0.054388163949035756,0.00024673503667879996
871,0,0,871,0.015707801777422696,0.020673780517532103,0.00024673503667880365
872,0,0,872,0.0157078017774226,0.03066818346121236,0.00024673503667880056
873,0,0,873,0.015707801777422606,0.04415514587492941,0.0002467350366788008
874,0,0,874,0.015707801777422606,0.047928747487451684,0.00024673503667880056
875,0,0,875,0.015707801777422592,0.022419531518019564,0.00024673503667880034
876,0,0,876,0.015707801777422647,0.0037966467281620453,0.00024673503667880197
877,0,0,877,0.015707801777422682,0.03562430210049827,0.00024673503667880283
878,0,1,878,0.01570780177742274,0.01371308237376212,0.00024673503667880484
879,0,0,879,0.01570780177742267,0.053153618006336334,0.00024673503667880267
880,0,1,880,0.015707801777422557,0.03070646958608947,0.00024673503667879925
881,0,1,881,0.01570780177742274,0.01858284013045086,0.00024673503667880446
882,0,0,882,0.015707801777422706,0.004061086156664118,0.00024673503667880386
883,0,0,883,0.01570780177742259,0.0019387552355185633,0.0002467350366788
884,0,1,884,0.015707801777422623,0.04962939463823024,0.00024673503667880034
885,0,1,885,0.015707801777422613,0.057981648615393344,0.0002467350366788
886,0,1,886,0.01570780177742257,0.06045338549664435,0.0002467350366787997
887,0,1,887,0.015707801777422734,0.027241474946328115,0.00024673503667880484
888,0,1,888,0.015707801777422578,0.022379349661708847,0.0002467350366787998
889,0,0,889,0.015707801777422585,0.007733558663573614,0.0002467350366788001
890,0,0,890,0.01570780177742253,0.020361330274388134,0.0002467350366787981
891,0,1,891,0.015707801777422578,0.016197180979527492,0.00024673503667879985
892,0,1,892,0.01570780177742272,0.00982523093848231,0.0002467350366788032
893,0,1,893,0.01570780177742262,0.033367691325867366,0.00024673503667879963
894,0,1,894,0.015707801777422595,0.003492134387252828,0.0002467350366788004
895,0,0,895,0.015707801777422627,0.012369317697925819,0.00024673503667880137
896,0,0,896,0.01570780177742263,0.05357601099891962,0.0002467350366788015
897,0,1,897,0.01570780177742262,0.033686261862882816,0.0002467350366788012
898,0,0,898,0.015707801777422536,0.030984419245301487,0.0002467350366787986
899,0,1,899,0.01570780177742259,0.009002521950766784,0.00024673503667880007
900,0,0,900,0.015707801777422505,0.00025553285844482406,0.0002467350366787975
901,0,1,901,0.015707801777422706,0.0038565841395864497,0.0002467350366788039
902,0,1,902,0.015707801777422568,0.009891184527846875,0.0002467350366787996
903,0,0,903,0.015707801777422502,0.014960333466295328,0.00024673503667879747
904,0,0,904,0.01570780177742259,0.0022401991092626528,0.0002467350366788002
905,0,1,905,0.01570780177742253,0.051404632001448514,0.0002467350366787983
906,0,1,906,0.015707801777422602,0.06050330320031094,0.00024673503667880066
907,0,0,907,1.9999383152895795,1.083575280526452,0.00024673503667881346
908,0,0,908,0.015707801777422606,0.009317670593413485,0.0002467350366788007
909,0,0,909,0.015707801777422627,0.017040562084688737,0.0002467350366788015
910,0,0,910,0.015707801777422706,0.01468546413930083,0.000246735036678803
911,0,0,911,0.015707801777422578,0.004004833392870388,0.00024673503667879996
912,0,0,912,0.015707801777422568,0.0100587742629763,0.0002467350366787996
913,0,1,913,0.015707801777422724,0.0050256016313553475,0.00024673503667880435
914,0,0,914,0.015707801777422564,0.00833401980494261,0.0002467350366787993
915,0,0,915,0.01570780177742273,0.013043587993082584,0.0002467350366788028
916,0,0,916,0.015707801777422634,0.00863851742191446,0.0002467350366788016
917,0,0,917,0.015707801777422675,0.0013246378536346803,0.00024673503667880256
918,0,0,918,0.015707801777422755,0.027573327803197323,0.00024673503667880424
919,0,1,919,0.015707801777422526,0.010689743003849284,0.00024673503667879817
920,0,0,920,0.01570780177742265,0.01754396227425481,0.00024673503667880213
921,0,0,921,0.015707801777422602,0.05327023912274842,0.0002467350366788
922,0,1,922,0.01570780177742247,0.044951142076604,0.0002467350366787965
923,0,1,923,0.01570780177742267,0.036331548484141774,0.0002467350366788027
924,0,1,924,0.01570780177742275,0.02052341858470763,0.00024673503667880365
925,0,0,925,0.01570780177742268,0.03790510635111133,0.0002467350366788025
926,0,0,926,0.01570780177742278,0.026443837384977797,0.0002467350366788056
927,0,0,927,0.015707801777422613,0.01307425257095085,0.0002467350366788004
928,0,0,928,0.015707801777422654,0.0032385853144112353,0.00024673503667880234
929,0,1,929,0.015707801777422568,0.013294896831842706,0.0002467350366787995
930,0,0,930,0.015707801777422724,0.017912146253973305,0.00024673503667880397
931,0,0,931,0.015707801777422703,0.019403791384246416,0.00024673503667880375
932,0,0,932,0.015707801777422613,0.04740149675627048,0.00024673503667880056
933,0,0,933,0.015707801777422585,0.0015678319618515069,0.0002467350366788001
934,0,1,934,0.01570780177742257,0.03312453299965856,0.0002467350366787998
935,0,1,935,0.015707801777422568,0.03201031923019171,0.0002467350366787996
936,0,0,936,0.01570780177742275,0.041352260995190626,0.0002467350366788045
937,0,0,937,0.015707801777422682,0.002947756178776295,0.0002467350366788025
938,0,0,938,0.01570780177742267,0.0029159385241509517,0.0002467350366788024
939,0,0,939,0.015707801777422578,0.06215453512573177,0.00024673503667879985
940,0,0,940,0.015707801777422578,0.058910690006336086,0.0002467350366787999
941,0,0,941,0.015707801777422595,0.009719930102066177,0.0002467350366788003
942,0,0,942,0.01570780177742256,0.00939117232115061,0.0002467350366787991
943,0,1,943,0.015707801777422613,0.01729642594547931,0.00024673503667880023
944,0,0,944,0.015707801777422564,0.00949085670061578,0.00024673503667879936
945,0,0,945,0.015707801777422578,0.010296424478084099,0.00024673503667879985
946,0,0,946,0.01570780177742253,0.04256234254236002,0.00024673503667879833
947,0,0,947,0.015707801777422783,0.032716654412292545,0.0002467350366788062
948,0,0,948,0.015707801777422672,0.00018957121805535104,0.0002467350366788028
949,0,0,949,0.01570780177742264,0.031471338964744966,0.0002467350366788018
950,0,0,950,0.01570780177742265,0.023924412840880205,0.00024673503667880213
951,0,0,951,0.015707801777422772,0.033219234337080294,0.0002467350366788052
952,0,1,952,0.015707801777422696,0.00835870120094162,0.0002467350366788033
953,0,0,953,0.01570780177742285,0.023179249622335307,0.0002467350366788082
954,0,0,954,0.01570780177742269,0.002685427179137223,0.0002467350366788033
955,0,1,955,0.015707801777422516,0.022457633499420204,0.0002467350366787979
956,0,1,956,0.015707801777422602,0.026944837027577218,0.00024673503667880077
957,0,0,957,0.01570780177742257,0.002884939755594118,0.00024673503667879985
958,0,0,958,0.0157078017774227,0.02493275559692254,0.00024673503667880343
959,0,0,959,0.01570780177742268,0.046014694417046975,0.0002467350366788031
960,0,1,960,0.01570780177742262,0.059107944040882154,0.000246735036678801
961,0,1,961,0.015707801777422696,0.03290109330646729,0.00024673503667880294
962,0,1,962,0.015707801777422568,0.03459816633985602,0.0002467350366787995
963,0,0,963,0.0157078017774226,0.044937129330513415,0.0002467350366788
964,0,0,964,0.015707801777422654,0.029779687081181394,0.0002467350366788011
965,0,0,965,0.015707801777422616,0.0616277275255569,0.00024673503667880094
966,0,1,966,0.01570780177742258,0.045247007747677793,0.0002467350366787999
967,0,1,967,0.01570780177742262,0.0033314531176000806,0.00024673503667880104
968,0,1,968,0.015707801777422523,0.055080884752430226,0.00024673503667879817
969,0,0,969,0.015707801777422634,0.005111647606046876,0.0002467350366788003
970,0,0,970,0.015707801777422637,0.0030110873502117164,0.00024673503667880175
971,0,1,971,0.015707801777422738,0.012935222397412183,0.0002467350366788049
972,0,0,972,0.015707801777422696,0.014335408417104567,0.00024673503667880354
973,0,1,973,0.015707801777422727,0.026513570477384008,0.0002467350366788046
974,0,0,974,0.01570780177742255,0.035649682394678806,0.000246735036678799
975,0,0,975,0.015707801777422595,0.027374645583121693,0.0002467350366787992
976,0,0,976,0.015707801777422564,0.040953510326241394,0.00024673503667879936
977,0,0,977,0.01570780177742253,0.02922639080692102,0.00024673503667879785
978,0,1,978,0.015707801777422564,0.004939725341150336,0.0002467350366787994
979,0,0,979,0.01570780177742256,0.013470019984577697,0.00024673503667879936
980,0,0,980,0.01570780177742261,0.03138890585309273,0.00024673503667880066
981,0,0,981,0.015707801777422696,0.014200045580253562,0.000246735036678802
982,0,1,982,0.015707801777422578,0.0005564011097352051,0.00024673503667879985
983,0,0,983,0.015707801777422745,0.007859987843227167,0.0002467350366788051
984,0,1,984,0.01570780177742247,0.021325418550854014,0.00024673503667879654
985,0,1,985,0.015707801777422536,0.018219826304640363,0.00024673503667879855
986,0,1,986,0.015707801777422595,0.027890485837916312,0.00024673503667880056
987,0,1,987,0.015707801777422564,0.03337651277785619,0.00024673503667879947
988,0,0,988,0.01570780177742271,0.042752193082542966,0.00024673503667880386
989,0,1,989,0.015707801777422613,0.02226025095866313,0.0002467350366788001
990,0,1,990,0.015707801777422543,0.047728779891949236,0.00024673503667879844
991,0,1,991,0.01570780177742265,0.04950772986972307,0.00024673503667880213
992,0,0,992,0.015707801777422717,0.008950068987739368,0.0002467350366788044
993,0,0,993,0.01570780177742254,0.001393796929753055,0.0002467350366787985
994,0,0,994,0.01570780177742261,0.05423265797397763,0.0002467350366787999
995,0,1,995,0.015707801777422606,0.04328328933040715,0.0002467350366788003
996,0,0,996,0.015707801777422613,0.03645546087986909,0.00024673503667880077
997,0,0,997,0.015707801777422595,0.034332354642526486,0.00024673503667880045
998,0,1,998,0.015707801777422627,0.032855515884715636,0.0002467350366788007
999,0,1,999,0.0157078017774226,0.0401878952114747,0.00024673503667879877
