,Layer,Qubit,Run,2-Norm,Trace Norm,Diamond Norm
0,0,1,0,0.015707801777422578,0.00849726730328828,0.0002467350366787999
1,0,0,1,0.01570780177742254,0.0008592454906878599,0.00024673503667879866
2,0,1,2,0.01570780177742259,0.0010944639739274287,0.00024673503667879996
3,0,0,3,0.01570780177742269,0.03245636064262181,0.0002467350366788026
4,0,1,4,1.9999383152895795,0.9697506259780624,0.0002467350366788076
5,0,0,5,0.01570780177742262,0.008127725217947024,0.0002467350366788002
6,0,0,6,0.01570780177742257,0.03337935188516683,0.0002467350366787999
7,0,1,7,0.015707801777422623,0.00940797088159484,0.0002467350366788013
8,0,0,8,0.01570780177742258,0.03759747420765961,0.0002467350366787999
9,0,1,9,0.01570780177742258,0.013959543721295375,0.00024673503667879925
10,0,0,10,0.015707801777422564,0.010506540796289127,0.00024673503667879947
11,0,0,11,1.9999383152895798,5.82392484719348,0.00024673503667881313
12,0,1,12,0.015707801777422568,0.056175822511758566,0.0002467350366787995
13,0,0,13,0.015707801777422578,0.011946136878456049,0.00024673503667879996
14,0,0,14,0.01570780177742264,0.01852139792786245,0.0002467350366788018
15,0,1,15,0.015707801777422658,0.048475682386579066,0.0002467350366788021
16,0,1,16,0.015707801777422644,0.015170789059125944,0.0002467350366788019
17,0,1,17,0.015707801777422564,0.010936180673959517,0.0002467350366787994
18,0,1,18,0.015707801777422654,0.0017524524650612827,0.00024673503667880234
19,0,0,19,0.015707801777422585,0.061713082069410174,0.0002467350366787999
20,0,0,20,0.01570780177742257,0.006751505350348193,0.0002467350366787997
21,0,0,21,0.015707801777422814,0.02545389841451473,0.0002467350366788073
22,0,0,22,0.015707801777422748,0.02207522727478528,0.00024673503667880527
23,0,0,23,0.015707801777422578,1.6248528367547588e-05,0.0002467350366787998
24,0,0,24,0.015707801777422495,0.01646589232665585,0.00024673503667879714
25,0,1,25,0.01570780177742275,0.029018960045656295,0.0002467350366788054
26,0,0,26,0.015707801777422578,0.062141793127508144,0.00024673503667879985
27,0,1,27,0.015707801777422564,0.02594689860928323,0.00024673503667879947
28,0,0,28,0.015707801777422696,0.007829351238691107,0.0002467350366788032
29,0,1,29,0.015707801777422568,0.014114892969228743,0.0002467350366787994
30,0,0,30,0.01570780177742261,0.0033307739294170524,0.0002467350366788001
31,0,1,31,0.01570780177742262,0.045545133959929096,0.00024673503667880115
32,0,1,32,0.0157078017774226,0.0034167510072886653,0.00024673503667880045
33,0,1,33,0.015707801777422585,0.06266292220909359,0.00024673503667879996
34,0,0,34,0.01570780177742258,0.02789832205309338,0.00024673503667879996
35,0,1,35,0.015707801777422748,0.0044461084614846325,0.00024673503667880484
36,0,0,36,0.01570780177742258,0.059452326782177156,0.00024673503667879985
37,0,1,37,0.015707801777422578,0.06020015193113637,0.00024673503667879985
38,0,0,38,0.01570780177742274,0.02887934986317453,0.00024673503667880516
39,0,1,39,0.015707801777422706,0.020966982080202534,0.0002467350366788038
40,0,0,40,0.015707801777422675,0.0020203512340065677,0.00024673503667880267
41,0,1,41,0.01570780177742261,0.05363289605168586,0.0002467350366788009
42,0,0,42,0.015707801777422693,0.04029168672399486,0.0002467350366788035
43,0,0,43,0.015707801777422536,0.028987389462642676,0.00024673503667879866
44,0,0,44,0.01570780177742257,0.055532530642555145,0.00024673503667879947
45,0,1,45,0.01570780177742267,0.002238480708145474,0.00024673503667880245
46,0,0,46,0.015707801777422616,0.04125966024409333,0.0002467350366788008
47,0,1,47,0.01570780177742257,0.03323657910871347,0.0002467350366787999
48,0,1,48,0.015707801777422512,0.03964394740000987,0.00024673503667879774
49,0,0,49,0.01570780177742266,0.03854220514257323,0.0002467350366788003
50,0,0,50,0.01570780177742257,0.05968439276505322,0.00024673503667879963
51,0,0,51,0.015707801777422804,0.014387146094704262,0.00024673503667880684
52,0,0,52,0.015707801777422602,0.008287925697850085,0.0002467350366787998
53,0,1,53,0.01570780177742267,0.05244828231208487,0.00024673503667880267
54,0,0,54,0.01570780177742257,0.024626969080874972,0.0002467350366787998
55,0,1,55,0.01570780177742257,0.009863753976945444,0.0002467350366787998
56,0,1,56,0.015707801777422585,0.004420452483943738,0.0002467350366788
57,0,0,57,0.015707801777422554,0.0027878301556849006,0.00024673503667879915
58,0,0,58,0.01570780177742267,0.006096190953398306,0.0002467350366788026
59,0,1,59,0.015707801777422592,0.013337767813862055,0.00024673503667880007
60,0,0,60,0.01570780177742258,0.03208841622245768,0.0002467350366788
61,0,1,61,0.015707801777422578,0.004129392017067968,0.00024673503667879996
62,0,1,62,0.015707801777422665,0.003437944128255932,0.00024673503667880267
63,0,0,63,0.015707801777422675,0.010574207149855575,0.0002467350366788011
64,0,0,64,0.01570780177742258,0.05150614211800572,0.0002467350366788
65,0,0,65,0.01570780177742258,0.04189293117562354,0.00024673503667879985
66,0,0,66,0.01570780177742257,0.012893106208529015,0.0002467350366787998
67,0,0,67,0.015707801777422672,0.029054604260015715,0.0002467350366788029
68,0,0,68,0.015707801777422595,0.04802411001607132,0.0002467350366788003
69,0,1,69,0.01570780177742271,0.0010584873347839752,0.0002467350366788041
70,0,0,70,0.01570780177742257,0.022794480863310262,0.00024673503667879925
71,0,1,71,0.015707801777422807,0.029042909562935426,0.0002467350366788068
72,0,1,72,0.015707801777422477,0.017735108875785888,0.000246735036678796
73,0,0,73,0.01570780177742268,0.01361192170572778,0.0002467350366788022
74,0,0,74,0.015707801777422616,0.02904998537357506,0.0002467350366788009
75,0,0,75,0.01570780177742248,0.021366889171818615,0.00024673503667879687
76,0,1,76,0.01570780177742264,0.0008384957584098782,0.0002467350366788018
77,0,1,77,0.015707801777422554,0.026364766995394806,0.0002467350366787984
78,0,1,78,0.01570780177742263,0.0524457417133295,0.0002467350366788016
79,0,1,79,0.015707801777422623,0.005598831461205767,0.0002467350366788015
80,0,1,80,0.015707801777422654,0.03955351550125519,0.00024673503667880186
81,0,0,81,0.015707801777422672,0.015091579448351045,0.00024673503667880267
82,0,0,82,0.015707801777422613,0.05028486307878621,0.0002467350366788007
83,0,1,83,0.015707801777422592,0.030757783714680187,0.0002467350366788
84,0,1,84,0.015707801777422686,0.002147692373521748,0.0002467350366788032
85,0,1,85,0.015707801777422568,0.06229498959512286,0.0002467350366787995
86,0,1,86,0.0157078017774227,0.0005006769358404384,0.00024673503667880375
87,0,0,87,0.015707801777422585,0.044890335666620484,0.0002467350366788001
88,0,0,88,0.015707801777422564,0.027079305529852604,0.00024673503667879844
89,0,0,89,0.01570780177742266,0.03362063387394221,0.0002467350366788024
90,0,1,90,0.015707801777422602,0.02409299883632432,0.0002467350366788003
91,0,1,91,0.01570780177742277,0.0269094278041333,0.00024673503667880516
92,0,1,92,0.015707801777422557,0.05855433910049934,0.00024673503667879915
93,0,0,93,0.015707801777422682,0.003843012383923039,0.0002467350366788033
94,0,1,94,0.015707801777422696,0.0005427016104538329,0.00024673503667880343
95,0,0,95,0.015707801777422686,0.0005649107788492369,0.0002467350366788027
96,0,1,96,0.015707801777422533,0.0006780755072135769,0.0002467350366787983
97,0,0,97,0.01570780177742267,0.0017871226988481759,0.0002467350366788028
98,0,0,98,0.015707801777422797,0.0336997756470625,0.0002467350366788068
99,0,1,99,0.01570780177742257,0.062362470017086946,0.0002467350366787998
100,0,1,100,0.01570780177742264,0.008683946152138411,0.000246735036678802
101,0,1,101,0.015707801777422637,0.038556992684004365,0.0002467350366788016
102,0,0,102,0.01570780177742265,0.010483202917105139,0.0002467350366788022
103,0,1,103,0.01570780177742264,0.021457637043379663,0.0002467350366788018
104,0,1,104,0.015707801777422686,0.011106951355042582,0.00024673503667880695
105,0,1,105,0.0157078017774226,0.014767090840971053,0.0002467350366788005
106,0,0,106,0.015707801777422675,0.00022265140228223262,0.0002467350366788029
107,0,0,107,0.015707801777422568,0.005402336826834109,0.00024673503667879936
108,0,1,108,0.015707801777422585,0.016242536560463997,0.00024673503667879985
109,0,1,109,0.015707801777422693,0.042848273093004874,0.0002467350366788034
110,0,0,110,0.01570780177742275,0.020763813480829896,0.00024673503667880516
111,0,1,111,0.015707801777422682,0.02311070560065165,0.0002467350366788031
112,0,1,112,0.01570780177742261,0.01820325492987296,0.0002467350366788009
113,0,1,113,0.015707801777422627,0.015723260940986084,0.0002467350366788009
114,0,0,114,0.01570780177742262,0.006471274546807404,0.0002467350366788
115,0,0,115,0.015707801777422675,0.02335236102169924,0.0002467350366788019
116,0,1,116,0.015707801777422547,0.04666130353872888,0.00024673503667879866
117,0,0,117,0.015707801777422568,0.004730527372942994,0.0002467350366787995
118,0,0,118,0.015707801777422613,0.060150259979607545,0.0002467350366788009
119,0,0,119,0.015707801777422568,0.0014376164261987456,0.0002467350366787995
120,0,1,120,0.015707801777422762,0.02301454905946887,0.0002467350366788056
121,0,0,121,0.01570780177742258,0.03815636755381546,0.00024673503667879985
122,0,1,122,0.015707801777422644,0.05739763915141305,0.0002467350366788018
123,0,1,123,0.015707801777422675,0.005663529146231472,0.0002467350366788026
124,0,0,124,0.015707801777422717,0.009830333008581604,0.0002467350366788041
125,0,0,125,0.015707801777422592,0.0019673611377242217,0.0002467350366788
126,0,1,126,0.0157078017774227,0.04737011756765552,0.0002467350366788035
127,0,0,127,0.015707801777422568,0.008658820312241744,0.00024673503667879925
128,0,1,128,0.015707801777422613,0.056529583917693804,0.0002467350366788009
129,0,0,129,0.01570780177742259,0.004206597785114591,0.00024673503667880007
130,0,1,130,0.01570780177742259,0.0030767277822110195,0.00024673503667880023
131,0,1,131,0.015707801777422703,0.048850298013062066,0.0002467350366788038
132,0,0,132,0.015707801777422696,0.028638353711265996,0.0002467350366788036
133,0,1,133,0.015707801777422772,0.022448702226105066,0.000246735036678806
134,0,1,134,0.01570780177742262,0.007870535568446302,0.0002467350366788012
135,0,0,135,0.01570780177742252,0.03329765573934029,0.00024673503667879795
136,0,1,136,0.015707801777422557,0.03570761088735397,0.00024673503667879855
137,0,0,137,0.015707801777422578,0.04920673918524765,0.0002467350366787995
138,0,1,138,0.01570780177742272,0.018524296620308522,0.0002467350366788043
139,0,1,139,0.015707801777422557,0.011012580288233098,0.0002467350366787992
140,0,0,140,0.015707801777422675,0.00013816147384339283,0.0002467350366788029
141,0,1,141,0.01570780177742258,0.004559981640104377,0.0002467350366787998
142,0,1,142,0.01570780177742267,0.018878126333985668,0.00024673503667880224
143,0,0,143,0.015707801777422547,0.03400977312249892,0.00024673503667879893
144,0,0,144,0.01570780177742257,0.018613385632370694,0.0002467350366787989
145,0,0,145,0.015707801777422564,0.06239036559669919,0.0002467350366787994
146,0,1,146,0.015707801777422613,0.030634428262322544,0.00024673503667880094
147,0,1,147,0.015707801777422647,0.004142048287284483,0.0002467350366788021
148,0,0,148,0.015707801777422595,0.0009729943414122921,0.0002467350366788036
149,0,1,149,0.015707801777422613,0.01716687073894585,0.0002467350366788006
150,0,1,150,0.015707801777422696,0.0124575078984821,0.0002467350366788036
151,0,0,151,0.01570780177742262,0.008905046829002838,0.00024673503667880115
152,0,1,152,0.015707801777422644,0.02988584883977552,0.0002467350366788019
153,0,1,153,0.015707801777422706,0.02100091394617376,0.00024673503667880386
154,0,1,154,0.015707801777422634,0.01584855912688443,0.0002467350366788016
155,0,0,155,0.01570780177742263,0.016074523079525616,0.0002467350366788013
156,0,1,156,0.01570780177742257,0.044259295058724835,0.00024673503667879963
157,0,1,157,0.015707801777422717,0.020892637453577834,0.00024673503667880397
158,0,1,158,0.015707801777422533,0.01011897790919336,0.0002467350366787982
159,0,0,159,0.01570780177742256,0.03822149030074018,0.0002467350366787993
160,0,1,160,0.015707801777422557,0.011838595452968725,0.00024673503667879855
161,0,1,161,0.01570780177742261,0.014172707334785262,0.0002467350366788009
162,0,1,162,0.01570780177742255,0.014479050589676135,0.000246735036678799
163,0,1,163,0.01570780177742258,0.02457036403091725,0.0002467350366787999
164,0,0,164,0.015707801777422672,0.03610137483309961,0.0002467350366788028
165,0,0,165,0.015707801777422592,0.0004655407808182438,0.00024673503667880023
166,0,1,166,0.015707801777422606,0.0010362494697935404,0.0002467350366788007
167,0,0,167,0.01570780177742274,0.037077713345552876,0.00024673503667880506
168,0,1,168,0.015707801777422578,0.04866871587431465,0.00024673503667879985
169,0,0,169,0.015707801777422557,0.03419301198953395,0.00024673503667879866
170,0,1,170,0.015707801777422533,0.033344897217751246,0.0002467350366787985
171,0,0,171,0.015707801777422557,0.014082017387447632,0.00024673503667879936
172,0,0,172,0.015707801777422637,0.026907872535234745,0.00024673503667880137
173,0,0,173,0.0157078017774226,0.05953890081628055,0.00024673503667880045
174,0,0,174,0.015707801777422627,0.0071558375133656815,0.0002467350366788014
175,0,0,175,0.015707801777422706,0.004117149014709387,0.00024673503667880327
176,0,1,176,0.01570780177742265,0.019696871636266655,0.00024673503667880213
177,0,0,177,0.015707801777422568,0.053563279291988675,0.00024673503667879925
178,0,1,178,0.015707801777422713,0.01819102753703028,0.0002467350366788038
179,0,1,179,0.015707801777422592,0.01771651293701848,0.00024673503667880023
180,0,0,180,0.01570780177742258,0.001095076544570972,0.0002467350366788001
181,0,0,181,0.01570780177742265,0.0162750283332751,0.00024673503667880234
182,0,1,182,0.01570780177742274,0.03264631926775596,0.0002467350366788038
183,0,1,183,0.015707801777422543,0.011079679732284076,0.00024673503667879877
184,0,1,184,0.015707801777422738,0.026751174929057875,0.00024673503667880495
185,0,1,185,0.015707801777422675,0.004466995606715041,0.0002467350366788028
186,0,0,186,0.015707801777422557,0.0167306392066906,0.0002467350366787992
187,0,1,187,0.01570780177742266,0.002595456165872978,0.0002467350366788024
188,0,1,188,0.015707801777422658,0.0466661223303364,0.0002467350366788011
189,0,1,189,0.01570780177742264,0.009524457156632415,0.00024673503667880164
190,0,1,190,0.015707801777422512,0.0005018340096389629,0.0002467350366787978
191,0,1,191,0.01570780177742257,0.015744569695504307,0.0002467350366787998
192,0,1,192,0.015707801777422592,0.0023763414384329606,0.00024673503667880034
193,0,0,193,1.99993831528958,7.347518998987004,0.00024673503667881454
194,0,1,194,0.015707801777422578,0.04047513623442933,0.0002467350366787998
195,0,1,195,0.0157078017774226,0.06008206773437119,0.00024673503667880045
196,0,1,196,0.01570780177742258,0.005722885577392783,0.00024673503667879985
197,0,1,197,0.015707801777422592,0.025350517022337593,0.00024673503667880023
198,0,1,198,0.015707801777422665,0.029168486677747296,0.00024673503667880186
199,0,1,199,0.015707801777422585,0.06129002822457441,0.0002467350366788001
200,0,1,200,0.0157078017774226,0.010230424578090425,0.0002467350366788006
201,0,0,201,0.01570780177742258,0.050651994286667,0.00024673503667880007
202,0,1,202,0.015707801777422693,0.001186289865620041,0.0002467350366788037
203,0,1,203,0.015707801777422693,0.03138352612613593,0.0002467350366788035
204,0,0,204,0.015707801777422543,0.0452209890629407,0.00024673503667879866
205,0,1,205,0.015707801777422543,0.015377706063747887,0.0002467350366787989
206,0,0,206,0.015707801777422585,0.00541673560218775,0.0002467350366788002
207,0,1,207,0.015707801777422634,0.0410709261341522,0.000246735036678801
208,0,1,208,0.015707801777422703,0.011928191181341141,0.00024673503667880354
209,0,0,209,0.015707801777422554,0.050471229558693764,0.0002467350366787989
210,0,1,210,0.015707801777422568,0.06223521313456809,0.0002467350366787996
211,0,0,211,0.015707801777422554,0.03507884129114691,0.0002467350366787988
212,0,1,212,0.01570780177742255,0.05522680294294058,0.00024673503667879877
213,0,1,213,0.015707801777422658,0.006445950317011118,0.00024673503667880175
214,0,1,214,0.015707801777422634,0.010110510778526649,0.0002467350366788016
215,0,0,215,0.015707801777422505,0.01480139155017346,0.0002467350366787973
216,0,0,216,0.015707801777422585,0.0628239999956058,0.0002467350366788
217,0,1,217,0.015707801777422568,0.01700820148582699,0.0002467350366787994
218,0,1,218,0.015707801777422693,0.01798482687432479,0.0002467350366788029
219,0,0,219,0.015707801777422627,0.05137492611751204,0.00024673503667880137
220,0,1,220,0.015707801777422713,0.015006243061252533,0.000246735036678804
221,0,1,221,0.01570780177742258,0.042918514392707996,0.00024673503667880007
222,0,0,222,0.01570780177742268,0.0017624488583445341,0.000246735036678803
223,0,1,223,0.015707801777422592,0.039014970631870316,0.00024673503667879974
224,0,0,224,0.015707801777422654,0.05092611846637407,0.0002467350366788022
225,0,0,225,0.015707801777422554,0.0462965294288995,0.0002467350366787991
226,0,1,226,0.01570780177742258,0.008871408934368663,0.00024673503667879963
227,0,1,227,0.01570780177742258,0.01231176763155295,0.0002467350366787999
228,0,1,228,0.015707801777422616,0.006612733511598745,0.0002467350366788007
229,0,1,229,0.015707801777422665,0.0035226823979139787,0.0002467350366788028
230,0,1,230,0.01570780177742267,0.001824578394796758,0.00024673503667880267
231,0,1,231,0.01570780177742276,0.018337044734601626,0.00024673503667880565
232,0,0,232,0.015707801777422578,0.059224237564705254,0.0002467350366787998
233,0,0,233,0.015707801777422557,0.007372342980683566,0.00024673503667879904
234,0,1,234,0.015707801777422568,0.01609894021590952,0.0002467350366787996
235,0,1,235,0.015707801777422644,0.014394625142354567,0.00024673503667880186
236,0,0,236,0.015707801777422592,0.022297342852212854,0.0002467350366788
237,0,1,237,0.01570780177742258,0.007445039917602925,0.00024673503667879985
238,0,1,238,0.015707801777422578,0.019831882780177557,0.0002467350366787998
239,0,0,239,0.01570780177742258,0.0010549004414192598,0.0002467350366788
240,0,0,240,0.015707801777422568,0.009021774272949035,0.0002467350366787995
241,0,0,241,0.01570780177742273,0.017560754364532638,0.0002467350366788042
242,0,1,242,0.01570780177742275,0.01719188468031696,0.00024673503667880435
243,0,0,243,0.01570780177742256,0.008324337881636737,0.0002467350366787994
244,0,0,244,0.015707801777422578,0.03990195751114367,0.00024673503667879974
245,0,1,245,0.01570780177742262,0.05938268488798237,0.00024673503667880126
246,0,0,246,0.015707801777422654,0.013674519556737152,0.00024673503667880245
247,0,0,247,0.015707801777422675,0.026856122604119292,0.00024673503667880283
248,0,0,248,0.015707801777422686,0.02934525008475397,0.00024673503667880327
249,0,0,249,0.015707801777422477,0.03446260135745982,0.0002467350366787965
250,0,1,250,0.015707801777422585,5.053071177146817e-05,0.00024673503667880007
251,0,0,251,0.015707801777422637,0.005693866305810369,0.00024673503667880164
252,0,0,252,0.01570780177742264,0.0034418614810381998,0.00024673503667880164
253,0,0,253,0.015707801777422595,0.016897788041031925,0.00024673503667879996
254,0,1,254,1.9999383152895798,7.113307471958917,0.0002467350366788076
255,0,0,255,0.01570780177742261,0.05111445800818126,0.0002467350366788006
256,0,0,256,0.015707801777422595,0.00869759051745067,0.0002467350366787997
257,0,0,257,0.01570780177742264,0.0570463475670695,0.0002467350366788016
258,0,1,258,0.015707801777422738,0.027961818220620493,0.000246735036678804
259,0,1,259,0.015707801777422564,0.0512866203809722,0.00024673503667879947
260,0,1,260,0.015707801777422547,0.060410167232197054,0.0002467350366787989
261,0,0,261,0.015707801777422647,0.04736940064511086,0.0002467350366788021
262,0,1,262,0.01570780177742268,0.008213435634794486,0.00024673503667880283
263,0,0,263,0.015707801777422415,0.032150884991783535,0.00024673503667879476
264,0,1,264,0.015707801777422634,0.034965856518895055,0.0002467350366788005
265,0,1,265,0.015707801777422727,0.011087738188425345,0.00024673503667880435
266,0,0,266,0.01570780177742259,0.0013974935907540547,0.0002467350366788003
267,0,1,267,0.015707801777422613,0.008824875852948222,0.0002467350366788008
268,0,0,268,0.015707801777422502,0.03439364073505358,0.00024673503667879747
269,0,1,269,0.0157078017774226,0.05984306050923449,0.00024673503667880034
270,0,1,270,0.01570780177742269,0.00012558468380549637,0.0002467350366788031
271,0,0,271,0.0157078017774226,0.03089205738748335,0.0002467350366788005
272,0,0,272,0.015707801777422568,0.05294718331788495,0.00024673503667879947
273,0,1,273,0.01570780177742262,0.05928158378026449,0.00024673503667880126
274,0,1,274,0.015707801777422585,0.059874750222845774,0.00024673503667879996
275,0,0,275,0.015707801777422693,0.04138618983112474,0.0002467350366788035
276,0,1,276,0.015707801777422686,0.008083727204714508,0.0002467350366788031
277,0,1,277,0.015707801777422602,0.004812395508348166,0.0002467350366788006
278,0,0,278,0.015707801777422592,0.061968778187944384,0.00024673503667880023
279,0,1,279,0.01570780177742259,0.057763507903830114,0.0002467350366788002
280,0,0,280,0.01570780177742257,0.04134657824338284,0.0002467350366787994
281,0,0,281,0.015707801777422644,0.0023081624182128557,0.00024673503667880197
282,0,1,282,0.015707801777422793,0.051536556751843765,0.0002467350366788067
283,0,1,283,0.015707801777422564,0.04555395437304999,0.00024673503667879936
284,0,1,284,0.015707801777422592,0.02428462282860433,0.00024673503667879974
285,0,1,285,0.01570780177742257,0.01610954783489804,0.00024673503667879963
286,0,0,286,0.01570780177742272,0.008513828619373776,0.0002467350366788044
287,0,0,287,0.015707801777422613,0.01378565879090754,0.00024673503667880077
288,0,1,288,0.01570780177742257,0.006427852616447516,0.0002467350366787996
289,0,0,289,0.015707801777422585,0.007936775475181346,0.0002467350366787999
290,0,1,290,0.015707801777422578,0.05297380017204767,0.0002467350366787999
291,0,0,291,0.015707801777422578,0.00016646400048375698,0.00024673503667879985
292,0,1,292,0.01570780177742255,0.044108558903511064,0.00024673503667879904
293,0,1,293,0.01570780177742257,0.0035515929230507393,0.0002467350366787994
294,0,0,294,0.01570780177742257,0.04128959886315764,0.00024673503667879963
295,0,0,295,0.0157078017774225,0.028040214248754136,0.00024673503667879725
296,0,0,296,0.015707801777422616,0.05464652761224564,0.000246735036678801
297,0,0,297,0.01570780177742264,0.011349600918942437,0.0002467350366788018
298,0,1,298,0.015707801777422578,0.004995790651746157,0.0002467350366787999
299,0,1,299,0.015707801777422568,0.0007659843251615409,0.00024673503667879947
300,0,0,300,0.01570780177742275,0.011181103986492191,0.00024673503667880495
301,0,0,301,0.015707801777422665,0.003951395649565814,0.0002467350366788024
302,0,0,302,0.0157078017774226,0.0016960356942236077,0.00024673503667880045
303,0,1,303,0.01570780177742253,0.050064780054951186,0.0002467350366787983
304,0,0,304,0.01570780177742257,0.022025960803133682,0.00024673503667879947
305,0,1,305,0.01570780177742256,0.0482113822089173,0.00024673503667879936
306,0,0,306,0.01570780177742258,0.021729389438257307,0.00024673503667879996
307,0,1,307,0.015707801777422665,0.037148003638711735,0.00024673503667880234
308,0,0,308,0.015707801777422693,0.021539859555516738,0.00024673503667880327
309,0,1,309,0.0157078017774226,0.06200907363780034,0.00024673503667880056
310,0,0,310,0.015707801777422602,0.020156414567424896,0.0002467350366788007
311,0,0,311,0.015707801777422606,0.003415824846071683,0.00024673503667880066
312,0,1,312,0.015707801777422627,0.04512838532760455,0.0002467350366788012
313,0,1,313,0.015707801777422634,0.03501220129658922,0.0002467350366788017
314,0,1,314,0.015707801777422533,0.02377096317748295,0.00024673503667879844
315,0,0,315,0.01570780177742257,0.028461991882952453,0.00024673503667879963
316,0,1,316,0.01570780177742259,0.04629379620357585,0.0002467350366788002
317,0,0,317,0.015707801777422557,0.060528778324620114,0.00024673503667879915
318,0,1,318,0.015707801777422682,0.002334043570052735,0.00024673503667880305
319,0,1,319,0.01570780177742267,0.008287653740872258,0.0002467350366788023
320,0,1,320,0.015707801777422578,0.009831957940743763,0.0002467350366787995
321,0,1,321,0.015707801777422523,0.017502755411698878,0.000246735036678798
322,0,0,322,0.01570780177742259,0.018638351462482355,0.00024673503667880007
323,0,0,323,0.01570780177742259,0.008909435299454316,0.00024673503667880007
324,0,1,324,0.015707801777422693,0.02298576623436155,0.0002467350366788035
325,0,0,325,0.01570780177742255,0.017851863861647832,0.00024673503667879893
326,0,0,326,0.015707801777422557,0.02939319416319397,0.0002467350366787989
327,0,1,327,0.015707801777422536,0.022759077419505447,0.00024673503667879855
328,0,0,328,0.015707801777422772,0.020135540847028732,0.00024673503667880576
329,0,0,329,0.015707801777422578,0.009216012099125148,0.00024673503667879974
330,0,0,330,0.01570780177742257,0.01353711307015626,0.0002467350366787996
331,0,0,331,0.015707801777422672,0.001876243754292961,0.0002467350366788028
332,0,1,332,0.01570780177742267,0.03962185935903184,0.00024673503667880267
333,0,0,333,0.015707801777422606,0.005407847044675451,0.00024673503667880023
334,0,1,334,0.015707801777422623,0.019942207262020784,0.0002467350366788012
335,0,0,335,0.015707801777422547,0.034947601615235246,0.00024673503667879833
336,0,0,336,0.015707801777422557,0.040748263862407264,0.00024673503667879844
337,0,0,337,0.015707801777422713,0.03927651148148881,0.0002467350366788042
338,0,1,338,0.015707801777422807,0.03800638304646231,0.0002467350366788069
339,0,1,339,0.015707801777422578,0.05210634272780551,0.0002467350366787999
340,0,0,340,0.015707801777422547,0.04941469171348101,0.00024673503667879893
341,0,1,341,0.015707801777422595,0.05478843349105944,0.0002467350366788004
342,0,1,342,0.01570780177742257,0.011476301031288105,0.00024673503667879974
343,0,1,343,0.015707801777422675,0.0039029402889838583,0.00024673503667880164
344,0,1,344,0.015707801777422637,0.018048548470728232,0.0002467350366788016
345,0,0,345,0.015707801777422595,0.025197679002908258,0.00024673503667879996
346,0,1,346,0.015707801777422554,0.0502122363135018,0.0002467350366787991
347,0,1,347,0.015707801777422665,0.021037524527251605,0.00024673503667880224
348,0,0,348,0.015707801777422786,0.04412013900847267,0.000246735036678806
349,0,0,349,0.01570780177742274,0.040483111593997645,0.00024673503667880457
350,0,1,350,0.01570780177742255,0.0074272020588947996,0.0002467350366787981
351,0,1,351,0.015707801777422595,0.016239252434292695,0.00024673503667880023
352,0,1,352,0.015707801777422578,0.012668966901232537,0.0002467350366787999
353,0,1,353,0.01570780177742256,0.001095108087958041,0.0002467350366787993
354,0,1,354,0.015707801777422592,0.007436011658634667,0.0002467350366788002
355,0,1,355,0.015707801777422613,0.017598293053636027,0.00024673503667880094
356,0,0,356,0.01570780177742252,0.011434619085323616,0.000246735036678798
357,0,0,357,0.01570780177742269,0.008269319626206473,0.0002467350366788033
358,0,0,358,0.015707801777422713,0.0437551711431059,0.00024673503667880413
359,0,1,359,0.015707801777422616,0.03273505636503682,0.00024673503667880104
360,0,0,360,0.015707801777422578,0.041590332592132295,0.0002467350366787993
361,0,0,361,0.015707801777422592,0.04308106876042617,0.0002467350366787997
362,0,0,362,0.01570780177742278,0.02625417651576667,0.00024673503667880625
363,0,0,363,0.015707801777422616,0.04774831898771459,0.000246735036678801
364,0,1,364,0.01570780177742261,0.056550610839734894,0.0002467350366788008
365,0,0,365,0.015707801777422578,0.049040380255840565,0.0002467350366787996
366,0,0,366,0.01570780177742258,0.05290179739115186,0.00024673503667879985
367,0,0,367,0.015707801777422585,0.055902420172431744,0.00024673503667880007
368,0,1,368,0.01570780177742271,0.016466783086173997,0.0002467350366788037
369,0,1,369,0.015707801777422682,0.017081456577491494,0.00024673503667880294
370,0,0,370,0.015707801777422765,0.042405051136928495,0.00024673503667880516
371,0,0,371,0.015707801777422564,0.035177651263169185,0.00024673503667879855
372,0,1,372,0.015707801777422554,0.024802801229649285,0.00024673503667879915
373,0,1,373,0.015707801777422672,0.039319654888280375,0.00024673503667880283
374,0,0,374,0.015707801777422606,0.04555130429420151,0.00024673503667880066
375,0,0,375,0.015707801777422533,0.024612120815681315,0.0002467350366787984
376,0,1,376,0.015707801777422606,0.027816943111219627,0.0002467350366788006
377,0,0,377,0.015707801777422814,0.012676817376091387,0.00024673503667880706
378,0,0,378,0.01570780177742262,0.003533537363154829,0.00024673503667880126
379,0,1,379,0.01570780177742247,0.04364968529194746,0.00024673503667879633
380,0,1,380,0.015707801777422585,0.04317173930969953,0.0002467350366788
381,0,0,381,0.015707801777422523,0.019029083998231222,0.00024673503667879806
382,0,0,382,0.01570780177742254,0.025247058884555473,0.00024673503667879866
383,0,1,383,0.015707801777422526,0.0568742625567924,0.0002467350366787982
384,0,1,384,0.015707801777422564,0.028904420413063958,0.0002467350366787993
385,0,0,385,0.015707801777422488,0.02444992637327892,0.0002467350366787969
386,0,1,386,0.015707801777422554,0.059438898358837866,0.0002467350366787991
387,0,0,387,0.01570780177742256,0.061239259086702025,0.00024673503667879915
388,0,1,388,0.015707801777422706,0.009897045912768299,0.00024673503667880365
389,0,1,389,0.015707801777422488,0.05357856142782014,0.00024673503667879703
390,0,0,390,0.01570780177742252,0.024979115570523014,0.00024673503667879703
391,0,0,391,0.015707801777422654,0.0038210949212458267,0.00024673503667880224
392,0,1,392,0.01570780177742267,0.007017630468468816,0.00024673503667880283
393,0,1,393,0.015707801777422585,0.000310914479628166,0.00024673503667879996
394,0,1,394,0.01570780177742271,0.012326952158917326,0.000246735036678803
395,0,0,395,0.015707801777422578,0.05554441542120525,0.0002467350366787998
396,0,0,396,0.01570780177742256,0.030414460744459637,0.0002467350366787992
397,0,0,397,0.01570780177742259,0.04484213180760832,0.0002467350366788002
398,0,0,398,0.015707801777422578,0.003240695517066995,0.00024673503667879996
399,0,1,399,0.015707801777422585,0.020678458829771762,0.0002467350366787998
400,0,1,400,0.01570780177742259,0.05135747909443045,0.00024673503667880023
401,0,0,401,0.01570780177742269,0.006392496126525593,0.000246735036678802
402,0,0,402,0.0157078017774227,0.004517013853699792,0.0002467350366788034
403,0,1,403,0.015707801777422595,0.04105055637284538,0.0002467350366788006
404,0,0,404,0.01570780177742255,0.03442187166083621,0.000246735036678799
405,0,0,405,0.015707801777422564,0.02803329011131206,0.00024673503667879925
406,0,1,406,0.01570780177742276,0.016394422751401017,0.0002467350366788054
407,0,0,407,0.01570780177742271,0.003557957541048762,0.000246735036678804
408,0,0,408,0.015707801777422543,0.036067647341680775,0.00024673503667879877
409,0,0,409,0.015707801777422637,0.005175186119791231,0.00024673503667880175
410,0,0,410,0.015707801777422634,0.04417411532988169,0.00024673503667880034
411,0,0,411,0.015707801777422706,0.040790168687454775,0.0002467350366788037
412,0,0,412,0.015707801777422797,0.01893385761257127,0.0002467350366788067
413,0,1,413,0.015707801777422634,0.01910728590194455,0.0002467350366788014
414,0,0,414,0.015707801777422755,0.008975064572049885,0.0002467350366788054
415,0,0,415,0.01570780177742268,0.01796530185621048,0.000246735036678803
416,0,1,416,0.01570780177742265,0.023613633451577187,0.00024673503667880175
417,0,1,417,0.01570780177742256,0.03550824086238613,0.0002467350366787986
418,0,0,418,0.01570780177742264,0.013814701644782157,0.00024673503667880153
419,0,1,419,0.01570780177742258,0.04758404611586217,0.00024673503667879996
420,0,0,420,0.015707801777422516,0.02947888987711278,0.0002467350366787978
421,0,0,421,0.015707801777422644,0.030991627431959046,0.00024673503667880153
422,0,1,422,0.01570780177742258,0.04968623389584794,0.0002467350366788
423,0,0,423,0.01570780177742258,0.026827131274056212,0.0002467350366788001
424,0,0,424,0.015707801777422654,0.05326195710938508,0.0002467350366788017
425,0,1,425,0.01570780177742257,0.014546877126235813,0.00024673503667879947
426,0,0,426,0.015707801777422616,0.0013590594250336707,0.0002467350366787999
427,0,1,427,0.015707801777422717,0.002275224575769258,0.00024673503667880413
428,0,0,428,0.015707801777422547,0.01720105001992156,0.0002467350366787987
429,0,1,429,0.01570780177742266,0.04078589472552885,0.0002467350366788023
430,0,1,430,0.015707801777422606,0.052133684768018496,0.0002467350366788005
431,0,1,431,0.015707801777422613,0.03321144668752263,0.00024673503667880104
432,0,0,432,0.015707801777422693,0.03422812020520105,0.0002467350366788033
433,0,0,433,0.01570780177742252,0.02406078115074184,0.0002467350366787979
434,0,0,434,0.015707801777422554,0.047144941515135264,0.000246735036678799
435,0,1,435,0.01570780177742273,0.018524258359327472,0.0002467350366788046
436,0,0,436,0.015707801777422644,0.007615751792548142,0.00024673503667880007
437,0,1,437,0.01570780177742266,0.01115205502883354,0.00024673503667880213
438,0,0,438,0.01570780177742268,0.0230099667427619,0.00024673503667880267
439,0,1,439,0.01570780177742257,0.0406968992018929,0.0002467350366787997
440,0,1,440,0.015707801777422554,0.028785739256838472,0.00024673503667879904
441,0,0,441,0.015707801777422564,0.013968244439883148,0.00024673503667879936
442,0,1,442,0.01570780177742257,0.003516715052644226,0.0002467350366787997
443,0,0,443,0.015707801777422672,0.002234833163144323,0.0002467350366788028
444,0,1,444,0.015707801777422602,0.02367263887851845,0.0002467350366788006
445,0,0,445,0.015707801777422693,0.04499565691816754,0.00024673503667880343
446,0,1,446,0.015707801777422547,0.05906950783608256,0.00024673503667879893
447,0,0,447,0.0157078017774227,0.015957533814921154,0.00024673503667880256
448,0,1,448,0.01570780177742266,0.012143251020799273,0.00024673503667880224
449,0,1,449,0.015707801777422592,0.05967503226559323,0.0002467350366788003
450,0,0,450,0.015707801777422533,0.022471245180125776,0.00024673503667879817
451,0,0,451,0.01570780177742258,0.04502559738138067,0.0002467350366787999
452,0,0,452,0.015707801777422675,0.0006768444358491443,0.0002467350366788029
453,0,0,453,0.015707801777422568,0.010775112091388817,0.0002467350366787996
454,0,1,454,0.015707801777422675,0.00019077784773613438,0.00024673503667880283
455,0,1,455,0.015707801777422613,0.0383878977275689,0.00024673503667880066
456,0,1,456,0.01570780177742255,0.01974548401191578,0.00024673503667879893
457,0,1,457,0.015707801777422686,0.03931840614010973,0.0002467350366788032
458,0,1,458,0.01570780177742264,0.021950163891313212,0.00024673503667880213
459,0,0,459,0.015707801777422647,0.026900410577775702,0.0002467350366788006
460,0,0,460,0.015707801777422543,0.019194245028977708,0.0002467350366787984
461,0,0,461,0.015707801777422585,0.05775614704549015,0.0002467350366787999
462,0,1,462,0.01570780177742265,0.005794212421110778,0.00024673503667880234
463,0,1,463,0.015707801777422436,0.0107103683026597,0.00024673503667879546
464,0,1,464,0.015707801777422592,0.02973877863030827,0.00024673503667880023
465,0,1,465,0.015707801777422672,0.011059679895427443,0.0002467350366788028
466,0,1,466,0.015707801777422564,0.05380834496695158,0.0002467350366787993
467,0,0,467,0.015707801777422682,0.02133214620849211,0.00024673503667880305
468,0,1,468,0.015707801777422554,0.05276024918971922,0.00024673503667879925
469,0,0,469,0.01570780177742257,0.03765863025011962,0.0002467350366787995
470,0,1,470,0.01570780177742257,0.04779279832673167,0.0002467350366787996
471,0,0,471,0.015707801777422682,0.005370456208465324,0.00024673503667880327
472,0,0,472,0.015707801777422696,0.014723747651812058,0.0002467350366788035
473,0,0,473,0.015707801777422672,0.0037090459863247105,0.0002467350366788028
474,0,0,474,0.015707801777422613,0.05346847884264405,0.00024673503667880077
475,0,1,475,0.015707801777422602,0.05010598799849264,0.0002467350366788006
476,0,1,476,0.01570780177742258,0.0526708316941209,0.0002467350366787996
477,0,1,477,0.015707801777422693,0.00039005349360854424,0.0002467350366788029
478,0,1,478,0.015707801777422585,0.059761561900017274,0.0002467350366788
479,0,1,479,0.01570780177742262,0.05240838061797537,0.00024673503667880126
480,0,0,480,0.01570780177742255,0.03514321813731458,0.00024673503667879904
481,0,1,481,0.01570780177742266,0.026525954331551027,0.0002467350366788025
482,0,1,482,0.015707801777422682,0.0026796791962704347,0.0002467350366788029
483,0,1,483,0.015707801777422578,0.04884616083973636,0.0002467350366787998
484,0,0,484,0.015707801777422706,0.01714356412806728,0.00024673503667880365
485,0,1,485,0.01570780177742257,0.011402289730304327,0.0002467350366787999
486,0,0,486,0.01570780177742262,0.025023343164316147,0.00024673503667880094
487,0,0,487,0.015707801777422717,0.04034990747844569,0.00024673503667880424
488,0,0,488,0.01570780177742258,0.03019946572502752,0.0002467350366788
489,0,0,489,0.015707801777422585,0.0006536335647066016,0.00024673503667880007
490,0,1,490,0.015707801777422616,0.00014792736965428457,0.00024673503667880104
491,0,0,491,0.015707801777422536,0.010768993428342921,0.00024673503667879866
492,0,0,492,0.01570780177742259,0.02469170524644594,0.00024673503667879996
493,0,1,493,0.01570780177742258,0.03274922446921383,0.0002467350366788
494,0,0,494,0.01570780177742258,0.006293816948815589,0.0002467350366788
495,0,1,495,0.01570780177742264,0.01901354293284685,0.0002467350366788013
496,0,0,496,0.015707801777422578,0.0053354328600798695,0.0002467350366787999
497,0,1,497,0.015707801777422623,0.00040287349659762217,0.00024673503667880126
498,0,1,498,0.015707801777422578,0.057003075862047226,0.00024673503667879974
499,0,1,499,0.015707801777422647,0.007409319631112132,0.0002467350366788022
500,0,0,500,0.01570780177742258,0.005116447878529162,0.00024673503667879996
501,0,0,501,0.0157078017774226,0.038404281495195924,0.00024673503667880007
502,0,0,502,0.015707801777422658,0.004141249878758746,0.0002467350366788023
503,0,1,503,0.015707801777422634,0.05307949648142429,0.00024673503667880164
504,0,0,504,0.015707801777422543,0.024199130490463405,0.0002467350366787988
505,0,0,505,0.01570780177742251,0.051449857943611566,0.00024673503667879763
506,0,0,506,0.015707801777422595,0.01648850156128212,0.0002467350366788001
507,0,1,507,0.015707801777422602,0.050772713884092546,0.0002467350366788006
508,0,0,508,0.015707801777422547,0.05217744529287249,0.00024673503667879877
509,0,1,509,0.015707801777422502,0.005209107567162502,0.0002467350366787974
510,0,1,510,0.01570780177742261,0.0011035061443932185,0.0002467350366788007
511,0,0,511,0.015707801777422724,0.013216942144771204,0.00024673503667880435
512,0,1,512,0.015707801777422592,0.021668233979107665,0.0002467350366788001
513,0,1,513,0.015707801777422585,0.03413664427157315,0.0002467350366788002
514,0,0,514,0.015707801777422585,0.0002828536361585976,0.00024673503667880007
515,0,1,515,0.015707801777422592,0.004364870161369882,0.00024673503667880007
516,0,1,516,0.015707801777422564,0.02110471298966654,0.0002467350366787987
517,0,0,517,0.01570780177742257,0.025999813883979872,0.00024673503667879963
518,0,1,518,0.01570780177742283,0.049967851859642476,0.0002467350366788075
519,0,0,519,0.01570780177742264,0.0018957743698277962,0.0002467350366788018
520,0,0,520,0.015707801777422623,0.008771253637735454,0.00024673503667880126
521,0,1,521,0.01570780177742257,0.011397584887600343,0.0002467350366787997
522,0,1,522,0.015707801777422634,0.006956280584331065,0.00024673503667880164
523,0,0,523,0.015707801777422627,0.0539750958002132,0.00024673503667880137
524,0,1,524,0.01570780177742258,0.021221688523529014,0.0002467350366787991
525,0,0,525,0.015707801777422706,0.04603149318802613,0.00024673503667880375
526,0,0,526,0.015707801777422665,0.02146399187014225,0.00024673503667880224
527,0,1,527,0.015707801777422616,0.020955828671465504,0.00024673503667880066
528,0,0,528,0.015707801777422595,0.010077851730780463,0.0002467350366788001
529,0,1,529,0.01570780177742269,0.012283300791576579,0.00024673503667880316
530,0,1,530,0.015707801777422543,0.06017695015422053,0.00024673503667879877
531,0,1,531,0.01570780177742257,0.013252432108760814,0.000246735036678799
532,0,1,532,0.01570780177742249,0.021484308870737934,0.0002467350366787971
533,0,0,533,0.015707801777422644,0.009343969490278159,0.0002467350366788019
534,0,1,534,0.015707801777422568,0.0009578571884989416,0.0002467350366787996
535,0,1,535,0.01570780177742257,0.05120515883007748,0.00024673503667879947
536,0,1,536,0.015707801777422647,0.0035151548270149213,0.00024673503667880213
537,0,1,537,0.015707801777422595,0.06122636356001179,0.0002467350366788003
538,0,1,538,0.01570780177742259,0.006917389465503021,0.0002467350366788002
539,0,1,539,0.01570780177742254,0.007808432806934329,0.0002467350366787987
540,0,1,540,0.0157078017774226,0.05883737586503257,0.0002467350366788005
541,0,0,541,0.015707801777422613,0.0062060320037309324,0.0002467350366788006
542,0,1,542,0.01570780177742264,0.02522447541537365,0.0002467350366788019
543,0,1,543,0.015707801777422703,0.016312613206997284,0.00024673503667880375
544,0,0,544,0.015707801777422585,0.0521096183480918,0.0002467350366788001
545,0,0,545,0.015707801777422592,0.037758962047179684,0.0002467350366787999
546,0,0,546,0.01570780177742261,0.027566575257501835,0.00024673503667880077
547,0,1,547,0.015707801777422717,0.007470681439636584,0.00024673503667880386
548,0,1,548,0.01570780177742251,0.04019461601132979,0.0002467350366787976
549,0,0,549,0.015707801777422686,0.010240711704490923,0.0002467350366788032
550,0,0,550,0.01570780177742256,0.0206520735750213,0.0002467350366787992
551,0,1,551,0.015707801777422585,0.05396825106569808,0.00024673503667879996
552,0,0,552,0.01570780177742257,0.06266256110467855,0.00024673503667879963
553,0,1,553,0.01570780177742259,0.04179628381186862,0.0002467350366788003
554,0,1,554,0.015707801777422675,0.03154317834200038,0.00024673503667880175
555,0,0,555,0.015707801777422713,0.016979725645109855,0.0002467350366788041
556,0,0,556,0.015707801777422592,0.03280593918297736,0.00024673503667880023
557,0,1,557,0.015707801777422568,0.05648655357139876,0.0002467350366787996
558,0,1,558,0.015707801777422745,0.02241210621459233,0.0002467350366788047
559,0,0,559,0.015707801777422568,0.01992320827818439,0.0002467350366787995
560,0,0,560,0.015707801777422658,0.022629208081968333,0.00024673503667880234
561,0,1,561,0.01570780177742261,0.008709556630115578,0.0002467350366788009
562,0,1,562,0.01570780177742265,0.00640405797742738,0.0002467350366788019
563,0,1,563,0.01570780177742274,0.008939011050836498,0.0002467350366788042
564,0,1,564,0.01570780177742261,0.015397420821539942,0.0002467350366788008
565,0,1,565,0.01570780177742259,0.025123104979918987,0.00024673503667880007
566,0,1,566,0.015707801777422595,0.0016786448605685886,0.0002467350366788005
567,0,1,567,0.015707801777422568,0.005580327014970798,0.0002467350366787996
568,0,0,568,0.015707801777422554,0.011144768482767464,0.00024673503667879893
569,0,1,569,0.01570780177742258,0.05898901066200818,0.00024673503667879996
570,0,0,570,0.015707801777422554,0.05675555429052315,0.00024673503667879915
571,0,0,571,0.015707801777422585,0.008631084547479212,0.0002467350366788001
572,0,0,572,0.01570780177742257,0.056479446989670334,0.0002467350366787995
573,0,1,573,0.015707801777422578,0.02915668872490973,0.00024673503667879996
574,0,1,574,0.015707801777422713,0.005699545262852657,0.00024673503667880397
575,0,0,575,0.015707801777422613,0.014991504395382993,0.00024673503667880077
576,0,0,576,0.01570780177742273,0.02054173861511277,0.00024673503667880473
577,0,0,577,0.01570780177742255,0.021070704669872375,0.0002467350366787987
578,0,0,578,0.015707801777422627,0.028665410990162676,0.0002467350366788001
579,0,0,579,0.0157078017774226,0.05044944565215337,0.00024673503667880045
580,0,1,580,0.015707801777422627,0.035358613421496266,0.00024673503667880137
581,0,0,581,0.01570780177742257,0.05217476320925929,0.00024673503667879947
582,0,1,582,0.01570780177742256,0.03766860376325143,0.0002467350366787993
583,0,1,583,0.015707801777422585,0.028756819383315424,0.0002467350366787998
584,0,1,584,0.015707801777422693,0.006172112085760073,0.00024673503667880316
585,0,1,585,0.015707801777422578,0.04781034769350523,0.0002467350366787999
586,0,1,586,0.015707801777422585,0.0008009996338160796,0.00024673503667880007
587,0,1,587,0.015707801777422665,0.004147193793690551,0.0002467350366788026
588,0,0,588,0.015707801777422526,0.03885624696279333,0.0002467350366787982
589,0,0,589,0.01570780177742259,0.05607981928723571,0.00024673503667880007
590,0,0,590,0.015707801777422623,0.023875953379938863,0.00024673503667880126
591,0,0,591,0.01570780177742257,0.0011750912194985474,0.00024673503667879974
592,0,1,592,0.015707801777422696,0.019045401881930157,0.00024673503667880354
593,0,1,593,0.01570780177742253,0.052028795627322655,0.00024673503667879833
594,0,1,594,0.01570780177742261,0.01640073104300338,0.0002467350366788008
595,0,1,595,0.01570780177742257,0.005038140650812215,0.00024673503667879963
596,0,0,596,0.015707801777422654,0.005870907430942096,0.00024673503667880234
597,0,0,597,0.01570780177742257,0.029579353655300733,0.00024673503667879974
598,0,1,598,0.01570780177742261,0.018427541772157774,0.0002467350366788009
599,0,1,599,0.015707801777422623,0.020784927997921532,0.0002467350366788015
600,0,0,600,0.015707801777422554,0.054918987632374794,0.00024673503667879893
601,0,0,601,0.015707801777422762,0.045637513805430796,0.00024673503667880565
602,0,1,602,0.01570780177742265,0.03341172461701447,0.0002467350366788022
603,0,0,603,0.01570780177742259,0.005610878373962347,0.0002467350366788001
604,0,0,604,0.015707801777422516,0.021877274297118943,0.00024673503667879806
605,0,1,605,0.01570780177742258,4.5764501599210305e-05,0.0002467350366788001
606,0,0,606,0.01570780177742263,0.010651475568361102,0.0002467350366788016
607,0,1,607,0.01570780177742267,0.0460910796793117,0.00024673503667880267
608,0,0,608,0.015707801777422602,0.02596911947215297,0.00024673503667880066
609,0,1,609,0.015707801777422536,0.010629553362975858,0.0002467350366787986
610,0,0,610,0.0157078017774226,0.006139777338716623,0.0002467350366788
611,0,1,611,0.01570780177742273,0.026030220336642707,0.0002467350366788047
612,0,0,612,0.015707801777422686,0.03586518964526908,0.0002467350366788033
613,0,0,613,0.015707801777422686,0.02494222523104095,0.00024673503667880327
614,0,1,614,0.015707801777422682,0.031975226970194615,0.0002467350366788026
615,0,0,615,0.015707801777422592,0.0024229722088537353,0.0002467350366788002
616,0,0,616,0.01570780177742258,0.022386589567862616,0.0002467350366787997
617,0,0,617,0.015707801777422564,0.06185833626710613,0.0002467350366787994
618,0,0,618,0.015707801777422745,0.0057344796691960465,0.00024673503667880424
619,0,1,619,0.015707801777422543,0.011641016771485213,0.0002467350366787986
620,0,0,620,0.0157078017774227,0.008679994682221581,0.00024673503667880365
621,0,1,621,0.015707801777422568,0.05008853067121255,0.00024673503667879947
622,0,1,622,0.01570780177742257,0.042289934106641724,0.00024673503667880066
623,0,0,623,0.01570780177742262,0.027947826276584875,0.00024673503667880104
624,0,1,624,0.015707801777422595,0.017188987961948565,0.0002467350366788004
625,0,0,625,0.015707801777422526,0.025471873462951322,0.00024673503667879817
626,0,0,626,0.015707801777422602,0.0025552948640960027,0.00024673503667880045
627,0,0,627,0.015707801777422727,0.007193587452743788,0.00024673503667880446
628,0,1,628,0.01570780177742257,0.017084889780677348,0.0002467350366787998
629,0,0,629,0.015707801777422623,0.04385902297859734,0.00024673503667880104
630,0,0,630,0.015707801777422675,0.03693683245209467,0.00024673503667880294
631,0,0,631,0.01570780177742253,0.03361046250196287,0.00024673503667879785
632,0,0,632,0.015707801777422568,0.06000189799379796,0.0002467350366787994
633,0,0,633,0.015707801777422595,0.044321924262730544,0.00024673503667880034
634,0,0,634,0.015707801777422464,0.03679017886340841,0.00024673503667879616
635,0,0,635,0.015707801777422703,0.01968577526428472,0.00024673503667880386
636,0,1,636,0.015707801777422686,0.0050063600259655505,0.0002467350366788029
637,0,1,637,0.01570780177742259,0.01401649274174388,0.0002467350366788003
638,0,0,638,0.015707801777422547,0.051093695040537845,0.0002467350366787989
639,0,1,639,0.01570780177742257,0.03823514400548057,0.00024673503667879974
640,0,1,640,0.015707801777422536,0.026083801591900047,0.0002467350366787983
641,0,1,641,0.015707801777422672,0.027799367557205024,0.00024673503667880283
642,0,0,642,0.01570780177742262,0.00945793749708379,0.00024673503667880267
643,0,1,643,0.015707801777422474,0.005969374736652655,0.0002467350366787964
644,0,1,644,0.015707801777422686,0.004051216486215203,0.0002467350366788032
645,0,0,645,0.01570780177742257,0.011074152921652841,0.00024673503667879963
646,0,0,646,0.015707801777422745,0.030957518203550638,0.0002467350366788043
647,0,1,647,0.01570780177742258,0.02856661439465301,0.0002467350366788
648,0,0,648,0.015707801777422686,0.023119450344798675,0.00024673503667880305
649,0,1,649,0.01570780177742274,0.015850113080817296,0.00024673503667880484
650,0,1,650,0.015707801777422585,0.05374101530540594,0.00024673503667879996
651,0,0,651,0.015707801777422647,0.003108215534798335,0.00024673503667880213
652,0,1,652,0.01570780177742278,0.04101672115426247,0.00024673503667880614
653,0,0,653,0.0157078017774226,0.0022249212709750665,0.00024673503667879985
654,0,1,654,0.015707801777422616,0.011380590505707833,0.0002467350366788008
655,0,1,655,0.015707801777422578,0.010368053751530791,0.00024673503667879996
656,0,1,656,0.015707801777422745,0.03554018471199205,0.0002467350366788051
657,0,0,657,0.01570780177742252,0.009892915522214052,0.00024673503667879763
658,0,0,658,0.01570780177742267,0.0013388556879112556,0.00024673503667880256
659,0,1,659,0.015707801777422627,0.02004656822866413,0.0002467350366788012
660,0,0,660,0.015707801777422616,0.010684980220470708,0.00024673503667880115
661,0,1,661,0.015707801777422675,0.004667049587449901,0.00024673503667880234
662,0,1,662,0.01570780177742257,0.04521061975341856,0.00024673503667879974
663,0,0,663,0.015707801777422543,0.013194167110772592,0.00024673503667879877
664,0,0,664,0.015707801777422568,0.028322437497277697,0.0002467350366787995
665,0,0,665,0.015707801777422672,0.007820217659637585,0.0002467350366788028
666,0,0,666,0.015707801777422696,0.021062523177612036,0.0002467350366788034
667,0,0,667,0.015707801777422654,0.04106010947131278,0.00024673503667880234
668,0,0,668,0.015707801777422585,0.0094327386819546,0.00024673503667879985
669,0,1,669,0.015707801777422654,0.01471966176287165,0.0002467350366788022
670,0,1,670,0.015707801777422585,0.0014359933894180915,0.0002467350366788
671,0,1,671,0.015707801777422554,0.040373276902700095,0.00024673503667879925
672,0,0,672,0.015707801777422543,0.008909122219108279,0.00024673503667879866
673,0,1,673,0.015707801777422693,0.027669874403297268,0.0002467350366788031
674,0,0,674,0.01570780177742257,0.02867741057671802,0.0002467350366787997
675,0,0,675,0.0157078017774227,0.03822830547045486,0.00024673503667880365
676,0,0,676,0.015707801777422703,0.009235968161554808,0.0002467350366788028
677,0,1,677,0.01570780177742258,0.014691200092247461,0.00024673503667879996
678,0,1,678,0.015707801777422578,0.0032635786957841972,0.0002467350366788002
679,0,0,679,0.015707801777422595,0.0029897802410386587,0.0002467350366788004
680,0,0,680,0.015707801777422634,0.0004257102287184289,0.0002467350366788017
681,0,1,681,0.01570780177742269,0.009004251509953765,0.00024673503667880283
682,0,1,682,0.015707801777422536,0.026700533037555374,0.00024673503667879866
683,0,0,683,0.015707801777422658,0.0253220693141174,0.00024673503667880267
684,0,1,684,0.015707801777422613,0.017723266858046482,0.0002467350366788001
685,0,0,685,0.01570780177742252,0.04931143516106573,0.000246735036678798
686,0,0,686,0.015707801777422595,0.0544029553413814,0.00024673503667880045
687,0,1,687,0.015707801777422585,0.03421963997185401,0.0002467350366787998
688,0,0,688,0.01570780177742266,0.04212544590919354,0.0002467350366788025
689,0,0,689,0.015707801777422616,0.001164387140126788,0.0002467350366788
690,0,0,690,0.01570780177742251,0.015578622592281544,0.0002467350366787979
691,0,1,691,0.015707801777422713,0.013266472389716899,0.0002467350366788043
692,0,0,692,0.015707801777422602,0.0013625041902531887,0.00024673503667880034
693,0,0,693,0.015707801777422606,0.0036803526763797834,0.00024673503667879963
694,0,0,694,0.015707801777422585,0.04905651499161523,0.0002467350366787999
695,0,1,695,0.015707801777422547,0.0551205705248492,0.0002467350366787981
696,0,0,696,0.01570780177742259,0.004004147512755463,0.0002467350366788002
697,0,1,697,0.015707801777422696,0.035852620616452446,0.0002467350366788027
698,0,1,698,0.0157078017774226,0.032257185441141756,0.0002467350366788031
699,0,1,699,0.015707801777422554,0.001487007120813233,0.00024673503667879904
700,0,1,700,0.01570780177742257,0.035682716047759244,0.0002467350366787996
701,0,1,701,0.015707801777422686,0.004775243869259871,0.00024673503667880327
702,0,0,702,0.015707801777422616,0.01211427257025452,0.0002467350366788011
703,0,0,703,0.015707801777422536,0.02822298663238776,0.00024673503667879855
704,0,0,704,0.015707801777422602,0.01120165511255522,0.00024673503667880066
705,0,1,705,0.01570780177742261,0.03284743275124491,0.00024673503667880104
706,0,0,706,0.015707801777422627,0.04925299620970458,0.0002467350366788014
707,0,0,707,0.01570780177742267,0.025501879510573477,0.0002467350366788013
708,0,1,708,0.015707801777422578,0.06140186395149527,0.0002467350366787993
709,0,0,709,0.015707801777422578,0.04095684289120993,0.00024673503667879974
710,0,1,710,0.01570780177742272,0.005794224964534633,0.00024673503667880435
711,0,0,711,0.015707801777422564,0.0005505113747058532,0.0002467350366787995
712,0,0,712,0.015707801777422578,0.004491232939698199,0.0002467350366787999
713,0,0,713,0.015707801777422602,0.029446356567205734,0.00024673503667880034
714,0,1,714,0.015707801777422585,0.04803826366358177,0.0002467350366788001
715,0,0,715,0.015707801777422623,0.05446671496067734,0.0002467350366788009
716,0,0,716,0.015707801777422554,0.018829266811039247,0.0002467350366787991
717,0,0,717,0.01570780177742259,0.035408190817385554,0.0002467350366788004
718,0,1,718,0.015707801777422557,0.0397019115396684,0.0002467350366787992
719,0,1,719,0.01570780177742257,0.015002771569780471,0.00024673503667879925
720,0,0,720,0.015707801777422672,0.0008625751534431098,0.0002467350366788028
721,0,0,721,0.015707801777422797,0.003540217747248775,0.0002467350366788066
722,0,0,722,0.01570780177742253,0.026348773754023225,0.00024673503667879833
723,0,0,723,0.01570780177742258,0.06282291548290513,0.0002467350366788
724,0,1,724,0.01570780177742277,0.04676176329975945,0.0002467350366788059
725,0,1,725,0.015707801777422613,0.046848038069885134,0.00024673503667880094
726,0,1,726,0.01570780177742257,0.0034987118863334388,0.0002467350366787999
727,0,0,727,0.01570780177742273,0.047607198635137404,0.0002467350366788047
728,0,0,728,0.01570780177742274,0.0055425368761616856,0.0002467350366788048
729,0,0,729,0.01570780177742257,0.005375182390989053,0.0002467350366787997
730,0,1,730,0.01570780177742271,0.02942097445412628,0.00024673503667880375
731,0,0,731,0.015707801777422613,0.042902140044423165,0.0002467350366788007
732,0,1,732,0.01570780177742268,0.04966458822371189,0.00024673503667880305
733,0,1,733,0.015707801777422686,0.050454431431472546,0.0002467350366788027
734,0,1,734,0.01570780177742268,0.0011363983898110552,0.0002467350366788027
735,0,1,735,0.01570780177742254,0.03392671844822015,0.00024673503667879844
736,0,0,736,0.015707801777422564,0.05397524332398107,0.0002467350366787994
737,0,0,737,0.01570780177742261,0.058484013474718655,0.0002467350366788008
738,0,0,738,0.015707801777422585,0.043030608006043344,0.0002467350366788
739,0,1,739,0.0157078017774226,0.02602927383336251,0.00024673503667879974
740,0,0,740,0.01570780177742254,0.020355418089217592,0.00024673503667879866
741,0,1,741,0.015707801777422578,0.05320114968904165,0.0002467350366787999
742,0,1,742,0.01570780177742259,0.05677056153578541,0.00024673503667880023
743,0,0,743,0.0157078017774226,0.05170806145200624,0.0002467350366788005
744,0,0,744,0.015707801777422807,0.05688768664353283,0.00024673503667880706
745,0,1,745,0.01570780177742278,0.04559924595629372,0.00024673503667880625
746,0,0,746,0.015707801777422595,0.021661494715083496,0.0002467350366788004
747,0,1,747,0.01570780177742258,0.06273895178723427,0.00024673503667879996
748,0,1,748,0.015707801777422627,0.019279371980800653,0.00024673503667880153
749,0,0,749,0.01570780177742257,0.03125640691889364,0.0002467350366787998
750,0,1,750,0.015707801777422578,0.0010179535206913393,0.00024673503667879996
751,0,1,751,0.01570780177742268,0.01634279002591521,0.000246735036678803
752,0,1,752,0.01570780177742262,0.055069957651088464,0.00024673503667880115
753,0,1,753,0.01570780177742257,0.003399994080915958,0.0002467350366787996
754,0,0,754,0.015707801777422606,0.006045373854890179,0.00024673503667880077
755,0,0,755,0.01570780177742264,0.05466194215303943,0.0002467350366788016
756,0,0,756,0.015707801777422682,0.0030262139996187765,0.00024673503667880316
757,0,1,757,0.015707801777422613,0.004821999051102033,0.0002467350366788009
758,0,1,758,0.0157078017774226,0.0027360822687070296,0.00024673503667879996
759,0,0,759,0.015707801777422595,0.004811557329789856,0.0002467350366788004
760,0,1,760,0.015707801777422467,0.0261200835928177,0.00024673503667879584
761,0,1,761,0.015707801777422647,0.05149726611960137,0.0002467350366788018
762,0,0,762,0.015707801777422585,0.04385271031901211,0.00024673503667880007
763,0,1,763,0.015707801777422536,0.05338564425349279,0.00024673503667879844
764,0,1,764,0.015707801777422585,0.0011453218002924759,0.0002467350366788001
765,0,0,765,0.01570780177742266,0.013371828426417487,0.00024673503667880256
766,0,1,766,0.015707801777422568,0.017310815383526634,0.0002467350366787986
767,0,0,767,0.015707801777422595,0.013168829783560043,0.00024673503667880045
768,0,0,768,0.015707801777422613,0.05024842868550716,0.00024673503667880094
769,0,0,769,0.01570780177742267,0.015771709216174656,0.0002467350366788026
770,0,1,770,0.015707801777422675,0.0009208621102068104,0.00024673503667880294
771,0,0,771,0.01570780177742273,0.03454498628763858,0.0002467350366788045
772,0,1,772,0.015707801777422602,0.00026561536062122415,0.0002467350366788005
773,0,1,773,0.01570780177742251,0.03839621831638018,0.00024673503667879736
774,0,1,774,0.015707801777422516,0.043903446339865315,0.00024673503667879774
775,0,0,775,0.015707801777422578,0.009069755991368389,0.0002467350366787998
776,0,1,776,0.015707801777422606,0.05861252107907,0.0002467350366788006
777,0,1,777,0.015707801777422634,9.833822340244922e-05,0.00024673503667880153
778,0,0,778,0.015707801777422755,0.029122184088802072,0.00024673503667880435
779,0,0,779,0.015707801777422682,0.0038109213592639746,0.00024673503667880316
780,0,0,780,0.015707801777422578,0.05128522617872511,0.00024673503667879985
781,0,1,781,0.015707801777422616,0.044572766320725155,0.00024673503667880115
782,0,1,782,0.0157078017774226,0.0014854259759578547,0.00024673503667880023
783,0,1,783,0.015707801777422672,0.04184069899043874,0.00024673503667880197
784,0,0,784,0.01570780177742258,0.04864824737885376,0.00024673503667879996
785,0,0,785,0.01570780177742257,0.051459382399994036,0.00024673503667879877
786,0,0,786,0.01570780177742277,0.04793518800620511,0.00024673503667880576
787,0,0,787,0.015707801777422554,0.05520558928479402,0.00024673503667879893
788,0,1,788,0.01570780177742265,0.009615003231007668,0.0002467350366788021
789,0,1,789,0.015707801777422623,0.020120331216707754,0.0002467350366788042
790,0,0,790,0.01570780177742258,0.015471099016640455,0.0002467350366788
791,0,1,791,0.01570780177742256,0.011510774844377236,0.00024673503667879936
792,0,1,792,0.01570780177742259,0.0030141584055609627,0.0002467350366787998
793,0,0,793,0.01570780177742261,0.016408662941055807,0.00024673503667880077
794,0,1,794,0.01570780177742275,0.0151131841740334,0.00024673503667880516
795,0,0,795,0.01570780177742256,0.00837207773313553,0.0002467350366787992
796,0,1,796,0.01570780177742263,0.06035806882037931,0.0002467350366788015
797,0,0,797,0.015707801777422613,0.03730066682176414,0.00024673503667880094
798,0,1,798,0.015707801777422578,0.01511253160538277,0.0002467350366787998
799,0,0,799,0.015707801777422644,0.007791998112512799,0.00024673503667880175
800,0,0,800,0.015707801777422595,0.014534736855701835,0.00024673503667880034
801,0,0,801,0.015707801777422592,0.009000320021978592,0.00024673503667880007
802,0,0,802,0.015707801777422568,0.02022798847459706,0.0002467350366787995
803,0,0,803,0.01570780177742258,0.005154849556005871,0.00024673503667880007
804,0,1,804,0.01570780177742257,0.014798671693954879,0.0002467350366787995
805,0,1,805,0.01570780177742269,0.0014869056494051236,0.000246735036678803
806,0,0,806,0.015707801777422613,0.025061304077035107,0.0002467350366788008
807,0,0,807,0.015707801777422693,0.002690453319703384,0.00024673503667880343
808,0,1,808,0.01570780177742258,0.004163502017557663,0.0002467350366788001
809,0,0,809,0.015707801777422665,0.0018844929838714997,0.0002467350366788025
810,0,1,810,0.01570780177742255,0.004116791598206285,0.00024673503667879904
811,0,0,811,0.01570780177742263,0.02994668166729153,0.00024673503667880126
812,0,1,812,0.01570780177742264,0.036393165104292025,0.0002467350366788014
813,0,0,813,0.015707801777422658,0.014322406765077567,0.00024673503667880224
814,0,1,814,0.01570780177742264,0.035575213239788184,0.00024673503667880175
815,0,0,815,0.01570780177742259,0.05353043852485251,0.00024673503667880023
816,0,0,816,0.01570780177742257,0.020315699198258264,0.0002467350366787997
817,0,1,817,0.01570780177742257,0.04484217655884715,0.0002467350366787997
818,0,1,818,0.015707801777422578,0.011378132056672818,0.00024673503667879985
819,0,1,819,0.015707801777422568,0.052763160806432285,0.00024673503667879855
820,0,1,820,0.01570780177742258,0.0008870679914116941,0.00024673503667879985
821,0,0,821,0.015707801777422585,0.028056149673617248,0.0002467350366788
822,0,1,822,0.015707801777422717,0.03207886537797755,0.0002467350366788042
823,0,0,823,0.01570780177742261,0.0014464835781105162,0.00024673503667880094
824,0,1,824,0.015707801777422755,0.0012078965427083088,0.0002467350366788055
825,0,0,825,0.015707801777422783,0.028762195959003645,0.0002467350366788063
826,0,0,826,0.015707801777422647,0.0017730792978328802,0.00024673503667880213
827,0,0,827,0.015707801777422647,0.02599249595130315,0.0002467350366788042
828,0,1,828,0.015707801777422585,0.004502548350879938,0.00024673503667879996
829,0,0,829,0.015707801777422578,0.04872975682320635,0.0002467350366787995
830,0,0,830,0.015707801777422696,0.009788979963652356,0.00024673503667880365
831,0,1,831,0.015707801777422585,0.059345082588445446,0.00024673503667879996
832,0,1,832,0.015707801777422627,0.028088524860640618,0.00024673503667880153
833,0,1,833,0.015707801777422658,0.05311746841892129,0.00024673503667880245
834,0,1,834,0.015707801777422526,0.021438333134788934,0.0002467350366787982
835,0,0,835,0.015707801777422526,0.04699794912480404,0.00024673503667879833
836,0,0,836,0.015707801777422502,0.03468622863107462,0.00024673503667879736
837,0,1,837,0.0157078017774227,0.009678117514815732,0.00024673503667880365
838,0,0,838,0.01570780177742264,0.02019617855392597,0.00024673503667880186
839,0,1,839,0.015707801777422647,0.012991269049870802,0.00024673503667880197
840,0,1,840,0.01570780177742257,0.01278981891300468,0.0002467350366787998
841,0,0,841,0.015707801777422672,0.00467292653986906,0.0002467350366788028
842,0,0,842,0.015707801777422616,0.05890016318361635,0.0002467350366787998
843,0,0,843,0.01570780177742257,0.004026912080048108,0.00024673503667879974
844,0,0,844,0.015707801777422595,0.010006426664373805,0.0002467350366788004
845,0,0,845,0.015707801777422634,0.04354291259444354,0.00024673503667880164
846,0,1,846,0.015707801777422568,0.0008029621857403128,0.00024673503667879947
847,0,1,847,0.015707801777422682,0.0096725910316664,0.00024673503667880294
848,0,1,848,0.015707801777422682,0.033142697020125844,0.0002467350366788031
849,0,0,849,0.01570780177742258,0.024825911399385947,0.0002467350366788001
850,0,1,850,0.015707801777422564,0.018743744463555423,0.0002467350366787993
851,0,0,851,0.015707801777422568,0.062181033649574,0.0002467350366787996
852,0,1,852,0.01570780177742257,0.004180995840289192,0.00024673503667879985
853,0,1,853,0.015707801777422592,0.05710728364962825,0.00024673503667879996
854,0,1,854,0.015707801777422665,0.012360949521473596,0.0002467350366788026
855,0,0,855,0.015707801777422672,0.0028664100173005913,0.0002467350366788028
856,0,0,856,0.01570780177742259,0.011011385371596294,0.0002467350366788
857,0,1,857,0.015707801777422592,0.0010780744684795174,0.0002467350366787995
858,0,1,858,0.01570780177742259,0.05573539111243497,0.00024673503667879996
859,0,0,859,0.015707801777422637,0.00826461261873701,0.0002467350366788014
860,0,0,860,0.01570780177742256,0.04922855402646309,0.0002467350366787995
861,0,1,861,0.01570780177742267,0.01936855281199734,0.0002467350366788025
862,0,0,862,0.015707801777422616,0.046545008701312174,0.00024673503667880094
863,0,1,863,0.015707801777422613,0.02782170279594931,0.00024673503667880104
864,0,1,864,0.01570780177742267,0.0032122165172596695,0.00024673503667880283
865,0,0,865,0.01570780177742257,0.015003762614119287,0.0002467350366787998
866,0,0,866,0.015707801777422658,0.007134326259842894,0.00024673503667880245
867,0,0,867,0.0157078017774226,0.007396655933280538,0.00024673503667880023
868,0,1,868,0.015707801777422578,0.001985438611777912,0.0002467350366787999
869,0,0,869,0.015707801777422602,0.011909340699859383,0.0002467350366788003
870,0,1,870,0.01570780177742269,0.024533076972991008,0.00024673503667880327
871,0,0,871,0.01570780177742248,0.03812341333357727,0.00024673503667879676
872,0,1,872,0.01570780177742257,0.0404682271645056,0.00024673503667879925
873,0,0,873,0.01570780177742259,0.022587662814275267,0.00024673503667880023
874,0,1,874,0.01570780177742264,0.050761065163934305,0.0002467350366788017
875,0,0,875,0.015707801777422606,0.05227576399257883,0.00024673503667880077
876,0,1,876,0.015707801777422606,0.05381048699196603,0.0002467350366788004
877,0,1,877,0.01570780177742267,0.0006594819256227624,0.00024673503667880283
878,0,0,878,0.015707801777422488,0.02047547614777323,0.00024673503667879633
879,0,1,879,0.01570780177742251,0.03731922464968873,0.0002467350366787978
880,0,0,880,0.01570780177742264,0.029022822915345414,0.00024673503667880175
881,0,1,881,0.015707801777422654,0.012979905900617705,0.00024673503667880224
882,0,1,882,0.015707801777422686,0.04660918650985746,0.0002467350366788031
883,0,1,883,0.01570780177742267,0.022462021963730816,0.0002467350366788027
884,0,0,884,0.015707801777422616,0.007896542939741291,0.00024673503667880077
885,0,1,885,0.01570780177742258,0.05469361681704399,0.00024673503667879996
886,0,0,886,0.015707801777422793,0.051306758498566474,0.00024673503667880636
887,0,1,887,0.015707801777422748,0.04802161631060908,0.00024673503667880516
888,0,1,888,0.01570780177742265,0.009640394930615637,0.000246735036678801
889,0,0,889,0.015707801777422682,0.03298220071683389,0.00024673503667880316
890,0,0,890,0.015707801777422488,0.031031110712127052,0.00024673503667879665
891,0,1,891,0.01570780177742262,0.0005255646544967268,0.0002467350366788011
892,0,0,892,0.0157078017774226,0.005347369491058185,0.00024673503667880007
893,0,0,893,0.015707801777422554,0.051387573473276715,0.0002467350366787988
894,0,1,894,0.015707801777422748,0.016289362580046873,0.0002467350366788046
895,0,1,895,0.01570780177742273,0.036165158977392586,0.00024673503667880457
896,0,1,896,0.015707801777422675,0.007015227162172621,0.00024673503667880305
897,0,1,897,0.01570780177742257,0.013151486388852218,0.00024673503667879963
898,0,1,898,0.015707801777422602,0.004851703155195453,0.00024673503667880056
899,0,0,899,0.015707801777422578,0.02103034913312185,0.00024673503667879974
900,0,1,900,0.015707801777422647,0.028581076344171064,0.00024673503667880137
901,0,0,901,0.0157078017774227,0.0053572222614097775,0.00024673503667880327
902,0,1,902,0.015707801777422602,0.009073658160613007,0.00024673503667880077
903,0,0,903,0.01570780177742259,0.019142179235669743,0.0002467350366788001
904,0,1,904,0.015707801777422772,0.02908035542031806,0.0002467350366788059
905,0,0,905,0.015707801777422693,0.012927661741366503,0.00024673503667880316
906,0,0,906,0.01570780177742255,0.047716048905849684,0.00024673503667879893
907,0,1,907,0.015707801777422616,0.019412426266759653,0.0002467350366788009
908,0,0,908,0.015707801777422616,0.05891508957499836,0.00024673503667880066
909,0,0,909,0.015707801777422564,0.013271803688215122,0.00024673503667879936
910,0,1,910,0.015707801777422706,0.0031432241058952926,0.0002467350366788034
911,0,0,911,0.015707801777422637,0.002377927753029363,0.00024673503667880186
912,0,0,912,0.015707801777422658,0.016829634812356886,0.0002467350366788021
913,0,1,913,0.01570780177742259,0.05311790357438673,0.00024673503667880023
914,0,0,914,0.015707801777422658,0.03673650706038556,0.00024673503667880224
915,0,0,915,0.015707801777422464,0.0374259886681827,0.0002467350366787962
916,0,1,916,0.015707801777422654,0.04944604789076834,0.0002467350366788023
917,0,0,917,0.015707801777422634,0.021174563982884642,0.0002467350366788012
918,0,0,918,0.01570780177742275,0.018013602052801225,0.00024673503667880435
919,0,1,919,0.015707801777422713,0.005779550075794226,0.0002467350366788041
920,0,1,920,0.015707801777422592,0.0029082356547447397,0.00024673503667880034
921,0,1,921,0.015707801777422696,0.03046819720821592,0.00024673503667880327
922,0,0,922,0.01570780177742264,0.014655130541720407,0.0002467350366788017
923,0,1,923,0.015707801777422585,0.0008341835644816165,0.00024673503667879985
924,0,1,924,0.01570780177742249,0.014056604678308382,0.0002467350366787972
925,0,1,925,0.015707801777422606,0.017683092447854154,0.0002467350366788007
926,0,0,926,0.01570780177742268,0.021672770895242888,0.00024673503667880294
927,0,0,927,0.015707801777422602,0.0031007928235766147,0.0002467350366788006
928,0,1,928,0.01570780177742268,0.037870503348742535,0.0002467350366788032
929,0,0,929,0.01570780177742262,0.03619461204994784,0.0002467350366787999
930,0,1,930,0.015707801777422526,0.013785206396181193,0.00024673503667879795
931,0,1,931,0.01570780177742259,0.028427107449493977,0.0002467350366788002
932,0,0,932,0.015707801777422578,0.008247651971999656,0.0002467350366787999
933,0,0,933,0.015707801777422613,0.01594114805966107,0.00024673503667880094
934,0,1,934,0.015707801777422592,0.020048049864695328,0.0002467350366788003
935,0,0,935,0.015707801777422564,0.017310124874020727,0.00024673503667879893
936,0,0,936,0.015707801777422713,0.009551924010615886,0.0002467350366788041
937,0,0,937,0.015707801777422526,0.03645856609333087,0.0002467350366787982
938,0,0,938,0.015707801777422665,0.02005222264668527,0.00024673503667880224
939,0,0,939,0.015707801777422578,0.057462587422319356,0.0002467350366787999
940,0,0,940,0.01570780177742257,0.007278268287528533,0.00024673503667879974
941,0,1,941,0.015707801777422536,0.019912479554088147,0.00024673503667879855
942,0,1,942,0.015707801777422647,0.0003293819500101037,0.0002467350366788019
943,0,0,943,0.01570780177742268,0.03888543455220672,0.0002467350366788017
944,0,0,944,0.01570780177742267,0.0010532604072195223,0.0002467350366788028
945,0,0,945,0.01570780177742259,0.004671318167254357,0.0002467350366788002
946,0,1,946,0.01570780177742255,0.024063814602863554,0.00024673503667879866
947,0,1,947,0.015707801777422592,0.05957269952807942,0.00024673503667880034
948,0,1,948,0.01570780177742257,0.031601183811686806,0.0002467350366787995
949,0,0,949,0.0157078017774226,0.05411888094009254,0.00024673503667880056
950,0,0,950,0.015707801777422595,0.0018053250701819124,0.00024673503667880034
951,0,1,951,0.015707801777422654,0.006293166065483469,0.00024673503667880234
952,0,1,952,0.015707801777422665,0.00622108291019835,0.00024673503667880245
953,0,1,953,0.015707801777422637,0.03926842709241729,0.00024673503667880175
954,0,0,954,0.01570780177742268,0.0011600296816448585,0.00024673503667880305
955,0,0,955,0.01570780177742263,0.006757646243854332,0.0002467350366788012
956,0,1,956,0.015707801777422637,0.021817311282756435,0.0002467350366788017
957,0,1,957,0.01570780177742272,0.03856397481044338,0.0002467350366788041
958,0,1,958,0.01570780177742259,0.02337740187346965,0.0002467350366788002
959,0,1,959,0.01570780177742263,0.03331821432691706,0.0002467350366788015
960,0,1,960,0.01570780177742257,0.05649576461413783,0.0002467350366787997
961,0,0,961,0.01570780177742258,0.011585710165832763,0.0002467350366788
962,0,0,962,0.015707801777422585,0.00643130151950309,0.0002467350366788
963,0,1,963,0.015707801777422564,0.0219129573626069,0.00024673503667879947
964,0,0,964,0.015707801777422536,0.04507087532481957,0.00024673503667879855
965,0,0,965,0.015707801777422738,0.02507626747838687,0.0002467350366788048
966,0,0,966,0.015707801777422613,0.04799804779511696,0.000246735036678801
967,0,1,967,0.015707801777422595,0.020444302433620276,0.0002467350366788004
968,0,1,968,0.015707801777422738,0.004194376736658845,0.0002467350366788048
969,0,1,969,0.01570780177742261,0.01557553346213944,0.00024673503667880066
970,0,0,970,0.015707801777422595,0.007854895773647758,0.00024673503667880034
971,0,1,971,0.015707801777422675,0.025124615219126456,0.00024673503667880256
972,0,1,972,0.01570780177742257,0.03668873231179459,0.00024673503667879963
973,0,1,973,0.015707801777422602,0.016802794254485942,0.0002467350366788004
974,0,1,974,0.01570780177742264,0.009913910029033302,0.00024673503667880175
975,0,0,975,0.01570780177742257,0.014423442500056893,0.0002467350366787997
976,0,0,976,0.015707801777422585,0.015085985725891149,0.0002467350366788
977,0,0,977,0.015707801777422686,0.05146094897641573,0.0002467350366788033
978,0,0,978,0.015707801777422578,0.00953798138595913,0.0002467350366787999
979,0,1,979,0.01570780177742251,0.020412384155172214,0.00024673503667879714
980,0,0,980,0.015707801777422797,0.021246811555617695,0.0002467350366788057
981,0,0,981,0.01570780177742257,0.012845159626863278,0.00024673503667879974
982,0,1,982,0.01570780177742259,0.011158301865279156,0.00024673503667880023
983,0,1,983,0.015707801777422727,0.0476270084333561,0.00024673503667880446
984,0,1,984,0.015707801777422665,0.03535374232125266,0.00024673503667880267
985,0,1,985,0.015707801777422686,0.034637958054055895,0.00024673503667880327
986,0,0,986,0.015707801777422613,0.015310986444600605,0.00024673503667880094
987,0,0,987,0.015707801777422602,0.03074648060266183,0.0002467350366788006
988,0,1,988,0.015707801777422623,0.02302291908949594,0.0002467350366788013
989,0,1,989,0.015707801777422533,0.00792546815767381,0.00024673503667879833
990,0,0,990,0.015707801777422634,0.0063034698681905255,0.0002467350366788016
991,0,0,991,0.01570780177742269,0.03289080173013792,0.0002467350366788034
992,0,0,992,1.9999383152895795,3.0699302327505276,0.0002467350366788127
993,0,0,993,0.015707801777422727,0.045037178425333835,0.00024673503667880457
994,0,1,994,0.015707801777422578,0.002463289290029813,0.00024673503667879996
995,0,0,995,0.015707801777422665,0.002296276261334995,0.0002467350366787999
996,0,0,996,0.015707801777422495,0.041804996530869776,0.0002467350366787973
997,0,0,997,0.015707801777422523,0.04574188339586316,0.0002467350366787981
998,0,1,998,0.015707801777422606,0.005752848071733763,0.0002467350366788007
999,0,0,999,0.015707801777422543,0.014258590478220423,0.0002467350366787988
