,Layer,Qubit,Run,2-Norm,Trace Norm,Diamond Norm
0,0,0,0,0.003141591361661535,0.01256636544664596,9.869596283666376e-06
1,0,0,1,0.0031415913616615688,0.012566365446646258,9.86959628366659e-06
2,0,1,2,0.0031415913616615596,0.012566365446646065,9.86959628366653e-06
3,0,1,3,0.0031415913616618186,0.012566365446647255,9.86959628366816e-06
4,0,0,4,0.0031415913616617713,0.012566365446646927,9.869596283667861e-06
5,0,0,5,0.0031415913616617453,0.012566365446646962,9.8695962836677e-06
6,0,0,6,0.003141591361661605,0.01256636544664639,9.86959628366682e-06
7,0,1,7,0.0031415913616616724,0.012566365446646466,9.869596283667241e-06
8,0,0,8,0.0031415913616615184,0.012566365446646044,9.86959628366627e-06
9,0,0,9,0.0031415913616617912,0.012566365446647113,9.869596283667987e-06
10,0,1,10,0.003141591361661803,0.012566365446647135,9.869596283668061e-06
11,0,1,11,0.003141591361661741,0.012566365446646945,9.869596283667672e-06
12,0,0,12,0.0031415913616617175,0.012566365446646868,9.869596283667523e-06
13,0,0,13,0.003141591361661848,0.012566365446647323,9.869596283668341e-06
14,0,1,14,0.0031415913616616546,0.012566365446646407,9.869596283667131e-06
15,0,1,15,0.00314159136166158,0.012566365446646233,9.869596283666659e-06
16,0,0,16,0.0031415913616617613,0.012566365446646976,9.869596283667802e-06
17,0,1,17,0.0031415913616618394,0.012566365446647267,9.86959628366829e-06
18,0,0,18,0.0031415913616615753,0.01256636544664623,9.869596283666632e-06
19,0,1,19,0.0031415913616618983,0.012566365446647238,9.86959628366866e-06
20,0,1,20,0.00314159136166176,0.012566365446646906,9.86959628366779e-06
21,0,1,21,0.0031415913616617886,0.01256636544664707,9.869596283667973e-06
22,0,1,22,0.003141591361661918,0.01256636544664739,9.869596283668783e-06
23,0,0,23,0.0031415913616617487,0.012566365446646851,9.86959628366772e-06
24,0,0,24,0.0031415913616616117,0.012566365446646365,9.869596283666859e-06
25,0,0,25,0.003141591361661578,0.012566365446646258,9.869596283666647e-06
26,0,1,26,0.003141591361661568,0.012566365446646181,9.869596283666587e-06
27,0,0,27,0.0031415913616618194,0.012566365446647122,9.869596283668165e-06
28,0,1,28,0.0031415913616615696,0.012566365446646213,9.869596283666596e-06
29,0,0,29,0.003141591361661832,0.012566365446647285,9.869596283668243e-06
30,0,0,30,0.0031415913616617583,0.012566365446647007,9.869596283667782e-06
31,0,0,31,0.0031415913616615423,0.01256636544664613,9.869596283666423e-06
32,0,0,32,0.003141591361661549,0.01256636544664616,9.869596283666466e-06
33,0,0,33,0.003141591361661548,0.012566365446646178,9.869596283666459e-06
34,0,0,34,0.003141591361661627,0.012566365446646379,9.869596283666952e-06
35,0,0,35,0.003141591361661545,0.012566365446646147,9.869596283666442e-06
36,0,0,36,0.003141591361661702,0.012566365446646646,9.869596283667428e-06
37,0,0,37,0.0031415913616617453,0.012566365446646976,9.8695962836677e-06
38,0,1,38,0.003141591361661679,0.012566365446646698,9.869596283667285e-06
39,0,0,39,0.003141591361661618,0.012566365446646202,9.869596283666901e-06
40,0,1,40,0.0031415913616618073,0.012566365446647167,9.869596283668088e-06
41,0,0,41,0.0031415913616617804,0.012566365446647122,9.86959628366792e-06
42,0,1,42,0.003141591361661675,0.012566365446646565,9.86959628366726e-06
43,0,0,43,0.003141591361661825,0.012566365446647097,9.8695962836682e-06
44,0,1,44,0.003141591361661604,0.012566365446646383,9.869596283666811e-06
45,0,0,45,0.0031415913616618086,0.01256636544664721,9.869596283668097e-06
46,0,0,46,0.003141591361661751,0.012566365446646919,9.869596283667734e-06
47,0,1,47,0.0031415913616615744,0.012566365446646247,9.869596283666628e-06
48,0,1,48,0.0031415913616617643,0.012566365446646957,9.869596283667819e-06
49,0,0,49,0.0031415913616617747,0.012566365446647017,9.869596283667885e-06
50,0,1,50,0.0031415913616615666,0.012566365446646185,9.869596283666576e-06
51,0,0,51,0.003141591361661689,0.012566365446646539,9.869596283667346e-06
52,0,1,52,0.003141591361661812,0.012566365446647234,9.86959628366812e-06
53,0,1,53,0.003141591361661814,0.01256636544664715,9.869596283668132e-06
54,0,1,54,0.003141591361661705,0.012566365446646775,9.869596283667445e-06
55,0,1,55,0.0031415913616617734,0.012566365446647024,9.869596283667873e-06
56,0,0,56,0.0031415913616618563,0.012566365446647389,9.869596283668397e-06
57,0,0,57,0.003141591361661739,0.012566365446646948,9.86959628366766e-06
58,0,1,58,0.0031415913616617583,0.012566365446647012,9.869596283667784e-06
59,0,0,59,0.0031415913616618606,0.012566365446647399,9.869596283668424e-06
60,0,0,60,0.0031415913616619916,0.012566365446647777,9.869596283669249e-06
61,0,0,61,0.0031415913616617917,0.012566365446646983,9.869596283667987e-06
62,0,1,62,0.0031415913616617366,0.012566365446646867,9.869596283667643e-06
63,0,0,63,0.0031415913616616026,0.012566365446646213,9.869596283666801e-06
64,0,1,64,0.0031415913616615826,0.012566365446646289,9.869596283666676e-06
65,0,1,65,0.003141591361661779,0.01256636544664706,9.86959628366791e-06
66,0,1,66,0.003141591361661602,0.012566365446646187,9.869596283666796e-06
67,0,0,67,0.003141591361661823,0.012566365446647288,9.869596283668188e-06
68,0,1,68,0.0031415913616616117,0.01256636544664643,9.86959628366686e-06
69,0,0,69,0.0031415913616618576,0.012566365446647344,9.869596283668404e-06
70,0,1,70,0.0031415913616618827,0.012566365446647387,9.86959628366856e-06
71,0,1,71,0.003141591361661641,0.012566365446646357,9.869596283667045e-06
72,0,1,72,0.0031415913616618346,0.012566365446647236,9.86959628366826e-06
73,0,1,73,0.00314159136166182,0.012566365446647194,9.869596283668168e-06
74,0,1,74,0.0031415913616615835,0.012566365446646192,9.869596283666682e-06
75,0,0,75,0.0031415913616615835,0.012566365446646232,9.869596283666682e-06
76,0,1,76,0.00314159136166175,0.012566365446646976,9.86959628366773e-06
77,0,0,77,0.003141591361661791,0.01256636544664709,9.869596283667985e-06
78,0,0,78,0.0031415913616618584,0.012566365446647073,9.86959628366841e-06
79,0,0,79,0.003141591361661757,0.01256636544664701,9.869596283667768e-06
80,0,1,80,0.003141591361661809,0.012566365446647205,9.869596283668102e-06
81,0,1,81,0.0031415913616617635,0.012566365446646943,9.869596283667812e-06
82,0,0,82,0.003141591361661795,0.012566365446647153,9.86959628366801e-06
83,0,0,83,0.0031415913616618107,0.0125663654466471,9.86959628366811e-06
84,0,0,84,0.0031415913616618047,0.01256636544664708,9.869596283668071e-06
85,0,0,85,0.0031415913616618194,0.012566365446647243,9.869596283668165e-06
86,0,1,86,0.003141591361661763,0.012566365446646991,9.869596283667809e-06
87,0,0,87,0.003141591361661899,0.012566365446647191,9.869596283668664e-06
88,0,0,88,0.0031415913616617977,0.012566365446647071,9.869596283668029e-06
89,0,1,89,0.0031415913616617687,0.012566365446646875,9.869596283667848e-06
90,0,0,90,0.0031415913616618064,0.012566365446647083,9.869596283668085e-06
91,0,0,91,0.0031415913616615583,0.012566365446646171,9.869596283666528e-06
92,0,0,92,0.0031415913616617613,0.012566365446646997,9.869596283667799e-06
93,0,1,93,0.0031415913616615735,0.012566365446646268,9.869596283666618e-06
94,0,1,94,0.003141591361661589,0.01256636544664631,9.869596283666716e-06
95,0,1,95,0.003141591361661894,0.012566365446647285,9.869596283668632e-06
96,0,1,96,0.0031415913616617643,0.012566365446647056,9.869596283667819e-06
97,0,0,97,0.003141591361661847,0.012566365446647184,9.86959628366834e-06
98,0,1,98,0.003141591361661823,0.012566365446647187,9.869596283668187e-06
99,0,1,99,0.0031415913616619114,0.012566365446647507,9.869596283668744e-06
100,0,0,100,0.0031415913616618324,0.012566365446647208,9.869596283668246e-06
101,0,1,101,0.0031415913616615614,0.012566365446646164,9.869596283666543e-06
102,0,0,102,0.0031415913616618177,0.012566365446647187,9.869596283668155e-06
103,0,0,103,0.003141591361661822,0.012566365446647246,9.869596283668182e-06
104,0,1,104,0.003141591361661572,0.012566365446646265,9.86959628366661e-06
105,0,1,105,0.003141591361661763,0.012566365446647042,9.869596283667812e-06
106,0,1,106,0.0031415913616616004,0.012566365446646318,9.86959628366679e-06
107,0,0,107,0.0031415913616616117,0.012566365446646376,9.86959628366686e-06
108,0,1,108,0.003141591361661805,0.012566365446647213,9.869596283668075e-06
109,0,0,109,0.0031415913616618346,0.012566365446647309,9.869596283668261e-06
110,0,1,110,0.0031415913616615514,0.01256636544664615,9.869596283666482e-06
111,0,1,111,0.0031415913616618264,0.012566365446647167,9.869596283668207e-06
112,0,0,112,0.003141591361661807,0.012566365446647165,9.869596283668083e-06
113,0,1,113,0.0031415913616618064,0.012566365446647142,9.869596283668082e-06
114,0,1,114,0.003141591361661538,0.012566365446646088,9.869596283666394e-06
115,0,1,115,0.003141591361661594,0.012566365446646365,9.869596283666747e-06
116,0,1,116,0.0031415913616615575,0.012566365446646204,9.86959628366652e-06
117,0,1,117,0.003141591361661776,0.012566365446646872,9.86959628366789e-06
118,0,1,118,0.003141591361661769,0.012566365446647056,9.86959628366785e-06
119,0,1,119,0.0031415913616618042,0.012566365446646943,9.869596283668068e-06
120,0,1,120,0.0031415913616615783,0.01256636544664623,9.86959628366665e-06
121,0,1,121,0.0031415913616617656,0.012566365446646934,9.869596283667828e-06
122,0,0,122,0.0031415913616615588,0.012566365446646197,9.869596283666525e-06
123,0,0,123,0.0031415913616616056,0.012566365446646204,9.869596283666821e-06
124,0,1,124,0.0031415913616617106,0.01256636544664661,9.869596283667484e-06
125,0,0,125,0.0031415913616616273,0.012566365446646499,9.86959628366696e-06
126,0,1,126,0.003141591361661863,0.01256636544664733,9.869596283668437e-06
127,0,1,127,0.003141591361661556,0.012566365446646195,9.869596283666511e-06
128,0,1,128,0.0031415913616617695,0.012566365446647028,9.869596283667855e-06
129,0,0,129,0.0031415913616618146,0.01256636544664702,9.869596283668136e-06
130,0,0,130,0.003141591361661878,0.012566365446647142,9.86959628366853e-06
131,0,1,131,0.0031415913616618567,0.012566365446647286,9.869596283668398e-06
132,0,1,132,0.003141591361661808,0.012566365446647187,9.869596283668094e-06
133,0,1,133,0.0031415913616617535,0.012566365446646861,9.86959628366775e-06
134,0,0,134,0.0031415913616614846,0.012566365446645932,9.869596283666062e-06
135,0,1,135,0.0031415913616616325,0.012566365446646414,9.869596283666989e-06
136,0,1,136,0.003141591361661606,0.012566365446646334,9.869596283666823e-06
137,0,0,137,0.0031415913616617743,0.012566365446647083,9.869596283667883e-06
138,0,1,138,0.003141591361661509,0.012566365446646032,9.869596283666213e-06
139,0,0,139,0.003141591361661561,0.012566365446646098,9.86959628366654e-06
140,0,1,140,0.0031415913616618723,0.012566365446647337,9.869596283668497e-06
141,0,1,141,0.0031415913616615527,0.012566365446646195,9.869596283666491e-06
142,0,1,142,0.0031415913616617943,0.012566365446647142,9.869596283668005e-06
143,0,0,143,0.0031415913616617865,0.01256636544664707,9.869596283667958e-06
144,0,1,144,0.003141591361661618,0.0125663654466464,9.869596283666903e-06
145,0,0,145,0.003141591361661838,0.012566365446647234,9.869596283668282e-06
146,0,1,146,0.003141591361661833,0.012566365446647208,9.86959628366825e-06
147,0,1,147,0.003141591361661611,0.01256636544664642,9.869596283666853e-06
148,0,1,148,0.0031415913616617843,0.012566365446647111,9.869596283667943e-06
149,0,0,149,0.0031415913616617626,0.012566365446647042,9.869596283667807e-06
150,0,1,150,0.0031415913616618138,0.012566365446647196,9.869596283668129e-06
151,0,0,151,0.00314159136166181,0.012566365446647174,9.869596283668104e-06
152,0,0,152,0.003141591361661597,0.012566365446646247,9.869596283666765e-06
153,0,1,153,0.0031415913616617826,0.012566365446647122,9.869596283667933e-06
154,0,0,154,0.0031415913616617843,0.0125663654466471,9.869596283667943e-06
155,0,1,155,0.00314159136166178,0.012566365446647063,9.869596283667919e-06
156,0,0,156,0.0031415913616618042,0.012566365446647132,9.86959628366807e-06
157,0,0,157,0.0031415913616619218,0.012566365446647385,9.86959628366881e-06
158,0,1,158,0.0031415913616617704,0.01256636544664688,9.869596283667856e-06
159,0,0,159,0.0031415913616615588,0.012566365446646171,9.869596283666527e-06
160,0,1,160,0.0031415913616616577,0.012566365446646542,9.86959628366715e-06
161,0,0,161,0.0031415913616618303,0.012566365446647174,9.869596283668236e-06
162,0,0,162,0.0031415913616615714,0.012566365446646133,9.869596283666606e-06
163,0,1,163,0.0031415913616618736,0.012566365446647281,9.869596283668505e-06
164,0,1,164,0.00314159136166163,0.012566365446646488,9.869596283666974e-06
165,0,0,165,0.0031415913616617782,0.012566365446647096,9.869596283667905e-06
166,0,1,166,0.003141591361661782,0.012566365446647049,9.869596283667931e-06
167,0,0,167,0.0031415913616616234,0.012566365446646492,9.869596283666936e-06
168,0,0,168,0.0031415913616618303,0.012566365446647215,9.86959628366823e-06
169,0,1,169,0.003141591361661883,0.01256636544664734,9.869596283668566e-06
170,0,1,170,0.003141591361661825,0.012566365446647229,9.8695962836682e-06
171,0,1,171,0.003141591361661583,0.012566365446646272,9.869596283666679e-06
172,0,0,172,0.0031415913616618463,0.012566365446647274,9.869596283668334e-06
173,0,1,173,0.003141591361661792,0.012566365446647102,9.869596283667994e-06
174,0,0,174,0.0031415913616618715,0.012566365446647413,9.869596283668493e-06
175,0,0,175,0.0031415913616616607,0.012566365446646459,9.869596283667167e-06
176,0,1,176,0.0031415913616618125,0.012566365446647196,9.869596283668122e-06
177,0,0,177,0.0031415913616618645,0.012566365446647285,9.869596283668451e-06
178,0,1,178,0.0031415913616617934,0.012566365446647125,9.869596283668002e-06
179,0,0,179,0.003141591361661513,0.012566365446646043,9.869596283666235e-06
180,0,1,180,0.003141591361661562,0.01256636544664624,9.869596283666545e-06
181,0,0,181,0.003141591361661741,0.012566365446646952,9.86959628366767e-06
182,0,1,182,0.0031415913616618086,0.012566365446647182,9.869596283668097e-06
183,0,0,183,0.0031415913616618415,0.012566365446647222,9.869596283668302e-06
184,0,1,184,0.00314159136166174,0.012566365446646922,9.869596283667667e-06
185,0,0,185,0.003141591361661585,0.01256636544664623,9.869596283666693e-06
186,0,0,186,0.0031415913616618186,0.012566365446647222,9.869596283668161e-06
187,0,1,187,0.003141591361661583,0.012566365446646228,9.869596283666682e-06
188,0,0,188,0.003141591361661836,0.012566365446647264,9.869596283668266e-06
189,0,0,189,0.0031415913616615414,0.012566365446646159,9.86959628366642e-06
190,0,0,190,0.00314159136166184,0.012566365446647357,9.869596283668292e-06
191,0,0,191,0.003141591361661911,0.012566365446647503,9.86959628366874e-06
192,0,1,192,0.0031415913616618285,0.012566365446647198,9.869596283668222e-06
193,0,0,193,0.003141591361661819,0.012566365446647042,9.869596283668161e-06
194,0,0,194,0.003141591361661567,0.012566365446646263,9.86959628366658e-06
195,0,0,195,0.003141591361661559,0.01256636544664614,9.869596283666532e-06
196,0,1,196,0.00314159136166152,0.012566365446646043,9.869596283666284e-06
197,0,1,197,0.0031415913616617613,0.012566365446646986,9.869596283667799e-06
198,0,1,198,0.003141591361661821,0.01256636544664727,9.869596283668177e-06
199,0,0,199,0.0031415913616618333,0.012566365446647288,9.869596283668253e-06
200,0,1,200,0.003141591361661778,0.012566365446647064,9.869596283667905e-06
201,0,1,201,0.0031415913616615965,0.012566365446646367,9.869596283666765e-06
202,0,0,202,0.0031415913616616264,0.012566365446646348,9.869596283666952e-06
203,0,1,203,0.0031415913616617713,0.012566365446647007,9.869596283667861e-06
204,0,0,204,0.003141591361661771,0.01256636544664704,9.86959628366786e-06
205,0,1,205,0.003141591361661785,0.01256636544664709,9.869596283667951e-06
206,0,0,206,0.0031415913616616173,0.012566365446646428,9.869596283666892e-06
207,0,1,207,0.0031415913616618545,0.012566365446647312,9.869596283668385e-06
208,0,0,208,0.003141591361661786,0.012566365446647128,9.869596283667958e-06
209,0,1,209,0.0031415913616617886,0.012566365446647139,9.869596283667972e-06
210,0,1,210,0.0031415913616618077,0.012566365446647115,9.869596283668092e-06
211,0,1,211,0.0031415913616615527,0.012566365446646167,9.86959628366649e-06
212,0,1,212,0.003141591361661526,0.012566365446645952,9.869596283666318e-06
213,0,0,213,0.003141591361661602,0.012566365446646353,9.8695962836668e-06
214,0,0,214,0.0031415913616615605,0.01256636544664615,9.869596283666538e-06
215,0,0,215,0.003141591361661734,0.012566365446646913,9.869596283667628e-06
216,0,1,216,0.0031415913616615475,0.012566365446646136,9.869596283666454e-06
217,0,1,217,0.0031415913616617466,0.012566365446646835,9.86959628366771e-06
218,0,1,218,0.003141591361661622,0.01256636544664646,9.869596283666925e-06
219,0,1,219,0.0031415913616616095,0.012566365446646396,9.869596283666843e-06
220,0,0,220,0.003141591361661753,0.01256636544664696,9.869596283667745e-06
221,0,1,221,0.003141591361661609,0.012566365446646346,9.869596283666845e-06
222,0,1,222,0.003141591361661734,0.012566365446646795,9.869596283667628e-06
223,0,0,223,0.0031415913616618094,0.012566365446647187,9.869596283668104e-06
224,0,0,224,0.0031415913616617713,0.012566365446647059,9.869596283667865e-06
225,0,0,225,0.0031415913616617904,0.012566365446647118,9.869596283667983e-06
226,0,0,226,0.0031415913616618146,0.012566365446647,9.869596283668136e-06
227,0,1,227,0.0031415913616618385,0.012566365446647292,9.869596283668285e-06
228,0,0,228,0.003141591361661549,0.012566365446645932,9.869596283666464e-06
229,0,1,229,0.0031415913616616416,0.012566365446646462,9.869596283667048e-06
230,0,1,230,0.003141591361661783,0.012566365446647108,9.869596283667934e-06
231,0,0,231,0.0031415913616615523,0.012566365446646185,9.869596283666486e-06
232,0,1,232,0.003141591361661542,0.012566365446646164,9.869596283666421e-06
233,0,0,233,0.0031415913616617895,0.012566365446647115,9.869596283667977e-06
234,0,1,234,0.0031415913616618207,0.012566365446647224,9.869596283668171e-06
235,0,1,235,0.003141591361661817,0.012566365446647168,9.869596283668148e-06
236,0,1,236,0.003141591361661832,0.01256636544664726,9.869596283668248e-06
237,0,1,237,0.0031415913616615883,0.012566365446646341,9.869596283666715e-06
238,0,1,238,0.003141591361661758,0.012566365446646788,9.869596283667777e-06
239,0,0,239,0.0031415913616617604,0.012566365446646934,9.869596283667797e-06
240,0,0,240,0.0031415913616618073,0.012566365446647132,9.86959628366809e-06
241,0,0,241,0.003141591361661756,0.012566365446647,9.869596283667767e-06
242,0,1,242,0.003141591361661862,0.012566365446647295,9.869596283668432e-06
243,0,1,243,0.003141591361661737,0.012566365446646778,9.869596283667646e-06
244,0,0,244,0.003141591361661648,0.01256636544664657,9.869596283667089e-06
245,0,1,245,0.003141591361661882,0.01256636544664741,9.869596283668558e-06
246,0,0,246,0.003141591361661818,0.012566365446647203,9.869596283668158e-06
247,0,0,247,0.0031415913616618155,0.01256636544664723,9.869596283668138e-06
248,0,0,248,0.00314159136166158,0.012566365446646216,9.86959628366666e-06
249,0,1,249,0.003141591361661651,0.012566365446646377,9.869596283667106e-06
250,0,1,250,0.0031415913616616225,0.012566365446646383,9.869596283666926e-06
251,0,1,251,0.003141591361661545,0.012566365446646056,9.86959628366644e-06
252,0,1,252,0.0031415913616615536,0.012566365446646202,9.869596283666493e-06
253,0,1,253,0.0031415913616615674,0.012566365446646226,9.86959628366658e-06
254,0,0,254,0.003141591361661543,0.012566365446646117,9.869596283666428e-06
255,0,1,255,1.999997532599407,7.999990130397628,9.869596283668395e-06
256,0,1,256,0.0031415913616617925,0.012566365446647153,9.869596283667995e-06
257,0,0,257,0.0031415913616615813,0.01256636544664627,9.869596283666667e-06
258,0,1,258,0.0031415913616617717,0.012566365446647066,9.869596283667865e-06
259,0,1,259,0.0031415913616618637,0.01256636544664734,9.869596283668444e-06
260,0,0,260,0.003141591361661868,0.012566365446647104,9.869596283668471e-06
261,0,0,261,0.0031415913616618866,0.012566365446647446,9.869596283668586e-06
262,0,1,262,0.0031415913616615262,0.01256636544664608,9.869596283666323e-06
263,0,0,263,0.0031415913616619213,0.012566365446647552,9.869596283668803e-06
264,0,0,264,0.0031415913616617873,0.012566365446646997,9.869596283667961e-06
265,0,1,265,0.003141591361661796,0.012566365446647142,9.869596283668017e-06
266,0,0,266,0.003141591361661769,0.012566365446647073,9.86959628366785e-06
267,0,1,267,0.003141591361661788,0.01256636544664715,9.869596283667968e-06
268,0,0,268,0.0031415913616617956,0.012566365446647163,9.869596283668016e-06
269,0,0,269,0.003141591361661536,0.012566365446646122,9.86959628366638e-06
270,0,0,270,0.0031415913616617704,0.01256636544664697,9.869596283667858e-06
271,0,0,271,0.0031415913616615197,0.012566365446646044,9.869596283666281e-06
272,0,1,272,0.003141591361661757,0.012566365446647014,9.86959628366777e-06
273,0,0,273,0.0031415913616616668,0.012566365446646618,9.869596283667204e-06
274,0,1,274,0.0031415913616615735,0.012566365446646285,9.86959628366662e-06
275,0,0,275,0.0031415913616617405,0.012566365446646905,9.869596283667667e-06
276,0,1,276,0.003141591361661499,0.012566365446645798,9.86959628366615e-06
277,0,1,277,0.0031415913616615987,0.012566365446646143,9.869596283666777e-06
278,0,0,278,0.0031415913616615917,0.012566365446646298,9.869596283666735e-06
279,0,1,279,0.0031415913616616893,0.012566365446646601,9.869596283667346e-06
280,0,1,280,0.0031415913616616047,0.012566365446646296,9.869596283666813e-06
281,0,1,281,0.0031415913616618194,0.012566365446647246,9.869596283668166e-06
282,0,1,282,0.0031415913616617956,0.012566365446647057,9.869596283668016e-06
283,0,0,283,0.0031415913616615805,0.012566365446646284,9.869596283666662e-06
284,0,0,284,0.00314159136166155,0.01256636544664618,9.869596283666474e-06
285,0,1,285,0.003141591361661535,0.012566365446646077,9.869596283666377e-06
286,0,1,286,0.003141591361661603,0.012566365446646376,9.869596283666806e-06
287,0,0,287,0.0031415913616617006,0.012566365446646603,9.869596283667416e-06
288,0,0,288,0.003141591361661467,0.012566365446645664,9.869596283665952e-06
289,0,0,289,0.003141591361661574,0.012566365446646258,9.869596283666621e-06
290,0,1,290,0.0031415913616617583,0.012566365446646924,9.869596283667778e-06
291,0,0,291,0.00314159136166189,0.012566365446647389,9.869596283668609e-06
292,0,0,292,0.0031415913616615714,0.012566365446646244,9.869596283666606e-06
293,0,0,293,0.003141591361661575,0.012566365446646036,9.869596283666628e-06
294,0,1,294,0.0031415913616618767,0.012566365446647312,9.869596283668524e-06
295,0,0,295,0.003141591361661761,0.012566365446646905,9.869596283667795e-06
296,0,0,296,0.0031415913616617383,0.01256636544664692,9.869596283667658e-06
297,0,0,297,0.0031415913616618164,0.01256636544664725,9.869596283668146e-06
298,0,1,298,0.003141591361661913,0.012566365446647368,9.869596283668754e-06
299,0,1,299,0.003141591361661726,0.012566365446646893,9.869596283667579e-06
300,0,0,300,0.0031415913616617917,0.012566365446647052,9.869596283667988e-06
301,0,1,301,0.0031415913616616702,0.012566365446646376,9.869596283667226e-06
302,0,1,302,0.0031415913616618576,0.012566365446647153,9.869596283668407e-06
303,0,1,303,0.003141591361661795,0.012566365446647156,9.869596283668014e-06
304,0,1,304,0.003141591361661848,0.012566365446647361,9.869596283668344e-06
305,0,0,305,0.0031415913616615917,0.012566365446646237,9.869596283666733e-06
306,0,1,306,0.0031415913616616876,0.012566365446646716,9.869596283667338e-06
307,0,1,307,0.0031415913616615935,0.012566365446646252,9.869596283666745e-06
308,0,0,308,0.0031415913616615453,0.012566365446646119,9.869596283666445e-06
309,0,0,309,0.0031415913616617444,0.012566365446646965,9.869596283667694e-06
310,0,0,310,0.003141591361661633,0.012566365446646417,9.869596283666994e-06
311,0,0,311,0.0031415913616615583,0.012566365446646209,9.869596283666525e-06
312,0,1,312,0.0031415913616615197,0.012566365446645971,9.869596283666283e-06
313,0,0,313,0.0031415913616618897,0.012566365446647411,9.869596283668607e-06
314,0,1,314,0.0031415913616615727,0.012566365446646218,9.869596283666616e-06
315,0,0,315,0.003141591361661649,0.012566365446646514,9.869596283667094e-06
316,0,1,316,0.003141591361661616,0.012566365446646407,9.869596283666889e-06
317,0,0,317,0.003141591361661556,0.012566365446646213,9.869596283666508e-06
318,0,0,318,0.003141591361661832,0.01256636544664717,9.869596283668244e-06
319,0,1,319,0.0031415913616617535,0.012566365446646997,9.869596283667751e-06
320,0,0,320,0.003141591361661724,0.012566365446646674,9.869596283667567e-06
321,0,0,321,0.0031415913616616047,0.012566365446646374,9.869596283666816e-06
322,0,1,322,0.0031415913616618307,0.012566365446647295,9.869596283668236e-06
323,0,1,323,0.0031415913616614994,0.012566365446645956,9.869596283666156e-06
324,0,0,324,0.003141591361661926,0.012566365446647569,9.869596283668836e-06
325,0,0,325,0.003141591361661643,0.012566365446646525,9.869596283667055e-06
326,0,1,326,0.003141591361661534,0.012566365446645949,9.86959628366637e-06
327,0,1,327,0.003141591361661802,0.012566365446647094,9.869596283668056e-06
328,0,0,328,0.0031415913616618532,0.012566365446647293,9.869596283668375e-06
329,0,0,329,0.0031415913616616607,0.012566365446646523,9.869596283667167e-06
330,0,1,330,0.0031415913616617726,0.012566365446647063,9.86959628366787e-06
331,0,0,331,0.0031415913616616594,0.012566365446646521,9.869596283667158e-06
332,0,0,332,0.0031415913616617357,0.012566365446646938,9.86959628366764e-06
333,0,1,333,0.003141591361661472,0.012566365446645715,9.869596283665981e-06
334,0,0,334,0.0031415913616618034,0.01256636544664716,9.869596283668065e-06
335,0,0,335,0.0031415913616616425,0.012566365446646556,9.869596283667053e-06
336,0,1,336,0.0031415913616618003,0.01256636544664718,9.869596283668044e-06
337,0,0,337,0.003141591361661823,0.012566365446647285,9.869596283668188e-06
338,0,0,338,0.003141591361661825,0.012566365446647142,9.8695962836682e-06
339,0,1,339,0.0031415913616617917,0.012566365446646986,9.86959628366799e-06
340,0,1,340,0.0031415913616615714,0.012566365446646272,9.869596283666606e-06
341,0,0,341,0.0031415913616618107,0.012566365446647128,9.869596283668109e-06
342,0,1,342,0.0031415913616617648,0.012566365446647031,9.869596283667824e-06
343,0,1,343,0.0031415913616617856,0.012566365446647082,9.869596283667953e-06
344,0,1,344,0.003141591361661733,0.012566365446646912,9.869596283667624e-06
345,0,0,345,0.0031415913616616126,0.012566365446646237,9.869596283666864e-06
346,0,0,346,0.003141591361661752,0.012566365446646938,9.869596283667743e-06
347,0,0,347,0.0031415913616618355,0.012566365446647174,9.869596283668268e-06
348,0,0,348,0.0031415913616617774,0.012566365446647054,9.8695962836679e-06
349,0,1,349,0.0031415913616618238,0.012566365446647274,9.869596283668193e-06
350,0,0,350,0.0031415913616617084,0.012566365446646743,9.869596283667467e-06
351,0,1,351,0.0031415913616616438,0.012566365446646563,9.869596283667062e-06
352,0,1,352,0.0031415913616616507,0.012566365446646447,9.869596283667102e-06
353,0,0,353,0.0031415913616616056,0.012566365446646185,9.869596283666821e-06
354,0,1,354,0.003141591361661891,0.012566365446647368,9.869596283668612e-06
355,0,1,355,0.0031415913616617184,0.012566365446646473,9.869596283667531e-06
356,0,1,356,0.0031415913616615787,0.012566365446646303,9.869596283666655e-06
357,0,1,357,0.0031415913616615644,0.012566365446646193,9.869596283666564e-06
358,0,1,358,0.0031415913616615683,0.012566365446646223,9.869596283666587e-06
359,0,0,359,0.003141591361661757,0.012566365446646969,9.869596283667773e-06
360,0,0,360,0.0031415913616614807,0.012566365446645831,9.869596283666035e-06
361,0,0,361,0.0031415913616616386,0.012566365446646362,9.869596283667025e-06
362,0,1,362,0.003141591361661479,0.012566365446645831,9.869596283666023e-06
363,0,0,363,0.003141591361661778,0.012566365446647,9.869596283667902e-06
364,0,1,364,0.0031415913616617734,0.012566365446647087,9.869596283667875e-06
365,0,0,365,0.003141591361661782,0.012566365446647066,9.869596283667931e-06
366,0,0,366,0.0031415913616614963,0.012566365446645949,9.869596283666135e-06
367,0,1,367,0.00314159136166157,0.012566365446646181,9.869596283666596e-06
368,0,0,368,0.0031415913616618155,0.012566365446647203,9.869596283668138e-06
369,0,1,369,0.003141591361661578,0.012566365446646209,9.869596283666648e-06
370,0,0,370,0.003141591361661807,0.012566365446647224,9.869596283668083e-06
371,0,0,371,0.003141591361661558,0.012566365446646213,9.86959628366652e-06
372,0,1,372,0.0031415913616619387,0.01256636544664766,9.869596283668917e-06
373,0,1,373,0.0031415913616618003,0.012566365446646993,9.869596283668043e-06
374,0,1,374,0.0031415913616618736,0.012566365446647479,9.869596283668505e-06
375,0,0,375,0.0031415913616618346,0.012566365446647326,9.86959628366826e-06
376,0,1,376,0.003141591361661571,0.012566365446646192,9.869596283666604e-06
377,0,0,377,0.0031415913616615674,0.012566365446646261,9.869596283666582e-06
378,0,1,378,0.003141591361661857,0.012566365446647364,9.8695962836684e-06
379,0,1,379,0.003141591361661607,0.01256636544664641,9.86959628366683e-06
380,0,1,380,0.003141591361661807,0.012566365446647148,9.869596283668083e-06
381,0,1,381,0.0031415913616615753,0.012566365446646147,9.869596283666632e-06
382,0,1,382,0.003141591361661559,0.012566365446646233,9.869596283666528e-06
383,0,0,383,0.0031415913616617956,0.012566365446647059,9.869596283668016e-06
384,0,0,384,0.0031415913616617574,0.012566365446646969,9.869596283667775e-06
385,0,1,385,0.003141591361661786,0.012566365446647009,9.869596283667953e-06
386,0,1,386,0.003141591361661598,0.012566365446646306,9.869596283666772e-06
387,0,0,387,0.00314159136166177,0.012566365446647042,9.869596283667856e-06
388,0,1,388,0.0031415913616616963,0.012566365446646577,9.869596283667389e-06
389,0,0,389,0.00314159136166182,0.012566365446647276,9.869596283668166e-06
390,0,1,390,0.0031415913616618415,0.012566365446647266,9.869596283668302e-06
391,0,0,391,0.0031415913616615154,0.012566365446646036,9.869596283666254e-06
392,0,1,392,0.0031415913616615666,0.012566365446646244,9.869596283666576e-06
393,0,0,393,0.003141591361661716,0.012566365446646854,9.869596283667516e-06
394,0,1,394,0.0031415913616616256,0.012566365446646252,9.869596283666945e-06
395,0,1,395,0.0031415913616618415,0.01256636544664717,9.869596283668305e-06
396,0,0,396,0.003141591361661597,0.012566365446646353,9.869596283666765e-06
397,0,0,397,0.0031415913616617557,0.012566365446646867,9.869596283667763e-06
398,0,0,398,0.0031415913616615093,0.012566365446646032,9.869596283666218e-06
399,0,1,399,0.0031415913616616178,0.01256636544664638,9.869596283666898e-06
400,0,1,400,0.0031415913616617726,0.012566365446647035,9.86959628366787e-06
401,0,0,401,0.003141591361661836,0.01256636544664731,9.869596283668268e-06
402,0,1,402,0.0031415913616617904,0.01256636544664707,9.869596283667983e-06
403,0,1,403,0.003141591361661778,0.012566365446647083,9.869596283667904e-06
404,0,1,404,0.0031415913616617986,0.012566365446647125,9.869596283668034e-06
405,0,0,405,0.0031415913616615393,0.012566365446646102,9.869596283666406e-06
406,0,1,406,0.0031415913616615627,0.012566365446646023,9.869596283666552e-06
407,0,0,407,0.003141591361661557,0.012566365446646213,9.869596283666515e-06
408,0,0,408,0.003141591361661531,0.012566365446646086,9.869596283666352e-06
409,0,1,409,0.0031415913616618316,0.012566365446647156,9.86959628366824e-06
410,0,1,410,0.0031415913616617843,0.012566365446647125,9.869596283667943e-06
411,0,0,411,0.003141591361661507,0.012566365446645997,9.869596283666205e-06
412,0,1,412,0.0031415913616618537,0.012566365446647349,9.86959628366838e-06
413,0,1,413,0.003141591361661791,0.01256636544664711,9.869596283667987e-06
414,0,1,414,0.0031415913616618324,0.012566365446647298,9.869596283668248e-06
415,0,0,415,0.003141591361661901,0.01256636544664751,9.869596283668678e-06
416,0,0,416,0.0031415913616615995,0.012566365446646355,9.869596283666786e-06
417,0,0,417,0.003141591361661622,0.012566365446646348,9.869596283666923e-06
418,0,0,418,0.003141591361661828,0.012566365446647259,9.869596283668217e-06
419,0,0,419,0.003141591361661646,0.012566365446646466,9.869596283667075e-06
420,0,0,420,0.003141591361661785,0.012566365446647118,9.869596283667948e-06
421,0,0,421,0.0031415913616618615,0.012566365446647253,9.86959628366843e-06
422,0,1,422,0.003141591361661732,0.012566365446646847,9.869596283667614e-06
423,0,0,423,0.0031415913616615904,0.012566365446646315,9.869596283666725e-06
424,0,1,424,0.0031415913616618003,0.012566365446647094,9.869596283668046e-06
425,0,0,425,0.00314159136166174,0.012566365446646894,9.869596283667665e-06
426,0,0,426,0.0031415913616617817,0.012566365446646915,9.869596283667927e-06
427,0,1,427,0.003141591361661765,0.012566365446647049,9.869596283667824e-06
428,0,0,428,0.0031415913616618172,0.012566365446647219,9.86959628366815e-06
429,0,1,429,0.0031415913616617804,0.012566365446646924,9.86959628366792e-06
430,0,1,430,0.0031415913616616733,0.012566365446646514,9.869596283667246e-06
431,0,0,431,0.0031415913616618003,0.012566365446647035,9.869596283668043e-06
432,0,0,432,0.003141591361661748,0.012566365446646823,9.869596283667714e-06
433,0,0,433,0.003141591361661587,0.012566365446646337,9.869596283666704e-06
434,0,0,434,0.00314159136166179,0.01256636544664716,9.869596283667982e-06
435,0,0,435,0.0031415913616619387,0.012566365446647491,9.86959628366891e-06
436,0,0,436,0.0031415913616618836,0.012566365446647363,9.869596283668566e-06
437,0,0,437,0.0031415913616614864,0.01256636544664589,9.869596283666072e-06
438,0,1,438,0.0031415913616618177,0.012566365446647212,9.869596283668151e-06
439,0,1,439,0.003141591361661799,0.01256636544664716,9.86959628366804e-06
440,0,0,440,0.003141591361661773,0.012566365446647038,9.869596283667873e-06
441,0,1,441,0.003141591361661795,0.012566365446647142,9.869596283668012e-06
442,0,0,442,0.0031415913616615523,0.012566365446646147,9.869596283666484e-06
443,0,0,443,0.003141591361661787,0.012566365446647142,9.86959628366796e-06
444,0,1,444,0.003141591361661926,0.012566365446647132,9.869596283668836e-06
445,0,1,445,0.003141591361661579,0.012566365446646275,9.869596283666654e-06
446,0,0,446,0.003141591361661746,0.012566365446646974,9.869596283667706e-06
447,0,0,447,0.003141591361661626,0.012566365446646148,9.869596283666952e-06
448,0,0,448,0.003141591361661861,0.012566365446647396,9.869596283668427e-06
449,0,1,449,0.003141591361661576,0.012566365446646282,9.869596283666638e-06
450,0,1,450,0.003141591361661418,0.012566365446645605,9.869596283665642e-06
451,0,1,451,0.0031415913616617617,0.012566365446647004,9.869596283667804e-06
452,0,1,452,0.0031415913616617917,0.012566365446647142,9.869596283667992e-06
453,0,1,453,0.00314159136166176,0.012566365446646917,9.869596283667792e-06
454,0,0,454,0.0031415913616618936,0.0125663654466475,9.869596283668632e-06
455,0,0,455,0.003141591361661707,0.012566365446646553,9.869596283667462e-06
456,0,1,456,0.0031415913616617795,0.012566365446646993,9.869596283667912e-06
457,0,0,457,0.0031415913616618307,0.012566365446647219,9.869596283668236e-06
458,0,0,458,0.0031415913616618957,0.012566365446647455,9.869596283668644e-06
459,0,0,459,0.0031415913616618003,0.01256636544664717,9.869596283668043e-06
460,0,1,460,0.0031415913616615527,0.012566365446646105,9.869596283666491e-06
461,0,1,461,0.0031415913616618376,0.01256636544664715,9.869596283668278e-06
462,0,1,462,0.003141591361661697,0.012566365446646785,9.869596283667396e-06
463,0,1,463,0.0031415913616617635,0.012566365446646962,9.869596283667812e-06
464,0,1,464,0.0031415913616618103,0.01256636544664712,9.86959628366811e-06
465,0,0,465,0.0031415913616617322,0.012566365446646821,9.869596283667616e-06
466,0,0,466,0.0031415913616615774,0.012566365446646044,9.869596283666643e-06
467,0,0,467,0.003141591361661686,0.012566365446646584,9.869596283667324e-06
468,0,1,468,0.003141591361661809,0.012566365446647191,9.869596283668097e-06
469,0,1,469,0.003141591361661557,0.01256636544664613,9.869596283666515e-06
470,0,1,470,0.0031415913616617513,0.012566365446646993,9.869596283667738e-06
471,0,1,471,0.0031415913616615965,0.012566365446646379,9.869596283666764e-06
472,0,0,472,0.0031415913616617734,0.01256636544664704,9.869596283667875e-06
473,0,1,473,0.0031415913616616308,0.012566365446646424,9.869596283666977e-06
474,0,1,474,0.0031415913616615553,0.012566365446646209,9.869596283666506e-06
475,0,1,475,0.003141591361661609,0.012566365446646341,9.869596283666842e-06
476,0,1,476,0.0031415913616618272,0.012566365446647122,9.869596283668214e-06
477,0,0,477,0.0031415913616616017,0.012566365446646282,9.869596283666798e-06
478,0,1,478,0.003141591361661764,0.012566365446647047,9.869596283667814e-06
479,0,1,479,0.0031415913616615406,0.012566365446646004,9.869596283666411e-06
480,0,1,480,0.0031415913616617774,0.012566365446646894,9.869596283667902e-06
481,0,1,481,0.0031415913616617912,0.01256636544664712,9.869596283667985e-06
482,0,1,482,0.003141591361661836,0.012566365446647208,9.869596283668268e-06
483,0,1,483,0.0031415913616616,0.012566365446646289,9.869596283666782e-06
484,0,0,484,0.0031415913616619044,0.012566365446647396,9.8695962836687e-06
485,0,0,485,0.0031415913616616,0.012566365446646268,9.869596283666784e-06
486,0,1,486,0.0031415913616615527,0.01256636544664619,9.869596283666488e-06
487,0,0,487,0.003141591361661783,0.012566365446647063,9.869596283667938e-06
488,0,1,488,0.0031415913616618485,0.012566365446647246,9.869596283668346e-06
489,0,0,489,0.0031415913616615883,0.012566365446646346,9.869596283666711e-06
490,0,0,490,0.0031415913616617704,0.012566365446647057,9.869596283667858e-06
491,0,0,491,0.003141591361661788,0.012566365446647063,9.86959628366797e-06
492,0,1,492,0.0031415913616615943,0.012566365446646374,9.86959628366675e-06
493,0,0,493,0.0031415913616618524,0.012566365446647305,9.869596283668373e-06
494,0,0,494,0.0031415913616618133,0.012566365446647238,9.869596283668127e-06
495,0,1,495,0.0031415913616617275,0.012566365446646813,9.869596283667587e-06
496,0,0,496,0.0031415913616616416,0.012566365446646561,9.869596283667048e-06
497,0,0,497,0.003141591361661754,0.012566365446646988,9.869596283667756e-06
498,0,0,498,0.003141591361661733,0.012566365446646844,9.869596283667621e-06
499,0,0,499,0.0031415913616615614,0.012566365446646171,9.86959628366654e-06
500,0,0,500,0.0031415913616615796,0.012566365446646308,9.86959628366666e-06
501,0,0,501,0.003141591361661617,0.012566365446646275,9.869596283666892e-06
502,0,0,502,0.003141591361661519,0.012566365446646039,9.869596283666277e-06
503,0,0,503,0.0031415913616617912,0.012566365446647146,9.869596283667988e-06
504,0,1,504,0.003141591361661552,0.012566365446646102,9.86959628366648e-06
505,0,1,505,0.0031415913616618133,0.012566365446647222,9.869596283668129e-06
506,0,1,506,0.0031415913616618376,0.012566365446647205,9.86959628366828e-06
507,0,1,507,0.003141591361661833,0.01256636544664723,9.86959628366825e-06
508,0,1,508,0.0031415913616618424,0.0125663654466473,9.86959628366831e-06
509,0,0,509,0.003141591361661772,0.012566365446647078,9.869596283667865e-06
510,0,0,510,0.003141591361661812,0.012566365446647172,9.869596283668119e-06
511,0,1,511,0.0031415913616615596,0.012566365446646216,9.869596283666533e-06
512,0,0,512,0.003141591361661526,0.012566365446646003,9.869596283666318e-06
513,0,1,513,0.0031415913616617617,0.012566365446647012,9.869596283667804e-06
514,0,0,514,0.0031415913616615596,0.012566365446646233,9.86959628366653e-06
515,0,0,515,0.00314159136166178,0.012566365446646863,9.869596283667919e-06
516,0,0,516,0.0031415913616617934,0.012566365446647156,9.869596283668e-06
517,0,0,517,0.0031415913616618407,0.012566365446647318,9.869596283668298e-06
518,0,0,518,0.003141591361661779,0.01256636544664709,9.869596283667912e-06
519,0,0,519,0.0031415913616617895,0.012566365446647087,9.869596283667975e-06
520,0,1,520,0.003141591361661868,0.012566365446647285,9.86959628366847e-06
521,0,1,521,0.003141591361661808,0.012566365446647128,9.869596283668094e-06
522,0,0,522,0.0031415913616617856,0.012566365446647073,9.869596283667951e-06
523,0,0,523,0.003141591361661746,0.012566365446646955,9.869596283667702e-06
524,0,1,524,0.0031415913616618233,0.012566365446647128,9.869596283668187e-06
525,0,1,525,0.003141591361661836,0.012566365446647184,9.869596283668268e-06
526,0,1,526,0.003141591361661628,0.012566365446646317,9.869596283666962e-06
527,0,1,527,0.003141591361661798,0.012566365446646957,9.869596283668033e-06
528,0,1,528,0.003141591361661571,0.012566365446646237,9.869596283666603e-06
529,0,0,529,0.00314159136166182,0.012566365446647045,9.869596283668166e-06
530,0,0,530,0.003141591361661723,0.01256636544664683,9.869596283667558e-06
531,0,1,531,0.003141591361661927,0.012566365446647514,9.86959628366884e-06
532,0,1,532,0.0031415913616615696,0.012566365446646258,9.869596283666594e-06
533,0,0,533,0.0031415913616615995,0.012566365446646379,9.869596283666784e-06
534,0,0,534,0.003141591361661551,0.012566365446646102,9.86959628366648e-06
535,0,0,535,0.0031415913616615553,0.012566365446645918,9.869596283666504e-06
536,0,0,536,0.003141591361661851,0.012566365446647397,9.869596283668363e-06
537,0,1,537,0.003141591361661525,0.012566365446645935,9.869596283666313e-06
538,0,0,538,0.0031415913616615297,0.012566365446646077,9.869596283666344e-06
539,0,0,539,0.0031415913616617834,0.01256636544664712,9.86959628366794e-06
540,0,0,540,0.0031415913616618545,0.012566365446647226,9.869596283668383e-06
541,0,1,541,0.0031415913616617904,0.01256636544664714,9.869596283667982e-06
542,0,0,542,0.0031415913616616047,0.012566365446646403,9.869596283666814e-06
543,0,0,543,0.0031415913616617856,0.012566365446647063,9.86959628366795e-06
544,0,0,544,0.003141591361661843,0.012566365446647184,9.86959628366831e-06
545,0,1,545,0.0031415913616616117,0.012566365446646379,9.869596283666859e-06
546,0,0,546,0.0031415913616619075,0.012566365446647444,9.869596283668719e-06
547,0,0,547,0.0031415913616617904,0.012566365446647099,9.869596283667983e-06
548,0,1,548,0.003141591361661601,0.012566365446646268,9.86959628366679e-06
549,0,0,549,0.0031415913616617453,0.012566365446646948,9.8695962836677e-06
550,0,1,550,0.0031415913616618264,0.012566365446647128,9.869596283668209e-06
551,0,0,551,0.003141591361661793,0.012566365446647089,9.869596283667999e-06
552,0,1,552,0.0031415913616617535,0.012566365446646972,9.869596283667753e-06
553,0,1,553,0.0031415913616617873,0.012566365446647087,9.869596283667965e-06
554,0,1,554,0.0031415913616616485,0.012566365446646417,9.86959628366709e-06
555,0,0,555,0.0031415913616615596,0.01256636544664613,9.869596283666532e-06
556,0,1,556,0.0031415913616615722,0.012566365446646272,9.869596283666615e-06
557,0,0,557,0.0031415913616618537,0.012566365446647266,9.86959628366838e-06
558,0,0,558,0.0031415913616615948,0.012566365446646355,9.869596283666754e-06
559,0,1,559,0.0031415913616615766,0.012566365446646244,9.869596283666638e-06
560,0,1,560,0.0031415913616618754,0.012566365446647255,9.869596283668515e-06
561,0,1,561,0.0031415913616618238,0.012566365446647215,9.86959628366819e-06
562,0,0,562,0.003141591361661671,0.012566365446646528,9.869596283667233e-06
563,0,1,563,0.003141591361661844,0.012566365446647187,9.86959628366832e-06
564,0,1,564,0.003141591361661914,0.012566365446647208,9.869596283668758e-06
565,0,1,565,0.0031415913616617986,0.012566365446647142,9.869596283668036e-06
566,0,0,566,0.0031415913616617544,0.012566365446647007,9.869596283667756e-06
567,0,0,567,0.0031415913616618424,0.012566365446647193,9.869596283668309e-06
568,0,1,568,0.0031415913616616455,0.012566365446646514,9.869596283667069e-06
569,0,0,569,0.0031415913616617925,0.012566365446647156,9.869596283667995e-06
570,0,0,570,0.0031415913616617656,0.012566365446646941,9.869596283667826e-06
571,0,0,571,0.0031415913616618402,0.012566365446647292,9.869596283668297e-06
572,0,1,572,0.003141591361661777,0.012566365446647073,9.8695962836679e-06
573,0,0,573,0.003141591361661556,0.01256636544664622,9.869596283666508e-06
574,0,0,574,0.0031415913616614946,0.012566365446645942,9.869596283666122e-06
575,0,1,575,0.0031415913616617834,0.012566365446647122,9.869596283667941e-06
576,0,0,576,0.0031415913616617405,0.012566365446646953,9.869596283667668e-06
577,0,1,577,0.003141591361661798,0.012566365446647115,9.86959628366803e-06
578,0,0,578,0.003141591361661814,0.012566365446647201,9.869596283668132e-06
579,0,1,579,0.0031415913616618172,0.012566365446647184,9.86959628366815e-06
580,0,0,580,0.003141591361661755,0.012566365446646943,9.869596283667756e-06
581,0,0,581,0.0031415913616616308,0.012566365446646499,9.86959628366698e-06
582,0,1,582,0.0031415913616616416,0.012566365446646516,9.86959628366705e-06
583,0,0,583,0.0031415913616616017,0.012566365446646303,9.869596283666796e-06
584,0,0,584,0.0031415913616615605,0.012566365446646141,9.869596283666537e-06
585,0,0,585,0.0031415913616618055,0.012566365446647182,9.869596283668078e-06
586,0,1,586,0.0031415913616617145,0.012566365446646834,9.869596283667502e-06
587,0,1,587,0.0031415913616615883,0.012566365446646275,9.869596283666713e-06
588,0,1,588,0.0031415913616615796,0.01256636544664621,9.86959628366666e-06
589,0,0,589,0.0031415913616616256,0.012566365446646422,9.869596283666948e-06
590,0,0,590,0.00314159136166172,0.012566365446646879,9.869596283667541e-06
591,0,0,591,0.0031415913616617795,0.012566365446647108,9.869596283667914e-06
592,0,1,592,0.0031415913616615813,0.012566365446646282,9.869596283666669e-06
593,0,0,593,0.0031415913616615475,0.012566365446646154,9.86959628366646e-06
594,0,0,594,0.0031415913616615943,0.012566365446646292,9.869596283666748e-06
595,0,1,595,0.0031415913616618025,0.012566365446647198,9.869596283668058e-06
596,0,1,596,0.00314159136166185,0.01256636544664723,9.869596283668358e-06
597,0,1,597,0.003141591361661653,0.012566365446646539,9.869596283667121e-06
598,0,1,598,0.00314159136166175,0.012566365446646952,9.869596283667728e-06
599,0,0,599,0.003141591361661671,0.012566365446646563,9.869596283667231e-06
600,0,0,600,0.003141591361661661,0.012566365446646643,9.869596283667172e-06
601,0,1,601,0.003141591361661791,0.012566365446647144,9.869596283667985e-06
602,0,0,602,0.0031415913616617682,0.012566365446647031,9.869596283667841e-06
603,0,1,603,0.0031415913616618346,0.012566365446647278,9.869596283668261e-06
604,0,0,604,0.00314159136166181,0.01256636544664716,9.869596283668104e-06
605,0,0,605,0.0031415913616618116,0.012566365446647198,9.869596283668116e-06
606,0,1,606,0.0031415913616618814,0.012566365446647413,9.869596283668556e-06
607,0,1,607,0.003141591361661598,0.012566365446646192,9.869596283666772e-06
608,0,0,608,0.003141591361661814,0.012566365446647127,9.86959628366813e-06
609,0,1,609,0.0031415913616618537,0.012566365446647406,9.869596283668382e-06
610,0,1,610,0.003141591361661746,0.012566365446646917,9.869596283667706e-06
611,0,0,611,0.0031415913616615935,0.012566365446646285,9.869596283666745e-06
612,0,0,612,0.003141591361661861,0.01256636544664733,9.869596283668429e-06
613,0,1,613,0.0031415913616615605,0.012566365446646148,9.86959628366654e-06
614,0,1,614,0.003141591361661763,0.012566365446647026,9.86959628366781e-06
615,0,1,615,0.003141591361661579,0.012566365446646315,9.869596283666657e-06
616,0,0,616,0.0031415913616619066,0.012566365446647545,9.869596283668712e-06
617,0,1,617,0.003141591361661803,0.012566365446647087,9.869596283668061e-06
618,0,1,618,0.003141591361661837,0.01256636544664721,9.869596283668275e-06
619,0,1,619,0.003141591361661835,0.012566365446647217,9.869596283668265e-06
620,0,0,620,0.0031415913616618164,0.012566365446647194,9.869596283668144e-06
621,0,1,621,0.0031415913616617995,0.012566365446647111,9.869596283668041e-06
622,0,1,622,0.003141591361661776,0.012566365446646969,9.869596283667892e-06
623,0,1,623,0.0031415913616616134,0.012566365446646355,9.86959628366687e-06
624,0,0,624,0.0031415913616617704,0.012566365446647026,9.869596283667856e-06
625,0,1,625,0.003141591361661516,0.012566365446645984,9.869596283666255e-06
626,0,0,626,0.0031415913616618294,0.012566365446647201,9.869596283668229e-06
627,0,1,627,0.003141591361661833,0.012566365446647246,9.869596283668246e-06
628,0,0,628,0.0031415913616615505,0.012566365446646084,9.869596283666476e-06
629,0,1,629,0.0031415913616618324,0.012566365446647285,9.869596283668246e-06
630,0,0,630,0.0031415913616615987,0.012566365446646369,9.869596283666777e-06
631,0,1,631,0.00314159136166177,0.012566365446647059,9.869596283667858e-06
632,0,0,632,0.003141591361661773,0.012566365446647083,9.869596283667872e-06
633,0,0,633,0.0031415913616617062,0.01256636544664664,9.869596283667455e-06
634,0,1,634,0.003141591361661835,0.012566365446647246,9.869596283668265e-06
635,0,0,635,0.0031415913616615276,0.012566365446645949,9.869596283666333e-06
636,0,0,636,0.0031415913616617596,0.012566365446646896,9.86959628366779e-06
637,0,1,637,0.0031415913616618047,0.012566365446647043,9.86959628366807e-06
638,0,1,638,0.0031415913616617865,0.012566365446647097,9.869596283667956e-06
639,0,1,639,0.0031415913616617804,0.012566365446647047,9.86959628366792e-06
640,0,0,640,0.0031415913616615124,0.012566365446646025,9.869596283666237e-06
641,0,0,641,0.0031415913616616225,0.012566365446646424,9.869596283666928e-06
642,0,1,642,0.0031415913616618186,0.012566365446647168,9.869596283668156e-06
643,0,0,643,0.0031415913616618164,0.012566365446647134,9.869596283668146e-06
644,0,0,644,0.0031415913616619456,0.01256636544664734,9.869596283668961e-06
645,0,0,645,0.003141591361661825,0.012566365446647262,9.8695962836682e-06
646,0,1,646,0.0031415913616617366,0.01256636544664673,9.869596283667646e-06
647,0,0,647,0.0031415913616617925,0.012566365446647155,9.869596283667995e-06
648,0,1,648,0.0031415913616617912,0.012566365446647115,9.869596283667985e-06
649,0,1,649,0.0031415913616618055,0.012566365446647187,9.869596283668078e-06
650,0,0,650,0.003141591361661563,0.012566365446646237,9.869596283666555e-06
651,0,1,651,0.003141591361661743,0.012566365446646953,9.869596283667685e-06
652,0,0,652,0.003141591361661578,0.012566365446646095,9.869596283666648e-06
653,0,0,653,0.003141591361661598,0.012566365446646282,9.869596283666774e-06
654,0,1,654,0.0031415913616618736,0.012566365446647326,9.869596283668505e-06
655,0,0,655,0.003141591361661842,0.012566365446647153,9.869596283668304e-06
656,0,0,656,0.00314159136166178,0.01256636544664707,9.869596283667916e-06
657,0,1,657,0.0031415913616615284,0.012566365446646091,9.869596283666335e-06
658,0,1,658,0.003141591361661801,0.01256636544664718,9.86959628366805e-06
659,0,0,659,0.0031415913616617977,0.012566365446647106,9.869596283668027e-06
660,0,0,660,0.003141591361661721,0.01256636544664688,9.869596283667546e-06
661,0,1,661,0.003141591361661753,0.012566365446646924,9.869596283667745e-06
662,0,0,662,0.003141591361661784,0.012566365446646991,9.86959628366794e-06
663,0,1,663,0.0031415913616615714,0.012566365446646265,9.869596283666608e-06
664,0,1,664,0.0031415913616615184,0.012566365446645968,9.869596283666274e-06
665,0,1,665,0.0031415913616616126,0.012566365446646383,9.869596283666865e-06
666,0,1,666,0.003141591361661646,0.012566365446646355,9.869596283667075e-06
667,0,1,667,0.003141591361661849,0.01256636544664734,9.86959628366835e-06
668,0,1,668,0.003141591361661669,0.012566365446646615,9.86959628366722e-06
669,0,1,669,0.003141591361661767,0.012566365446646993,9.869596283667834e-06
670,0,0,670,0.0031415913616615787,0.012566365446646077,9.869596283666652e-06
671,0,0,671,0.003141591361661824,0.012566365446647274,9.869596283668192e-06
672,0,0,672,0.0031415913616616134,0.012566365446646313,9.869596283666869e-06
673,0,1,673,0.0031415913616615935,0.012566365446646226,9.869596283666747e-06
674,0,0,674,0.0031415913616617197,0.01256636544664676,9.869596283667536e-06
675,0,1,675,0.0031415913616617765,0.012566365446646997,9.869596283667892e-06
676,0,1,676,0.003141591361661799,0.012566365446647177,9.869596283668038e-06
677,0,0,677,0.003141591361661588,0.012566365446646348,9.86959628366671e-06
678,0,0,678,0.0031415913616615683,0.012566365446646254,9.86959628366659e-06
679,0,0,679,0.0031415913616617626,0.012566365446647017,9.869596283667809e-06
680,0,1,680,0.0031415913616618355,0.012566365446647215,9.869596283668263e-06
681,0,1,681,0.003141591361661838,0.012566365446647201,9.869596283668282e-06
682,0,0,682,0.0031415913616618407,0.01256636544664726,9.869596283668298e-06
683,0,1,683,0.003141591361661848,0.012566365446647382,9.869596283668346e-06
684,0,0,684,0.003141591361661806,0.012566365446647087,9.869596283668077e-06
685,0,0,685,0.003141591361661747,0.012566365446646981,9.86959628366771e-06
686,0,0,686,0.0031415913616618563,0.0125663654466474,9.869596283668393e-06
687,0,0,687,0.003141591361661648,0.012566365446646386,9.869596283667089e-06
688,0,1,688,0.0031415913616614777,0.01256636544664582,9.869596283666018e-06
689,0,1,689,0.0031415913616617713,0.01256636544664703,9.869596283667863e-06
690,0,1,690,0.0031415913616615453,0.012566365446646157,9.869596283666443e-06
691,0,1,691,0.0031415913616617912,0.012566365446647104,9.869596283667985e-06
692,0,1,692,0.0031415913616615583,0.012566365446646138,9.869596283666527e-06
693,0,0,693,0.0031415913616618884,0.01256636544664734,9.869596283668597e-06
694,0,0,694,0.003141591361661521,0.01256636544664608,9.869596283666291e-06
695,0,1,695,0.00314159136166182,0.01256636544664715,9.869596283668166e-06
696,0,0,696,0.00314159136166186,0.012566365446647226,9.86959628366842e-06
697,0,0,697,0.003141591361661576,0.012566365446646244,9.869596283666635e-06
698,0,0,698,0.0031415913616617826,0.012566365446647052,9.869596283667933e-06
699,0,1,699,0.0031415913616617127,0.012566365446646814,9.869596283667497e-06
700,0,0,700,0.0031415913616617734,0.01256636544664709,9.869596283667877e-06
701,0,1,701,0.0031415913616618177,0.012566365446647049,9.869596283668153e-06
702,0,1,702,0.0031415913616618307,0.012566365446647127,9.869596283668238e-06
703,0,0,703,0.0031415913616617604,0.012566365446647021,9.86959628366779e-06
704,0,1,704,0.003141591361661798,0.012566365446647179,9.869596283668029e-06
705,0,1,705,0.0031415913616615276,0.012566365446646086,9.869596283666328e-06
706,0,1,706,0.0031415913616616065,0.012566365446646303,9.869596283666826e-06
707,0,0,707,0.003141591361661877,0.012566365446647507,9.869596283668529e-06
708,0,0,708,0.0031415913616617995,0.012566365446647028,9.869596283668041e-06
709,0,0,709,0.003141591361661567,0.01256636544664624,9.869596283666579e-06
710,0,1,710,0.003141591361661745,0.012566365446646976,9.869596283667697e-06
711,0,1,711,0.0031415913616616134,0.01256636544664633,9.869596283666869e-06
712,0,1,712,0.003141591361661541,0.01256636544664613,9.869596283666413e-06
713,0,1,713,0.0031415913616615874,0.012566365446646183,9.869596283666708e-06
714,0,1,714,0.0031415913616617726,0.012566365446646972,9.86959628366787e-06
715,0,0,715,0.003141591361661619,0.012566365446646438,9.869596283666908e-06
716,0,0,716,0.0031415913616618506,0.012566365446647309,9.869596283668361e-06
717,0,0,717,0.0031415913616615714,0.012566365446646199,9.869596283666604e-06
718,0,1,718,0.0031415913616615497,0.012566365446646084,9.869596283666474e-06
719,0,0,719,0.0031415913616618706,0.012566365446647352,9.869596283668487e-06
720,0,0,720,0.0031415913616618493,0.012566365446647302,9.869596283668351e-06
721,0,1,721,0.0031415913616616355,0.01256636544664647,9.86959628366701e-06
722,0,0,722,0.0031415913616618424,0.012566365446647203,9.869596283668309e-06
723,0,0,723,0.003141591361661856,0.012566365446647267,9.869596283668393e-06
724,0,0,724,0.0031415913616618194,0.012566365446647167,9.869596283668165e-06
725,0,0,725,0.0031415913616617912,0.012566365446647142,9.869596283667987e-06
726,0,1,726,0.003141591361661819,0.012566365446647148,9.869596283668163e-06
727,0,0,727,0.003141591361661798,0.012566365446647167,9.869596283668027e-06
728,0,0,728,0.0031415913616615163,0.012566365446646063,9.86959628366626e-06
729,0,0,729,0.0031415913616616143,0.01256636544664645,9.869596283666875e-06
730,0,0,730,0.0031415913616618225,0.012566365446647125,9.869596283668183e-06
731,0,1,731,0.0031415913616618064,0.01256636544664715,9.869596283668083e-06
732,0,0,732,0.003141591361661807,0.012566365446647165,9.869596283668085e-06
733,0,1,733,0.0031415913616615883,0.012566365446646213,9.869596283666713e-06
734,0,0,734,0.003141591361661823,0.012566365446647201,9.869596283668188e-06
735,0,1,735,0.0031415913616614907,0.012566365446645862,9.8695962836661e-06
736,0,1,736,0.003141591361661692,0.012566365446646736,9.869596283667362e-06
737,0,0,737,0.0031415913616617396,0.01256636544664683,9.869596283667663e-06
738,0,0,738,0.0031415913616618103,0.012566365446647226,9.869596283668107e-06
739,0,1,739,0.0031415913616618463,0.012566365446647123,9.869596283668336e-06
740,0,0,740,0.003141591361661811,0.01256636544664724,9.869596283668114e-06
741,0,1,741,0.0031415913616616126,0.012566365446646422,9.869596283666867e-06
742,0,0,742,0.0031415913616615943,0.012566365446646296,9.869596283666752e-06
743,0,1,743,0.003141591361661885,0.012566365446647288,9.869596283668575e-06
744,0,1,744,0.00314159136166179,0.012566365446647033,9.869596283667982e-06
745,0,0,745,0.003141591361661763,0.012566365446646965,9.869596283667812e-06
746,0,0,746,0.0031415913616617873,0.012566365446647122,9.869596283667961e-06
747,0,0,747,0.0031415913616615917,0.012566365446646278,9.869596283666733e-06
748,0,1,748,0.003141591361661424,0.012566365446645682,9.869596283665681e-06
749,0,0,749,0.0031415913616616572,0.012566365446646386,9.869596283667143e-06
750,0,1,750,0.0031415913616616984,0.01256636544664658,9.869596283667406e-06
751,0,1,751,0.0031415913616617925,0.012566365446647122,9.869596283667997e-06
752,0,0,752,0.003141591361661664,0.012566365446646407,9.86959628366719e-06
753,0,0,753,0.003141591361661531,0.012566365446646119,9.869596283666355e-06
754,0,1,754,0.003141591361661802,0.012566365446647156,9.869596283668056e-06
755,0,1,755,0.0031415913616618042,0.012566365446646991,9.86959628366807e-06
756,0,0,756,0.0031415913616617925,0.012566365446647123,9.869596283667999e-06
757,0,0,757,0.003141591361661836,0.012566365446647116,9.86959628366827e-06
758,0,0,758,0.003141591361661824,0.012566365446647241,9.869596283668195e-06
759,0,0,759,0.003141591361661811,0.012566365446647182,9.869596283668114e-06
760,0,0,760,0.00314159136166161,0.012566365446646348,9.86959628366685e-06
761,0,1,761,0.003141591361661558,0.012566365446646181,9.869596283666521e-06
762,0,1,762,0.0031415913616618225,0.012566365446647194,9.869596283668183e-06
763,0,1,763,0.0031415913616615705,0.012566365446646164,9.8695962836666e-06
764,0,0,764,0.003141591361661767,0.012566365446646927,9.869596283667834e-06
765,0,0,765,0.0031415913616618003,0.012566365446646983,9.869596283668046e-06
766,0,1,766,0.003141591361661796,0.012566365446647163,9.869596283668017e-06
767,0,0,767,0.003141591361661508,0.012566365446646015,9.869596283666206e-06
768,0,0,768,0.0031415913616618177,0.012566365446647156,9.869596283668153e-06
769,0,0,769,0.0031415913616615714,0.012566365446646226,9.869596283666606e-06
770,0,0,770,0.00314159136166154,0.012566365446646115,9.86959628366641e-06
771,0,1,771,0.0031415913616617544,0.012566365446646965,9.869596283667756e-06
772,0,1,772,0.00314159136166172,0.012566365446646738,9.869596283667543e-06
773,0,0,773,0.003141591361661783,0.012566365446647059,9.869596283667934e-06
774,0,1,774,0.003141591361661579,0.01256636544664616,9.869596283666655e-06
775,0,0,775,0.003141591361661794,0.012566365446646997,9.869596283668004e-06
776,0,0,776,0.0031415913616614985,0.0125663654466459,9.869596283666147e-06
777,0,0,777,0.0031415913616614686,0.012566365446645838,9.869596283665962e-06
778,0,1,778,0.003141591361661796,0.012566365446647182,9.869596283668019e-06
779,0,1,779,0.0031415913616618385,0.012566365446647309,9.869596283668282e-06
780,0,1,780,0.003141591361661735,0.012566365446646816,9.869596283667634e-06
781,0,0,781,0.00314159136166159,0.012566365446646348,9.869596283666721e-06
782,0,0,782,0.003141591361661752,0.012566365446646788,9.869596283667745e-06
783,0,1,783,0.0031415913616617314,0.012566365446646653,9.869596283667609e-06
784,0,1,784,0.003141591361661708,0.0125663654466465,9.869596283667463e-06
785,0,1,785,0.0031415913616618116,0.01256636544664718,9.869596283668117e-06
786,0,1,786,0.0031415913616617912,0.012566365446647125,9.869596283667987e-06
787,0,0,787,0.0031415913616618376,0.012566365446647208,9.869596283668278e-06
788,0,1,788,0.0031415913616618194,0.012566365446647205,9.869596283668163e-06
789,0,0,789,0.003141591361661868,0.012566365446647264,9.86959628366847e-06
790,0,0,790,0.0031415913616615492,0.012566365446646187,9.869596283666467e-06
791,0,0,791,0.0031415913616615935,0.012566365446646303,9.869596283666745e-06
792,0,0,792,0.0031415913616615744,0.012566365446646284,9.869596283666623e-06
793,0,1,793,0.0031415913616617912,0.012566365446647148,9.869596283667987e-06
794,0,1,794,0.0031415913616618073,0.012566365446647222,9.86959628366809e-06
795,0,0,795,0.0031415913616618086,0.012566365446647224,9.869596283668099e-06
796,0,1,796,0.003141591361661777,0.012566365446647042,9.869596283667897e-06
797,0,0,797,0.0031415913616617747,0.012566365446647037,9.869596283667882e-06
798,0,0,798,0.0031415913616617756,0.012566365446647056,9.86959628366789e-06
799,0,1,799,0.003141591361661643,0.012566365446646478,9.869596283667055e-06
800,0,1,800,0.003141591361661563,0.012566365446646197,9.869596283666554e-06
801,0,1,801,0.00314159136166177,0.01256636544664694,9.869596283667853e-06
802,0,0,802,0.0031415913616617964,0.012566365446647115,9.869596283668019e-06
803,0,1,803,0.0031415913616616386,0.012566365446646542,9.86959628366703e-06
804,0,1,804,0.0031415913616615666,0.01256636544664617,9.869596283666577e-06
805,0,1,805,0.003141591361661531,0.012566365446646117,9.86959628366635e-06
806,0,1,806,0.003141591361661828,0.012566365446647174,9.869596283668219e-06
807,0,0,807,0.003141591361661829,0.012566365446647298,9.869596283668222e-06
808,0,0,808,0.003141591361661577,0.01256636544664625,9.869596283666643e-06
809,0,1,809,0.003141591361661815,0.01256636544664717,9.869596283668136e-06
810,0,0,810,0.0031415913616618506,0.01256636544664716,9.86959628366836e-06
811,0,0,811,0.0031415913616617843,0.012566365446647132,9.869596283667944e-06
812,0,1,812,0.0031415913616617596,0.012566365446646958,9.869596283667789e-06
813,0,0,813,0.0031415913616615995,0.012566365446646369,9.869596283666784e-06
814,0,0,814,0.0031415913616618493,0.012566365446647326,9.869596283668354e-06
815,0,1,815,0.003141591361661745,0.01256636544664698,9.869596283667695e-06
816,0,1,816,0.003141591361661584,0.012566365446645989,9.869596283666686e-06
817,0,0,817,0.00314159136166162,0.012566365446646462,9.869596283666911e-06
818,0,1,818,0.0031415913616617357,0.012566365446646936,9.869596283667638e-06
819,0,1,819,0.003141591361661622,0.012566365446646414,9.869596283666925e-06
820,0,1,820,0.0031415913616618203,0.012566365446647236,9.869596283668168e-06
821,0,1,821,0.0031415913616618047,0.012566365446647111,9.869596283668071e-06
822,0,0,822,0.0031415913616617843,0.012566365446647049,9.869596283667943e-06
823,0,0,823,0.0031415913616615753,0.012566365446646278,9.86959628366663e-06
824,0,0,824,0.0031415913616617505,0.012566365446646957,9.869596283667731e-06
825,0,0,825,0.0031415913616617904,0.012566365446646943,9.86959628366798e-06
826,0,1,826,0.0031415913616619205,0.012566365446647495,9.869596283668802e-06
827,0,0,827,0.0031415913616618008,0.0125663654466471,9.86959628366805e-06
828,0,1,828,0.003141591361661607,0.012566365446646355,9.86959628366683e-06
829,0,1,829,0.0031415913616617977,0.012566365446647007,9.869596283668029e-06
830,0,0,830,0.003141591361661552,0.012566365446646145,9.869596283666482e-06
831,0,1,831,0.003141591361661597,0.012566365446646214,9.869596283666765e-06
832,0,0,832,0.0031415913616618394,0.0125663654466471,9.869596283668292e-06
833,0,1,833,0.003141591361661772,0.012566365446647052,9.869596283667867e-06
834,0,0,834,0.0031415913616617873,0.012566365446647063,9.869596283667965e-06
835,0,1,835,0.0031415913616618806,0.012566365446647333,9.869596283668551e-06
836,0,1,836,0.0031415913616617765,0.012566365446647017,9.869596283667894e-06
837,0,0,837,0.0031415913616618042,0.012566365446647146,9.86959628366807e-06
838,0,1,838,0.0031415913616618493,0.012566365446647368,9.869596283668353e-06
839,0,1,839,0.0031415913616618016,0.012566365446647184,9.869596283668053e-06
840,0,1,840,0.0031415913616616217,0.012566365446646407,9.869596283666921e-06
841,0,1,841,0.003141591361661804,0.01256636544664701,9.869596283668065e-06
842,0,1,842,0.0031415913616617682,0.012566365446646941,9.869596283667843e-06
843,0,0,843,0.003141591361661546,0.012566365446646181,9.869596283666449e-06
844,0,0,844,0.0031415913616617613,0.012566365446647024,9.869596283667799e-06
845,0,1,845,0.003141591361661525,0.012566365446645784,9.869596283666315e-06
846,0,1,846,0.0031415913616617557,0.01256636544664702,9.869596283667763e-06
847,0,1,847,0.003141591361661829,0.012566365446647312,9.869596283668224e-06
848,0,0,848,0.0031415913616618337,0.012566365446647227,9.869596283668254e-06
849,0,1,849,0.0031415913616618376,0.012566365446647309,9.86959628366828e-06
850,0,0,850,0.0031415913616619287,0.012566365446647312,9.86959628366885e-06
851,0,1,851,0.0031415913616617904,0.012566365446647128,9.86959628366798e-06
852,0,0,852,0.003141591361661758,0.012566365446646861,9.86959628366778e-06
853,0,1,853,0.003141591361661776,0.012566365446647017,9.86959628366789e-06
854,0,0,854,0.003141591361661782,0.0125663654466471,9.869596283667933e-06
855,0,0,855,0.003141591361661611,0.012566365446646216,9.869596283666853e-06
856,0,1,856,0.0031415913616614625,0.012566365446645814,9.869596283665923e-06
857,0,1,857,0.003141591361661822,0.012566365446647156,9.869596283668183e-06
858,0,1,858,0.0031415913616618016,0.012566365446647031,9.869596283668055e-06
859,0,1,859,0.003141591361661766,0.012566365446647004,9.86959628366783e-06
860,0,0,860,0.0031415913616614907,0.01256636544664591,9.8695962836661e-06
861,0,1,861,0.0031415913616614976,0.01256636544664597,9.869596283666144e-06
862,0,1,862,0.003141591361661561,0.012566365446646214,9.86959628366654e-06
863,0,0,863,0.0031415913616615948,0.012566365446646202,9.869596283666755e-06
864,0,1,864,0.0031415913616618745,0.012566365446647453,9.86959628366851e-06
865,0,1,865,0.003141591361661788,0.012566365446647142,9.869596283667966e-06
866,0,1,866,0.003141591361661807,0.012566365446647056,9.869596283668085e-06
867,0,0,867,0.0031415913616615436,0.01256636544664614,9.869596283666428e-06
868,0,1,868,0.003141591361661823,0.012566365446647281,9.869596283668188e-06
869,0,1,869,0.0031415913616617483,0.012566365446646958,9.869596283667716e-06
870,0,0,870,0.0031415913616617856,0.012566365446647057,9.869596283667951e-06
871,0,0,871,0.003141591361661822,0.012566365446647056,9.869596283668178e-06
872,0,1,872,0.003141591361661832,0.012566365446647142,9.869596283668241e-06
873,0,0,873,0.003141591361661772,0.012566365446647052,9.869596283667868e-06
874,0,0,874,0.0031415913616618047,0.012566365446647219,9.869596283668071e-06
875,0,0,875,0.0031415913616617747,0.012566365446647005,9.869596283667887e-06
876,0,0,876,0.0031415913616615774,0.012566365446646237,9.869596283666642e-06
877,0,1,877,0.0031415913616617604,0.012566365446647038,9.869596283667795e-06
878,0,1,878,0.0031415913616616503,0.012566365446646379,9.869596283667102e-06
879,0,1,879,0.003141591361661826,0.01256636544664709,9.869596283668205e-06
880,0,1,880,0.0031415913616616815,0.012566365446646657,9.869596283667299e-06
881,0,1,881,0.003141591361661792,0.012566365446647128,9.869596283667995e-06
882,0,1,882,0.0031415913616619096,0.012566365446647484,9.869596283668732e-06
883,0,1,883,0.003141591361661878,0.012566365446647257,9.86959628366853e-06
884,0,1,884,0.0031415913616618034,0.012566365446647174,9.869596283668065e-06
885,0,0,885,0.0031415913616615588,0.012566365446646166,9.869596283666528e-06
886,0,0,886,0.003141591361661496,0.012566365446645914,9.869596283666132e-06
887,0,0,887,0.0031415913616617977,0.01256636544664707,9.86959628366803e-06
888,0,0,888,0.003141591361661578,0.012566365446646192,9.869596283666648e-06
889,0,0,889,0.003141591361661625,0.012566365446646396,9.869596283666942e-06
890,0,1,890,0.003141591361661778,0.012566365446647028,9.869596283667904e-06
891,0,0,891,0.003141591361661604,0.01256636544664623,9.869596283666813e-06
892,0,1,892,0.003141591361661828,0.012566365446647156,9.869596283668219e-06
893,0,1,893,0.0031415913616618225,0.012566365446647089,9.869596283668182e-06
894,0,0,894,0.0031415913616619205,0.012566365446647406,9.869596283668798e-06
895,0,0,895,0.0031415913616617895,0.01256636544664714,9.869596283667975e-06
896,0,1,896,0.0031415913616617904,0.012566365446647031,9.869596283667983e-06
897,0,1,897,0.003141591361661775,0.012566365446647085,9.869596283667885e-06
898,0,0,898,0.003141591361661787,0.01256636544664691,9.869596283667963e-06
899,0,1,899,0.0031415913616615826,0.012566365446646275,9.869596283666677e-06
900,0,0,900,0.003141591361661606,0.012566365446646369,9.869596283666823e-06
901,0,0,901,0.003141591361661819,0.012566365446647245,9.869596283668163e-06
902,0,0,902,0.0031415913616616394,0.012566365446646402,9.869596283667031e-06
903,0,1,903,0.0031415913616617756,0.012566365446647038,9.869596283667889e-06
904,0,1,904,0.0031415913616615826,0.012566365446646317,9.869596283666677e-06
905,0,1,905,0.0031415913616615466,0.012566365446645978,9.86959628366645e-06
906,0,1,906,0.0031415913616616086,0.012566365446646362,9.869596283666842e-06
907,0,1,907,0.0031415913616615575,0.012566365446646213,9.869596283666521e-06
908,0,1,908,0.003141591361661558,0.012566365446646187,9.869596283666523e-06
909,0,1,909,0.0031415913616617626,0.012566365446647042,9.869596283667807e-06
910,0,1,910,0.0031415913616617747,0.012566365446646983,9.869596283667887e-06
911,0,1,911,0.0031415913616618125,0.012566365446647191,9.869596283668122e-06
912,0,1,912,0.003141591361661677,0.012566365446646651,9.86959628366727e-06
913,0,0,913,0.0031415913616615293,0.012566365446646027,9.86959628366634e-06
914,0,1,914,0.0031415913616615787,0.012566365446646282,9.869596283666654e-06
915,0,0,915,0.003141591361661579,0.012566365446646263,9.869596283666655e-06
916,0,0,916,0.0031415913616618294,0.012566365446647285,9.86959628366823e-06
917,0,1,917,0.003141591361661636,0.012566365446646376,9.86959628366701e-06
918,0,1,918,0.0031415913616615844,0.012566365446646324,9.869596283666687e-06
919,0,0,919,0.003141591361661908,0.01256636544664732,9.869596283668722e-06
920,0,1,920,0.0031415913616618645,0.012566365446647288,9.869596283668448e-06
921,0,1,921,0.0031415913616615423,0.012566365446646022,9.869596283666421e-06
922,0,0,922,0.003141591361661616,0.01256636544664638,9.869596283666887e-06
923,0,0,923,0.0031415913616618155,0.012566365446647153,9.869596283668141e-06
924,0,0,924,0.003141591361661782,0.012566365446647049,9.869596283667931e-06
925,0,0,925,0.003141591361661582,0.0125663654466463,9.869596283666676e-06
926,0,1,926,0.00314159136166177,0.012566365446647045,9.869596283667855e-06
927,0,0,927,0.0031415913616617275,0.01256636544664691,9.869596283667585e-06
928,0,1,928,0.0031415913616616954,0.012566365446646636,9.86959628366739e-06
929,0,0,929,0.0031415913616615627,0.012566365446646226,9.869596283666552e-06
930,0,0,930,0.003141591361661846,0.012566365446647297,9.869596283668332e-06
931,0,0,931,0.0031415913616618333,0.01256636544664728,9.869596283668253e-06
932,0,0,932,0.0031415913616615727,0.012566365446646188,9.869596283666616e-06
933,0,0,933,0.0031415913616619343,0.012566365446647406,9.869596283668886e-06
934,0,0,934,0.003141591361661789,0.012566365446646955,9.869596283667975e-06
935,0,0,935,0.0031415913616618073,0.01256636544664694,9.869596283668092e-06
936,0,1,936,0.0031415913616616316,0.012566365446646428,9.869596283666986e-06
937,0,0,937,0.0031415913616617977,0.012566365446647142,9.869596283668027e-06
938,0,1,938,0.003141591361661799,0.012566365446647087,9.869596283668036e-06
939,0,0,939,0.0031415913616618186,0.012566365446647148,9.869596283668161e-06
940,0,0,940,0.0031415913616616173,0.012566365446646376,9.869596283666894e-06
941,0,0,941,0.0031415913616618047,0.012566365446647111,9.869596283668071e-06
942,0,0,942,0.0031415913616617895,0.012566365446647075,9.869596283667973e-06
943,0,0,943,0.003141591361661786,0.012566365446647094,9.869596283667955e-06
944,0,1,944,0.00314159136166154,0.012566365446646154,9.86959628366641e-06
945,0,0,945,0.0031415913616617453,0.01256636544664692,9.869596283667699e-06
946,0,0,946,0.003141591361661731,0.01256636544664692,9.869596283667612e-06
947,0,1,947,0.0031415913616616416,0.012566365446646528,9.86959628366705e-06
948,0,0,948,0.0031415913616617886,0.012566365446647132,9.869596283667972e-06
949,0,1,949,0.0031415913616618545,0.012566365446647309,9.869596283668385e-06
950,0,1,950,0.0031415913616617674,0.012566365446647066,9.86959628366784e-06
951,0,1,951,0.0031415913616616273,0.012566365446646391,9.869596283666957e-06
952,0,1,952,0.003141591361661537,0.012566365446646136,9.869596283666393e-06
953,0,1,953,0.0031415913616616212,0.012566365446646431,9.869596283666921e-06
954,0,0,954,0.0031415913616615436,0.012566365446646077,9.86959628366643e-06
955,0,1,955,0.003141591361661751,0.012566365446646823,9.869596283667733e-06
956,0,1,956,0.0031415913616617583,0.01256636544664692,9.86959628366778e-06
957,0,1,957,0.0031415913616615406,0.012566365446646088,9.869596283666415e-06
958,0,0,958,0.0031415913616618042,0.012566365446647104,9.86959628366807e-06
959,0,0,959,0.0031415913616616165,0.012566365446646448,9.869596283666889e-06
960,0,1,960,0.0031415913616617765,0.012566365446647082,9.869596283667895e-06
961,0,1,961,0.0031415913616618055,0.012566365446647201,9.869596283668078e-06
962,0,0,962,0.00314159136166174,0.012566365446646906,9.869596283667663e-06
963,0,1,963,0.0031415913616618754,0.012566365446647368,9.869596283668515e-06
964,0,1,964,0.003141591361661582,0.01256636544664625,9.869596283666674e-06
965,0,0,965,0.003141591361661828,0.012566365446646969,9.86959628366822e-06
966,0,0,966,0.0031415913616617977,0.012566365446647156,9.869596283668026e-06
967,0,0,967,0.003141591361661586,0.01256636544664634,9.8695962836667e-06
968,0,0,968,0.003141591361661639,0.01256636544664647,9.869596283667031e-06
969,0,0,969,0.003141591361661754,0.012566365446646903,9.869596283667756e-06
970,0,1,970,0.0031415913616617834,0.012566365446647128,9.869596283667936e-06
971,0,1,971,0.003141591361661795,0.012566365446647125,9.869596283668012e-06
972,0,1,972,0.0031415913616615614,0.01256636544664607,9.869596283666543e-06
973,0,0,973,0.0031415913616618225,0.012566365446647227,9.869596283668183e-06
974,0,0,974,0.003141591361661595,0.012566365446646363,9.869596283666757e-06
975,0,0,975,0.0031415913616617782,0.012566365446647052,9.869596283667904e-06
976,0,1,976,0.0031415913616618086,0.012566365446647167,9.869596283668097e-06
977,0,0,977,0.0031415913616617344,0.012566365446646872,9.869596283667633e-06
978,0,0,978,0.003141591361661812,0.012566365446647196,9.869596283668119e-06
979,0,0,979,0.0031415913616619144,0.012566365446647448,9.869596283668761e-06
980,0,0,980,0.003141591361661799,0.012566365446647115,9.86959628366804e-06
981,0,0,981,0.003141591361661576,0.012566365446646209,9.869596283666638e-06
982,0,0,982,0.003141591361661899,0.01256636544664755,9.869596283668668e-06
983,0,1,983,0.003141591361661895,0.012566365446647361,9.869596283668639e-06
984,0,1,984,0.0031415913616616416,0.012566365446646396,9.869596283667048e-06
985,0,1,985,0.003141591361661706,0.012566365446646757,9.86959628366745e-06
986,0,1,986,0.0031415913616617782,0.012566365446646998,9.869596283667905e-06
987,0,0,987,0.00314159136166153,0.012566365446646107,9.869596283666349e-06
988,0,0,988,0.0031415913616614373,0.012566365446645697,9.869596283665762e-06
989,0,0,989,0.0031415913616615063,0.012566365446646001,9.869596283666196e-06
990,0,0,990,1.9999975325994068,7.999990130397627,9.869596283668454e-06
991,0,1,991,0.0031415913616617604,0.012566365446646986,9.869596283667794e-06
992,0,1,992,0.0031415913616617743,0.012566365446647035,9.869596283667883e-06
993,0,1,993,0.0031415913616618008,0.012566365446647156,9.869596283668048e-06
994,0,0,994,0.003141591361661572,0.012566365446646265,9.869596283666608e-06
995,0,1,995,0.0031415913616615427,0.01256636544664616,9.869596283666427e-06
996,0,0,996,0.0031415913616616243,0.012566365446646417,9.869596283666943e-06
997,0,1,997,0.0031415913616618736,0.012566365446647253,9.869596283668502e-06
998,0,0,998,0.0031415913616617847,0.012566365446647076,9.869596283667946e-06
999,0,0,999,0.0031415913616617964,0.01256636544664717,9.869596283668022e-06
