,Layer,Qubit,Run,2-Norm,Trace Norm,Diamond Norm
0,0,1,0,0.015707801777422634,0.015707801777422595,0.00024673503667880164
1,0,1,1,0.01570780177742263,0.01570780177742263,0.00024673503667880153
2,0,1,2,0.01570780177742256,0.01570780177742256,0.00024673503667879936
3,0,0,3,0.01570780177742261,0.01570780177742252,0.0002467350366788008
4,0,1,4,0.015707801777422675,0.015707801777422675,0.00024673503667880294
5,0,0,5,0.015707801777422613,0.015707801777422613,0.00024673503667880104
6,0,0,6,0.01570780177742262,0.01570780177742262,0.0002467350366788012
7,0,0,7,0.015707801777422665,0.015707801777422644,0.0002467350366788026
8,0,0,8,0.015707801777422724,0.015707801777422727,0.0002467350366788045
9,0,0,9,0.01570780177742265,0.01570780177742265,0.00024673503667880224
10,0,0,10,0.01570780177742263,0.01570780177742263,0.0002467350366788016
11,0,1,11,0.01570780177742269,0.015707801777422644,0.0002467350366788033
12,0,0,12,0.015707801777422585,0.01570780177742255,0.00024673503667880007
13,0,0,13,0.015707801777422606,0.015707801777422595,0.0002467350366788008
14,0,1,14,0.015707801777422585,0.01570780177742255,0.0002467350366788001
15,0,1,15,0.015707801777422627,0.015707801777422627,0.00024673503667880137
16,0,0,16,0.015707801777422578,0.015707801777422578,0.00024673503667879996
17,0,0,17,0.01570780177742273,0.0157078017774227,0.0002467350366788046
18,0,1,18,0.015707801777422623,0.015707801777422592,0.0002467350366788013
19,0,1,19,0.01570780177742279,0.015707801777422693,0.0002467350366788066
20,0,1,20,0.01570780177742258,0.015707801777422467,0.00024673503667879996
21,0,1,21,0.01570780177742259,0.01570780177742259,0.0002467350366788003
22,0,1,22,0.015707801777422647,0.015707801777422647,0.000246735036678802
23,0,0,23,0.015707801777422734,0.01570780177742266,0.0002467350366788048
24,0,0,24,0.01570780177742259,0.015707801777422523,0.00024673503667880023
25,0,0,25,0.015707801777422575,0.015707801777422575,0.0002467350366787998
26,0,0,26,0.015707801777422672,0.015707801777422672,0.0002467350366788029
27,0,0,27,0.01570780177742266,0.01570780177742266,0.00024673503667880256
28,0,1,28,0.01570780177742272,0.015707801777422693,0.00024673503667880435
29,0,1,29,0.015707801777422623,0.015707801777422623,0.0002467350366788013
30,0,0,30,0.01570780177742259,0.01570780177742259,0.0002467350366788003
31,0,1,31,0.015707801777422623,0.015707801777422623,0.00024673503667880126
32,0,1,32,0.015707801777422585,0.015707801777422568,0.00024673503667880007
33,0,1,33,0.015707801777422717,0.015707801777422696,0.0002467350366788042
34,0,0,34,0.015707801777422665,0.015707801777422495,0.00024673503667880267
35,0,0,35,0.015707801777422654,0.015707801777422654,0.00024673503667880234
36,0,1,36,0.015707801777422644,0.015707801777422644,0.00024673503667880197
37,0,1,37,0.015707801777422616,0.015707801777422578,0.00024673503667880115
38,0,0,38,0.01570780177742279,0.01570780177742279,0.00024673503667880663
39,0,0,39,0.015707801777422804,0.015707801777422804,0.00024673503667880706
40,0,1,40,0.015707801777422547,0.015707801777422547,0.00024673503667879893
41,0,0,41,0.01570780177742263,0.01570780177742263,0.0002467350366788016
42,0,0,42,0.0157078017774226,0.0157078017774226,0.0002467350366788005
43,0,1,43,0.01570780177742262,0.01570780177742255,0.00024673503667880115
44,0,0,44,0.01570780177742265,0.01570780177742265,0.0002467350366788022
45,0,1,45,0.015707801777422717,0.015707801777422717,0.0002467350366788043
46,0,0,46,0.015707801777422637,0.015707801777422637,0.00024673503667880175
47,0,1,47,0.01570780177742263,0.015707801777422536,0.00024673503667880153
48,0,1,48,0.01570780177742276,0.01570780177742276,0.0002467350366788056
49,0,1,49,0.01570780177742268,0.01570780177742268,0.00024673503667880305
50,0,0,50,0.01570780177742264,0.01570780177742263,0.0002467350366788018
51,0,1,51,0.01570780177742258,0.01570780177742258,0.0002467350366787999
52,0,1,52,0.01570780177742259,0.01570780177742259,0.0002467350366788002
53,0,0,53,0.015707801777422613,0.01570780177742259,0.00024673503667880094
54,0,0,54,0.015707801777422623,0.015707801777422575,0.0002467350366788013
55,0,1,55,0.01570780177742257,0.01570780177742255,0.00024673503667879963
56,0,0,56,0.01570780177742253,0.015707801777422502,0.0002467350366787984
57,0,1,57,0.01570780177742253,0.015707801777422526,0.0002467350366787984
58,0,1,58,0.015707801777422575,0.015707801777422543,0.00024673503667879974
59,0,1,59,0.01570780177742256,0.01570780177742256,0.0002467350366787993
60,0,1,60,0.015707801777422672,0.01570780177742264,0.00024673503667880283
61,0,0,61,0.0157078017774227,0.0157078017774227,0.0002467350366788037
62,0,1,62,0.015707801777422682,0.01570780177742266,0.0002467350366788031
63,0,1,63,0.01570780177742264,0.015707801777422557,0.00024673503667880186
64,0,0,64,0.015707801777422623,0.015707801777422623,0.00024673503667880126
65,0,0,65,0.015707801777422686,0.015707801777422686,0.0002467350366788034
66,0,1,66,0.01570780177742254,0.015707801777422523,0.00024673503667879866
67,0,1,67,0.01570780177742259,0.01570780177742259,0.00024673503667880023
68,0,0,68,0.01570780177742262,0.015707801777422575,0.00024673503667880115
69,0,1,69,0.015707801777422672,0.015707801777422658,0.0002467350366788028
70,0,1,70,0.015707801777422585,0.015707801777422585,0.0002467350366788002
71,0,0,71,0.015707801777422616,0.015707801777422575,0.0002467350366788011
72,0,1,72,0.015707801777422696,0.015707801777422696,0.00024673503667880365
73,0,1,73,0.01570780177742273,0.015707801777422727,0.0002467350366788047
74,0,1,74,0.01570780177742282,0.01570780177742277,0.0002467350366788075
75,0,1,75,0.01570780177742259,0.01570780177742259,0.0002467350366788003
76,0,0,76,0.015707801777422602,0.015707801777422516,0.0002467350366788006
77,0,1,77,0.015707801777422575,0.015707801777422488,0.0002467350366787998
78,0,0,78,0.01570780177742259,0.015707801777422547,0.00024673503667880023
79,0,0,79,0.01570780177742257,0.01570780177742257,0.00024673503667879963
80,0,0,80,0.01570780177742262,0.015707801777422533,0.0002467350366788012
81,0,1,81,0.015707801777422713,0.015707801777422634,0.00024673503667880413
82,0,0,82,0.015707801777422665,0.015707801777422616,0.00024673503667880256
83,0,1,83,0.015707801777422585,0.015707801777422533,0.00024673503667880007
84,0,1,84,0.015707801777422595,0.015707801777422484,0.00024673503667880045
85,0,1,85,0.0157078017774226,0.015707801777422536,0.0002467350366788005
86,0,1,86,0.015707801777422762,0.015707801777422755,0.00024673503667880565
87,0,1,87,0.0157078017774226,0.0157078017774226,0.00024673503667880056
88,0,0,88,0.015707801777422644,0.015707801777422634,0.0002467350366788019
89,0,0,89,0.015707801777422557,0.015707801777422484,0.00024673503667879925
90,0,0,90,0.015707801777422738,0.015707801777422738,0.0002467350366788049
91,0,0,91,0.015707801777422606,0.015707801777422606,0.0002467350366788008
92,0,0,92,0.015707801777422533,0.015707801777422505,0.00024673503667879844
93,0,0,93,0.0157078017774227,0.0157078017774227,0.00024673503667880365
94,0,1,94,0.015707801777422665,0.015707801777422665,0.00024673503667880256
95,0,0,95,0.015707801777422606,0.015707801777422606,0.00024673503667880077
96,0,0,96,0.015707801777422554,0.015707801777422554,0.0002467350366787991
97,0,1,97,0.015707801777422526,0.015707801777422523,0.0002467350366787982
98,0,0,98,0.015707801777422595,0.015707801777422595,0.00024673503667880045
99,0,1,99,0.015707801777422564,0.015707801777422564,0.0002467350366787995
100,0,1,100,0.01570780177742244,0.01570780177742244,0.0002467350366787956
101,0,1,101,0.01570780177742271,0.015707801777422647,0.0002467350366788041
102,0,1,102,0.01570780177742271,0.01570780177742271,0.000246735036678804
103,0,1,103,0.015707801777422686,0.015707801777422686,0.00024673503667880327
104,0,0,104,0.01570780177742272,0.015707801777422654,0.00024673503667880435
105,0,1,105,0.015707801777422623,0.015707801777422623,0.00024673503667880137
106,0,0,106,0.0157078017774227,0.015707801777422644,0.00024673503667880365
107,0,0,107,0.01570780177742259,0.01570780177742259,0.00024673503667880023
108,0,1,108,0.015707801777422717,0.015707801777422717,0.00024673503667880435
109,0,0,109,0.015707801777422606,0.015707801777422516,0.0002467350366788007
110,0,0,110,0.015707801777422654,0.015707801777422634,0.00024673503667880224
111,0,1,111,0.015707801777422575,0.015707801777422575,0.0002467350366787999
112,0,1,112,0.01570780177742253,0.01570780177742249,0.00024673503667879833
113,0,0,113,0.01570780177742259,0.01570780177742259,0.00024673503667880023
114,0,1,114,0.015707801777422592,0.015707801777422592,0.00024673503667880045
115,0,0,115,0.015707801777422738,0.015707801777422738,0.0002467350366788049
116,0,0,116,0.015707801777422658,0.015707801777422658,0.0002467350366788024
117,0,0,117,0.015707801777422585,0.01570780177742254,0.00024673503667880007
118,0,0,118,0.01570780177742267,0.015707801777422516,0.0002467350366788027
119,0,0,119,0.015707801777422623,0.015707801777422623,0.0002467350366788013
120,0,0,120,0.01570780177742266,0.015707801777422578,0.00024673503667880256
121,0,0,121,0.015707801777422595,0.015707801777422595,0.00024673503667880045
122,0,0,122,0.01570780177742265,0.01570780177742265,0.0002467350366788023
123,0,1,123,0.015707801777422654,0.015707801777422654,0.00024673503667880224
124,0,0,124,0.01570780177742278,0.01570780177742278,0.00024673503667880614
125,0,0,125,0.015707801777422693,0.01570780177742262,0.00024673503667880343
126,0,0,126,0.015707801777422634,0.015707801777422595,0.00024673503667880164
127,0,0,127,0.015707801777422533,0.015707801777422533,0.00024673503667879855
128,0,1,128,0.015707801777422616,0.015707801777422592,0.0002467350366788011
129,0,1,129,0.015707801777422696,0.015707801777422637,0.0002467350366788036
130,0,0,130,0.01570780177742261,0.015707801777422543,0.0002467350366788008
131,0,1,131,0.01570780177742262,0.01570780177742262,0.0002467350366788012
132,0,0,132,0.0157078017774226,0.0157078017774226,0.0002467350366788006
133,0,0,133,0.015707801777422627,0.015707801777422627,0.0002467350366788014
134,0,0,134,0.01570780177742266,0.01570780177742266,0.0002467350366788025
135,0,0,135,0.01570780177742258,0.01570780177742258,0.0002467350366788
136,0,1,136,0.01570780177742259,0.01570780177742259,0.0002467350366788003
137,0,1,137,0.01570780177742263,0.01570780177742263,0.00024673503667880153
138,0,0,138,0.015707801777422776,0.01570780177742272,0.00024673503667880603
139,0,1,139,0.015707801777422585,0.015707801777422585,0.0002467350366788001
140,0,1,140,0.01570780177742286,0.01570780177742286,0.0002467350366788087
141,0,0,141,0.015707801777422585,0.01570780177742254,0.00024673503667880007
142,0,1,142,0.015707801777422696,0.015707801777422696,0.00024673503667880354
143,0,0,143,0.01570780177742274,0.015707801777422627,0.000246735036678805
144,0,0,144,0.015707801777422585,0.015707801777422564,0.0002467350366788
145,0,0,145,0.015707801777422578,0.015707801777422578,0.0002467350366787999
146,0,1,146,0.015707801777422654,0.015707801777422654,0.00024673503667880234
147,0,1,147,0.01570780177742262,0.01570780177742262,0.00024673503667880126
148,0,0,148,0.015707801777422568,0.015707801777422568,0.0002467350366787996
149,0,0,149,0.01570780177742259,0.01570780177742259,0.00024673503667880023
150,0,1,150,0.0157078017774226,0.0157078017774226,0.00024673503667880056
151,0,0,151,0.015707801777422602,0.015707801777422606,0.00024673503667880077
152,0,1,152,0.015707801777422575,0.015707801777422575,0.00024673503667879974
153,0,0,153,0.015707801777422592,0.015707801777422585,0.00024673503667880034
154,0,1,154,0.015707801777422564,0.015707801777422564,0.00024673503667879947
155,0,1,155,0.015707801777422613,0.015707801777422613,0.000246735036678801
156,0,1,156,0.015707801777422613,0.015707801777422613,0.000246735036678801
157,0,0,157,0.01570780177742258,0.01570780177742258,0.0002467350366788
158,0,1,158,0.01570780177742255,0.01570780177742255,0.0002467350366787991
159,0,0,159,0.015707801777422658,0.015707801777422658,0.0002467350366788024
160,0,1,160,0.015707801777422644,0.01570780177742264,0.00024673503667880197
161,0,1,161,0.015707801777422613,0.015707801777422613,0.000246735036678801
162,0,0,162,0.01570780177742263,0.015707801777422592,0.00024673503667880153
163,0,1,163,0.01570780177742266,0.015707801777422637,0.00024673503667880245
164,0,0,164,0.015707801777422557,0.015707801777422505,0.0002467350366787992
165,0,0,165,0.015707801777422595,0.015707801777422595,0.0002467350366788005
166,0,0,166,0.015707801777422536,0.015707801777422533,0.00024673503667879866
167,0,0,167,0.015707801777422568,0.015707801777422568,0.0002467350366787996
168,0,0,168,0.01570780177742258,0.01570780177742258,0.0002467350366788
169,0,1,169,0.015707801777422623,0.01570780177742262,0.00024673503667880126
170,0,0,170,0.015707801777422578,0.015707801777422474,0.0002467350366787999
171,0,0,171,0.015707801777422675,0.015707801777422616,0.000246735036678803
172,0,0,172,0.015707801777422675,0.015707801777422675,0.00024673503667880294
173,0,0,173,0.015707801777422845,0.015707801777422734,0.0002467350366788083
174,0,0,174,0.015707801777422623,0.015707801777422623,0.00024673503667880126
175,0,0,175,0.015707801777422706,0.015707801777422706,0.000246735036678804
176,0,0,176,0.015707801777422634,0.015707801777422634,0.00024673503667880175
177,0,1,177,0.015707801777422627,0.01570780177742259,0.00024673503667880137
178,0,1,178,0.01570780177742276,0.01570780177742276,0.0002467350366788056
179,0,1,179,0.01570780177742265,0.01570780177742265,0.00024673503667880224
180,0,1,180,0.01570780177742257,0.01570780177742257,0.00024673503667879963
181,0,1,181,0.015707801777422727,0.01570780177742266,0.0002467350366788045
182,0,1,182,0.015707801777422578,0.015707801777422578,0.0002467350366787999
183,0,1,183,0.01570780177742257,0.01570780177742253,0.00024673503667879963
184,0,1,184,0.01570780177742276,0.01570780177742272,0.00024673503667880554
185,0,1,185,0.015707801777422713,0.015707801777422713,0.0002467350366788041
186,0,1,186,0.01570780177742262,0.01570780177742262,0.00024673503667880115
187,0,1,187,0.0157078017774226,0.01570780177742251,0.0002467350366788005
188,0,1,188,0.015707801777422592,0.015707801777422592,0.00024673503667880034
189,0,0,189,0.015707801777422713,0.01570780177742269,0.00024673503667880413
190,0,0,190,0.01570780177742268,0.01570780177742268,0.00024673503667880305
191,0,1,191,0.015707801777422776,0.01570780177742268,0.00024673503667880614
192,0,1,192,0.01570780177742262,0.015707801777422564,0.00024673503667880115
193,0,0,193,0.015707801777422554,0.015707801777422516,0.0002467350366787991
194,0,0,194,0.01570780177742258,0.01570780177742258,0.0002467350366788
195,0,1,195,0.015707801777422585,0.015707801777422585,0.00024673503667880007
196,0,1,196,0.015707801777422547,0.01570780177742254,0.00024673503667879893
197,0,0,197,0.015707801777422634,0.015707801777422606,0.00024673503667880164
198,0,1,198,0.01570780177742262,0.01570780177742262,0.0002467350366788012
199,0,0,199,0.01570780177742266,0.01570780177742266,0.0002467350366788025
200,0,0,200,0.01570780177742264,0.015707801777422592,0.00024673503667880186
201,0,0,201,0.015707801777422505,0.015707801777422457,0.0002467350366787976
202,0,1,202,0.01570780177742281,0.015707801777422776,0.00024673503667880717
203,0,1,203,0.01570780177742264,0.01570780177742263,0.0002467350366788019
204,0,1,204,0.01570780177742258,0.01570780177742256,0.0002467350366788
205,0,0,205,0.015707801777422693,0.015707801777422693,0.00024673503667880343
206,0,0,206,0.015707801777422533,0.015707801777422533,0.00024673503667879855
207,0,1,207,0.015707801777422675,0.015707801777422644,0.0002467350366788029
208,0,0,208,0.015707801777422658,0.015707801777422613,0.0002467350366788024
209,0,0,209,0.01570780177742264,0.01570780177742264,0.00024673503667880186
210,0,1,210,0.015707801777422696,0.015707801777422627,0.00024673503667880365
211,0,1,211,0.015707801777422703,0.015707801777422703,0.00024673503667880386
212,0,0,212,0.015707801777422637,0.01570780177742264,0.0002467350366788018
213,0,1,213,0.01570780177742268,0.01570780177742264,0.00024673503667880305
214,0,1,214,0.015707801777422613,0.01570780177742258,0.00024673503667880094
215,0,0,215,0.015707801777422578,0.0157078017774225,0.00024673503667879985
216,0,0,216,0.015707801777422526,0.015707801777422484,0.0002467350366787983
217,0,0,217,0.01570780177742266,0.01570780177742266,0.0002467350366788025
218,0,0,218,0.01570780177742274,0.01570780177742274,0.0002467350366788051
219,0,1,219,0.015707801777422613,0.015707801777422606,0.0002467350366788009
220,0,0,220,0.01570780177742274,0.015707801777422706,0.000246735036678805
221,0,1,221,0.01570780177742265,0.01570780177742259,0.00024673503667880213
222,0,0,222,0.015707801777422564,0.01570780177742253,0.00024673503667879947
223,0,1,223,0.01570780177742264,0.01570780177742264,0.0002467350366788018
224,0,1,224,0.01570780177742261,0.01570780177742261,0.00024673503667880094
225,0,0,225,0.01570780177742256,0.015707801777422488,0.0002467350366787993
226,0,1,226,0.015707801777422606,0.015707801777422606,0.00024673503667880077
227,0,1,227,0.015707801777422585,0.01570780177742258,0.0002467350366788
228,0,1,228,0.015707801777422647,0.015707801777422637,0.000246735036678802
229,0,0,229,0.01570780177742266,0.01570780177742263,0.0002467350366788025
230,0,1,230,0.015707801777422654,0.015707801777422654,0.00024673503667880224
231,0,0,231,0.01570780177742256,0.015707801777422477,0.00024673503667879936
232,0,1,232,0.015707801777422703,0.015707801777422585,0.0002467350366788038
233,0,0,233,0.015707801777422575,0.015707801777422536,0.0002467350366787998
234,0,0,234,0.0157078017774226,0.0157078017774226,0.00024673503667880056
235,0,0,235,0.015707801777422568,0.015707801777422547,0.0002467350366787996
236,0,0,236,0.015707801777422616,0.015707801777422592,0.00024673503667880104
237,0,1,237,0.01570780177742257,0.01570780177742257,0.0002467350366787997
238,0,0,238,0.01570780177742266,0.01570780177742266,0.00024673503667880256
239,0,0,239,0.015707801777422745,0.015707801777422654,0.0002467350366788051
240,0,1,240,0.01570780177742258,0.01570780177742258,0.00024673503667879996
241,0,0,241,0.015707801777422654,0.015707801777422654,0.00024673503667880234
242,0,1,242,0.015707801777422627,0.015707801777422627,0.0002467350366788015
243,0,1,243,0.015707801777422547,0.015707801777422547,0.00024673503667879893
244,0,0,244,0.01570780177742261,0.01570780177742261,0.000246735036678801
245,0,0,245,0.015707801777422637,0.015707801777422547,0.00024673503667880175
246,0,1,246,0.015707801777422627,0.015707801777422627,0.0002467350366788014
247,0,0,247,0.015707801777422578,0.015707801777422575,0.00024673503667879985
248,0,1,248,0.015707801777422762,0.015707801777422745,0.0002467350366788056
249,0,1,249,0.015707801777422592,0.015707801777422536,0.00024673503667880034
250,0,1,250,0.015707801777422745,0.01570780177742274,0.0002467350366788051
251,0,0,251,0.01570780177742253,0.01570780177742253,0.00024673503667879833
252,0,1,252,0.01570780177742252,0.015707801777422502,0.00024673503667879806
253,0,1,253,0.01570780177742271,0.01570780177742269,0.0002467350366788041
254,0,0,254,0.015707801777422706,0.015707801777422682,0.0002467350366788039
255,0,1,255,0.015707801777422613,0.015707801777422616,0.00024673503667880104
256,0,1,256,0.015707801777422568,0.015707801777422568,0.00024673503667879963
257,0,0,257,0.01570780177742261,0.01570780177742261,0.0002467350366788009
258,0,1,258,0.015707801777422613,0.01570780177742257,0.00024673503667880094
259,0,0,259,0.015707801777422585,0.015707801777422585,0.00024673503667880007
260,0,0,260,0.015707801777422592,0.01570780177742256,0.0002467350366788003
261,0,1,261,0.015707801777422616,0.015707801777422616,0.00024673503667880115
262,0,1,262,0.015707801777422585,0.01570780177742257,0.00024673503667880007
263,0,1,263,0.01570780177742256,0.015707801777422502,0.00024673503667879936
264,0,1,264,0.015707801777422502,0.015707801777422502,0.0002467350366787976
265,0,1,265,0.015707801777422564,0.015707801777422474,0.0002467350366787994
266,0,0,266,0.01570780177742266,0.015707801777422616,0.00024673503667880256
267,0,0,267,0.01570780177742268,0.01570780177742268,0.00024673503667880305
268,0,1,268,0.015707801777422706,0.015707801777422706,0.00024673503667880397
269,0,1,269,0.015707801777422682,0.015707801777422682,0.0002467350366788032
270,0,1,270,0.015707801777422585,0.015707801777422585,0.0002467350366788001
271,0,1,271,0.015707801777422578,0.015707801777422578,0.0002467350366787999
272,0,1,272,0.01570780177742268,0.015707801777422658,0.000246735036678803
273,0,0,273,0.01570780177742272,0.01570780177742272,0.0002467350366788043
274,0,1,274,0.01570780177742251,0.015707801777422495,0.0002467350366787977
275,0,0,275,0.015707801777422634,0.015707801777422634,0.0002467350366788016
276,0,1,276,0.015707801777422738,0.015707801777422686,0.00024673503667880495
277,0,1,277,0.015707801777422575,0.015707801777422575,0.00024673503667879974
278,0,0,278,0.015707801777422734,0.015707801777422734,0.0002467350366788048
279,0,0,279,0.01570780177742263,0.015707801777422585,0.00024673503667880153
280,0,1,280,0.01570780177742263,0.015707801777422554,0.00024673503667880153
281,0,1,281,0.015707801777422502,0.015707801777422502,0.0002467350366787975
282,0,1,282,0.015707801777422592,0.01570780177742255,0.0002467350366788003
283,0,1,283,0.01570780177742257,0.015707801777422533,0.00024673503667879963
284,0,0,284,0.01570780177742268,0.01570780177742268,0.0002467350366788031
285,0,0,285,0.015707801777422568,0.01570780177742254,0.0002467350366787996
286,0,0,286,0.0157078017774226,0.015707801777422595,0.00024673503667880056
287,0,0,287,0.015707801777422592,0.015707801777422557,0.0002467350366788003
288,0,1,288,0.015707801777422682,0.015707801777422654,0.0002467350366788031
289,0,0,289,0.01570780177742274,0.01570780177742274,0.000246735036678805
290,0,1,290,0.015707801777422696,0.015707801777422696,0.00024673503667880354
291,0,0,291,0.015707801777422627,0.015707801777422547,0.00024673503667880137
292,0,0,292,0.015707801777422595,0.015707801777422595,0.0002467350366788004
293,0,0,293,0.01570780177742264,0.015707801777422564,0.00024673503667880175
294,0,1,294,0.015707801777422547,0.015707801777422526,0.00024673503667879893
295,0,0,295,0.015707801777422634,0.01570780177742257,0.00024673503667880164
296,0,0,296,0.015707801777422592,0.015707801777422523,0.0002467350366788003
297,0,0,297,0.01570780177742273,0.01570780177742273,0.0002467350366788047
298,0,0,298,0.015707801777422606,0.015707801777422543,0.00024673503667880077
299,0,1,299,0.015707801777422644,0.0157078017774226,0.0002467350366788019
300,0,1,300,0.01570780177742272,0.01570780177742268,0.00024673503667880435
301,0,1,301,0.015707801777422634,0.015707801777422634,0.00024673503667880164
302,0,1,302,0.015707801777422568,0.015707801777422568,0.0002467350366787995
303,0,0,303,0.01570780177742262,0.01570780177742262,0.00024673503667880126
304,0,1,304,0.01570780177742257,0.01570780177742257,0.00024673503667879963
305,0,0,305,0.015707801777422713,0.015707801777422693,0.0002467350366788041
306,0,1,306,0.015707801777422502,0.015707801777422488,0.0002467350366787975
307,0,0,307,0.015707801777422672,0.015707801777422672,0.00024673503667880294
308,0,0,308,0.01570780177742282,0.01570780177742282,0.0002467350366788075
309,0,0,309,0.015707801777422672,0.015707801777422672,0.00024673503667880283
310,0,0,310,0.01570780177742256,0.015707801777422523,0.0002467350366787993
311,0,1,311,0.015707801777422724,0.015707801777422724,0.00024673503667880457
312,0,1,312,0.01570780177742254,0.015707801777422533,0.0002467350366787987
313,0,0,313,0.015707801777422616,0.01570780177742256,0.0002467350366788011
314,0,1,314,0.015707801777422745,0.015707801777422745,0.00024673503667880516
315,0,1,315,0.015707801777422585,0.015707801777422585,0.0002467350366788001
316,0,1,316,0.015707801777422665,0.015707801777422665,0.0002467350366788026
317,0,0,317,0.015707801777422724,0.015707801777422675,0.0002467350366788045
318,0,0,318,0.015707801777422686,0.015707801777422686,0.0002467350366788032
319,0,1,319,0.015707801777422627,0.01570780177742254,0.00024673503667880137
320,0,0,320,0.015707801777422595,0.015707801777422595,0.00024673503667880045
321,0,0,321,0.0157078017774226,0.01570780177742259,0.00024673503667880056
322,0,0,322,0.015707801777422647,0.015707801777422516,0.000246735036678802
323,0,1,323,0.015707801777422634,0.015707801777422634,0.0002467350366788017
324,0,0,324,0.015707801777422547,0.01570780177742254,0.0002467350366787989
325,0,0,325,0.015707801777422727,0.0157078017774227,0.0002467350366788046
326,0,0,326,0.0157078017774226,0.01570780177742256,0.0002467350366788005
327,0,0,327,0.01570780177742264,0.015707801777422613,0.0002467350366788018
328,0,1,328,0.015707801777422748,0.015707801777422748,0.0002467350366788052
329,0,0,329,0.015707801777422686,0.01570780177742266,0.0002467350366788032
330,0,1,330,0.015707801777422686,0.01570780177742256,0.0002467350366788032
331,0,1,331,0.01570780177742262,0.01570780177742262,0.00024673503667880115
332,0,0,332,0.01570780177742258,0.015707801777422557,0.00024673503667879996
333,0,0,333,0.015707801777422793,0.015707801777422793,0.00024673503667880663
334,0,0,334,0.01570780177742265,0.01570780177742265,0.00024673503667880224
335,0,0,335,0.015707801777422578,0.01570780177742249,0.00024673503667879985
336,0,0,336,0.015707801777422602,0.015707801777422602,0.00024673503667880066
337,0,1,337,0.01570780177742268,0.015707801777422564,0.000246735036678803
338,0,1,338,0.01570780177742254,0.01570780177742254,0.00024673503667879866
339,0,0,339,0.015707801777422696,0.015707801777422696,0.0002467350366788036
340,0,1,340,0.015707801777422536,0.015707801777422536,0.0002467350366787987
341,0,0,341,0.015707801777422595,0.015707801777422595,0.00024673503667880056
342,0,0,342,0.015707801777422613,0.015707801777422613,0.000246735036678801
343,0,0,343,0.01570780177742258,0.015707801777422554,0.00024673503667879996
344,0,1,344,0.015707801777422686,0.015707801777422654,0.0002467350366788032
345,0,0,345,0.015707801777422658,0.015707801777422616,0.00024673503667880234
346,0,0,346,0.01570780177742256,0.01570780177742256,0.0002467350366787994
347,0,1,347,0.01570780177742273,0.01570780177742273,0.0002467350366788047
348,0,0,348,0.01570780177742272,0.01570780177742272,0.00024673503667880446
349,0,0,349,0.015707801777422717,0.015707801777422717,0.0002467350366788043
350,0,0,350,0.015707801777422585,0.015707801777422488,0.0002467350366788001
351,0,1,351,0.01570780177742266,0.01570780177742266,0.00024673503667880245
352,0,1,352,0.01570780177742257,0.015707801777422543,0.00024673503667879974
353,0,1,353,0.015707801777422592,0.01570780177742255,0.00024673503667880023
354,0,0,354,0.015707801777422585,0.015707801777422554,0.00024673503667880007
355,0,0,355,0.015707801777422606,0.015707801777422533,0.00024673503667880077
356,0,1,356,0.01570780177742264,0.01570780177742264,0.0002467350366788019
357,0,1,357,0.01570780177742262,0.01570780177742262,0.0002467350366788012
358,0,1,358,0.01570780177742255,0.015707801777422533,0.00024673503667879904
359,0,0,359,0.015707801777422665,0.015707801777422665,0.00024673503667880256
360,0,1,360,0.01570780177742265,0.01570780177742262,0.00024673503667880213
361,0,1,361,0.015707801777422564,0.0157078017774225,0.0002467350366787995
362,0,1,362,0.015707801777422606,0.015707801777422606,0.0002467350366788008
363,0,0,363,0.015707801777422693,0.015707801777422672,0.00024673503667880354
364,0,0,364,0.015707801777422686,0.015707801777422686,0.00024673503667880327
365,0,1,365,0.015707801777422623,0.01570780177742258,0.00024673503667880137
366,0,0,366,0.015707801777422526,0.01570780177742245,0.00024673503667879817
367,0,0,367,0.015707801777422585,0.015707801777422564,0.0002467350366788001
368,0,1,368,0.015707801777422634,0.015707801777422634,0.00024673503667880164
369,0,1,369,0.015707801777422575,0.015707801777422495,0.00024673503667879974
370,0,1,370,0.015707801777422526,0.015707801777422526,0.00024673503667879833
371,0,1,371,0.015707801777422828,0.015707801777422602,0.0002467350366788077
372,0,1,372,0.015707801777422554,0.01570780177742251,0.0002467350366787991
373,0,1,373,0.015707801777422585,0.015707801777422564,0.00024673503667880007
374,0,0,374,0.015707801777422564,0.0157078017774225,0.0002467350366787994
375,0,0,375,0.01570780177742258,0.015707801777422564,0.0002467350366788
376,0,0,376,0.0157078017774226,0.0157078017774226,0.0002467350366788006
377,0,0,377,0.015707801777422585,0.015707801777422557,0.0002467350366788001
378,0,1,378,0.015707801777422727,0.01570780177742264,0.00024673503667880457
379,0,0,379,0.015707801777422564,0.015707801777422564,0.00024673503667879947
380,0,0,380,0.015707801777422644,0.015707801777422634,0.00024673503667880197
381,0,0,381,0.015707801777422575,0.015707801777422575,0.0002467350366787998
382,0,1,382,0.01570780177742268,0.015707801777422602,0.00024673503667880305
383,0,1,383,0.0157078017774226,0.015707801777422502,0.0002467350366788005
384,0,0,384,0.01570780177742272,0.015707801777422717,0.0002467350366788044
385,0,1,385,0.01570780177742255,0.01570780177742255,0.000246735036678799
386,0,0,386,0.015707801777422557,0.015707801777422547,0.00024673503667879915
387,0,0,387,0.015707801777422675,0.01570780177742267,0.0002467350366788029
388,0,0,388,0.01570780177742269,0.015707801777422686,0.00024673503667880343
389,0,1,389,0.015707801777422585,0.015707801777422585,0.0002467350366788001
390,0,1,390,0.01570780177742257,0.01570780177742257,0.0002467350366787997
391,0,1,391,0.01570780177742266,0.01570780177742266,0.0002467350366788025
392,0,1,392,0.015707801777422578,0.015707801777422578,0.0002467350366787999
393,0,1,393,0.015707801777422745,0.01570780177742271,0.0002467350366788051
394,0,0,394,0.01570780177742263,0.015707801777422585,0.00024673503667880153
395,0,0,395,0.01570780177742267,0.015707801777422616,0.0002467350366788028
396,0,0,396,0.0157078017774227,0.0157078017774227,0.00024673503667880375
397,0,1,397,0.01570780177742262,0.01570780177742262,0.0002467350366788012
398,0,1,398,0.015707801777422564,0.015707801777422516,0.00024673503667879947
399,0,0,399,0.015707801777422554,0.015707801777422554,0.0002467350366787991
400,0,0,400,0.01570780177742271,0.0157078017774227,0.0002467350366788041
401,0,1,401,0.015707801777422543,0.015707801777422533,0.00024673503667879877
402,0,1,402,0.015707801777422568,0.015707801777422568,0.00024673503667879947
403,0,1,403,0.015707801777422706,0.015707801777422706,0.00024673503667880397
404,0,0,404,0.015707801777422616,0.015707801777422575,0.0002467350366788011
405,0,1,405,0.015707801777422616,0.015707801777422616,0.0002467350366788011
406,0,1,406,0.01570780177742276,0.015707801777422654,0.0002467350366788056
407,0,0,407,0.01570780177742258,0.01570780177742258,0.00024673503667879996
408,0,1,408,0.01570780177742261,0.015707801777422606,0.0002467350366788008
409,0,1,409,0.015707801777422575,0.015707801777422575,0.0002467350366787998
410,0,0,410,0.01570780177742266,0.01570780177742266,0.00024673503667880256
411,0,1,411,0.015707801777422783,0.015707801777422675,0.0002467350366788063
412,0,1,412,0.015707801777422602,0.015707801777422578,0.00024673503667880066
413,0,1,413,0.015707801777422658,0.015707801777422658,0.0002467350366788024
414,0,1,414,0.015707801777422623,0.015707801777422623,0.0002467350366788012
415,0,0,415,0.015707801777422783,0.01570780177742278,0.0002467350366788063
416,0,0,416,0.01570780177742269,0.015707801777422627,0.0002467350366788033
417,0,1,417,0.015707801777422585,0.01570780177742257,0.0002467350366788
418,0,0,418,0.015707801777422557,0.015707801777422557,0.0002467350366787993
419,0,1,419,0.01570780177742265,0.01570780177742262,0.0002467350366788022
420,0,1,420,0.01570780177742278,0.015707801777422724,0.00024673503667880625
421,0,0,421,0.0157078017774226,0.0157078017774226,0.0002467350366788005
422,0,1,422,0.015707801777422623,0.015707801777422623,0.00024673503667880137
423,0,1,423,0.0157078017774227,0.015707801777422637,0.00024673503667880365
424,0,0,424,0.015707801777422817,0.015707801777422786,0.0002467350366788074
425,0,1,425,0.01570780177742258,0.01570780177742258,0.00024673503667879996
426,0,0,426,0.015707801777422595,0.01570780177742259,0.00024673503667880045
427,0,0,427,0.015707801777422734,0.015707801777422686,0.0002467350366788048
428,0,1,428,0.01570780177742275,0.015707801777422748,0.0002467350366788053
429,0,0,429,0.015707801777422634,0.01570780177742257,0.00024673503667880164
430,0,1,430,0.01570780177742263,0.01570780177742263,0.0002467350366788016
431,0,0,431,0.01570780177742259,0.01570780177742259,0.00024673503667880023
432,0,1,432,0.015707801777422592,0.015707801777422585,0.0002467350366788003
433,0,1,433,0.015707801777422578,0.015707801777422578,0.00024673503667879996
434,0,1,434,0.015707801777422536,0.01570780177742252,0.0002467350366787986
435,0,1,435,0.015707801777422658,0.015707801777422578,0.0002467350366788024
436,0,0,436,0.015707801777422654,0.01570780177742262,0.00024673503667880234
437,0,0,437,0.015707801777422575,0.015707801777422575,0.0002467350366787998
438,0,0,438,0.01570780177742273,0.01570780177742273,0.00024673503667880473
439,0,1,439,0.015707801777422595,0.015707801777422595,0.0002467350366788004
440,0,1,440,0.015707801777422613,0.015707801777422613,0.000246735036678801
441,0,0,441,0.015707801777422745,0.015707801777422745,0.0002467350366788051
442,0,1,442,0.015707801777422703,0.015707801777422703,0.00024673503667880386
443,0,1,443,0.015707801777422734,0.01570780177742273,0.0002467350366788048
444,0,1,444,0.015707801777422706,0.015707801777422706,0.00024673503667880397
445,0,1,445,0.015707801777422637,0.015707801777422557,0.00024673503667880164
446,0,1,446,0.01570780177742255,0.015707801777422547,0.000246735036678799
447,0,1,447,0.01570780177742273,0.01570780177742267,0.0002467350366788047
448,0,0,448,0.015707801777422713,0.01570780177742269,0.00024673503667880413
449,0,1,449,0.01570780177742267,0.01570780177742264,0.0002467350366788027
450,0,0,450,0.015707801777422595,0.015707801777422595,0.00024673503667880045
451,0,1,451,0.015707801777422516,0.015707801777422516,0.00024673503667879785
452,0,0,452,0.01570780177742271,0.01570780177742271,0.000246735036678804
453,0,1,453,0.015707801777422647,0.015707801777422647,0.000246735036678802
454,0,1,454,0.01570780177742279,0.01570780177742279,0.0002467350366788065
455,0,0,455,0.01570780177742261,0.01570780177742261,0.0002467350366788009
456,0,0,456,0.01570780177742261,0.015707801777422533,0.0002467350366788009
457,0,1,457,0.01570780177742256,0.01570780177742252,0.00024673503667879936
458,0,0,458,0.0157078017774226,0.015707801777422595,0.00024673503667880056
459,0,1,459,0.015707801777422637,0.015707801777422637,0.00024673503667880175
460,0,1,460,0.015707801777422443,0.015707801777422425,0.0002467350366787956
461,0,1,461,0.01570780177742274,0.01570780177742274,0.00024673503667880506
462,0,1,462,0.015707801777422602,0.015707801777422602,0.0002467350366788007
463,0,1,463,0.015707801777422696,0.015707801777422654,0.0002467350366788036
464,0,0,464,0.015707801777422623,0.015707801777422623,0.00024673503667880137
465,0,1,465,0.015707801777422575,0.015707801777422575,0.0002467350366787997
466,0,0,466,0.015707801777422765,0.015707801777422765,0.0002467350366788058
467,0,1,467,0.015707801777422606,0.0157078017774226,0.0002467350366788007
468,0,1,468,0.015707801777422536,0.01570780177742253,0.00024673503667879855
469,0,1,469,0.01570780177742261,0.01570780177742261,0.0002467350366788009
470,0,0,470,0.015707801777422616,0.015707801777422616,0.0002467350366788011
471,0,1,471,0.01570780177742259,0.015707801777422516,0.0002467350366788002
472,0,0,472,0.015707801777422842,0.015707801777422748,0.00024673503667880815
473,0,0,473,0.015707801777422606,0.015707801777422516,0.0002467350366788007
474,0,0,474,0.01570780177742269,0.015707801777422672,0.0002467350366788034
475,0,0,475,0.015707801777422616,0.015707801777422557,0.0002467350366788011
476,0,1,476,0.015707801777422644,0.015707801777422585,0.0002467350366788019
477,0,0,477,0.0157078017774227,0.015707801777422613,0.0002467350366788037
478,0,1,478,0.015707801777422585,0.015707801777422557,0.0002467350366788001
479,0,0,479,0.01570780177742272,0.01570780177742272,0.00024673503667880446
480,0,0,480,0.015707801777422727,0.01570780177742271,0.00024673503667880457
481,0,1,481,0.015707801777422606,0.015707801777422606,0.0002467350366788007
482,0,0,482,0.015707801777422536,0.015707801777422536,0.0002467350366787986
483,0,1,483,0.01570780177742268,0.015707801777422592,0.0002467350366788031
484,0,0,484,0.01570780177742266,0.015707801777422536,0.0002467350366788025
485,0,1,485,0.015707801777422568,0.015707801777422568,0.0002467350366787996
486,0,0,486,0.015707801777422672,0.015707801777422672,0.00024673503667880283
487,0,1,487,0.01570780177742261,0.01570780177742261,0.0002467350366788009
488,0,0,488,0.015707801777422613,0.015707801777422595,0.00024673503667880094
489,0,0,489,0.015707801777422623,0.015707801777422585,0.00024673503667880126
490,0,0,490,0.01570780177742262,0.01570780177742259,0.00024673503667880115
491,0,1,491,0.01570780177742273,0.01570780177742273,0.0002467350366788047
492,0,0,492,0.015707801777422675,0.015707801777422675,0.000246735036678803
493,0,1,493,0.015707801777422696,0.01570780177742265,0.0002467350366788036
494,0,0,494,0.015707801777422578,0.015707801777422575,0.0002467350366787999
495,0,0,495,0.015707801777422585,0.015707801777422585,0.0002467350366788002
496,0,1,496,0.01570780177742261,0.01570780177742258,0.0002467350366788008
497,0,0,497,0.01570780177742266,0.01570780177742255,0.00024673503667880245
498,0,1,498,0.015707801777422675,0.015707801777422675,0.000246735036678803
499,0,0,499,0.01570780177742262,0.01570780177742262,0.0002467350366788012
500,0,1,500,0.015707801777422554,0.015707801777422554,0.00024673503667879915
501,0,1,501,0.01570780177742266,0.01570780177742266,0.00024673503667880245
502,0,1,502,0.01570780177742266,0.015707801777422606,0.00024673503667880256
503,0,1,503,0.015707801777422647,0.015707801777422647,0.0002467350366788021
504,0,1,504,0.01570780177742258,0.01570780177742258,0.0002467350366788
505,0,0,505,0.015707801777422672,0.015707801777422672,0.0002467350366788028
506,0,0,506,0.01570780177742269,0.01570780177742269,0.0002467350366788035
507,0,1,507,0.01570780177742259,0.01570780177742259,0.0002467350366788003
508,0,1,508,0.015707801777422575,0.015707801777422554,0.0002467350366787998
509,0,1,509,0.01570780177742255,0.01570780177742255,0.000246735036678799
510,0,0,510,0.015707801777422745,0.015707801777422745,0.0002467350366788051
511,0,1,511,0.01570780177742265,0.01570780177742258,0.00024673503667880224
512,0,0,512,0.015707801777422575,0.015707801777422512,0.00024673503667879974
513,0,1,513,0.015707801777422734,0.015707801777422734,0.0002467350366788049
514,0,0,514,0.015707801777422713,0.015707801777422713,0.0002467350366788042
515,0,1,515,0.015707801777422606,0.015707801777422606,0.00024673503667880077
516,0,1,516,0.015707801777422738,0.015707801777422738,0.000246735036678805
517,0,0,517,0.015707801777422543,0.015707801777422467,0.0002467350366787988
518,0,0,518,0.015707801777422606,0.01570780177742255,0.0002467350366788007
519,0,1,519,0.015707801777422748,0.015707801777422748,0.0002467350366788052
520,0,1,520,0.015707801777422613,0.015707801777422613,0.00024673503667880104
521,0,0,521,0.015707801777422637,0.015707801777422637,0.0002467350366788018
522,0,0,522,0.015707801777422724,0.015707801777422724,0.00024673503667880446
523,0,1,523,0.015707801777422564,0.015707801777422564,0.0002467350366787994
524,0,1,524,0.015707801777422543,0.015707801777422543,0.0002467350366787988
525,0,1,525,0.015707801777422675,0.015707801777422675,0.000246735036678803
526,0,0,526,0.015707801777422672,0.015707801777422647,0.0002467350366788029
527,0,1,527,0.015707801777422536,0.015707801777422516,0.00024673503667879866
528,0,1,528,0.015707801777422564,0.015707801777422547,0.00024673503667879947
529,0,1,529,0.015707801777422595,0.015707801777422595,0.00024673503667880045
530,0,1,530,0.015707801777422703,0.015707801777422672,0.00024673503667880375
531,0,0,531,0.015707801777422727,0.0157078017774227,0.0002467350366788046
532,0,0,532,0.01570780177742262,0.01570780177742262,0.00024673503667880126
533,0,0,533,0.015707801777422568,0.015707801777422523,0.0002467350366787996
534,0,0,534,0.015707801777422693,0.01570780177742265,0.0002467350366788035
535,0,1,535,0.015707801777422623,0.01570780177742254,0.00024673503667880126
536,0,1,536,0.01570780177742263,0.01570780177742253,0.0002467350366788015
537,0,0,537,0.01570780177742269,0.015707801777422686,0.0002467350366788033
538,0,0,538,0.015707801777422772,0.015707801777422772,0.00024673503667880603
539,0,1,539,0.015707801777422658,0.015707801777422595,0.0002467350366788024
540,0,0,540,0.015707801777422606,0.015707801777422602,0.00024673503667880077
541,0,1,541,0.015707801777422654,0.015707801777422654,0.00024673503667880234
542,0,0,542,0.015707801777422592,0.015707801777422592,0.00024673503667880034
543,0,1,543,0.01570780177742255,0.01570780177742254,0.00024673503667879904
544,0,0,544,0.01570780177742259,0.01570780177742259,0.0002467350366788002
545,0,1,545,0.015707801777422734,0.01570780177742273,0.0002467350366788048
546,0,0,546,0.015707801777422647,0.015707801777422647,0.000246735036678802
547,0,1,547,0.015707801777422602,0.015707801777422602,0.0002467350366788007
548,0,1,548,0.015707801777422755,0.015707801777422734,0.00024673503667880543
549,0,1,549,0.01570780177742264,0.01570780177742264,0.0002467350366788018
550,0,1,550,0.015707801777422696,0.01570780177742268,0.0002467350366788036
551,0,1,551,0.015707801777422647,0.015707801777422575,0.0002467350366788021
552,0,0,552,0.015707801777422738,0.015707801777422738,0.00024673503667880484
553,0,0,553,0.0157078017774226,0.01570780177742259,0.0002467350366788005
554,0,0,554,0.015707801777422665,0.015707801777422665,0.00024673503667880267
555,0,0,555,0.015707801777422536,0.015707801777422457,0.00024673503667879855
556,0,1,556,0.015707801777422602,0.015707801777422495,0.0002467350366788006
557,0,1,557,0.015707801777422613,0.015707801777422613,0.00024673503667880094
558,0,1,558,0.01570780177742277,0.01570780177742277,0.00024673503667880587
559,0,1,559,0.01570780177742255,0.01570780177742255,0.00024673503667879893
560,0,0,560,0.01570780177742267,0.01570780177742267,0.0002467350366788027
561,0,1,561,0.01570780177742275,0.01570780177742271,0.00024673503667880527
562,0,0,562,0.01570780177742256,0.01570780177742256,0.0002467350366787994
563,0,1,563,0.015707801777422717,0.015707801777422717,0.00024673503667880424
564,0,1,564,0.015707801777422686,0.015707801777422647,0.00024673503667880327
565,0,1,565,0.015707801777422585,0.015707801777422585,0.00024673503667880007
566,0,0,566,0.015707801777422852,0.015707801777422852,0.00024673503667880847
567,0,0,567,0.01570780177742255,0.01570780177742255,0.00024673503667879904
568,0,1,568,0.01570780177742266,0.015707801777422568,0.00024673503667880245
569,0,0,569,0.015707801777422564,0.015707801777422516,0.00024673503667879947
570,0,0,570,0.015707801777422592,0.015707801777422533,0.0002467350366788003
571,0,1,571,0.01570780177742254,0.01570780177742254,0.0002467350366787987
572,0,0,572,0.01570780177742266,0.01570780177742266,0.0002467350366788025
573,0,1,573,0.015707801777422675,0.015707801777422675,0.0002467350366788029
574,0,0,574,0.01570780177742256,0.01570780177742256,0.00024673503667879936
575,0,0,575,0.015707801777422672,0.015707801777422672,0.00024673503667880283
576,0,0,576,0.015707801777422578,0.015707801777422578,0.0002467350366787999
577,0,0,577,0.015707801777422606,0.015707801777422606,0.00024673503667880066
578,0,1,578,0.01570780177742265,0.015707801777422595,0.0002467350366788022
579,0,0,579,0.015707801777422703,0.015707801777422703,0.00024673503667880375
580,0,1,580,0.015707801777422745,0.015707801777422568,0.0002467350366788051
581,0,0,581,0.015707801777422613,0.01570780177742261,0.00024673503667880094
582,0,0,582,0.015707801777422686,0.015707801777422686,0.0002467350366788033
583,0,1,583,0.015707801777422627,0.01570780177742257,0.00024673503667880137
584,0,0,584,0.015707801777422575,0.015707801777422495,0.00024673503667879974
585,0,1,585,0.015707801777422682,0.015707801777422495,0.0002467350366788031
586,0,0,586,0.015707801777422564,0.015707801777422533,0.0002467350366787994
587,0,1,587,0.015707801777422526,0.015707801777422467,0.0002467350366787982
588,0,1,588,0.01570780177742277,0.01570780177742277,0.00024673503667880587
589,0,0,589,0.015707801777422547,0.015707801777422547,0.0002467350366787989
590,0,0,590,0.015707801777422474,0.01570780177742242,0.00024673503667879665
591,0,1,591,0.0157078017774226,0.015707801777422575,0.00024673503667880056
592,0,0,592,0.015707801777422647,0.015707801777422644,0.000246735036678802
593,0,0,593,0.0157078017774226,0.0157078017774226,0.0002467350366788005
594,0,0,594,0.015707801777422592,0.015707801777422592,0.0002467350366788003
595,0,0,595,0.01570780177742266,0.015707801777422627,0.0002467350366788025
596,0,1,596,0.015707801777422547,0.0157078017774225,0.000246735036678799
597,0,1,597,0.01570780177742269,0.01570780177742262,0.0002467350366788034
598,0,0,598,0.015707801777422693,0.01570780177742268,0.0002467350366788035
599,0,1,599,0.015707801777422602,0.015707801777422602,0.00024673503667880066
600,0,1,600,0.015707801777422665,0.015707801777422665,0.00024673503667880267
601,0,1,601,0.015707801777422762,0.015707801777422762,0.0002467350366788057
602,0,1,602,0.015707801777422634,0.015707801777422634,0.0002467350366788017
603,0,1,603,0.015707801777422637,0.015707801777422613,0.00024673503667880175
604,0,0,604,0.01570780177742262,0.015707801777422547,0.00024673503667880115
605,0,1,605,0.015707801777422575,0.015707801777422575,0.0002467350366787998
606,0,0,606,0.015707801777422647,0.015707801777422623,0.0002467350366788021
607,0,0,607,0.01570780177742255,0.015707801777422523,0.00024673503667879904
608,0,0,608,0.015707801777422693,0.01570780177742269,0.0002467350366788035
609,0,1,609,0.015707801777422606,0.015707801777422543,0.0002467350366788007
610,0,0,610,0.01570780177742264,0.01570780177742264,0.0002467350366788018
611,0,1,611,0.015707801777422748,0.015707801777422748,0.00024673503667880516
612,0,1,612,0.0157078017774227,0.015707801777422665,0.0002467350366788037
613,0,0,613,0.015707801777422564,0.015707801777422564,0.0002467350366787994
614,0,1,614,0.01570780177742269,0.01570780177742269,0.0002467350366788034
615,0,0,615,0.015707801777422627,0.015707801777422627,0.0002467350366788015
616,0,0,616,1.9999383152895798,1.9999383152895795,0.0002467350366788091
617,0,0,617,0.015707801777422693,0.015707801777422693,0.00024673503667880354
618,0,0,618,0.015707801777422557,0.015707801777422557,0.00024673503667879925
619,0,0,619,0.01570780177742269,0.01570780177742269,0.00024673503667880343
620,0,1,620,0.01570780177742258,0.015707801777422547,0.00024673503667879996
621,0,0,621,0.015707801777422644,0.015707801777422547,0.00024673503667880197
622,0,1,622,0.015707801777422554,0.01570780177742252,0.0002467350366787991
623,0,0,623,0.015707801777422578,0.015707801777422578,0.0002467350366787999
624,0,0,624,0.01570780177742267,0.015707801777422495,0.00024673503667880267
625,0,0,625,0.01570780177742262,0.01570780177742262,0.0002467350366788012
626,0,1,626,0.015707801777422686,0.015707801777422554,0.00024673503667880327
627,0,1,627,0.015707801777422793,0.0157078017774227,0.00024673503667880663
628,0,1,628,0.015707801777422592,0.015707801777422575,0.00024673503667880034
629,0,1,629,0.015707801777422543,0.015707801777422543,0.00024673503667879877
630,0,1,630,0.015707801777422575,0.015707801777422512,0.0002467350366787998
631,0,0,631,0.0157078017774226,0.015707801777422523,0.00024673503667880056
632,0,0,632,0.0157078017774226,0.0157078017774226,0.00024673503667880056
633,0,1,633,0.01570780177742267,0.01570780177742267,0.0002467350366788027
634,0,1,634,0.01570780177742263,0.01570780177742263,0.0002467350366788016
635,0,0,635,0.015707801777422665,0.01570780177742252,0.0002467350366788026
636,0,0,636,0.015707801777422772,0.015707801777422772,0.000246735036678806
637,0,1,637,0.01570780177742256,0.015707801777422543,0.0002467350366787994
638,0,1,638,0.01570780177742261,0.015707801777422557,0.0002467350366788009
639,0,0,639,0.015707801777422734,0.015707801777422706,0.00024673503667880473
640,0,0,640,0.015707801777422724,0.015707801777422693,0.00024673503667880446
641,0,0,641,0.015707801777422523,0.01570780177742252,0.0002467350366787981
642,0,1,642,0.015707801777422804,0.015707801777422804,0.00024673503667880706
643,0,1,643,1.9999383152895795,1.9999383152895795,0.00024673503667881026
644,0,1,644,0.015707801777422564,0.015707801777422564,0.00024673503667879947
645,0,0,645,0.01570780177742262,0.01570780177742262,0.0002467350366788012
646,0,1,646,0.01570780177742259,0.01570780177742259,0.0002467350366788003
647,0,1,647,0.01570780177742267,0.01570780177742264,0.00024673503667880267
648,0,0,648,0.015707801777422578,0.015707801777422578,0.0002467350366787998
649,0,0,649,0.015707801777422495,0.015707801777422488,0.0002467350366787972
650,0,1,650,0.01570780177742256,0.01570780177742256,0.00024673503667879936
651,0,1,651,0.015707801777422686,0.015707801777422686,0.00024673503667880327
652,0,1,652,0.015707801777422595,0.01570780177742257,0.00024673503667880034
653,0,1,653,0.015707801777422772,0.015707801777422762,0.0002467350366788059
654,0,1,654,0.015707801777422644,0.015707801777422644,0.0002467350366788019
655,0,0,655,0.015707801777422675,0.01570780177742267,0.000246735036678803
656,0,0,656,0.01570780177742259,0.01570780177742237,0.00024673503667880023
657,0,0,657,0.01570780177742256,0.01570780177742256,0.00024673503667879925
658,0,0,658,0.01570780177742264,0.01570780177742264,0.0002467350366788018
659,0,0,659,0.01570780177742263,0.01570780177742263,0.0002467350366788016
660,0,1,660,0.01570780177742262,0.01570780177742261,0.0002467350366788012
661,0,1,661,0.0157078017774226,0.015707801777422592,0.00024673503667880056
662,0,0,662,0.01570780177742256,0.015707801777422554,0.0002467350366787993
663,0,1,663,0.015707801777422745,0.01570780177742259,0.00024673503667880506
664,0,1,664,0.015707801777422575,0.015707801777422568,0.00024673503667879974
665,0,1,665,0.015707801777422602,0.015707801777422602,0.00024673503667880066
666,0,0,666,0.01570780177742263,0.015707801777422595,0.0002467350366788015
667,0,0,667,0.01570780177742257,0.015707801777422568,0.00024673503667879963
668,0,0,668,0.015707801777422616,0.015707801777422616,0.0002467350366788011
669,0,1,669,0.01570780177742259,0.01570780177742259,0.00024673503667880023
670,0,1,670,0.015707801777422675,0.015707801777422627,0.0002467350366788029
671,0,1,671,0.015707801777422554,0.015707801777422516,0.00024673503667879915
672,0,1,672,0.01570780177742262,0.015707801777422592,0.0002467350366788011
673,0,1,673,0.015707801777422523,0.015707801777422467,0.00024673503667879817
674,0,0,674,0.015707801777422654,0.015707801777422654,0.00024673503667880234
675,0,1,675,0.015707801777422696,0.01570780177742265,0.00024673503667880365
676,0,0,676,0.0157078017774228,0.0157078017774228,0.0002467350366788068
677,0,1,677,0.015707801777422554,0.015707801777422533,0.0002467350366787991
678,0,0,678,0.01570780177742277,0.015707801777422703,0.0002467350366788058
679,0,0,679,0.01570780177742263,0.015707801777422547,0.00024673503667880153
680,0,0,680,0.015707801777422696,0.015707801777422696,0.00024673503667880365
681,0,0,681,0.015707801777422595,0.015707801777422595,0.00024673503667880045
682,0,0,682,0.015707801777422602,0.015707801777422602,0.0002467350366788006
683,0,0,683,0.015707801777422696,0.015707801777422693,0.00024673503667880365
684,0,1,684,0.015707801777422606,0.015707801777422606,0.0002467350366788008
685,0,1,685,0.01570780177742261,0.015707801777422523,0.0002467350366788009
686,0,0,686,0.01570780177742268,0.01570780177742268,0.0002467350366788031
687,0,1,687,0.015707801777422647,0.015707801777422616,0.00024673503667880213
688,0,1,688,0.01570780177742269,0.015707801777422592,0.0002467350366788033
689,0,1,689,0.0157078017774226,0.015707801777422592,0.00024673503667880045
690,0,1,690,0.015707801777422665,0.01570780177742265,0.0002467350366788026
691,0,1,691,0.015707801777422526,0.015707801777422512,0.00024673503667879817
692,0,0,692,0.015707801777422627,0.015707801777422627,0.00024673503667880137
693,0,0,693,0.01570780177742257,0.01570780177742257,0.0002467350366787997
694,0,0,694,0.01570780177742265,0.01570780177742265,0.00024673503667880224
695,0,1,695,0.015707801777422658,0.015707801777422658,0.00024673503667880234
696,0,1,696,0.01570780177742264,0.01570780177742264,0.0002467350366788019
697,0,0,697,0.015707801777422568,0.01570780177742254,0.0002467350366787996
698,0,1,698,0.015707801777422644,0.01570780177742261,0.00024673503667880186
699,0,1,699,0.01570780177742261,0.015707801777422554,0.0002467350366788009
700,0,0,700,0.015707801777422602,0.015707801777422602,0.0002467350366788006
701,0,0,701,0.01570780177742263,0.01570780177742263,0.00024673503667880153
702,0,1,702,0.015707801777422686,0.015707801777422686,0.0002467350366788033
703,0,0,703,0.015707801777422706,0.015707801777422703,0.00024673503667880397
704,0,0,704,0.015707801777422665,0.015707801777422665,0.00024673503667880256
705,0,1,705,0.015707801777422557,0.015707801777422543,0.0002467350366787992
706,0,1,706,0.01570780177742262,0.01570780177742262,0.00024673503667880126
707,0,0,707,0.015707801777422776,0.015707801777422776,0.0002467350366788061
708,0,0,708,0.015707801777422613,0.015707801777422613,0.000246735036678801
709,0,0,709,0.015707801777422613,0.015707801777422595,0.00024673503667880094
710,0,1,710,0.015707801777422713,0.015707801777422658,0.00024673503667880413
711,0,0,711,0.015707801777422585,0.015707801777422585,0.00024673503667880007
712,0,1,712,0.01570780177742274,0.01570780177742274,0.000246735036678805
713,0,1,713,0.01570780177742266,0.01570780177742266,0.0002467350366788026
714,0,1,714,0.015707801777422693,0.015707801777422693,0.0002467350366788035
715,0,1,715,0.01570780177742272,0.01570780177742272,0.00024673503667880446
716,0,0,716,0.015707801777422523,0.015707801777422502,0.00024673503667879817
717,0,1,717,0.01570780177742259,0.015707801777422547,0.00024673503667880023
718,0,1,718,0.01570780177742264,0.015707801777422623,0.00024673503667880175
719,0,0,719,0.015707801777422696,0.015707801777422623,0.0002467350366788036
720,0,1,720,0.015707801777422568,0.015707801777422568,0.0002467350366787996
721,0,1,721,0.01570780177742267,0.01570780177742267,0.0002467350366788028
722,0,0,722,0.015707801777422557,0.015707801777422505,0.0002467350366787993
723,0,0,723,0.01570780177742259,0.01570780177742259,0.0002467350366788001
724,0,1,724,0.015707801777422647,0.015707801777422634,0.000246735036678802
725,0,1,725,0.015707801777422654,0.015707801777422637,0.0002467350366788023
726,0,0,726,0.015707801777422623,0.015707801777422526,0.00024673503667880126
727,0,1,727,0.015707801777422654,0.015707801777422654,0.00024673503667880224
728,0,0,728,0.015707801777422523,0.01570780177742248,0.00024673503667879817
729,0,0,729,0.015707801777422602,0.015707801777422554,0.00024673503667880066
730,0,0,730,0.015707801777422592,0.015707801777422547,0.0002467350366788003
731,0,0,731,0.01570780177742275,0.015707801777422713,0.0002467350366788054
732,0,0,732,0.01570780177742264,0.01570780177742264,0.00024673503667880175
733,0,0,733,0.015707801777422547,0.015707801777422547,0.0002467350366787988
734,0,0,734,0.01570780177742266,0.015707801777422585,0.0002467350366788025
735,0,1,735,0.015707801777422658,0.015707801777422658,0.00024673503667880245
736,0,0,736,0.015707801777422602,0.015707801777422578,0.0002467350366788006
737,0,1,737,0.015707801777422613,0.015707801777422595,0.000246735036678801
738,0,1,738,1.9999383152895795,1.9999383152895795,0.0002467350366788081
739,0,0,739,0.015707801777422457,0.015707801777422457,0.00024673503667879606
740,0,0,740,0.01570780177742275,0.015707801777422755,0.00024673503667880543
741,0,1,741,0.01570780177742261,0.01570780177742261,0.00024673503667880094
742,0,0,742,0.015707801777422578,0.01570780177742254,0.0002467350366787999
743,0,0,743,0.015707801777422606,0.015707801777422564,0.00024673503667880066
744,0,1,744,0.01570780177742251,0.01570780177742251,0.00024673503667879774
745,0,1,745,0.01570780177742257,0.01570780177742257,0.0002467350366787997
746,0,1,746,0.01570780177742256,0.01570780177742256,0.00024673503667879936
747,0,1,747,0.015707801777422613,0.015707801777422564,0.00024673503667880094
748,0,1,748,0.015707801777422647,0.015707801777422647,0.0002467350366788021
749,0,1,749,0.015707801777422592,0.015707801777422512,0.00024673503667880034
750,0,1,750,0.015707801777422592,0.015707801777422592,0.0002467350366788004
751,0,0,751,0.01570780177742258,0.015707801777422488,0.00024673503667879996
752,0,0,752,0.015707801777422696,0.015707801777422658,0.0002467350366788036
753,0,1,753,0.015707801777422578,0.015707801777422578,0.0002467350366787999
754,0,0,754,0.015707801777422717,0.015707801777422654,0.00024673503667880424
755,0,0,755,0.015707801777422748,0.015707801777422748,0.00024673503667880527
756,0,0,756,0.01570780177742266,0.01570780177742266,0.0002467350366788025
757,0,0,757,0.015707801777422717,0.015707801777422682,0.0002467350366788042
758,0,1,758,0.015707801777422592,0.015707801777422592,0.00024673503667880023
759,0,1,759,0.015707801777422637,0.015707801777422637,0.00024673503667880175
760,0,1,760,0.015707801777422672,0.015707801777422578,0.0002467350366788028
761,0,0,761,0.015707801777422755,0.015707801777422755,0.0002467350366788054
762,0,0,762,0.015707801777422693,0.01570780177742265,0.0002467350366788035
763,0,0,763,0.015707801777422568,0.015707801777422557,0.0002467350366787996
764,0,1,764,0.015707801777422585,0.01570780177742258,0.0002467350366788001
765,0,0,765,0.01570780177742266,0.01570780177742266,0.0002467350366788025
766,0,1,766,0.015707801777422613,0.015707801777422547,0.000246735036678801
767,0,0,767,0.01570780177742261,0.015707801777422602,0.0002467350366788008
768,0,1,768,0.0157078017774226,0.0157078017774226,0.0002467350366788005
769,0,1,769,0.015707801777422713,0.01570780177742268,0.00024673503667880413
770,0,1,770,0.01570780177742263,0.015707801777422536,0.0002467350366788015
771,0,1,771,0.0157078017774228,0.0157078017774228,0.00024673503667880684
772,0,1,772,0.015707801777422575,0.01570780177742255,0.0002467350366787998
773,0,1,773,0.015707801777422543,0.015707801777422543,0.0002467350366787989
774,0,1,774,0.01570780177742255,0.015707801777422543,0.00024673503667879904
775,0,0,775,0.015707801777422575,0.015707801777422575,0.00024673503667879985
776,0,1,776,0.015707801777422686,0.015707801777422686,0.00024673503667880327
777,0,1,777,0.015707801777422592,0.015707801777422554,0.0002467350366788003
778,0,0,778,0.015707801777422585,0.015707801777422543,0.0002467350366788001
779,0,1,779,0.015707801777422644,0.015707801777422606,0.0002467350366788019
780,0,1,780,0.015707801777422616,0.015707801777422616,0.0002467350366788012
781,0,0,781,0.01570780177742271,0.01570780177742271,0.000246735036678804
782,0,0,782,0.015707801777422647,0.015707801777422647,0.00024673503667880213
783,0,1,783,0.01570780177742262,0.01570780177742262,0.00024673503667880115
784,0,0,784,0.015707801777422724,0.015707801777422724,0.00024673503667880457
785,0,1,785,0.0157078017774226,0.01570780177742259,0.0002467350366788005
786,0,0,786,0.015707801777422568,0.015707801777422568,0.0002467350366787996
787,0,0,787,0.015707801777422564,0.015707801777422564,0.0002467350366787994
788,0,0,788,0.015707801777422592,0.015707801777422592,0.00024673503667880034
789,0,0,789,0.015707801777422606,0.015707801777422564,0.00024673503667880077
790,0,1,790,0.015707801777422568,0.015707801777422568,0.0002467350366787996
791,0,0,791,0.01570780177742268,0.01570780177742268,0.000246735036678803
792,0,0,792,0.015707801777422654,0.01570780177742265,0.00024673503667880224
793,0,1,793,0.015707801777422693,0.015707801777422675,0.00024673503667880343
794,0,1,794,0.01570780177742269,0.01570780177742269,0.00024673503667880343
795,0,1,795,0.015707801777422606,0.015707801777422606,0.00024673503667880077
796,0,0,796,0.015707801777422564,0.01570780177742251,0.00024673503667879947
797,0,1,797,0.015707801777422786,0.015707801777422706,0.0002467350366788064
798,0,1,798,0.015707801777422623,0.015707801777422616,0.00024673503667880126
799,0,1,799,0.015707801777422654,0.015707801777422654,0.0002467350366788023
800,0,1,800,0.015707801777422713,0.01570780177742266,0.00024673503667880413
801,0,1,801,0.015707801777422606,0.01570780177742259,0.00024673503667880077
802,0,1,802,0.01570780177742262,0.01570780177742262,0.0002467350366788012
803,0,1,803,0.015707801777422595,0.015707801777422595,0.00024673503667880045
804,0,1,804,0.015707801777422672,0.01570780177742267,0.00024673503667880283
805,0,1,805,0.015707801777422634,0.015707801777422634,0.0002467350366788017
806,0,0,806,0.015707801777422512,0.015707801777422512,0.00024673503667879785
807,0,0,807,0.015707801777422616,0.015707801777422616,0.0002467350366788011
808,0,1,808,0.015707801777422686,0.015707801777422686,0.00024673503667880327
809,0,0,809,0.015707801777422644,0.015707801777422575,0.000246735036678802
810,0,1,810,0.015707801777422706,0.015707801777422706,0.00024673503667880397
811,0,0,811,0.015707801777422595,0.015707801777422595,0.0002467350366788004
812,0,1,812,0.015707801777422776,0.015707801777422776,0.00024673503667880614
813,0,0,813,0.015707801777422602,0.01570780177742256,0.00024673503667880066
814,0,1,814,0.01570780177742259,0.01570780177742259,0.0002467350366788003
815,0,1,815,0.01570780177742272,0.01570780177742272,0.00024673503667880435
816,0,1,816,0.015707801777422606,0.015707801777422606,0.0002467350366788008
817,0,0,817,0.015707801777422606,0.01570780177742257,0.0002467350366788007
818,0,1,818,0.015707801777422675,0.015707801777422613,0.00024673503667880294
819,0,1,819,0.015707801777422727,0.015707801777422727,0.00024673503667880457
820,0,1,820,0.015707801777422568,0.01570780177742255,0.0002467350366787996
821,0,0,821,0.01570780177742259,0.01570780177742259,0.0002467350366788001
822,0,0,822,0.015707801777422634,0.015707801777422595,0.0002467350366788016
823,0,1,823,0.01570780177742255,0.01570780177742255,0.00024673503667879904
824,0,1,824,0.01570780177742257,0.015707801777422575,0.0002467350366787998
825,0,1,825,0.01570780177742269,0.015707801777422644,0.0002467350366788034
826,0,1,826,0.015707801777422748,0.015707801777422748,0.0002467350366788052
827,0,1,827,0.01570780177742248,0.015707801777422425,0.00024673503667879687
828,0,1,828,0.015707801777422703,0.015707801777422703,0.0002467350366788038
829,0,0,829,0.01570780177742274,0.015707801777422647,0.000246735036678805
830,0,1,830,0.01570780177742256,0.015707801777422467,0.0002467350366787993
831,0,1,831,0.015707801777422578,0.015707801777422578,0.0002467350366787999
832,0,1,832,0.01570780177742262,0.015707801777422602,0.0002467350366788012
833,0,0,833,0.015707801777422613,0.015707801777422613,0.00024673503667880104
834,0,1,834,0.015707801777422786,0.015707801777422786,0.0002467350366788064
835,0,0,835,0.015707801777422647,0.015707801777422578,0.000246735036678802
836,0,0,836,0.015707801777422686,0.015707801777422644,0.0002467350366788033
837,0,1,837,0.015707801777422575,0.015707801777422488,0.00024673503667879974
838,0,1,838,0.015707801777422578,0.015707801777422578,0.0002467350366787999
839,0,0,839,0.015707801777422706,0.015707801777422647,0.00024673503667880397
840,0,0,840,0.015707801777422623,0.015707801777422564,0.0002467350366788013
841,0,0,841,0.01570780177742264,0.01570780177742264,0.0002467350366788018
842,0,1,842,0.015707801777422658,0.015707801777422658,0.0002467350366788025
843,0,1,843,0.015707801777422592,0.015707801777422592,0.00024673503667880034
844,0,0,844,0.015707801777422658,0.015707801777422654,0.0002467350366788024
845,0,0,845,0.015707801777422564,0.01570780177742252,0.0002467350366787995
846,0,0,846,0.01570780177742272,0.015707801777422696,0.00024673503667880435
847,0,1,847,0.015707801777422602,0.015707801777422602,0.0002467350366788007
848,0,0,848,0.015707801777422654,0.01570780177742257,0.00024673503667880224
849,0,1,849,0.015707801777422568,0.015707801777422564,0.0002467350366787995
850,0,0,850,0.01570780177742269,0.01570780177742269,0.00024673503667880343
851,0,1,851,0.015707801777422575,0.015707801777422575,0.0002467350366787998
852,0,0,852,0.015707801777422762,0.01570780177742265,0.00024673503667880565
853,0,0,853,0.01570780177742279,0.01570780177742279,0.0002467350366788065
854,0,1,854,0.015707801777422637,0.015707801777422613,0.0002467350366788017
855,0,1,855,0.0157078017774226,0.0157078017774226,0.0002467350366788005
856,0,0,856,0.015707801777422595,0.015707801777422595,0.0002467350366788005
857,0,1,857,0.015707801777422602,0.015707801777422602,0.0002467350366788006
858,0,0,858,0.015707801777422672,0.015707801777422672,0.00024673503667880283
859,0,1,859,0.015707801777422613,0.015707801777422613,0.000246735036678801
860,0,1,860,0.01570780177742267,0.01570780177742267,0.0002467350366788027
861,0,1,861,0.01570780177742266,0.015707801777422654,0.00024673503667880245
862,0,0,862,0.015707801777422627,0.015707801777422627,0.0002467350366788014
863,0,1,863,0.01570780177742274,0.01570780177742274,0.00024673503667880506
864,0,0,864,0.015707801777422804,0.015707801777422804,0.00024673503667880706
865,0,0,865,0.015707801777422686,0.01570780177742268,0.00024673503667880327
866,0,1,866,0.015707801777422634,0.015707801777422526,0.0002467350366788016
867,0,1,867,0.01570780177742268,0.01570780177742265,0.000246735036678803
868,0,0,868,0.015707801777422682,0.015707801777422682,0.00024673503667880327
869,0,1,869,0.015707801777422738,0.015707801777422738,0.0002467350366788049
870,0,1,870,0.015707801777422783,0.015707801777422776,0.0002467350366788063
871,0,0,871,0.015707801777422686,0.01570780177742266,0.0002467350366788033
872,0,0,872,0.01570780177742274,0.01570780177742274,0.0002467350366788051
873,0,0,873,0.015707801777422634,0.015707801777422592,0.00024673503667880164
874,0,1,874,0.015707801777422516,0.015707801777422505,0.00024673503667879795
875,0,0,875,0.015707801777422734,0.015707801777422734,0.00024673503667880484
876,0,0,876,0.01570780177742269,0.01570780177742269,0.0002467350366788034
877,0,0,877,0.015707801777422672,0.015707801777422658,0.0002467350366788028
878,0,1,878,0.01570780177742257,0.01570780177742246,0.00024673503667879974
879,0,0,879,0.01570780177742259,0.01570780177742254,0.0002467350366788002
880,0,0,880,0.01570780177742263,0.015707801777422623,0.00024673503667880153
881,0,0,881,0.01570780177742271,0.01570780177742271,0.000246735036678804
882,0,0,882,0.015707801777422738,0.015707801777422682,0.00024673503667880495
883,0,1,883,0.01570780177742264,0.015707801777422602,0.0002467350366788018
884,0,0,884,0.01570780177742272,0.01570780177742269,0.00024673503667880435
885,0,1,885,0.01570780177742267,0.015707801777422623,0.0002467350366788027
886,0,0,886,0.015707801777422727,0.01570780177742272,0.0002467350366788045
887,0,1,887,0.01570780177742275,0.01570780177742271,0.00024673503667880527
888,0,1,888,0.015707801777422672,0.015707801777422672,0.00024673503667880283
889,0,1,889,0.015707801777422547,0.015707801777422547,0.000246735036678799
890,0,0,890,0.015707801777422647,0.015707801777422647,0.0002467350366788021
891,0,1,891,0.01570780177742265,0.015707801777422606,0.00024673503667880213
892,0,1,892,0.015707801777422613,0.015707801777422602,0.00024673503667880104
893,0,0,893,0.015707801777422575,0.01570780177742257,0.00024673503667879985
894,0,0,894,0.015707801777422533,0.015707801777422533,0.00024673503667879855
895,0,1,895,0.01570780177742261,0.01570780177742261,0.0002467350366788009
896,0,1,896,0.01570780177742262,0.015707801777422616,0.0002467350366788012
897,0,1,897,0.01570780177742254,0.01570780177742254,0.0002467350366787987
898,0,1,898,0.015707801777422693,0.015707801777422693,0.00024673503667880343
899,0,1,899,0.015707801777422658,0.015707801777422578,0.00024673503667880234
900,0,0,900,0.015707801777422637,0.015707801777422637,0.0002467350366788018
901,0,0,901,0.015707801777422696,0.015707801777422696,0.00024673503667880354
902,0,0,902,0.015707801777422637,0.015707801777422637,0.00024673503667880164
903,0,1,903,0.015707801777422637,0.015707801777422623,0.0002467350366788017
904,0,0,904,0.01570780177742258,0.01570780177742249,0.0002467350366788
905,0,1,905,0.015707801777422554,0.01570780177742255,0.0002467350366787991
906,0,0,906,0.015707801777422606,0.015707801777422606,0.00024673503667880077
907,0,1,907,0.015707801777422665,0.015707801777422665,0.0002467350366788026
908,0,1,908,0.01570780177742259,0.015707801777422568,0.00024673503667880023
909,0,1,909,0.015707801777422713,0.015707801777422713,0.0002467350366788041
910,0,0,910,0.015707801777422592,0.01570780177742259,0.00024673503667880023
911,0,0,911,0.01570780177742263,0.01570780177742263,0.0002467350366788015
912,0,0,912,0.01570780177742279,0.01570780177742279,0.0002467350366788066
913,0,0,913,0.01570780177742267,0.01570780177742267,0.00024673503667880267
914,0,1,914,0.015707801777422696,0.015707801777422696,0.0002467350366788037
915,0,1,915,0.015707801777422623,0.015707801777422623,0.0002467350366788013
916,0,1,916,0.01570780177742264,0.01570780177742264,0.00024673503667880186
917,0,1,917,0.015707801777422512,0.015707801777422488,0.0002467350366787978
918,0,1,918,0.01570780177742264,0.01570780177742264,0.00024673503667880186
919,0,0,919,0.015707801777422578,0.01570780177742256,0.00024673503667879985
920,0,1,920,0.01570780177742272,0.01570780177742266,0.00024673503667880435
921,0,1,921,0.015707801777422745,0.015707801777422727,0.0002467350366788051
922,0,0,922,0.01570780177742259,0.01570780177742259,0.0002467350366788003
923,0,1,923,0.015707801777422568,0.015707801777422568,0.0002467350366787996
924,0,0,924,0.01570780177742264,0.01570780177742264,0.00024673503667880186
925,0,1,925,0.015707801777422602,0.015707801777422595,0.0002467350366788006
926,0,1,926,0.015707801777422637,0.015707801777422637,0.0002467350366788017
927,0,1,927,0.01570780177742268,0.015707801777422654,0.00024673503667880305
928,0,0,928,0.0157078017774226,0.0157078017774226,0.00024673503667880045
929,0,1,929,0.015707801777422772,0.015707801777422703,0.000246735036678806
930,0,0,930,0.015707801777422665,0.01570780177742264,0.00024673503667880267
931,0,0,931,0.0157078017774226,0.015707801777422585,0.0002467350366788005
932,0,0,932,0.01570780177742257,0.01570780177742257,0.0002467350366787997
933,0,0,933,0.015707801777422672,0.015707801777422672,0.00024673503667880283
934,0,0,934,0.015707801777422675,0.015707801777422665,0.000246735036678803
935,0,0,935,0.015707801777422536,0.015707801777422536,0.0002467350366787986
936,0,0,936,0.015707801777422623,0.015707801777422623,0.00024673503667880137
937,0,1,937,0.015707801777422568,0.015707801777422564,0.00024673503667879963
938,0,0,938,0.01570780177742267,0.01570780177742267,0.00024673503667880267
939,0,0,939,0.01570780177742261,0.01570780177742261,0.0002467350366788009
940,0,1,940,0.015707801777422627,0.015707801777422578,0.00024673503667880137
941,0,0,941,0.015707801777422554,0.01570780177742252,0.00024673503667879915
942,0,0,942,0.015707801777422665,0.015707801777422665,0.0002467350366788026
943,0,0,943,0.015707801777422682,0.015707801777422682,0.00024673503667880316
944,0,1,944,0.015707801777422637,0.015707801777422585,0.0002467350366788017
945,0,0,945,0.01570780177742266,0.015707801777422647,0.00024673503667880256
946,0,0,946,0.015707801777422634,0.015707801777422634,0.00024673503667880164
947,0,1,947,0.01570780177742258,0.015707801777422557,0.0002467350366788
948,0,0,948,0.015707801777422703,0.01570780177742259,0.00024673503667880386
949,0,1,949,0.015707801777422637,0.01570780177742255,0.0002467350366788017
950,0,1,950,0.01570780177742263,0.015707801777422627,0.00024673503667880153
951,0,1,951,0.015707801777422644,0.015707801777422644,0.0002467350366788021
952,0,0,952,0.01570780177742266,0.01570780177742266,0.0002467350366788025
953,0,1,953,0.015707801777422717,0.015707801777422637,0.00024673503667880424
954,0,0,954,0.01570780177742269,0.01570780177742269,0.0002467350366788034
955,0,0,955,0.015707801777422547,0.0157078017774225,0.0002467350366787989
956,0,1,956,0.015707801777422647,0.015707801777422575,0.000246735036678802
957,0,0,957,0.01570780177742272,0.015707801777422623,0.00024673503667880435
958,0,1,958,0.015707801777422592,0.015707801777422592,0.0002467350366788004
959,0,0,959,0.015707801777422568,0.015707801777422568,0.00024673503667879963
960,0,1,960,0.01570780177742261,0.01570780177742261,0.0002467350366788009
961,0,1,961,0.015707801777422595,0.015707801777422595,0.00024673503667880045
962,0,1,962,0.015707801777422675,0.015707801777422675,0.00024673503667880294
963,0,0,963,0.01570780177742258,0.01570780177742258,0.0002467350366788
964,0,0,964,0.01570780177742255,0.015707801777422536,0.000246735036678799
965,0,0,965,0.015707801777422585,0.015707801777422547,0.0002467350366788
966,0,0,966,0.01570780177742261,0.01570780177742261,0.00024673503667880094
967,0,1,967,0.015707801777422578,0.015707801777422578,0.0002467350366787999
968,0,1,968,0.0157078017774228,0.01570780177742269,0.00024673503667880684
969,0,1,969,0.015707801777422606,0.015707801777422606,0.0002467350366788008
970,0,1,970,0.015707801777422415,0.01570780177742239,0.00024673503667879476
971,0,0,971,0.015707801777422523,0.01570780177742247,0.00024673503667879817
972,0,0,972,0.015707801777422613,0.015707801777422595,0.00024673503667880094
973,0,0,973,0.015707801777422523,0.015707801777422474,0.00024673503667879817
974,0,0,974,0.01570780177742273,0.015707801777422693,0.0002467350366788046
975,0,0,975,0.015707801777422564,0.01570780177742256,0.0002467350366787994
976,0,1,976,0.015707801777422585,0.01570780177742256,0.0002467350366788001
977,0,1,977,0.01570780177742261,0.01570780177742258,0.0002467350366788009
978,0,1,978,0.01570780177742261,0.01570780177742261,0.0002467350366788009
979,0,1,979,0.015707801777422616,0.015707801777422616,0.0002467350366788011
980,0,1,980,0.01570780177742259,0.015707801777422512,0.0002467350366788002
981,0,0,981,0.015707801777422738,0.015707801777422727,0.0002467350366788049
982,0,0,982,0.015707801777422665,0.015707801777422658,0.0002467350366788026
983,0,1,983,0.015707801777422734,0.015707801777422734,0.00024673503667880484
984,0,1,984,0.015707801777422606,0.015707801777422606,0.00024673503667880077
985,0,0,985,0.015707801777422516,0.015707801777422516,0.00024673503667879795
986,0,1,986,0.015707801777422647,0.015707801777422647,0.0002467350366788021
987,0,0,987,0.015707801777422568,0.015707801777422536,0.0002467350366787995
988,0,0,988,0.015707801777422523,0.015707801777422502,0.0002467350366787981
989,0,0,989,0.01570780177742269,0.01570780177742268,0.0002467350366788033
990,0,0,990,0.015707801777422536,0.015707801777422536,0.0002467350366787986
991,0,1,991,0.0157078017774227,0.0157078017774227,0.00024673503667880375
992,0,1,992,0.015707801777422634,0.015707801777422634,0.00024673503667880164
993,0,0,993,0.015707801777422592,0.015707801777422592,0.00024673503667880034
994,0,1,994,0.01570780177742265,0.01570780177742259,0.00024673503667880224
995,0,1,995,0.015707801777422665,0.015707801777422665,0.0002467350366788027
996,0,0,996,0.015707801777422575,0.015707801777422575,0.00024673503667879974
997,0,1,997,0.01570780177742268,0.015707801777422675,0.00024673503667880305
998,0,0,998,0.015707801777422765,0.015707801777422765,0.00024673503667880576
999,0,1,999,0.015707801777422675,0.015707801777422578,0.00024673503667880294
