,Layer,Qubit,Run,2-Norm,Trace Norm,Diamond Norm
0,0,1,0,0.0031415913616618385,0.003141591361661807,9.869596283668285e-06
1,0,1,1,0.003141591361661542,0.003141591361661542,9.86959628366642e-06
2,0,1,2,0.0031415913616615635,0.0031415913616615635,9.869596283666559e-06
3,0,0,3,0.003141591361661683,0.003141591361661683,9.869596283667304e-06
4,0,1,4,0.0031415913616617765,0.0031415913616617574,9.869596283667894e-06
5,0,1,5,0.003141591361661815,0.003141591361661815,9.869596283668138e-06
6,0,1,6,0.003141591361661701,0.003141591361661649,9.86959628366742e-06
7,0,0,7,0.0031415913616615913,0.0031415913616615085,9.86959628366673e-06
8,0,1,8,0.0031415913616617826,0.00314159136166175,9.869596283667933e-06
9,0,0,9,0.0031415913616616247,0.0031415913616616247,9.86959628366694e-06
10,0,1,10,0.0031415913616618233,0.0031415913616618233,9.869596283668187e-06
11,0,0,11,0.0031415913616617535,0.003141591361661637,9.869596283667751e-06
12,0,1,12,0.0031415913616617865,0.0031415913616617487,9.869596283667958e-06
13,0,1,13,0.0031415913616617734,0.0031415913616617734,9.869596283667873e-06
14,0,0,14,0.0031415913616618034,0.0031415913616617305,9.869596283668065e-06
15,0,0,15,0.003141591361661658,0.0031415913616615913,9.869596283667152e-06
16,0,0,16,0.0031415913616619413,0.003141591361661831,9.869596283668929e-06
17,0,1,17,0.0031415913616618333,0.0031415913616618333,9.869596283668254e-06
18,0,1,18,0.0031415913616617782,0.0031415913616617782,9.869596283667907e-06
19,0,0,19,0.003141591361661782,0.0031415913616617227,9.869596283667931e-06
20,0,0,20,0.003141591361661534,0.003141591361661534,9.869596283666372e-06
21,0,1,21,0.0031415913616618034,0.0031415913616618034,9.869596283668065e-06
22,0,0,22,0.0031415913616618225,0.0031415913616618107,9.869596283668183e-06
23,0,0,23,0.0031415913616616277,0.0031415913616616017,9.86959628366696e-06
24,0,0,24,0.003141591361661784,0.003141591361661784,9.869596283667943e-06
25,0,0,25,0.0031415913616617557,0.0031415913616617557,9.869596283667763e-06
26,0,1,26,1.9999975325994073,1.9999975325994068,9.869596283668043e-06
27,0,1,27,0.0031415913616615896,0.0031415913616615896,9.869596283666723e-06
28,0,0,28,0.0031415913616616737,0.0031415913616616147,9.869596283667248e-06
29,0,1,29,0.0031415913616615787,0.0031415913616615262,9.869596283666654e-06
30,0,1,30,0.003141591361661784,0.0031415913616617175,9.869596283667941e-06
31,0,0,31,0.003141591361661786,0.0031415913616617817,9.869596283667953e-06
32,0,1,32,0.003141591361661567,0.003141591361661567,9.869596283666577e-06
33,0,0,33,0.0031415913616615865,0.0031415913616615865,9.869596283666698e-06
34,0,0,34,0.003141591361661504,0.003141591361661504,9.869596283666184e-06
35,0,1,35,0.003141591361661621,0.003141591361661566,9.869596283666916e-06
36,0,1,36,0.003141591361661964,0.003141591361661938,9.869596283669071e-06
37,0,1,37,0.0031415913616617674,0.003141591361661725,9.869596283667836e-06
38,0,0,38,0.003141591361661884,0.0031415913616617895,9.86959628366857e-06
39,0,0,39,0.003141591361661699,0.003141591361661644,9.869596283667407e-06
40,0,0,40,0.0031415913616615917,0.003141591361661516,9.869596283666733e-06
41,0,0,41,0.00314159136166176,0.00314159136166176,9.86959628366779e-06
42,0,0,42,0.003141591361661612,0.0031415913616615705,9.86959628366686e-06
43,0,0,43,0.0031415913616617535,0.0031415913616617535,9.869596283667751e-06
44,0,1,44,0.003141591361661622,0.0031415913616615367,9.869596283666925e-06
45,0,0,45,0.0031415913616617444,0.0031415913616617327,9.869596283667692e-06
46,0,0,46,0.0031415913616615354,0.0031415913616615354,9.869596283666379e-06
47,0,0,47,0.0031415913616616234,0.003141591361661536,9.869596283666933e-06
48,0,1,48,0.003141591361661824,0.0031415913616618107,9.869596283668195e-06
49,0,0,49,0.0031415913616615557,0.0031415913616615557,9.86959628366651e-06
50,0,1,50,0.003141591361661619,0.003141591361661619,9.869596283666906e-06
51,0,0,51,0.0031415913616616,0.0031415913616616,9.869596283666786e-06
52,0,1,52,0.003141591361661821,0.003141591361661818,9.869596283668177e-06
53,0,1,53,0.0031415913616616937,0.0031415913616616937,9.869596283667374e-06
54,0,0,54,0.003141591361661658,0.0031415913616615965,9.86959628366715e-06
55,0,0,55,0.0031415913616618875,0.0031415913616618875,9.869596283668593e-06
56,0,1,56,0.003141591361661841,0.003141591361661812,9.8695962836683e-06
57,0,0,57,0.003141591361661803,0.003141591361661781,9.869596283668061e-06
58,0,0,58,0.0031415913616618294,0.003141591361661801,9.869596283668226e-06
59,0,1,59,0.0031415913616617904,0.0031415913616617904,9.869596283667985e-06
60,0,1,60,0.0031415913616615375,0.0031415913616614495,9.869596283666393e-06
61,0,1,61,0.003141591361661613,0.003141591361661613,9.869596283666867e-06
62,0,0,62,0.003141591361661604,0.003141591361661604,9.869596283666811e-06
63,0,0,63,0.003141591361661559,0.003141591361661529,9.86959628366653e-06
64,0,0,64,0.0031415913616615982,0.0031415913616615982,9.869596283666772e-06
65,0,0,65,0.003141591361661598,0.003141591361661598,9.869596283666774e-06
66,0,0,66,0.0031415913616618255,0.003141591361661825,9.869596283668202e-06
67,0,0,67,0.0031415913616618927,0.0031415913616617314,9.869596283668622e-06
68,0,0,68,0.003141591361661826,0.00314159136166176,9.869596283668204e-06
69,0,0,69,0.003141591361661556,0.0031415913616615215,9.869596283666508e-06
70,0,1,70,0.00314159136166183,0.003141591361661794,9.869596283668229e-06
71,0,0,71,0.003141591361661815,0.0031415913616618055,9.86959628366814e-06
72,0,1,72,0.0031415913616616425,0.0031415913616616425,9.869596283667052e-06
73,0,1,73,0.003141591361661812,0.003141591361661812,9.869596283668119e-06
74,0,1,74,0.00314159136166184,0.00314159136166184,9.86959628366829e-06
75,0,1,75,0.003141591361661499,0.003141591361661422,9.869596283666152e-06
76,0,1,76,0.0031415913616618597,0.0031415913616618597,9.869596283668417e-06
77,0,0,77,0.003141591361661785,0.003141591361661785,9.869596283667948e-06
78,0,1,78,0.0031415913616617604,0.003141591361661729,9.869596283667794e-06
79,0,1,79,0.003141591361661585,0.0031415913616615766,9.869596283666689e-06
80,0,1,80,0.003141591361661618,0.003141591361661618,9.8695962836669e-06
81,0,0,81,0.0031415913616617153,0.0031415913616616876,9.86959628366751e-06
82,0,1,82,0.003141591361661601,0.0031415913616615935,9.869596283666787e-06
83,0,0,83,0.003141591361661592,0.00314159136166153,9.869596283666735e-06
84,0,1,84,0.003141591361661753,0.0031415913616617513,9.869596283667746e-06
85,0,0,85,0.0031415913616615384,0.0031415913616615384,9.869596283666398e-06
86,0,1,86,0.003141591361661674,0.003141591361661674,9.86959628366725e-06
87,0,0,87,0.0031415913616615887,0.0031415913616615796,9.869596283666713e-06
88,0,0,88,0.003141591361661809,0.003141591361661809,9.869596283668099e-06
89,0,0,89,0.003141591361661824,0.003141591361661824,9.869596283668197e-06
90,0,0,90,0.003141591361661645,0.0031415913616616446,9.869596283667069e-06
91,0,1,91,0.003141591361661618,0.003141591361661618,9.869596283666901e-06
92,0,1,92,0.0031415913616617995,0.003141591361661771,9.86959628366804e-06
93,0,0,93,0.0031415913616614963,0.0031415913616614963,9.869596283666135e-06
94,0,0,94,0.003141591361661566,0.003141591361661566,9.869596283666572e-06
95,0,0,95,0.003141591361661538,0.003141591361661538,9.869596283666398e-06
96,0,1,96,0.0031415913616618368,0.0031415913616618368,9.869596283668275e-06
97,0,1,97,0.0031415913616618866,0.0031415913616617943,9.869596283668586e-06
98,0,1,98,0.003141591361661792,0.0031415913616616425,9.869596283667992e-06
99,0,0,99,0.0031415913616618107,0.0031415913616618107,9.869596283668109e-06
100,0,1,100,0.0031415913616618736,0.0031415913616618736,9.869596283668505e-06
101,0,1,101,0.0031415913616618233,0.0031415913616618233,9.869596283668188e-06
102,0,0,102,0.003141591361661844,0.00314159136166175,9.869596283668319e-06
103,0,0,103,0.003141591361661798,0.003141591361661798,9.869596283668029e-06
104,0,0,104,0.003141591361661793,0.003141591361661793,9.869596283667997e-06
105,0,1,105,0.0031415913616617314,0.0031415913616617084,9.869596283667612e-06
106,0,1,106,0.0031415913616616034,0.0031415913616615176,9.869596283666806e-06
107,0,0,107,0.003141591361661939,0.003141591361661939,9.869596283668917e-06
108,0,0,108,0.0031415913616617175,0.003141591361661715,9.869596283667524e-06
109,0,1,109,0.003141591361661797,0.003141591361661797,9.86959628366802e-06
110,0,0,110,0.0031415913616618385,0.003141591361661672,9.869596283668285e-06
111,0,1,111,0.0031415913616617995,0.003141591361661734,9.869596283668038e-06
112,0,0,112,0.0031415913616616195,0.0031415913616616026,9.869596283666908e-06
113,0,0,113,0.0031415913616618485,0.0031415913616618485,9.869596283668346e-06
114,0,1,114,0.003141591361661649,0.003141591361661649,9.86959628366709e-06
115,0,1,115,0.0031415913616617747,0.0031415913616617747,9.869596283667885e-06
116,0,0,116,0.0031415913616615635,0.0031415913616615635,9.869596283666557e-06
117,0,0,117,0.0031415913616619205,0.0031415913616619205,9.8695962836688e-06
118,0,1,118,0.0031415913616615375,0.0031415913616615375,9.869596283666391e-06
119,0,1,119,0.0031415913616616316,0.003141591361661511,9.869596283666986e-06
120,0,1,120,0.0031415913616617604,0.0031415913616617604,9.869596283667792e-06
121,0,0,121,0.0031415913616617704,0.0031415913616617704,9.869596283667858e-06
122,0,1,122,0.0031415913616617253,0.0031415913616617253,9.869596283667575e-06
123,0,0,123,0.003141591361661777,0.00314159136166175,9.869596283667897e-06
124,0,1,124,0.003141591361661808,0.003141591361661808,9.869596283668095e-06
125,0,0,125,0.003141591361661855,0.003141591361661855,9.869596283668387e-06
126,0,1,126,0.003141591361661872,0.003141591361661872,9.869596283668493e-06
127,0,1,127,0.00314159136166185,0.00314159136166185,9.869596283668358e-06
128,0,1,128,0.00314159136166184,0.00314159136166184,9.869596283668293e-06
129,0,1,129,0.0031415913616617878,0.0031415913616617878,9.869596283667965e-06
130,0,1,130,0.0031415913616617986,0.0031415913616617986,9.86959628366803e-06
131,0,1,131,0.003141591361661578,0.0031415913616615315,9.869596283666647e-06
132,0,1,132,0.003141591361661784,0.003141591361661784,9.869596283667943e-06
133,0,1,133,0.003141591361661571,0.003141591361661439,9.869596283666603e-06
134,0,1,134,0.0031415913616615297,0.0031415913616614647,9.869596283666344e-06
135,0,1,135,0.0031415913616618207,0.0031415913616618207,9.869596283668173e-06
136,0,1,136,0.0031415913616616134,0.0031415913616616134,9.869596283666869e-06
137,0,1,137,0.003141591361661807,0.003141591361661807,9.869596283668085e-06
138,0,1,138,0.0031415913616617565,0.003141591361661662,9.869596283667768e-06
139,0,0,139,0.0031415913616615735,0.0031415913616615262,9.869596283666618e-06
140,0,0,140,0.0031415913616618246,0.0031415913616617804,9.869596283668195e-06
141,0,1,141,0.003141591361661779,0.003141591361661779,9.869596283667912e-06
142,0,1,142,0.003141591361661819,0.003141591361661805,9.869596283668163e-06
143,0,1,143,0.003141591361661739,0.0031415913616617106,9.869596283667662e-06
144,0,1,144,0.0031415913616617695,0.003141591361661762,9.869596283667853e-06
145,0,0,145,0.003141591361661849,0.003141591361661849,9.869596283668348e-06
146,0,0,146,0.0031415913616618767,0.003141591361661787,9.869596283668522e-06
147,0,0,147,0.003141591361661559,0.0031415913616615475,9.86959628366653e-06
148,0,0,148,0.003141591361661621,0.003141591361661608,9.869596283666916e-06
149,0,0,149,0.0031415913616616173,0.0031415913616615254,9.869596283666894e-06
150,0,0,150,0.003141591361661794,0.003141591361661794,9.869596283668005e-06
151,0,0,151,0.0031415913616617817,0.003141591361661729,9.869596283667926e-06
152,0,0,152,0.0031415913616617756,0.0031415913616617756,9.869596283667887e-06
153,0,0,153,0.0031415913616617774,0.003141591361661745,9.8695962836679e-06
154,0,1,154,0.003141591361661747,0.003141591361661747,9.869596283667707e-06
155,0,0,155,0.0031415913616618094,0.0031415913616618094,9.869596283668104e-06
156,0,1,156,0.0031415913616615835,0.0031415913616615835,9.869596283666679e-06
157,0,0,157,0.0031415913616616134,0.0031415913616616134,9.869596283666874e-06
158,0,1,158,0.003141591361661623,0.0031415913616615544,9.869596283666931e-06
159,0,1,159,0.003141591361661641,0.003141591361661565,9.869596283667045e-06
160,0,0,160,0.0031415913616615666,0.0031415913616615666,9.869596283666576e-06
161,0,1,161,0.0031415913616617986,0.003141591361661788,9.869596283668034e-06
162,0,0,162,0.0031415913616618762,0.0031415913616618762,9.86959628366852e-06
163,0,1,163,0.0031415913616617695,0.0031415913616617695,9.86959628366785e-06
164,0,0,164,0.003141591361661772,0.0031415913616617587,9.869596283667868e-06
165,0,0,165,0.0031415913616618107,0.003141591361661802,9.86959628366811e-06
166,0,1,166,0.003141591361661772,0.0031415913616617695,9.869596283667868e-06
167,0,0,167,0.0031415913616618272,0.0031415913616617878,9.869596283668212e-06
168,0,1,168,0.003141591361661777,0.003141591361661777,9.869596283667899e-06
169,0,1,169,0.003141591361661576,0.003141591361661568,9.869596283666637e-06
170,0,1,170,0.003141591361661597,0.003141591361661597,9.869596283666765e-06
171,0,0,171,0.0031415913616615098,0.0031415913616614855,9.86959628366622e-06
172,0,0,172,0.003141591361661714,0.003141591361661714,9.869596283667506e-06
173,0,1,173,0.003141591361661794,0.003141591361661794,9.869596283668004e-06
174,0,0,174,0.0031415913616617973,0.0031415913616617973,9.869596283668024e-06
175,0,1,175,0.0031415913616617956,0.0031415913616617873,9.869596283668016e-06
176,0,1,176,0.0031415913616616477,0.0031415913616616477,9.869596283667086e-06
177,0,0,177,0.003141591361661795,0.0031415913616617947,9.86959628366801e-06
178,0,1,178,0.0031415913616618103,0.003141591361661794,9.869596283668107e-06
179,0,1,179,0.0031415913616615033,0.0031415913616615033,9.869596283666178e-06
180,0,1,180,0.0031415913616615583,0.0031415913616615236,9.869596283666523e-06
181,0,1,181,0.0031415913616617613,0.0031415913616617613,9.869596283667799e-06
182,0,1,182,0.003141591361661737,0.003141591361661717,9.869596283667646e-06
183,0,0,183,0.0031415913616616295,0.0031415913616615445,9.869596283666967e-06
184,0,1,184,0.003141591361661508,0.003141591361661433,9.869596283666208e-06
185,0,0,185,0.0031415913616618563,0.0031415913616617973,9.869596283668397e-06
186,0,1,186,0.0031415913616615783,0.0031415913616615783,9.86959628366665e-06
187,0,1,187,0.0031415913616616997,0.0031415913616617,9.869596283667414e-06
188,0,0,188,0.003141591361661629,0.003141591361661629,9.869596283666967e-06
189,0,1,189,0.0031415913616617774,0.0031415913616617717,9.8695962836679e-06
190,0,0,190,0.003141591361661875,0.0031415913616618055,9.869596283668514e-06
191,0,0,191,0.00314159136166163,0.00314159136166163,9.869596283666974e-06
192,0,1,192,0.0031415913616617726,0.0031415913616617726,9.86959628366787e-06
193,0,1,193,0.0031415913616615974,0.0031415913616615974,9.86959628366677e-06
194,0,1,194,0.00314159136166154,0.0031415913616615345,9.86959628366641e-06
195,0,0,195,0.003141591361661822,0.003141591361661822,9.86959628366818e-06
196,0,1,196,0.0031415913616615982,0.0031415913616615982,9.869596283666777e-06
197,0,0,197,0.0031415913616618207,0.0031415913616617804,9.869596283668171e-06
198,0,1,198,0.0031415913616615575,0.0031415913616615228,9.869596283666516e-06
199,0,1,199,0.0031415913616617405,0.0031415913616616247,9.869596283667667e-06
200,0,0,200,0.003141591361661882,0.0031415913616618736,9.869596283668556e-06
201,0,0,201,0.003141591361661678,0.003141591361661677,9.869596283667274e-06
202,0,1,202,0.003141591361661802,0.0031415913616616915,9.869596283668055e-06
203,0,0,203,0.0031415913616618376,0.0031415913616618376,9.869596283668278e-06
204,0,0,204,0.0031415913616617383,0.0031415913616617214,9.869596283667656e-06
205,0,1,205,0.0031415913616617782,0.0031415913616617266,9.869596283667905e-06
206,0,1,206,0.003141591361661767,0.0031415913616617158,9.869596283667831e-06
207,0,1,207,0.0031415913616618407,0.0031415913616618194,9.869596283668297e-06
208,0,1,208,0.00314159136166163,0.0031415913616616212,9.869596283666974e-06
209,0,0,209,0.003141591361661573,0.0031415913616615727,9.869596283666616e-06
210,0,1,210,0.0031415913616615826,0.0031415913616615826,9.869596283666676e-06
211,0,1,211,0.003141591361661668,0.003141591361661668,9.869596283667214e-06
212,0,0,212,0.0031415913616615627,0.0031415913616614157,9.869596283666552e-06
213,0,1,213,0.0031415913616618233,0.0031415913616618233,9.869596283668188e-06
214,0,0,214,0.003141591361661785,0.003141591361661785,9.86959628366795e-06
215,0,0,215,0.0031415913616617734,0.0031415913616617734,9.869596283667875e-06
216,0,1,216,0.0031415913616617747,0.0031415913616617747,9.869596283667883e-06
217,0,1,217,0.0031415913616616073,0.0031415913616616073,9.869596283666833e-06
218,0,1,218,0.0031415913616617474,0.0031415913616617127,9.869596283667712e-06
219,0,1,219,0.0031415913616615766,0.0031415913616614837,9.869596283666638e-06
220,0,0,220,0.003141591361661875,0.003141591361661875,9.869596283668512e-06
221,0,1,221,0.0031415913616618797,0.0031415913616617925,9.869596283668542e-06
222,0,1,222,0.003141591361661873,0.003141591361661842,9.869596283668502e-06
223,0,1,223,0.0031415913616618047,0.0031415913616617843,9.86959628366807e-06
224,0,0,224,0.003141591361661564,0.003141591361661564,9.869596283666559e-06
225,0,0,225,0.0031415913616618216,0.0031415913616617886,9.869596283668177e-06
226,0,1,226,0.0031415913616617557,0.0031415913616617513,9.869596283667763e-06
227,0,1,227,0.003141591361661546,0.003141591361661546,9.869596283666449e-06
228,0,1,228,0.003141591361661636,0.0031415913616615475,9.869596283667011e-06
229,0,0,229,0.0031415913616615727,0.0031415913616614183,9.869596283666615e-06
230,0,1,230,0.0031415913616618073,0.0031415913616618073,9.869596283668085e-06
231,0,0,231,0.003141591361661822,0.0031415913616617626,9.86959628366818e-06
232,0,1,232,0.003141591361661932,0.003141591361661932,9.869596283668874e-06
233,0,1,233,0.003141591361661536,0.003141591361661536,9.869596283666383e-06
234,0,1,234,0.0031415913616616225,0.003141591361661611,9.869596283666926e-06
235,0,1,235,0.0031415913616618563,0.003141591361661741,9.869596283668397e-06
236,0,0,236,0.0031415913616617904,0.0031415913616617904,9.869596283667983e-06
237,0,1,237,0.0031415913616617934,0.0031415913616617934,9.869596283668002e-06
238,0,1,238,0.003141591361661813,0.003141591361661798,9.869596283668124e-06
239,0,0,239,0.0031415913616617817,0.0031415913616617817,9.869596283667927e-06
240,0,0,240,0.003141591361661788,0.003141591361661722,9.869596283667968e-06
241,0,1,241,0.0031415913616615514,0.003141591361661513,9.86959628366648e-06
242,0,0,242,0.0031415913616615935,0.0031415913616615935,9.869596283666747e-06
243,0,0,243,0.0031415913616615406,0.003141591361661461,9.869596283666411e-06
244,0,1,244,0.0031415913616618064,0.003141591361661757,9.869596283668082e-06
245,0,1,245,0.0031415913616615414,0.0031415913616615397,9.869596283666416e-06
246,0,0,246,0.003141591361661773,0.003141591361661773,9.869596283667875e-06
247,0,1,247,0.0031415913616618194,0.003141591361661747,9.869596283668165e-06
248,0,1,248,0.0031415913616615818,0.0031415913616615818,9.86959628366667e-06
249,0,0,249,0.003141591361661793,0.0031415913616617886,9.869596283667997e-06
250,0,0,250,0.00314159136166164,0.0031415913616616113,9.869596283667036e-06
251,0,0,251,0.0031415913616618684,0.0031415913616618524,9.869596283668471e-06
252,0,0,252,0.0031415913616616624,0.0031415913616616342,9.869596283667179e-06
253,0,1,253,0.00314159136166183,0.00314159136166183,9.869596283668227e-06
254,0,1,254,0.003141591361661719,0.003141591361661719,9.869596283667531e-06
255,0,0,255,0.0031415913616615826,0.003141591361661522,9.869596283666676e-06
256,0,0,256,0.0031415913616617873,0.0031415913616617873,9.869596283667963e-06
257,0,1,257,0.0031415913616616425,0.0031415913616616433,9.869596283667055e-06
258,0,1,258,0.003141591361661729,0.003141591361661729,9.869596283667599e-06
259,0,0,259,0.0031415913616618706,0.0031415913616618706,9.869596283668488e-06
260,0,0,260,0.00314159136166189,0.0031415913616618042,9.869596283668607e-06
261,0,1,261,0.0031415913616618485,0.0031415913616618485,9.869596283668348e-06
262,0,0,262,0.0031415913616618264,0.0031415913616618264,9.869596283668209e-06
263,0,0,263,0.0031415913616615002,0.003141591361661478,9.869596283666157e-06
264,0,1,264,0.003141591361661755,0.0031415913616617357,9.869596283667758e-06
265,0,0,265,0.003141591361661544,0.003141591361661544,9.869596283666433e-06
266,0,1,266,0.003141591361661836,0.0031415913616617414,9.869596283668263e-06
267,0,1,267,0.003141591361661593,0.003141591361661581,9.869596283666742e-06
268,0,0,268,0.003141591361661844,0.003141591361661844,9.86959628366832e-06
269,0,0,269,0.003141591361661836,0.003141591361661833,9.869596283668268e-06
270,0,1,270,0.003141591361661713,0.003141591361661713,9.869596283667499e-06
271,0,1,271,0.003141591361661548,0.0031415913616615475,9.869596283666459e-06
272,0,1,272,0.0031415913616616143,0.003141591361661539,9.869596283666875e-06
273,0,0,273,0.0031415913616617513,0.0031415913616617023,9.869596283667734e-06
274,0,1,274,0.0031415913616617977,0.0031415913616617648,9.869596283668029e-06
275,0,1,275,0.0031415913616615982,0.003141591361661567,9.869596283666774e-06
276,0,0,276,0.003141591361661749,0.003141591361661745,9.869596283667723e-06
277,0,0,277,0.003141591361661801,0.003141591361661801,9.86959628366805e-06
278,0,1,278,0.0031415913616618845,0.00314159136166182,9.869596283668573e-06
279,0,1,279,0.0031415913616617617,0.0031415913616617617,9.869596283667799e-06
280,0,0,280,0.003141591361661906,0.0031415913616618537,9.869596283668707e-06
281,0,1,281,0.003141591361661493,0.003141591361661488,9.869596283666111e-06
282,0,1,282,0.0031415913616618606,0.0031415913616618606,9.869596283668424e-06
283,0,1,283,0.0031415913616617843,0.0031415913616617843,9.869596283667944e-06
284,0,0,284,0.0031415913616618584,0.0031415913616617427,9.869596283668409e-06
285,0,1,285,0.0031415913616618194,0.003141591361661768,9.869596283668165e-06
286,0,1,286,0.0031415913616618255,0.0031415913616617483,9.869596283668202e-06
287,0,1,287,0.003141591361661849,0.003141591361661849,9.86959628366835e-06
288,0,0,288,0.0031415913616615813,0.0031415913616615813,9.869596283666669e-06
289,0,1,289,0.003141591361661598,0.003141591361661598,9.86959628366677e-06
290,0,1,290,0.0031415913616618506,0.0031415913616618394,9.86959628366836e-06
291,0,0,291,0.0031415913616618303,0.003141591361661789,9.869596283668234e-06
292,0,1,292,0.003141591361661849,0.003141591361661849,9.86959628366835e-06
293,0,0,293,0.0031415913616618186,0.0031415913616617817,9.869596283668158e-06
294,0,1,294,0.003141591361661721,0.0031415913616617192,9.869596283667545e-06
295,0,0,295,0.0031415913616618016,0.0031415913616617956,9.869596283668053e-06
296,0,1,296,0.0031415913616615475,0.003141591361661529,9.869596283666455e-06
297,0,0,297,0.003141591361661786,0.003141591361661729,9.869596283667955e-06
298,0,0,298,0.0031415913616618016,0.0031415913616618016,9.869596283668051e-06
299,0,1,299,0.003141591361661574,0.003141591361661521,9.869596283666623e-06
300,0,1,300,0.0031415913616617843,0.0031415913616617643,9.869596283667944e-06
301,0,1,301,0.003141591361661805,0.003141591361661805,9.869596283668073e-06
302,0,1,302,0.0031415913616617943,0.003141591361661795,9.869596283668009e-06
303,0,0,303,0.003141591361661829,0.003141591361661829,9.869596283668224e-06
304,0,0,304,0.003141591361661862,0.003141591361661816,9.869596283668429e-06
305,0,1,305,0.0031415913616617743,0.003141591361661693,9.869596283667882e-06
306,0,0,306,0.00314159136166183,0.003141591361661786,9.86959628366823e-06
307,0,1,307,0.003141591361661756,0.00314159136166175,9.869596283667767e-06
308,0,0,308,0.0031415913616618133,0.0031415913616618133,9.869596283668127e-06
309,0,0,309,0.0031415913616617964,0.0031415913616617964,9.86959628366802e-06
310,0,1,310,0.003141591361661765,0.003141591361661658,9.869596283667824e-06
311,0,0,311,0.003141591361661832,0.003141591361661832,9.86959628366824e-06
312,0,1,312,0.003141591361661514,0.003141591361661468,9.869596283666244e-06
313,0,0,313,0.0031415913616616195,0.003141591361661545,9.869596283666906e-06
314,0,0,314,0.003141591361661851,0.0031415913616618394,9.869596283668361e-06
315,0,0,315,0.0031415913616617717,0.003141591361661743,9.869596283667863e-06
316,0,0,316,0.003141591361661639,0.0031415913616616113,9.869596283667031e-06
317,0,0,317,0.0031415913616618493,0.0031415913616618025,9.869596283668351e-06
318,0,0,318,0.00314159136166184,0.0031415913616617934,9.869596283668292e-06
319,0,0,319,0.003141591361661802,0.003141591361661802,9.869596283668055e-06
320,0,0,320,0.0031415913616618264,0.003141591361661763,9.869596283668207e-06
321,0,0,321,0.0031415913616619174,0.0031415913616619174,9.86959628366878e-06
322,0,1,322,0.0031415913616617813,0.003141591361661773,9.869596283667924e-06
323,0,1,323,0.0031415913616615397,0.0031415913616615397,9.869596283666406e-06
324,0,0,324,0.0031415913616615093,0.003141591361661502,9.869596283666215e-06
325,0,1,325,0.003141591361661555,0.003141591361661555,9.869596283666503e-06
326,0,1,326,0.0031415913616618415,0.0031415913616618415,9.869596283668302e-06
327,0,0,327,0.0031415913616617973,0.0031415913616617973,9.869596283668024e-06
328,0,0,328,0.0031415913616615445,0.0031415913616615445,9.869596283666437e-06
329,0,1,329,0.0031415913616615106,0.0031415913616615106,9.869596283666225e-06
330,0,0,330,0.0031415913616618515,0.0031415913616618446,9.869596283668366e-06
331,0,1,331,0.003141591361661786,0.0031415913616617743,9.869596283667956e-06
332,0,1,332,0.003141591361661788,0.0031415913616617474,9.869596283667966e-06
333,0,0,333,0.003141591361661776,0.003141591361661776,9.869596283667894e-06
334,0,1,334,0.0031415913616618394,0.0031415913616618368,9.86959628366829e-06
335,0,1,335,0.00314159136166179,0.003141591361661778,9.869596283667977e-06
336,0,1,336,0.003141591361661739,0.003141591361661739,9.86959628366766e-06
337,0,0,337,0.00314159136166181,0.00314159136166181,9.869596283668109e-06
338,0,0,338,0.003141591361661808,0.0031415913616617847,9.869596283668094e-06
339,0,0,339,0.0031415913616614877,0.003141591361661487,9.869596283666078e-06
340,0,1,340,0.0031415913616615926,0.003141591361661587,9.869596283666738e-06
341,0,1,341,0.003141591361661847,0.003141591361661847,9.869596283668336e-06
342,0,0,342,0.0031415913616617912,0.00314159136166176,9.869596283667987e-06
343,0,1,343,0.0031415913616618094,0.00314159136166175,9.869596283668102e-06
344,0,0,344,0.003141591361661751,0.003141591361661751,9.869596283667734e-06
345,0,0,345,0.0031415913616615887,0.003141591361661537,9.869596283666715e-06
346,0,1,346,0.0031415913616615683,0.0031415913616615683,9.869596283666587e-06
347,0,0,347,0.003141591361661562,0.003141591361661562,9.869596283666543e-06
348,0,0,348,0.003141591361661571,0.003141591361661571,9.869596283666606e-06
349,0,0,349,0.003141591361661748,0.003141591361661729,9.869596283667716e-06
350,0,1,350,0.0031415913616615427,0.0031415913616615427,9.869596283666427e-06
351,0,1,351,0.0031415913616616286,0.0031415913616616286,9.869596283666967e-06
352,0,1,352,0.003141591361661804,0.003141591361661795,9.869596283668066e-06
353,0,0,353,0.0031415913616615393,0.0031415913616615393,9.869596283666405e-06
354,0,1,354,0.003141591361661817,0.0031415913616616616,9.869596283668146e-06
355,0,1,355,0.003141591361661776,0.003141591361661776,9.869596283667894e-06
356,0,0,356,0.003141591361661523,0.003141591361661523,9.869596283666305e-06
357,0,0,357,0.0031415913616615245,0.0031415913616615245,9.869596283666311e-06
358,0,0,358,0.003141591361661494,0.003141591361661494,9.86959628366612e-06
359,0,1,359,0.0031415913616618055,0.0031415913616618055,9.869596283668078e-06
360,0,0,360,0.003141591361661627,0.003141591361661627,9.869596283666953e-06
361,0,1,361,0.0031415913616618402,0.0031415913616618368,9.869596283668295e-06
362,0,1,362,0.003141591361661783,0.003141591361661783,9.869596283667936e-06
363,0,1,363,0.003141591361661967,0.003141591361661861,9.869596283669091e-06
364,0,0,364,0.003141591361661809,0.0031415913616617847,9.869596283668097e-06
365,0,0,365,0.003141591361661775,0.0031415913616617734,9.869596283667887e-06
366,0,1,366,0.0031415913616615887,0.003141591361661556,9.869596283666715e-06
367,0,0,367,0.0031415913616618593,0.0031415913616618593,9.869596283668417e-06
368,0,1,368,0.003141591361661588,0.003141591361661583,9.869596283666706e-06
369,0,1,369,0.0031415913616618116,0.0031415913616617713,9.869596283668117e-06
370,0,1,370,0.003141591361661848,0.003141591361661848,9.869596283668343e-06
371,0,0,371,0.0031415913616618125,0.0031415913616618125,9.86959628366812e-06
372,0,0,372,0.003141591361661569,0.0031415913616615475,9.869596283666591e-06
373,0,1,373,0.003141591361661559,0.003141591361661559,9.869596283666528e-06
374,0,1,374,0.0031415913616618632,0.0031415913616618632,9.86959628366844e-06
375,0,0,375,0.0031415913616615783,0.0031415913616615033,9.869596283666648e-06
376,0,1,376,0.003141591361661885,0.00314159136166188,9.869596283668575e-06
377,0,1,377,0.0031415913616618463,0.0031415913616618463,9.869596283668336e-06
378,0,1,378,0.003141591361661785,0.003141591361661785,9.86959628366795e-06
379,0,1,379,0.003141591361661843,0.003141591361661843,9.869596283668315e-06
380,0,0,380,0.0031415913616618294,0.003141591361661829,9.869596283668226e-06
381,0,1,381,0.0031415913616616047,0.0031415913616616047,9.869596283666816e-06
382,0,1,382,0.0031415913616617422,0.0031415913616617422,9.86959628366768e-06
383,0,1,383,0.003141591361661604,0.0031415913616615796,9.86959628366681e-06
384,0,1,384,0.003141591361661829,0.0031415913616617765,9.869596283668224e-06
385,0,0,385,0.0031415913616615566,0.003141591361661544,9.86959628366651e-06
386,0,1,386,0.0031415913616617535,0.0031415913616617535,9.86959628366775e-06
387,0,0,387,0.0031415913616617747,0.0031415913616617565,9.869596283667883e-06
388,0,0,388,0.00314159136166178,0.0031415913616617626,9.869596283667916e-06
389,0,0,389,0.003141591361661872,0.003141591361661729,9.869596283668495e-06
390,0,1,390,0.003141591361661559,0.003141591361661514,9.869596283666528e-06
391,0,0,391,0.0031415913616617656,0.0031415913616617656,9.869596283667826e-06
392,0,1,392,0.003141591361661713,0.003141591361661713,9.869596283667497e-06
393,0,1,393,0.00314159136166154,0.00314159136166154,9.869596283666408e-06
394,0,1,394,0.003141591361661552,0.003141591361661552,9.869596283666484e-06
395,0,0,395,0.003141591361661824,0.003141591361661824,9.869596283668193e-06
396,0,0,396,0.00314159136166162,0.003141591361661566,9.869596283666911e-06
397,0,1,397,0.0031415913616617453,0.0031415913616616915,9.869596283667697e-06
398,0,0,398,0.0031415913616618077,0.0031415913616618077,9.869596283668094e-06
399,0,0,399,0.0031415913616618307,0.0031415913616618303,9.869596283668236e-06
400,0,1,400,0.003141591361661603,0.0031415913616615783,9.869596283666803e-06
401,0,1,401,0.003141591361661625,0.003141591361661625,9.869596283666943e-06
402,0,0,402,0.003141591361661625,0.003141591361661625,9.869596283666945e-06
403,0,0,403,0.0031415913616618155,0.0031415913616618155,9.86959628366814e-06
404,0,1,404,0.0031415913616617487,0.0031415913616617487,9.869596283667719e-06
405,0,1,405,0.003141591361661582,0.003141591361661582,9.869596283666672e-06
406,0,0,406,0.003141591361661771,0.0031415913616617344,9.869596283667858e-06
407,0,1,407,0.0031415913616617895,0.003141591361661737,9.869596283667973e-06
408,0,0,408,0.0031415913616615588,0.0031415913616615588,9.86959628366653e-06
409,0,0,409,0.003141591361661827,0.003141591361661827,9.86959628366821e-06
410,0,0,410,0.003141591361661615,0.003141591361661615,9.86959628366688e-06
411,0,0,411,0.0031415913616615865,0.0031415913616615865,9.869596283666701e-06
412,0,1,412,0.0031415913616616884,0.0031415913616616884,9.869596283667343e-06
413,0,1,413,0.0031415913616618146,0.0031415913616617917,9.869596283668132e-06
414,0,1,414,0.0031415913616617964,0.0031415913616617192,9.86959628366802e-06
415,0,1,415,0.003141591361661772,0.0031415913616617557,9.869596283667868e-06
416,0,0,416,0.003141591361661528,0.0031415913616615063,9.869596283666332e-06
417,0,1,417,0.0031415913616615805,0.0031415913616615805,9.869596283666665e-06
418,0,0,418,0.003141591361661676,0.003141591361661676,9.869596283667262e-06
419,0,0,419,0.0031415913616618034,0.0031415913616617643,9.869596283668063e-06
420,0,1,420,0.003141591361661706,0.003141591361661706,9.869596283667451e-06
421,0,0,421,0.003141591361661784,0.003141591361661784,9.86959628366794e-06
422,0,1,422,0.0031415913616617895,0.003141591361661775,9.869596283667975e-06
423,0,1,423,0.003141591361661565,0.0031415913616615297,9.869596283666565e-06
424,0,0,424,0.0031415913616617353,0.0031415913616617353,9.869596283667638e-06
425,0,1,425,0.0031415913616617847,0.0031415913616617518,9.869596283667946e-06
426,0,1,426,0.0031415913616616798,0.0031415913616616798,9.869596283667285e-06
427,0,1,427,0.0031415913616618485,0.0031415913616618485,9.869596283668346e-06
428,0,0,428,0.003141591361661562,0.00314159136166149,9.869596283666547e-06
429,0,0,429,0.003141591361661822,0.003141591361661822,9.869596283668183e-06
430,0,1,430,0.003141591361661866,0.0031415913616617986,9.869596283668456e-06
431,0,1,431,0.0031415913616616204,0.003141591361661621,9.869596283666914e-06
432,0,0,432,0.003141591361661535,0.003141591361661535,9.869596283666374e-06
433,0,1,433,0.0031415913616618663,0.0031415913616618034,9.86959628366846e-06
434,0,1,434,0.003141591361661791,0.003141591361661765,9.869596283667983e-06
435,0,0,435,0.003141591361661793,0.003141591361661793,9.869596283667999e-06
436,0,1,436,0.0031415913616617826,0.0031415913616617826,9.869596283667933e-06
437,0,1,437,0.0031415913616615904,0.0031415913616615904,9.869596283666723e-06
438,0,0,438,0.00314159136166181,0.003141591361661766,9.869596283668104e-06
439,0,1,439,0.003141591361661824,0.0031415913616617713,9.869596283668193e-06
440,0,0,440,0.003141591361661567,0.003141591361661565,9.869596283666579e-06
441,0,1,441,0.0031415913616615605,0.0031415913616615605,9.869596283666538e-06
442,0,0,442,0.0031415913616616086,0.0031415913616616086,9.86959628366684e-06
443,0,0,443,0.0031415913616615614,0.003141591361661537,9.869596283666543e-06
444,0,0,444,0.0031415913616617726,0.0031415913616617726,9.86959628366787e-06
445,0,1,445,0.003141591361661555,0.003141591361661555,9.869596283666501e-06
446,0,0,446,0.003141591361661678,0.003141591361661655,9.869596283667275e-06
447,0,0,447,0.0031415913616615943,0.0031415913616615943,9.869596283666748e-06
448,0,1,448,0.003141591361661812,0.003141591361661812,9.869596283668117e-06
449,0,1,449,0.0031415913616618454,0.0031415913616618454,9.86959628366833e-06
450,0,0,450,0.003141591361661556,0.0031415913616615458,9.86959628366651e-06
451,0,1,451,0.0031415913616617995,0.00314159136166177,9.86959628366804e-06
452,0,0,452,0.003141591361661764,0.003141591361661714,9.869596283667817e-06
453,0,1,453,0.0031415913616615024,0.0031415913616614772,9.86959628366617e-06
454,0,1,454,0.0031415913616616386,0.0031415913616616386,9.86959628366703e-06
455,0,0,455,0.0031415913616615414,0.0031415913616614903,9.869596283666418e-06
456,0,0,456,0.003141591361661608,0.003141591361661546,9.869596283666838e-06
457,0,1,457,0.003141591361661913,0.003141591361661913,9.869596283668754e-06
458,0,1,458,0.003141591361661759,0.0031415913616617574,9.869596283667787e-06
459,0,0,459,0.0031415913616617062,0.0031415913616616785,9.869596283667453e-06
460,0,1,460,0.003141591361661579,0.003141591361661579,9.869596283666655e-06
461,0,1,461,0.0031415913616618914,0.0031415913616618914,9.869596283668617e-06
462,0,0,462,0.0031415913616615887,0.0031415913616615887,9.869596283666716e-06
463,0,0,463,0.003141591361661772,0.003141591361661771,9.869596283667865e-06
464,0,1,464,0.003141591361661881,0.003141591361661878,9.869596283668553e-06
465,0,0,465,0.003141591361661557,0.003141591361661496,9.869596283666515e-06
466,0,1,466,1.999997532599407,1.999997532599407,9.86959628366825e-06
467,0,1,467,0.0031415913616617535,0.003141591361661748,9.869596283667748e-06
468,0,0,468,0.0031415913616615627,0.0031415913616615627,9.869596283666552e-06
469,0,1,469,0.0031415913616614707,0.003141591361661428,9.869596283665973e-06
470,0,0,470,0.0031415913616617327,0.0031415913616617327,9.86959628366762e-06
471,0,0,471,0.0031415913616617474,0.0031415913616617474,9.869596283667716e-06
472,0,0,472,0.0031415913616616564,0.0031415913616616564,9.86959628366714e-06
473,0,0,473,0.0031415913616617617,0.003141591361661719,9.869596283667802e-06
474,0,1,474,0.0031415913616615384,0.003141591361661487,9.869596283666401e-06
475,0,1,475,0.003141591361661794,0.003141591361661778,9.869596283668002e-06
476,0,1,476,0.003141591361661749,0.0031415913616617405,9.869596283667723e-06
477,0,1,477,0.003141591361661733,0.0031415913616616564,9.869596283667621e-06
478,0,0,478,0.0031415913616615696,0.0031415913616615696,9.869596283666598e-06
479,0,0,479,0.003141591361661779,0.0031415913616617552,9.86959628366791e-06
480,0,0,480,0.0031415913616616403,0.003141591361661578,9.869596283667038e-06
481,0,0,481,0.003141591361661812,0.003141591361661812,9.869596283668119e-06
482,0,1,482,0.003141591361661644,0.0031415913616616004,9.869596283667064e-06
483,0,1,483,0.0031415913616616472,0.0031415913616616472,9.869596283667082e-06
484,0,0,484,0.0031415913616617604,0.0031415913616617604,9.869596283667795e-06
485,0,1,485,0.0031415913616616156,0.0031415913616616156,9.869596283666882e-06
486,0,0,486,0.0031415913616615622,0.0031415913616615527,9.869596283666549e-06
487,0,1,487,0.0031415913616618316,0.0031415913616618316,9.86959628366824e-06
488,0,1,488,0.003141591361661857,0.003141591361661857,9.869596283668404e-06
489,0,0,489,0.003141591361661568,0.0031415913616615544,9.869596283666584e-06
490,0,1,490,0.0031415913616617635,0.0031415913616617635,9.869596283667812e-06
491,0,1,491,0.003141591361661776,0.0031415913616617457,9.86959628366789e-06
492,0,0,492,0.0031415913616615987,0.0031415913616615987,9.869596283666779e-06
493,0,1,493,0.0031415913616617656,0.0031415913616617656,9.869596283667828e-06
494,0,0,494,0.003141591361661531,0.0031415913616615267,9.869596283666352e-06
495,0,0,495,0.003141591361661838,0.0031415913616617197,9.86959628366828e-06
496,0,1,496,0.0031415913616617682,0.003141591361661766,9.869596283667843e-06
497,0,0,497,0.0031415913616615714,0.003141591361661557,9.869596283666606e-06
498,0,0,498,0.0031415913616617713,0.003141591361661761,9.869596283667861e-06
499,0,1,499,0.0031415913616618025,0.0031415913616617947,9.869596283668058e-06
500,0,0,500,0.003141591361661541,0.0031415913616614525,9.869596283666413e-06
501,0,1,501,0.00314159136166165,0.0031415913616616485,9.869596283667099e-06
502,0,1,502,0.003141591361661795,0.003141591361661795,9.869596283668012e-06
503,0,0,503,0.0031415913616614907,0.0031415913616614907,9.869596283666098e-06
504,0,0,504,0.003141591361661832,0.003141591361661832,9.869596283668243e-06
505,0,1,505,0.0031415913616615887,0.003141591361661505,9.869596283666716e-06
506,0,0,506,0.0031415913616618034,0.003141591361661694,9.869596283668061e-06
507,0,1,507,0.003141591361661749,0.003141591361661749,9.86959628366772e-06
508,0,0,508,0.003141591361661753,0.003141591361661744,9.869596283667748e-06
509,0,1,509,0.003141591361661487,0.003141591361661487,9.869596283666076e-06
510,0,0,510,0.0031415913616615974,0.003141591361661588,9.86959628366677e-06
511,0,1,511,0.0031415913616618008,0.0031415913616617765,9.869596283668046e-06
512,0,1,512,0.003141591361661561,0.0031415913616615124,9.869596283666538e-06
513,0,1,513,0.003141591361661835,0.003141591361661835,9.869596283668263e-06
514,0,1,514,0.0031415913616615705,0.0031415913616615705,9.869596283666601e-06
515,0,1,515,0.0031415913616615896,0.0031415913616615896,9.869596283666721e-06
516,0,1,516,0.003141591361661608,0.003141591361661576,9.869596283666837e-06
517,0,0,517,0.0031415913616617904,0.003141591361661764,9.869596283667982e-06
518,0,0,518,0.0031415913616618264,0.0031415913616618246,9.869596283668207e-06
519,0,1,519,0.003141591361661761,0.003141591361661761,9.869596283667795e-06
520,0,0,520,0.003141591361661851,0.003141591361661851,9.869596283668361e-06
521,0,0,521,0.0031415913616618385,0.0031415913616618225,9.869596283668283e-06
522,0,1,522,0.0031415913616618303,0.003141591361661769,9.869596283668232e-06
523,0,1,523,0.0031415913616617535,0.0031415913616617158,9.86959628366775e-06
524,0,1,524,0.003141591361661827,0.003141591361661827,9.86959628366821e-06
525,0,1,525,0.0031415913616615774,0.0031415913616615653,9.869596283666643e-06
526,0,0,526,0.0031415913616618216,0.0031415913616618216,9.869596283668178e-06
527,0,1,527,0.0031415913616615917,0.003141591361661532,9.869596283666733e-06
528,0,1,528,0.00314159136166176,0.00314159136166176,9.869596283667794e-06
529,0,0,529,0.0031415913616618047,0.003141591361661782,9.86959628366807e-06
530,0,1,530,0.0031415913616618133,0.003141591361661793,9.869596283668127e-06
531,0,1,531,0.0031415913616615076,0.0031415913616614694,9.869596283666206e-06
532,0,1,532,0.003141591361661532,0.003141591361661532,9.869596283666357e-06
533,0,1,533,0.0031415913616617704,0.0031415913616616832,9.869596283667856e-06
534,0,0,534,0.003141591361661768,0.0031415913616617505,9.86959628366784e-06
535,0,0,535,0.003141591361661874,0.0031415913616618303,9.869596283668507e-06
536,0,1,536,0.0031415913616616277,0.0031415913616615956,9.869596283666958e-06
537,0,1,537,0.0031415913616619166,0.0031415913616617873,9.869596283668775e-06
538,0,0,538,0.0031415913616619083,0.0031415913616619083,9.869596283668724e-06
539,0,1,539,0.0031415913616618285,0.003141591361661767,9.869596283668222e-06
540,0,1,540,0.0031415913616618203,0.003141591361661756,9.86959628366817e-06
541,0,0,541,0.003141591361661642,0.0031415913616615813,9.86959628366705e-06
542,0,0,542,0.003141591361661764,0.003141591361661764,9.869596283667814e-06
543,0,1,543,0.003141591361661555,0.003141591361661555,9.869596283666501e-06
544,0,1,544,0.003141591361661791,0.003141591361661747,9.869596283667983e-06
545,0,0,545,0.0031415913616618138,0.0031415913616618138,9.869596283668127e-06
546,0,0,546,0.0031415913616616217,0.0031415913616616217,9.869596283666921e-06
547,0,1,547,0.0031415913616616733,0.003141591361661673,9.869596283667246e-06
548,0,0,548,0.003141591361661659,0.003141591361661659,9.869596283667157e-06
549,0,1,549,0.0031415913616617873,0.0031415913616617873,9.869596283667963e-06
550,0,0,550,0.0031415913616618853,0.003141591361661807,9.869596283668576e-06
551,0,1,551,0.0031415913616617552,0.0031415913616617552,9.86959628366776e-06
552,0,1,552,0.003141591361661828,0.003141591361661727,9.869596283668217e-06
553,0,0,553,0.003141591361661839,0.0031415913616617236,9.869596283668287e-06
554,0,1,554,0.0031415913616615644,0.0031415913616615644,9.86959628366656e-06
555,0,0,555,0.0031415913616618485,0.0031415913616618485,9.869596283668348e-06
556,0,0,556,0.003141591361661791,0.003141591361661767,9.869596283667983e-06
557,0,0,557,0.0031415913616618016,0.003141591361661792,9.869596283668051e-06
558,0,0,558,0.0031415913616617804,0.0031415913616617804,9.869596283667919e-06
559,0,1,559,0.003141591361661787,0.0031415913616617253,9.86959628366796e-06
560,0,1,560,0.0031415913616617834,0.0031415913616617834,9.869596283667936e-06
561,0,0,561,0.003141591361661692,0.003141591361661501,9.869596283667363e-06
562,0,0,562,0.003141591361661872,0.003141591361661872,9.869596283668495e-06
563,0,0,563,0.0031415913616615588,0.0031415913616615527,9.869596283666527e-06
564,0,0,564,0.003141591361661796,0.003141591361661796,9.869596283668016e-06
565,0,0,565,0.003141591361661542,0.003141591361661534,9.86959628366642e-06
566,0,1,566,0.0031415913616618515,0.0031415913616617474,9.869596283668365e-06
567,0,1,567,0.0031415913616617865,0.003141591361661756,9.869596283667958e-06
568,0,0,568,0.0031415913616617886,0.0031415913616617734,9.869596283667972e-06
569,0,1,569,0.003141591361661709,0.0031415913616617028,9.86959628366747e-06
570,0,0,570,0.0031415913616618324,0.0031415913616617886,9.869596283668246e-06
571,0,0,571,0.0031415913616617917,0.003141591361661782,9.86959628366799e-06
572,0,1,572,0.003141591361661612,0.003141591361661612,9.86959628366686e-06
573,0,1,573,0.0031415913616617964,0.0031415913616617964,9.869596283668022e-06
574,0,0,574,0.003141591361661628,0.0031415913616614937,9.869596283666962e-06
575,0,1,575,0.0031415913616618277,0.0031415913616617353,9.869596283668214e-06
576,0,1,576,0.003141591361661593,0.0031415913616615566,9.86959628366674e-06
577,0,0,577,0.003141591361661533,0.0031415913616615076,9.869596283666367e-06
578,0,1,578,0.003141591361661831,0.003141591361661766,9.869596283668238e-06
579,0,1,579,0.0031415913616618645,0.003141591361661791,9.869596283668448e-06
580,0,0,580,0.0031415913616616685,0.0031415913616616685,9.869596283667216e-06
581,0,0,581,0.00314159136166178,0.0031415913616617366,9.869596283667916e-06
582,0,0,582,0.0031415913616618966,0.003141591361661769,9.869596283668647e-06
583,0,0,583,0.0031415913616617947,0.0031415913616617947,9.869596283668009e-06
584,0,0,584,0.0031415913616617917,0.0031415913616617917,9.869596283667992e-06
585,0,0,585,0.0031415913616615254,0.0031415913616615254,9.869596283666318e-06
586,0,0,586,0.003141591361661566,0.003141591361661566,9.869596283666574e-06
587,0,1,587,0.0031415913616618073,0.00314159136166177,9.869596283668088e-06
588,0,0,588,0.0031415913616618394,0.003141591361661822,9.869596283668288e-06
589,0,1,589,0.00314159136166155,0.00314159136166155,9.86959628366647e-06
590,0,0,590,0.003141591361661623,0.003141591361661623,9.86959628366693e-06
591,0,1,591,0.0031415913616618827,0.0031415913616617643,9.869596283668561e-06
592,0,1,592,0.0031415913616618346,0.0031415913616618346,9.869596283668261e-06
593,0,1,593,0.003141591361661584,0.0031415913616615753,9.869596283666686e-06
594,0,0,594,0.0031415913616617617,0.0031415913616617617,9.869596283667804e-06
595,0,0,595,0.0031415913616615614,0.0031415913616615614,9.869596283666543e-06
596,0,0,596,0.0031415913616617192,0.0031415913616617036,9.869596283667534e-06
597,0,1,597,0.0031415913616615384,0.0031415913616615098,9.8695962836664e-06
598,0,0,598,0.00314159136166157,0.00314159136166157,9.8695962836666e-06
599,0,0,599,0.003141591361661603,0.003141591361661603,9.869596283666806e-06
600,0,1,600,0.0031415913616616026,0.003141591361661563,9.869596283666803e-06
601,0,0,601,0.0031415913616617674,0.003141591361661767,9.869596283667838e-06
602,0,0,602,0.003141591361661762,0.003141591361661762,9.869596283667806e-06
603,0,1,603,0.003141591361661848,0.003141591361661848,9.869596283668344e-06
604,0,1,604,0.0031415913616618697,0.0031415913616618697,9.869596283668481e-06
605,0,1,605,0.003141591361661824,0.0031415913616618025,9.869596283668195e-06
606,0,1,606,0.003141591361661743,0.003141591361661743,9.869596283667685e-06
607,0,0,607,0.003141591361661598,0.0031415913616615423,9.869596283666772e-06
608,0,1,608,0.003141591361661821,0.003141591361661821,9.869596283668177e-06
609,0,0,609,0.0031415913616617322,0.0031415913616617322,9.869596283667617e-06
610,0,0,610,0.003141591361661845,0.003141591361661845,9.869596283668326e-06
611,0,0,611,0.0031415913616617474,0.0031415913616617474,9.869596283667714e-06
612,0,1,612,0.0031415913616618172,0.0031415913616618172,9.869596283668153e-06
613,0,0,613,0.0031415913616617847,0.0031415913616617847,9.869596283667948e-06
614,0,1,614,0.003141591361661754,0.0031415913616617396,9.869596283667753e-06
615,0,0,615,0.0031415913616618957,0.0031415913616617726,9.86959628366864e-06
616,0,0,616,0.0031415913616615796,0.0031415913616615787,9.869596283666655e-06
617,0,1,617,0.003141591361661554,0.003141591361661554,9.869596283666498e-06
618,0,1,618,0.0031415913616616078,0.0031415913616616078,9.869596283666837e-06
619,0,0,619,0.003141591361661557,0.003141591361661557,9.869596283666516e-06
620,0,1,620,0.003141591361661551,0.003141591361661551,9.869596283666479e-06
621,0,0,621,0.0031415913616616754,0.003141591361661612,9.869596283667258e-06
622,0,1,622,0.0031415913616616204,0.0031415913616615393,9.869596283666914e-06
623,0,1,623,0.003141591361661548,0.003141591361661548,9.869596283666459e-06
624,0,0,624,0.003141591361661583,0.003141591361661565,9.869596283666679e-06
625,0,0,625,0.003141591361661887,0.0031415913616618385,9.86959628366859e-06
626,0,0,626,0.003141591361661846,0.0031415913616616997,9.86959628366833e-06
627,0,0,627,0.0031415913616618402,0.0031415913616618402,9.869596283668297e-06
628,0,0,628,0.003141591361661733,0.003141591361661733,9.869596283667624e-06
629,0,0,629,0.0031415913616615965,0.0031415913616615683,9.869596283666765e-06
630,0,1,630,0.00314159136166161,0.00314159136166161,9.869596283666848e-06
631,0,1,631,0.0031415913616618285,0.0031415913616618285,9.869596283668222e-06
632,0,1,632,0.0031415913616615163,0.0031415913616614824,9.869596283666257e-06
633,0,1,633,0.0031415913616617804,0.0031415913616617804,9.869596283667919e-06
634,0,0,634,0.003141591361661556,0.003141591361661526,9.869596283666508e-06
635,0,1,635,0.00314159136166183,0.0031415913616618016,9.869596283668229e-06
636,0,0,636,0.0031415913616615727,0.0031415913616615722,9.869596283666613e-06
637,0,1,637,0.003141591361661547,0.003141591361661547,9.869596283666454e-06
638,0,1,638,0.003141591361661522,0.0031415913616615063,9.869596283666294e-06
639,0,1,639,0.0031415913616618016,0.0031415913616618016,9.869596283668055e-06
640,0,0,640,0.0031415913616617704,0.003141591361661771,9.869596283667858e-06
641,0,0,641,0.003141591361661822,0.003141591361661787,9.869596283668178e-06
642,0,1,642,0.0031415913616615544,0.0031415913616615544,9.869596283666501e-06
643,0,0,643,0.0031415913616615002,0.0031415913616615002,9.869596283666159e-06
644,0,1,644,0.0031415913616617995,0.0031415913616617995,9.869596283668038e-06
645,0,1,645,0.00314159136166174,0.0031415913616616897,9.869596283667667e-06
646,0,0,646,0.0031415913616615943,0.0031415913616615943,9.86959628366675e-06
647,0,0,647,0.0031415913616617956,0.0031415913616617956,9.869596283668014e-06
648,0,0,648,0.0031415913616615362,0.0031415913616614872,9.869596283666383e-06
649,0,1,649,0.003141591361661639,0.003141591361661639,9.869596283667031e-06
650,0,0,650,0.003141591361661792,0.0031415913616617726,9.869596283667992e-06
651,0,0,651,0.0031415913616617925,0.0031415913616617925,9.869596283667994e-06
652,0,1,652,0.0031415913616617487,0.0031415913616617444,9.86959628366772e-06
653,0,0,653,0.003141591361661759,0.003141591361661759,9.869596283667784e-06
654,0,0,654,0.003141591361661836,0.003141591361661732,9.869596283668268e-06
655,0,0,655,0.0031415913616618355,0.0031415913616618333,9.869596283668263e-06
656,0,1,656,0.003141591361661522,0.003141591361661475,9.869596283666293e-06
657,0,1,657,0.0031415913616617322,0.0031415913616617322,9.869596283667617e-06
658,0,1,658,0.0031415913616617535,0.0031415913616617535,9.86959628366775e-06
659,0,1,659,0.0031415913616618177,0.0031415913616618177,9.869596283668155e-06
660,0,1,660,0.003141591361661777,0.003141591361661696,9.869596283667895e-06
661,0,1,661,0.0031415913616617956,0.0031415913616617322,9.869596283668014e-06
662,0,0,662,0.0031415913616618476,0.0031415913616618476,9.869596283668343e-06
663,0,0,663,0.0031415913616617873,0.0031415913616617587,9.869596283667961e-06
664,0,0,664,0.0031415913616618337,0.0031415913616617912,9.869596283668251e-06
665,0,1,665,0.003141591361661804,0.003141591361661763,9.869596283668065e-06
666,0,1,666,0.0031415913616619023,0.0031415913616618008,9.869596283668685e-06
667,0,1,667,0.0031415913616618246,0.0031415913616617756,9.869596283668195e-06
668,0,1,668,0.0031415913616615714,0.0031415913616615714,9.869596283666606e-06
669,0,1,669,0.003141591361661614,0.003141591361661599,9.869596283666874e-06
670,0,0,670,0.0031415913616618567,0.0031415913616618567,9.869596283668398e-06
671,0,0,671,0.003141591361661535,0.003141591361661535,9.869596283666377e-06
672,0,0,672,0.0031415913616617518,0.003141591361661733,9.86959628366774e-06
673,0,1,673,0.0031415913616618008,0.0031415913616618008,9.869596283668046e-06
674,0,0,674,0.003141591361661558,0.003141591361661558,9.86959628366652e-06
675,0,0,675,0.003141591361661721,0.003141591361661721,9.869596283667546e-06
676,0,1,676,0.0031415913616618285,0.0031415913616618133,9.869596283668222e-06
677,0,1,677,0.0031415913616615744,0.0031415913616615744,9.869596283666623e-06
678,0,1,678,0.0031415913616618203,0.0031415913616618133,9.86959628366817e-06
679,0,1,679,0.003141591361661827,0.0031415913616617643,9.869596283668209e-06
680,0,1,680,0.0031415913616617834,0.0031415913616617834,9.86959628366794e-06
681,0,0,681,0.0031415913616618225,0.0031415913616617695,9.869596283668183e-06
682,0,1,682,0.0031415913616618125,0.0031415913616618125,9.869596283668117e-06
683,0,1,683,0.003141591361661791,0.0031415913616617886,9.869596283667983e-06
684,0,0,684,0.0031415913616617717,0.0031415913616617717,9.869596283667867e-06
685,0,0,685,0.0031415913616617834,0.0031415913616617366,9.869596283667938e-06
686,0,0,686,0.0031415913616619413,0.0031415913616619413,9.869596283668929e-06
687,0,0,687,0.00314159136166173,0.00314159136166173,9.869596283667602e-06
688,0,0,688,0.0031415913616618498,0.0031415913616618324,9.869596283668354e-06
689,0,1,689,0.0031415913616618238,0.0031415913616618,9.869596283668192e-06
690,0,1,690,0.0031415913616617275,0.0031415913616614946,9.869596283667589e-06
691,0,0,691,0.0031415913616617917,0.003141591361661766,9.86959628366799e-06
692,0,1,692,0.003141591361661793,0.0031415913616617335,9.869596283667997e-06
693,0,1,693,0.0031415913616615384,0.0031415913616615384,9.8695962836664e-06
694,0,1,694,0.003141591361661775,0.0031415913616617513,9.869596283667887e-06
695,0,0,695,0.003141591361661583,0.0031415913616615445,9.869596283666677e-06
696,0,1,696,0.003141591361661831,0.003141591361661831,9.869596283668238e-06
697,0,1,697,0.0031415913616617496,0.0031415913616617496,9.869596283667726e-06
698,0,0,698,0.0031415913616618632,0.0031415913616618632,9.869596283668439e-06
699,0,0,699,0.003141591361661856,0.003141591361661856,9.869596283668393e-06
700,0,1,700,0.003141591361661789,0.003141591361661789,9.869596283667973e-06
701,0,1,701,0.003141591361661761,0.003141591361661761,9.869596283667795e-06
702,0,0,702,0.0031415913616617787,0.003141591361661735,9.869596283667907e-06
703,0,1,703,0.0031415913616615497,0.0031415913616615497,9.869596283666469e-06
704,0,0,704,0.0031415913616618203,0.0031415913616617765,9.869596283668168e-06
705,0,1,705,0.0031415913616618363,0.0031415913616618363,9.869596283668273e-06
706,0,0,706,0.0031415913616615753,0.0031415913616615284,9.86959628366663e-06
707,0,1,707,0.003141591361661813,0.003141591361661768,9.869596283668124e-06
708,0,1,708,0.00314159136166166,0.00314159136166166,9.869596283667162e-06
709,0,1,709,0.0031415913616615393,0.0031415913616615362,9.869596283666403e-06
710,0,1,710,0.003141591361661813,0.003141591361661813,9.869596283668124e-06
711,0,1,711,0.0031415913616618194,0.003141591361661781,9.869596283668163e-06
712,0,1,712,0.0031415913616617917,0.0031415913616617917,9.869596283667988e-06
713,0,1,713,0.0031415913616618285,0.0031415913616618285,9.86959628366822e-06
714,0,0,714,0.003141591361661784,0.003141591361661784,9.869596283667941e-06
715,0,0,715,0.0031415913616617687,0.0031415913616617687,9.869596283667844e-06
716,0,0,716,0.0031415913616618186,0.0031415913616618186,9.869596283668158e-06
717,0,1,717,0.003141591361661777,0.003141591361661777,9.869596283667895e-06
718,0,1,718,0.003141591361661809,0.0031415913616618,9.869596283668097e-06
719,0,0,719,0.003141591361661592,0.003141591361661592,9.869596283666735e-06
720,0,0,720,0.0031415913616617552,0.0031415913616617457,9.869596283667761e-06
721,0,0,721,0.003141591361661848,0.0031415913616618094,9.869596283668344e-06
722,0,0,722,0.003141591361661738,0.003141591361661676,9.86959628366765e-06
723,0,1,723,0.003141591361661771,0.003141591361661771,9.869596283667858e-06
724,0,1,724,0.00314159136166179,0.0031415913616617713,9.869596283667978e-06
725,0,1,725,0.003141591361661772,0.0031415913616617656,9.869596283667867e-06
726,0,1,726,0.0031415913616618624,0.003141591361661856,9.869596283668434e-06
727,0,0,727,0.003141591361661847,0.003141591361661847,9.86959628366834e-06
728,0,0,728,0.00314159136166184,0.0031415913616618402,9.869596283668293e-06
729,0,0,729,0.003141591361661732,0.003141591361661717,9.869596283667614e-06
730,0,1,730,0.0031415913616615167,0.003141591361661484,9.869596283666262e-06
731,0,1,731,0.0031415913616617656,0.003141591361661737,9.869596283667828e-06
732,0,0,732,0.0031415913616617895,0.0031415913616617713,9.869596283667975e-06
733,0,1,733,1.9999975325994073,1.999997532599407,9.869596283670973e-06
734,0,1,734,0.003141591361661853,0.003141591361661839,9.869596283668373e-06
735,0,1,735,0.003141591361661752,0.0031415913616617136,9.869596283667741e-06
736,0,1,736,0.0031415913616616538,0.003141591361661543,9.869596283667123e-06
737,0,1,737,0.003141591361661572,0.0031415913616615297,9.869596283666606e-06
738,0,1,738,0.003141591361661618,0.003141591361661618,9.869596283666901e-06
739,0,0,739,0.0031415913616617513,0.0031415913616617513,9.869596283667736e-06
740,0,1,740,0.003141591361661735,0.003141591361661735,9.869596283667633e-06
741,0,1,741,0.0031415913616617886,0.003141591361661778,9.869596283667972e-06
742,0,1,742,0.0031415913616617227,0.0031415913616616702,9.869596283667555e-06
743,0,1,743,0.0031415913616618164,0.0031415913616618164,9.869596283668144e-06
744,0,1,744,0.003141591361661545,0.0031415913616615254,9.869596283666437e-06
745,0,0,745,0.003141591361661837,0.0031415913616616993,9.869596283668273e-06
746,0,0,746,0.0031415913616618255,0.0031415913616618255,9.869596283668204e-06
747,0,1,747,0.003141591361661566,0.003141591361661566,9.869596283666574e-06
748,0,1,748,0.0031415913616615527,0.003141591361661382,9.86959628366649e-06
749,0,1,749,0.0031415913616618316,0.0031415913616617834,9.869596283668241e-06
750,0,0,750,0.003141591361661806,0.003141591361661789,9.86959628366808e-06
751,0,0,751,0.0031415913616615375,0.0031415913616615375,9.869596283666393e-06
752,0,1,752,0.0031415913616618264,0.0031415913616616776,9.869596283668209e-06
753,0,0,753,0.0031415913616618034,0.0031415913616617483,9.869596283668063e-06
754,0,1,754,0.0031415913616616126,0.0031415913616616126,9.869596283666865e-06
755,0,0,755,0.003141591361661552,0.003141591361661552,9.869596283666484e-06
756,0,0,756,0.0031415913616618385,0.003141591361661805,9.869596283668283e-06
757,0,0,757,0.0031415913616616737,0.0031415913616616737,9.86959628366725e-06
758,0,0,758,0.0031415913616615666,0.0031415913616615666,9.869596283666577e-06
759,0,0,759,0.003141591361661529,0.0031415913616615124,9.869596283666337e-06
760,0,1,760,0.0031415913616615943,0.0031415913616615943,9.869596283666752e-06
761,0,1,761,0.003141591361661794,0.003141591361661794,9.869596283668005e-06
762,0,1,762,0.0031415913616618086,0.0031415913616618086,9.869596283668099e-06
763,0,0,763,0.0031415913616619174,0.0031415913616618316,9.869596283668778e-06
764,0,1,764,0.0031415913616615826,0.0031415913616615505,9.869596283666676e-06
765,0,0,765,0.003141591361661796,0.003141591361661755,9.869596283668017e-06
766,0,0,766,0.003141591361661796,0.003141591361661782,9.869596283668017e-06
767,0,0,767,0.0031415913616617904,0.0031415913616617904,9.869596283667983e-06
768,0,0,768,0.0031415913616617184,0.0031415913616617184,9.869596283667528e-06
769,0,1,769,0.003141591361661809,0.003141591361661809,9.869596283668099e-06
770,0,1,770,0.003141591361661637,0.003141591361661637,9.869596283667016e-06
771,0,1,771,0.0031415913616616394,0.0031415913616616316,9.869596283667033e-06
772,0,1,772,0.003141591361661875,0.003141591361661875,9.869596283668514e-06
773,0,1,773,0.0031415913616617587,0.0031415913616617587,9.869596283667784e-06
774,0,0,774,0.003141591361661752,0.0031415913616617192,9.869596283667743e-06
775,0,1,775,0.0031415913616618133,0.0031415913616618133,9.869596283668126e-06
776,0,0,776,0.003141591361661718,0.003141591361661704,9.869596283667528e-06
777,0,0,777,0.003141591361661759,0.003141591361661759,9.869596283667787e-06
778,0,0,778,0.00314159136166156,0.00314159136166156,9.869596283666537e-06
779,0,1,779,0.0031415913616617734,0.0031415913616617734,9.869596283667878e-06
780,0,1,780,0.0031415913616618285,0.003141591361661818,9.869596283668219e-06
781,0,1,781,0.003141591361661532,0.003141591361661532,9.869596283666359e-06
782,0,1,782,0.003141591361661781,0.003141591361661781,9.869596283667922e-06
783,0,0,783,0.0031415913616617977,0.0031415913616617977,9.869596283668029e-06
784,0,1,784,0.0031415913616617943,0.0031415913616617943,9.869596283668007e-06
785,0,0,785,0.0031415913616618415,0.0031415913616618415,9.869596283668305e-06
786,0,0,786,0.0031415913616616078,0.0031415913616616078,9.869596283666833e-06
787,0,1,787,0.003141591361661809,0.003141591361661809,9.869596283668097e-06
788,0,0,788,0.0031415913616617236,0.003141591361661665,9.869596283667562e-06
789,0,1,789,0.0031415913616616342,0.0031415913616616342,9.869596283667003e-06
790,0,1,790,0.003141591361661466,0.003141591361661434,9.869596283665942e-06
791,0,1,791,0.003141591361661573,0.003141591361661573,9.869596283666616e-06
792,0,1,792,0.003141591361661804,0.0031415913616617695,9.869596283668065e-06
793,0,1,793,0.0031415913616617635,0.0031415913616617422,9.86959628366781e-06
794,0,1,794,0.0031415913616618034,0.0031415913616617557,9.869596283668063e-06
795,0,0,795,0.0031415913616618346,0.003141591361661834,9.869596283668256e-06
796,0,1,796,0.003141591361661525,0.003141591361661525,9.869596283666316e-06
797,0,1,797,0.003141591361661855,0.0031415913616617583,9.869596283668385e-06
798,0,0,798,0.00314159136166178,0.0031415913616617097,9.869596283667916e-06
799,0,0,799,0.0031415913616615566,0.003141591361661514,9.86959628366651e-06
800,0,0,800,0.0031415913616615783,0.0031415913616615536,9.869596283666645e-06
801,0,0,801,0.0031415913616617726,0.003141591361661756,9.869596283667868e-06
802,0,0,802,0.003141591361661744,0.0031415913616617366,9.86959628366769e-06
803,0,1,803,0.003141591361661741,0.0031415913616617223,9.86959628366767e-06
804,0,1,804,0.003141591361661575,0.003141591361661575,9.869596283666626e-06
805,0,1,805,0.003141591361661808,0.003141591361661808,9.869596283668094e-06
806,0,0,806,0.0031415913616616013,0.003141591361661507,9.869596283666792e-06
807,0,0,807,0.00314159136166179,0.0031415913616617817,9.869596283667978e-06
808,0,0,808,0.0031415913616615714,0.003141591361661504,9.869596283666606e-06
809,0,1,809,0.0031415913616615727,0.0031415913616615727,9.869596283666613e-06
810,0,1,810,0.0031415913616617726,0.0031415913616617726,9.869596283667868e-06
811,0,1,811,0.003141591361661574,0.003141591361661574,9.869596283666626e-06
812,0,1,812,0.003141591361661787,0.003141591361661787,9.86959628366796e-06
813,0,1,813,0.003141591361661811,0.0031415913616617557,9.869596283668112e-06
814,0,0,814,0.0031415913616618437,0.0031415913616618203,9.869596283668317e-06
815,0,1,815,0.003141591361661869,0.003141591361661787,9.869596283668475e-06
816,0,1,816,0.003141591361661852,0.003141591361661852,9.869596283668368e-06
817,0,1,817,0.0031415913616617635,0.0031415913616617635,9.86959628366781e-06
818,0,0,818,0.0031415913616618663,0.0031415913616618663,9.86959628366846e-06
819,0,1,819,0.0031415913616617626,0.00314159136166172,9.869596283667809e-06
820,0,0,820,0.0031415913616617826,0.0031415913616617826,9.869596283667934e-06
821,0,0,821,0.003141591361661476,0.00314159136166143,9.869596283666006e-06
822,0,1,822,0.003141591361661895,0.003141591361661846,9.869596283668637e-06
823,0,0,823,0.0031415913616617375,0.0031415913616617375,9.86959628366765e-06
824,0,1,824,0.003141591361661556,0.003141591361661488,9.869596283666511e-06
825,0,1,825,0.003141591361661704,0.003141591361661704,9.869596283667443e-06
826,0,0,826,0.003141591361661791,0.003141591361661761,9.869596283667985e-06
827,0,0,827,0.00314159136166182,0.00314159136166182,9.869596283668168e-06
828,0,1,828,0.003141591361661801,0.003141591361661801,9.86959628366805e-06
829,0,0,829,0.003141591361661819,0.003141591361661754,9.869596283668161e-06
830,0,0,830,0.0031415913616618693,0.0031415913616618693,9.86959628366848e-06
831,0,0,831,0.0031415913616617912,0.0031415913616617904,9.869596283667987e-06
832,0,1,832,0.0031415913616618346,0.0031415913616618346,9.869596283668261e-06
833,0,1,833,0.0031415913616615844,0.003141591361661546,9.869596283666687e-06
834,0,1,834,0.0031415913616618125,0.003141591361661808,9.869596283668119e-06
835,0,0,835,0.0031415913616615982,0.0031415913616615982,9.869596283666774e-06
836,0,1,836,0.0031415913616615857,0.0031415913616615857,9.869596283666694e-06
837,0,1,837,0.0031415913616616485,0.0031415913616615505,9.86959628366709e-06
838,0,1,838,0.0031415913616616004,0.003141591361661486,9.869596283666787e-06
839,0,1,839,0.0031415913616618324,0.0031415913616617977,9.869596283668244e-06
840,0,1,840,0.003141591361661652,0.003141591361661652,9.869596283667111e-06
841,0,1,841,0.00314159136166181,0.00314159136166181,9.869596283668104e-06
842,0,1,842,0.0031415913616617613,0.003141591361661762,9.8695962836678e-06
843,0,0,843,0.0031415913616615818,0.0031415913616615818,9.869596283666669e-06
844,0,0,844,0.003141591361661566,0.0031415913616615544,9.869596283666574e-06
845,0,1,845,0.003141591361661828,0.0031415913616618255,9.869596283668217e-06
846,0,0,846,0.0031415913616616316,0.0031415913616615197,9.869596283666984e-06
847,0,0,847,0.0031415913616616594,0.0031415913616616594,9.869596283667162e-06
848,0,1,848,0.003141591361661592,0.003141591361661592,9.869596283666737e-06
849,0,1,849,0.003141591361661832,0.0031415913616617843,9.869596283668243e-06
850,0,0,850,0.0031415913616617943,0.0031415913616617943,9.869596283668007e-06
851,0,0,851,0.0031415913616617322,0.0031415913616617322,9.869596283667617e-06
852,0,0,852,0.003141591361661836,0.003141591361661803,9.869596283668268e-06
853,0,1,853,0.0031415913616617045,0.0031415913616617045,9.869596283667443e-06
854,0,0,854,0.003141591361661522,0.0031415913616615,9.869596283666294e-06
855,0,0,855,0.00314159136166181,0.0031415913616617817,9.869596283668105e-06
856,0,0,856,0.003141591361661808,0.003141591361661801,9.869596283668094e-06
857,0,1,857,0.0031415913616617843,0.0031415913616617843,9.869596283667941e-06
858,0,0,858,0.0031415913616617375,0.0031415913616617375,9.869596283667648e-06
859,0,1,859,0.003141591361661505,0.003141591361661505,9.869596283666188e-06
860,0,1,860,0.003141591361661844,0.003141591361661844,9.869596283668317e-06
861,0,0,861,0.0031415913616615674,0.0031415913616615674,9.86959628366658e-06
862,0,1,862,0.0031415913616615575,0.0031415913616615575,9.869596283666516e-06
863,0,1,863,0.0031415913616618563,0.0031415913616618563,9.869596283668395e-06
864,0,0,864,0.0031415913616615614,0.0031415913616615614,9.869596283666542e-06
865,0,0,865,0.003141591361661748,0.003141591361661748,9.869596283667717e-06
866,0,1,866,0.0031415913616615453,0.003141591361661541,9.86959628366644e-06
867,0,1,867,0.003141591361661796,0.00314159136166174,9.869596283668017e-06
868,0,0,868,0.003141591361661866,0.003141591361661866,9.86959628366846e-06
869,0,0,869,0.0031415913616617865,0.0031415913616617626,9.869596283667958e-06
870,0,0,870,0.003141591361661847,0.003141591361661847,9.869596283668341e-06
871,0,0,871,0.0031415913616615566,0.0031415913616615566,9.869596283666515e-06
872,0,0,872,0.0031415913616617895,0.0031415913616617895,9.869596283667975e-06
873,0,0,873,0.003141591361661781,0.003141591361661729,9.869596283667922e-06
874,0,1,874,0.003141591361661604,0.003141591361661604,9.869596283666813e-06
875,0,1,875,0.0031415913616618892,0.0031415913616618892,9.869596283668602e-06
876,0,1,876,0.003141591361661808,0.003141591361661808,9.869596283668094e-06
877,0,0,877,0.0031415913616618676,0.0031415913616618676,9.869596283668468e-06
878,0,1,878,0.003141591361661751,0.003141591361661751,9.869596283667734e-06
879,0,0,879,0.0031415913616618875,0.0031415913616618025,9.869596283668592e-06
880,0,0,880,0.003141591361661821,0.003141591361661821,9.869596283668177e-06
881,0,0,881,0.0031415913616615427,0.0031415913616615427,9.869596283666423e-06
882,0,0,882,0.0031415913616617917,0.003141591361661786,9.86959628366799e-06
883,0,0,883,0.0031415913616615766,0.0031415913616615766,9.869596283666637e-06
884,0,1,884,0.003141591361661863,0.003141591361661792,9.869596283668436e-06
885,0,0,885,0.0031415913616618094,0.0031415913616618094,9.869596283668102e-06
886,0,1,886,0.0031415913616615544,0.0031415913616615544,9.869596283666498e-06
887,0,0,887,0.003141591361661613,0.003141591361661613,9.869596283666869e-06
888,0,0,888,0.003141591361661527,0.003141591361661527,9.869596283666327e-06
889,0,1,889,0.003141591361661841,0.003141591361661841,9.869596283668302e-06
890,0,1,890,0.0031415913616617904,0.00314159136166179,9.86959628366798e-06
891,0,0,891,0.0031415913616615076,0.0031415913616615076,9.869596283666205e-06
892,0,0,892,0.00314159136166175,0.00314159136166175,9.869596283667726e-06
893,0,1,893,0.0031415913616617895,0.0031415913616617734,9.869596283667975e-06
894,0,1,894,0.003141591361661858,0.0031415913616618554,9.869596283668407e-06
895,0,0,895,0.003141591361661764,0.003141591361661764,9.869596283667817e-06
896,0,1,896,0.0031415913616615666,0.0031415913616615666,9.869596283666576e-06
897,0,0,897,0.0031415913616617865,0.0031415913616617826,9.869596283667958e-06
898,0,0,898,0.0031415913616616646,0.0031415913616616646,9.86959628366719e-06
899,0,0,899,0.0031415913616617544,0.0031415913616617544,9.869596283667758e-06
900,0,0,900,0.0031415913616615727,0.0031415913616615362,9.869596283666615e-06
901,0,0,901,0.0031415913616618476,0.0031415913616616928,9.869596283668341e-06
902,0,0,902,0.0031415913616618285,0.0031415913616618285,9.86959628366822e-06
903,0,1,903,0.003141591361661831,0.0031415913616617062,9.869596283668238e-06
904,0,0,904,0.0031415913616617596,0.003141591361661745,9.869596283667789e-06
905,0,1,905,0.003141591361661607,0.003141591361661595,9.869596283666828e-06
906,0,1,906,0.0031415913616618194,0.003141591361661787,9.869596283668165e-06
907,0,0,907,0.0031415913616618277,0.0031415913616618277,9.869596283668217e-06
908,0,1,908,0.0031415913616618238,0.0031415913616617695,9.869596283668192e-06
909,0,0,909,0.0031415913616617596,0.0031415913616617596,9.869596283667789e-06
910,0,0,910,0.0031415913616615605,0.003141591361661508,9.869596283666533e-06
911,0,1,911,0.0031415913616618003,0.0031415913616617674,9.869596283668044e-06
912,0,0,912,0.0031415913616618524,0.003141591361661788,9.869596283668368e-06
913,0,1,913,0.0031415913616615653,0.0031415913616615653,9.869596283666567e-06
914,0,1,914,0.0031415913616615605,0.0031415913616615605,9.86959628366654e-06
915,0,0,915,0.0031415913616615965,0.0031415913616615384,9.869596283666764e-06
916,0,1,916,0.003141591361661592,0.003141591361661592,9.869596283666738e-06
917,0,0,917,0.0031415913616616186,0.0031415913616616186,9.869596283666903e-06
918,0,1,918,0.0031415913616617917,0.0031415913616617782,9.869596283667988e-06
919,0,0,919,0.0031415913616616546,0.0031415913616616538,9.869596283667126e-06
920,0,1,920,0.0031415913616616117,0.003141591361661571,9.869596283666859e-06
921,0,0,921,0.003141591361661799,0.003141591361661761,9.869596283668034e-06
922,0,1,922,0.003141591361661781,0.0031415913616617682,9.869596283667922e-06
923,0,0,923,0.0031415913616615956,0.0031415913616615917,9.869596283666757e-06
924,0,0,924,0.0031415913616615714,0.0031415913616615635,9.869596283666606e-06
925,0,1,925,0.003141591361661883,0.0031415913616618836,9.869596283668566e-06
926,0,0,926,0.0031415913616617713,0.003141591361661743,9.869596283667861e-06
927,0,1,927,0.0031415913616615674,0.0031415913616615674,9.86959628366658e-06
928,0,0,928,0.003141591361661887,0.003141591361661887,9.86959628366859e-06
929,0,0,929,0.0031415913616618238,0.0031415913616617817,9.86959628366819e-06
930,0,1,930,0.003141591361661751,0.003141591361661751,9.869596283667731e-06
931,0,0,931,0.0031415913616616494,0.00314159136166157,9.869596283667097e-06
932,0,1,932,0.003141591361661836,0.003141591361661828,9.86959628366827e-06
933,0,0,933,0.0031415913616618133,0.003141591361661771,9.869596283668126e-06
934,0,1,934,0.003141591361661742,0.003141591361661742,9.869596283667675e-06
935,0,0,935,0.0031415913616616295,0.0031415913616616295,9.869596283666972e-06
936,0,1,936,0.003141591361661863,0.003141591361661863,9.869596283668437e-06
937,0,0,937,0.0031415913616619634,0.0031415913616619634,9.869596283669068e-06
938,0,0,938,0.0031415913616618077,0.0031415913616618077,9.869596283668092e-06
939,0,1,939,0.003141591361661594,0.003141591361661594,9.86959628366675e-06
940,0,1,940,0.003141591361661767,0.003141591361661745,9.869596283667834e-06
941,0,1,941,0.0031415913616617427,0.0031415913616617396,9.869596283667682e-06
942,0,0,942,0.003141591361661783,0.003141591361661783,9.869596283667936e-06
943,0,0,943,0.003141591361661637,0.003141591361661637,9.869596283667014e-06
944,0,0,944,0.0031415913616617327,0.0031415913616617327,9.86959628366762e-06
945,0,1,945,0.0031415913616617687,0.0031415913616617656,9.869596283667846e-06
946,0,0,946,0.003141591361661857,0.003141591361661737,9.869596283668404e-06
947,0,0,947,0.0031415913616615583,0.0031415913616615583,9.869596283666525e-06
948,0,0,948,0.003141591361661788,0.0031415913616617483,9.869596283667968e-06
949,0,0,949,0.0031415913616616503,0.0031415913616615982,9.869596283667099e-06
950,0,0,950,0.0031415913616617787,0.0031415913616617782,9.869596283667907e-06
951,0,1,951,0.0031415913616617643,0.0031415913616617643,9.869596283667816e-06
952,0,0,952,0.0031415913616618255,0.0031415913616618246,9.8695962836682e-06
953,0,1,953,0.0031415913616617878,0.0031415913616617253,9.869596283667966e-06
954,0,0,954,0.003141591361661764,0.003141591361661764,9.869596283667816e-06
955,0,0,955,0.0031415913616615323,0.0031415913616615323,9.86959628366636e-06
956,0,1,956,0.0031415913616615067,0.0031415913616615067,9.869596283666201e-06
957,0,1,957,0.0031415913616617544,0.003141591361661754,9.869596283667753e-06
958,0,0,958,0.003141591361661839,0.003141591361661839,9.86959628366829e-06
959,0,1,959,0.0031415913616615627,0.0031415913616615297,9.86959628366655e-06
960,0,1,960,0.0031415913616615722,0.003141591361661535,9.869596283666608e-06
961,0,1,961,0.0031415913616618255,0.0031415913616617114,9.869596283668204e-06
962,0,0,962,0.003141591361661667,0.003141591361661625,9.869596283667208e-06
963,0,0,963,0.0031415913616615315,0.003141591361661423,9.869596283666355e-06
964,0,1,964,0.0031415913616618593,0.0031415913616618593,9.869596283668415e-06
965,0,0,965,0.003141591361661803,0.003141591361661783,9.869596283668061e-06
966,0,0,966,0.0031415913616617322,0.0031415913616617322,9.869596283667616e-06
967,0,0,967,0.0031415913616618025,0.0031415913616617314,9.869596283668058e-06
968,0,0,968,0.003141591361661557,0.003141591361661557,9.869596283666515e-06
969,0,1,969,0.0031415913616617613,0.0031415913616617613,9.869596283667802e-06
970,0,1,970,0.003141591361661781,0.003141591361661781,9.869596283667922e-06
971,0,1,971,0.0031415913616618545,0.0031415913616618307,9.869596283668385e-06
972,0,0,972,0.0031415913616617054,0.0031415913616616967,9.869596283667448e-06
973,0,1,973,0.0031415913616615614,0.003141591361661537,9.869596283666543e-06
974,0,0,974,0.003141591361661902,0.0031415913616617717,9.869596283668681e-06
975,0,1,975,0.0031415913616616134,0.0031415913616616134,9.86959628366687e-06
976,0,1,976,0.0031415913616616073,0.0031415913616616073,9.869596283666831e-06
977,0,1,977,0.003141591361661571,0.003141591361661571,9.869596283666603e-06
978,0,1,978,0.0031415913616615245,0.0031415913616615245,9.86959628366631e-06
979,0,1,979,0.0031415913616618346,0.0031415913616618164,9.86959628366826e-06
980,0,1,980,0.003141591361661766,0.003141591361661744,9.86959628366783e-06
981,0,1,981,0.003141591361661662,0.003141591361661661,9.869596283667172e-06
982,0,0,982,0.003141591361661695,0.003141591361661552,9.869596283667382e-06
983,0,1,983,0.0031415913616617782,0.0031415913616617583,9.869596283667905e-06
984,0,0,984,0.0031415913616617283,0.0031415913616617283,9.869596283667594e-06
985,0,1,985,0.0031415913616617873,0.0031415913616617873,9.869596283667966e-06
986,0,0,986,0.003141591361661773,0.003141591361661773,9.869596283667873e-06
987,0,0,987,0.003141591361661551,0.003141591361661551,9.869596283666479e-06
988,0,1,988,0.003141591361661825,0.003141591361661825,9.8695962836682e-06
989,0,0,989,0.0031415913616617873,0.0031415913616617873,9.869596283667963e-06
990,0,0,990,0.003141591361661796,0.003141591361661796,9.869596283668014e-06
991,0,0,991,0.0031415913616615336,0.0031415913616615336,9.869596283666367e-06
992,0,0,992,0.0031415913616617878,0.0031415913616617878,9.869596283667963e-06
993,0,0,993,0.003141591361661841,0.003141591361661841,9.869596283668302e-06
994,0,0,994,0.0031415913616617774,0.0031415913616617774,9.869596283667899e-06
995,0,0,995,0.0031415913616617934,0.0031415913616617934,9.869596283668e-06
996,0,1,996,0.003141591361661782,0.003141591361661743,9.86959628366793e-06
997,0,1,997,0.00314159136166158,0.00314159136166158,9.86959628366666e-06
998,0,1,998,0.0031415913616618307,0.0031415913616618307,9.869596283668234e-06
999,0,0,999,0.0031415913616618155,0.0031415913616617847,9.869596283668141e-06
