,Layer,Qubit,Run,2-Norm,Trace Norm,Diamond Norm
0,0,1,0,0.0031415913616617596,5.805099407085734e-05,9.869596283667883e-06
1,0,0,1,0.003141591361661753,0.006707818788381559,9.869596283667745e-06
2,0,0,2,0.00314159136166181,0.011764023141536906,9.869596283668214e-06
3,0,1,3,0.0031415913616615835,0.007755007258677615,9.869596283666816e-06
4,0,1,4,0.003141591361661578,0.0018391564081772227,9.869596283666847e-06
5,0,1,5,0.0031415913616616217,0.004676920731277789,9.869596283666925e-06
6,0,0,6,0.003141591361661637,0.005124333668143688,9.869596283667018e-06
7,0,1,7,0.0031415913616617995,0.009116217025055828,9.86959628366804e-06
8,0,1,8,0.0031415913616616143,0.004866699878184555,9.869596283667014e-06
9,0,0,9,0.0031415913616618064,0.003184588146725398,9.869596283668004e-06
10,0,0,10,0.0031415913616615527,0.007764891090291659,9.869596283666482e-06
11,0,0,11,0.003141591361661556,0.001352606513874477,9.869596283666494e-06
12,0,0,12,0.0031415913616618684,0.0022830050144945213,9.86959628366842e-06
13,0,1,13,0.003141591361661769,0.004274681583030793,9.869596283667841e-06
14,0,1,14,0.003141591361661769,0.003707171911736473,9.869596283667846e-06
15,0,0,15,0.003141591361661575,0.002851564050158961,9.869596283666682e-06
16,0,1,16,0.0031415913616615683,0.000572633099241604,9.869596283666554e-06
17,0,1,17,0.0031415913616617747,0.008054255197898819,9.869596283667814e-06
18,0,0,18,0.0031415913616617826,0.012140149901344877,9.86959628366793e-06
19,0,1,19,0.003141591361661836,0.0054628829825842384,9.869596283668263e-06
20,0,1,20,0.003141591361661643,0.006003403786978945,9.869596283667052e-06
21,0,0,21,0.0031415913616618927,0.007670307335794213,9.869596283668614e-06
22,0,1,22,0.0031415913616618107,0.004041355826593929,9.869596283668295e-06
23,0,1,23,0.003141591361661792,0.010714382948096235,9.86959628366799e-06
24,0,0,24,0.0031415913616615588,0.0020553998515961958,9.869596283666513e-06
25,0,0,25,0.0031415913616617015,0.00736225950282976,9.869596283667423e-06
26,0,1,26,0.003141591361661598,0.005686241835118455,9.86959628366677e-06
27,0,1,27,0.003141591361661748,0.0005212805899923456,9.869596283667719e-06
28,0,1,28,0.0031415913616615453,0.00727321852166396,9.86959628366644e-06
29,0,0,29,0.0031415913616616945,0.006149291415997737,9.869596283667423e-06
30,0,0,30,0.0031415913616615904,0.0002897680163013727,9.86959628366672e-06
31,0,0,31,0.0031415913616617557,0.001524412881932946,9.869596283667753e-06
32,0,1,32,0.003141591361661835,0.0035706406174793592,9.869596283668409e-06
33,0,1,33,0.0031415913616615644,0.0006699649823089793,9.869596283666515e-06
34,0,1,34,0.003141591361661824,0.005001923354752913,9.869596283668117e-06
35,0,1,35,0.003141591361661507,0.0008706890247874854,9.869596283666203e-06
36,0,0,36,0.0031415913616615557,0.0077664025998369635,9.86959628366651e-06
37,0,0,37,0.0031415913616615826,0.009859155941041475,9.86959628366664e-06
38,0,0,38,0.0031415913616618225,0.0005827627763661664,9.86959628366818e-06
39,0,1,39,0.0031415913616617513,0.00309237298056364,9.86959628366772e-06
40,0,1,40,0.0031415913616617934,0.011462727903006398,9.869596283667999e-06
41,0,0,41,0.003141591361661575,0.0041727619187656995,9.869596283666613e-06
42,0,1,42,0.0031415913616616277,0.005589493654395206,9.869596283667014e-06
43,0,0,43,0.0031415913616618246,0.005228051642530929,9.869596283668263e-06
44,0,1,44,0.003141591361661701,0.0017481844678692848,9.869596283667562e-06
45,0,0,45,0.003141591361661794,0.0014352921236930882,9.869596283668004e-06
46,0,0,46,0.003141591361661723,0.009097241369030673,9.869596283667536e-06
47,0,0,47,0.003141591361661519,0.011248715060961256,9.86959628366628e-06
48,0,1,48,0.0031415913616618073,0.008015269966846983,9.869596283668087e-06
49,0,0,49,0.003141591361661792,0.004240471126816581,9.869596283667982e-06
50,0,0,50,0.00314159136166158,0.0036400599724497607,9.869596283666667e-06
51,0,1,51,0.0031415913616618225,0.007768498535367208,9.869596283668178e-06
52,0,1,52,0.0031415913616618285,0.00700031197672768,9.869596283668224e-06
53,0,1,53,0.00314159136166185,0.002015665736207317,9.869596283668354e-06
54,0,1,54,0.0031415913616617813,0.011674778890000237,9.869596283667843e-06
55,0,1,55,0.003141591361661796,0.006946404652280774,9.869596283668009e-06
56,0,0,56,0.003141591361661595,0.0013214796197272838,9.869596283666747e-06
57,0,0,57,0.00314159136166162,0.0029966943613475294,9.869596283667035e-06
58,0,0,58,0.003141591361661782,0.0070610047547771115,9.869596283667895e-06
59,0,1,59,0.0031415913616618107,0.00757094034098138,9.869596283668104e-06
60,0,0,60,0.0031415913616619083,0.0038822472625705817,9.869596283668722e-06
61,0,1,61,0.0031415913616618485,0.008167376163364937,9.869596283668348e-06
62,0,0,62,0.003141591361661784,0.004369213593736147,9.869596283667936e-06
63,0,1,63,0.0031415913616617704,0.010706715826771851,9.869596283668009e-06
64,0,1,64,0.0031415913616618264,0.008795785115169208,9.869596283668207e-06
65,0,1,65,0.003141591361661864,0.008760245527493549,9.869596283668607e-06
66,0,1,66,0.0031415913616617726,0.0005284844379160117,9.86959628366786e-06
67,0,1,67,0.0031415913616616,0.0006438172599780856,9.869596283666787e-06
68,0,1,68,0.0031415913616615722,0.009025562025787304,9.869596283666579e-06
69,0,0,69,0.003141591361661685,0.00677247218357957,9.869596283667446e-06
70,0,0,70,0.0031415913616618355,0.005208696836610294,9.869596283668351e-06
71,0,1,71,0.0031415913616615436,0.006315870507764387,9.869596283666433e-06
72,0,1,72,0.003141591361661782,0.011605226020870774,9.86959628366793e-06
73,0,1,73,0.003141591361661538,0.000522999286298953,9.869596283666398e-06
74,0,1,74,0.0031415913616615445,0.006319093853107027,9.869596283666493e-06
75,0,1,75,0.0031415913616617214,0.0070782729705309855,9.869596283667573e-06
76,0,0,76,0.0031415913616617834,0.00894180671948619,9.869596283668017e-06
77,0,0,77,0.0031415913616615167,0.005096893802838842,9.869596283666262e-06
78,0,0,78,0.003141591361661832,0.002742206231646449,9.869596283668397e-06
79,0,0,79,0.0031415913616615705,0.0012957249150682415,9.869596283666564e-06
80,0,0,80,0.0031415913616617795,0.0005874962094706837,9.869596283667909e-06
81,0,0,81,0.0031415913616617834,0.009018117546426119,9.869596283668041e-06
82,0,1,82,0.003141591361661749,0.0015449724992966374,9.869596283667712e-06
83,0,1,83,0.0031415913616618402,0.007017719640943554,9.869596283668295e-06
84,0,1,84,0.0031415913616615913,0.003414588757185366,9.869596283666726e-06
85,0,0,85,0.003141591361661767,0.003073085894647498,9.86959628366783e-06
86,0,1,86,0.0031415913616616225,0.0021047574466313,9.869596283666931e-06
87,0,1,87,0.0031415913616615666,0.0006409038733541372,9.869596283666582e-06
88,0,1,88,0.0031415913616615223,0.0003618434680585647,9.869596283666294e-06
89,0,1,89,1.9999975325994073,1.5093054740198646,9.869596283668087e-06
90,0,1,90,0.0031415913616615588,0.00022944850355299806,9.869596283666518e-06
91,0,0,91,0.003141591361661648,0.006666091390994833,9.86959628366709e-06
92,0,1,92,0.0031415913616617257,0.003592632011886643,9.869596283667553e-06
93,0,1,93,0.0031415913616617774,0.0010452061535000112,9.869596283668034e-06
94,0,0,94,0.0031415913616614716,0.001908418033928827,9.869596283666105e-06
95,0,0,95,0.003141591361661721,0.0016020416574920038,9.869596283667677e-06
96,0,1,96,0.0031415913616615683,0.005942533863186217,9.869596283666574e-06
97,0,1,97,0.0031415913616618385,0.011444463874691557,9.869596283668285e-06
98,0,0,98,0.0031415913616618597,0.008391830292309721,9.869596283668422e-06
99,0,0,99,0.003141591361661765,0.010526271102976548,9.869596283667816e-06
100,0,0,100,0.0031415913616617804,0.000827884867824924,9.869596283668014e-06
101,0,1,101,0.003141591361661782,0.011270058475734368,9.869596283667934e-06
102,0,1,102,0.0031415913616616325,0.009719923538904496,9.869596283666964e-06
103,0,1,103,0.0031415913616617956,0.0033885916367613067,9.869596283668109e-06
104,0,1,104,0.003141591361661786,0.011290874667052586,9.869596283668082e-06
105,0,1,105,0.0031415913616618225,0.0008277671494001243,9.86959628366817e-06
106,0,1,106,0.0031415913616618814,0.00564668297858828,9.869596283668554e-06
107,0,1,107,0.0031415913616614937,0.010905695367105173,9.86959628366611e-06
108,0,0,108,0.0031415913616618654,0.00919778016542283,9.869596283668451e-06
109,0,0,109,0.003141591361661633,0.008911590810102066,9.869596283667e-06
110,0,1,110,0.003141591361661809,0.00999494565961112,9.869596283668276e-06
111,0,1,111,0.003141591361661603,0.00848838352297987,9.869596283666931e-06
112,0,1,112,0.0031415913616619096,0.0058273863903797185,9.869596283668732e-06
113,0,0,113,0.0031415913616618645,0.009509760727298061,9.869596283668442e-06
114,0,0,114,0.0031415913616616507,0.0022183778390040265,9.86959628366707e-06
115,0,1,115,0.0031415913616618433,0.006930295534148367,9.869596283668312e-06
116,0,0,116,0.0031415913616618272,0.009140520640671834,9.869596283668214e-06
117,0,0,117,0.0031415913616615328,0.005760887058713138,9.869596283666366e-06
118,0,1,118,0.003141591361661519,0.005125784330855865,9.869596283666259e-06
119,0,0,119,0.0031415913616617604,0.01165449756640391,9.869596283667916e-06
120,0,1,120,0.0031415913616618307,0.00345481321234109,9.869596283668236e-06
121,0,1,121,0.003141591361661816,0.008312770403778647,9.869596283668146e-06
122,0,1,122,0.003141591361661863,0.008463530395509178,9.869596283668412e-06
123,0,0,123,0.0031415913616618255,0.0028220803665353067,9.869596283668205e-06
124,0,0,124,0.0031415913616617726,0.007962650411537986,9.86959628366787e-06
125,0,0,125,0.0031415913616616073,0.006127628369510862,9.869596283666967e-06
126,0,1,126,0.003141591361661809,0.0011643471226032709,9.86959628366824e-06
127,0,1,127,0.0031415913616617513,0.000726822221843948,9.869596283667733e-06
128,0,1,128,0.0031415913616617596,1.3144968825665182e-05,9.86959628366779e-06
129,0,0,129,0.0031415913616615644,6.605337347709295e-05,9.869596283666655e-06
130,0,1,130,0.0031415913616616065,0.0017793381705221156,9.869596283666801e-06
131,0,1,131,0.0031415913616617977,0.005346716621843939,9.86959628366802e-06
132,0,0,132,0.0031415913616615887,0.003266770482235337,9.86959628366678e-06
133,0,1,133,0.003141591361661743,0.002884874760068268,9.869596283667712e-06
134,0,1,134,0.003141591361661553,0.0010495338519689312,9.869596283666488e-06
135,0,1,135,0.0031415913616616047,0.005866845756843375,9.86959628366701e-06
136,0,1,136,0.0031415913616618793,0.010812863384457635,9.86959628366854e-06
137,0,0,137,0.003141591361661641,0.005694810453262145,9.869596283667045e-06
138,0,0,138,0.003141591361661834,7.584598499965622e-05,9.869596283668251e-06
139,0,1,139,0.00314159136166161,0.000783662435959176,9.86959628366685e-06
140,0,1,140,0.0031415913616617648,0.0008082380342593343,9.869596283668022e-06
141,0,1,141,0.003141591361661475,0.00749612669053068,9.869596283666008e-06
142,0,1,142,0.0031415913616614837,0.0010171308151765701,9.869596283666054e-06
143,0,0,143,0.003141591361661788,0.0009459108643532499,9.869596283667972e-06
144,0,0,144,0.0031415913616616217,0.0037879240726783614,9.869596283667052e-06
145,0,1,145,0.0031415913616618186,0.006222735781381772,9.869596283668312e-06
146,0,1,146,0.0031415913616614976,0.006387291739930134,9.869596283666144e-06
147,0,1,147,0.0031415913616617995,0.005261272302362174,9.86959628366814e-06
148,0,0,148,0.0031415913616615657,3.904794765047237e-05,9.86959628366656e-06
149,0,1,149,0.003141591361661817,0.007573155199435355,9.869596283668229e-06
150,0,0,150,0.003141591361661578,0.0018055217243193589,9.869596283666711e-06
151,0,1,151,0.0031415913616615657,0.0007808756730167676,9.869596283666572e-06
152,0,1,152,0.0031415913616617552,0.009124104090219687,9.869596283667758e-06
153,0,0,153,0.003141591361661801,0.000718899119044103,9.869596283668051e-06
154,0,1,154,0.003141591361661782,0.009110023342232987,9.869596283667926e-06
155,0,0,155,0.0031415913616616425,0.006849409667713413,9.869596283667048e-06
156,0,0,156,0.0031415913616615644,0.00011107986604574904,9.869596283666562e-06
157,0,1,157,0.003141591361661751,0.002557365145477608,9.869596283667726e-06
158,0,1,158,0.003141591361661771,0.008093353354885036,9.869596283667851e-06
159,0,0,159,0.003141591361661803,0.01138426985320029,9.869596283668056e-06
160,0,0,160,0.0031415913616615523,4.937281190153797e-05,9.869596283666466e-06
161,0,0,161,0.00314159136166181,0.006250790724094735,9.869596283668109e-06
162,0,0,162,0.003141591361661578,0.007652271301233249,9.86959628366665e-06
163,0,1,163,0.0031415913616615627,0.004965632178810964,9.86959628366654e-06
164,0,1,164,0.0031415913616617765,0.005467309377727436,9.869596283667894e-06
165,0,1,165,0.003141591361661813,0.0059571689792421445,9.869596283668127e-06
166,0,0,166,0.0031415913616616017,0.0014517141407113243,9.869596283666776e-06
167,0,1,167,0.0031415913616617444,0.0015935142019827264,9.869596283667675e-06
168,0,0,168,0.003141591361661754,0.005392559772063432,9.869596283667755e-06
169,0,0,169,0.0031415913616618498,0.011848236389916389,9.869596283668356e-06
170,0,1,170,0.0031415913616617986,0.006170407236763986,9.86959628366803e-06
171,0,0,171,0.0031415913616617717,0.008908692045029865,9.869596283667865e-06
172,0,0,172,0.003141591361661751,0.0004150982902220157,9.869596283667897e-06
173,0,1,173,0.0031415913616617487,0.0004319678268611682,9.869596283667719e-06
174,0,1,174,0.0031415913616616156,0.0032534632862017965,9.869596283666906e-06
175,0,1,175,0.003141591361661785,0.0101535589044362,9.86959628366794e-06
176,0,1,176,0.003141591361661851,0.0031618740532626255,9.869596283668366e-06
177,0,1,177,0.0031415913616617457,0.0015676216336870663,9.8695962836677e-06
178,0,1,178,0.003141591361661472,0.009880295359698366,9.869596283665976e-06
179,0,1,179,0.0031415913616615605,0.0002698513239400846,9.869596283666532e-06
180,0,1,180,0.0031415913616616065,0.0005633623690992628,9.869596283666831e-06
181,0,1,181,0.003141591361661731,0.005510656222226906,9.8695962836676e-06
182,0,1,182,0.0031415913616617878,0.00634856698041434,9.869596283667956e-06
183,0,0,183,0.003141591361661786,0.011039665354826977,9.869596283668088e-06
184,0,1,184,0.003141591361661762,0.004168879415567095,9.869596283667773e-06
185,0,1,185,0.0031415913616618433,0.00838811601643552,9.869596283668317e-06
186,0,0,186,0.003141591361661579,0.003930875115618626,9.869596283666606e-06
187,0,0,187,0.0031415913616615666,0.000958550777914402,9.869596283666574e-06
188,0,1,188,0.0031415913616614534,0.0011348634785645628,9.869596283665864e-06
189,0,0,189,0.0031415913616615857,0.007596008327360293,9.869596283666686e-06
190,0,0,190,0.003141591361661802,0.007837353283248083,9.86959628366806e-06
191,0,1,191,0.003141591361661813,0.01219189831183809,9.869596283668068e-06
192,0,1,192,0.0031415913616618294,0.00958194822982742,9.869596283668232e-06
193,0,0,193,0.003141591361661768,0.005494059538259655,9.869596283667843e-06
194,0,1,194,0.0031415913616617826,0.004329414909875012,9.869596283667912e-06
195,0,1,195,0.0031415913616616655,0.001919791618482214,9.86959628366719e-06
196,0,1,196,0.003141591361661808,0.007145592085834762,9.869596283668097e-06
197,0,1,197,0.00314159136166156,0.007944782372973247,9.869596283666527e-06
198,0,1,198,0.0031415913616616733,0.002748070956580584,9.869596283667248e-06
199,0,0,199,0.003141591361661788,0.000436604457118725,9.86959628366794e-06
200,0,1,200,0.0031415913616617943,1.732884152683134e-05,9.869596283668007e-06
201,0,1,201,0.003141591361661597,0.0001452246690547554,9.869596283666769e-06
202,0,1,202,0.0031415913616617813,0.0032217983308233597,9.86959628366791e-06
203,0,0,203,0.003141591361661553,0.00022801818761253312,9.869596283666491e-06
204,0,1,204,0.003141591361661623,0.006778881169409168,9.869596283666933e-06
205,0,0,205,0.003141591361661769,0.00589920026318147,9.869596283667843e-06
206,0,1,206,0.0031415913616618485,0.0005086266247978366,9.869596283668344e-06
207,0,1,207,0.0031415913616618255,0.007432604697678591,9.869596283668151e-06
208,0,1,208,0.003141591361661738,0.00222886593642313,9.869596283667806e-06
209,0,0,209,0.003141591361661708,0.0033940079464482853,9.869596283667484e-06
210,0,1,210,0.0031415913616617873,0.004404841506668422,9.869596283667958e-06
211,0,1,211,0.0031415913616616073,0.00013463248047569654,9.869596283666833e-06
212,0,0,212,0.0031415913616618493,0.004288549126100882,9.869596283668337e-06
213,0,0,213,0.003141591361661618,0.0011239599742657314,9.8695962836669e-06
214,0,1,214,0.003141591361661769,0.008265023923743842,9.869596283667851e-06
215,0,1,215,0.003141591361661557,0.006198352272415164,9.869596283666621e-06
216,0,1,216,0.003141591361661723,0.005664992596485008,9.869596283667563e-06
217,0,0,217,0.003141591361661788,0.0012482958590203097,9.86959628366797e-06
218,0,1,218,0.00314159136166162,0.006810400618447066,9.869596283666904e-06
219,0,0,219,0.003141591361661787,0.0012667614991803688,9.869596283667877e-06
220,0,1,220,0.0031415913616617288,0.007650105498736792,9.869596283667677e-06
221,0,1,221,0.0031415913616616503,0.005235363723846698,9.8695962836671e-06
222,0,0,222,0.0031415913616618402,0.006256392485538109,9.869596283668297e-06
223,0,0,223,0.0031415913616617843,0.0047373057367907645,9.86959628366792e-06
224,0,0,224,0.00314159136166175,0.0009755495636191158,9.869596283667728e-06
225,0,1,225,0.0031415913616617422,0.005299409904679364,9.869596283667684e-06
226,0,0,226,0.0031415913616615974,0.004065309923095173,9.869596283666769e-06
227,0,1,227,0.0031415913616618155,0.0067867826652427965,9.869596283668285e-06
228,0,1,228,0.0031415913616617214,0.001403346883024681,9.869596283667512e-06
229,0,0,229,0.00314159136166187,0.008043643753097518,9.869596283668451e-06
230,0,1,230,0.0031415913616617747,0.003153090549775861,9.869596283667887e-06
231,0,0,231,0.0031415913616618463,0.00144045338744192,9.869596283668334e-06
232,0,1,232,0.003141591361661854,0.008293927918179511,9.869596283668376e-06
233,0,1,233,0.0031415913616618277,0.011559064333237945,9.869596283668199e-06
234,0,0,234,0.003141591361661816,0.009663900932704639,9.869596283668254e-06
235,0,1,235,0.0031415913616618806,0.010476812313133771,9.869596283668546e-06
236,0,0,236,0.0031415913616617158,0.006487860731527961,9.869596283667423e-06
237,0,0,237,0.0031415913616617574,0.004217250582094045,9.869596283667777e-06
238,0,0,238,0.0031415913616618016,0.0020454861852350348,9.869596283668197e-06
239,0,0,239,0.0031415913616616963,0.007411129489180102,9.869596283667313e-06
240,0,1,240,0.0031415913616617726,0.0026436865493653094,9.869596283667851e-06
241,0,0,241,0.0031415913616617873,0.001902835022992197,9.869596283667958e-06
242,0,1,242,0.003141591361661822,0.0028872809119300236,9.869596283668087e-06
243,0,0,243,0.0031415913616615297,0.0017295386598554785,9.869596283666298e-06
244,0,1,244,0.003141591361661788,0.0022242250902171357,9.869596283668183e-06
245,0,1,245,0.003141591361661773,0.011173713939179097,9.86959628366787e-06
246,0,1,246,0.003141591361661796,0.010685613727951182,9.869596283668019e-06
247,0,0,247,0.003141591361661813,0.004739875616246447,9.869596283668124e-06
248,0,0,248,0.0031415913616615948,0.002388679104304292,9.869596283666757e-06
249,0,0,249,0.00314159136166182,0.002269643068540661,9.86959628366817e-06
250,0,0,250,0.0031415913616618055,0.01124406928927002,9.869596283668077e-06
251,0,0,251,0.003141591361661809,0.001991687288898092,9.869596283668144e-06
252,0,0,252,0.0031415913616615215,0.006121159066600601,9.869596283666403e-06
253,0,1,253,0.0031415913616618836,0.0064333601160471154,9.869596283668485e-06
254,0,0,254,0.0031415913616615236,0.0005109810459233977,9.869596283666311e-06
255,0,1,255,0.003141591361661574,0.004729409525965789,9.869596283666623e-06
256,0,1,256,0.0031415913616615714,0.00012381580715581375,9.86959628366659e-06
257,0,1,257,0.0031415913616617826,0.009130607395396506,9.869596283667856e-06
258,0,1,258,0.0031415913616617626,0.0004868441069574847,9.869596283667799e-06
259,0,0,259,0.0031415913616618424,0.009348090990515368,9.869596283668312e-06
260,0,1,260,0.0031415913616616538,0.00875937458365117,9.869596283667123e-06
261,0,1,261,0.0031415913616615644,0.010280250739812313,9.869596283666532e-06
262,0,0,262,0.0031415913616615818,3.696009442144543e-05,9.86959628366674e-06
263,0,0,263,0.003141591361661564,0.0024303915574614976,9.869596283666557e-06
264,0,0,264,0.003141591361661553,0.0006044679884267823,9.869596283666493e-06
265,0,1,265,0.0031415913616618415,0.007179754032088592,9.8695962836683e-06
266,0,1,266,0.003141591361661788,0.011778470477684655,9.86959628366808e-06
267,0,1,267,0.00314159136166178,0.004014624155255664,9.869596283667912e-06
268,0,0,268,0.0031415913616615987,0.004271118142713082,9.869596283666872e-06
269,0,1,269,0.003141591361661708,0.005320737110473095,9.869596283667446e-06
270,0,1,270,0.0031415913616617635,0.0026528652625539273,9.869596283667817e-06
271,0,1,271,0.0031415913616618624,0.006265779943089356,9.86959628366843e-06
272,0,0,272,0.0031415913616615683,0.0012627801054931886,9.869596283666693e-06
273,0,1,273,0.003141591361661666,0.005096188777903077,9.869596283667184e-06
274,0,0,274,0.0031415913616615666,0.001097301162953479,9.869596283666591e-06
275,0,0,275,0.003141591361661794,0.004543128260502294,9.869596283667965e-06
276,0,0,276,0.003141591361661768,0.0022615883584298363,9.869596283667843e-06
277,0,0,277,0.003141591361661743,0.003407006276951896,9.869596283667672e-06
278,0,0,278,0.003141591361661771,0.009660494107889384,9.869596283667977e-06
279,0,0,279,0.003141591361661519,0.0018376052756943206,9.869596283666269e-06
280,0,1,280,0.003141591361661789,0.00042005376371800907,9.86959628366792e-06
281,0,1,281,0.0031415913616617956,0.007755838821251526,9.869596283668183e-06
282,0,0,282,0.0031415913616617795,0.011834612988446902,9.869596283668065e-06
283,0,0,283,0.003141591361661496,0.003940113929266964,9.86959628366631e-06
284,0,1,284,0.003141591361661578,0.00016318985698970945,9.869596283666576e-06
285,0,1,285,0.0031415913616619417,0.007034120743869998,9.869596283668932e-06
286,0,1,286,0.0031415913616618723,0.007785083327001896,9.8695962836685e-06
287,0,1,287,0.0031415913616615644,0.0008385534275627826,9.869596283666503e-06
288,0,1,288,0.0031415913616617453,0.004069613828485474,9.869596283667728e-06
289,0,0,289,0.0031415913616617847,0.0011348720938015866,9.869596283667946e-06
290,0,0,290,0.003141591361661519,0.0038399551948682387,9.86959628366627e-06
291,0,1,291,0.0031415913616617878,0.012226650140216178,9.869596283667963e-06
292,0,0,292,0.003141591361661813,0.007058968588185888,9.869596283668119e-06
293,0,0,293,0.0031415913616615644,0.0075591187947454674,9.869596283666626e-06
294,0,1,294,0.0031415913616618138,0.0025949587691345144,9.869596283668205e-06
295,0,1,295,0.0031415913616618532,0.0023550976922850353,9.86959628366838e-06
296,0,1,296,0.0031415913616617977,0.00810689019589017,9.86959628366801e-06
297,0,0,297,0.003141591361661809,0.003536282112325928,9.869596283668071e-06
298,0,0,298,0.003141591361661519,0.010011363881506696,9.869596283666259e-06
299,0,1,299,0.0031415913616615414,0.0023477389181634223,9.869596283666418e-06
300,0,1,300,0.0031415913616615627,0.00036953095378899903,9.869596283666694e-06
301,0,0,301,0.0031415913616619083,0.007260584263630854,9.869596283668724e-06
302,0,1,302,0.0031415913616617344,0.00014952012594848796,9.869596283667626e-06
303,0,1,303,0.0031415913616618047,0.0017809139830471388,9.869596283668043e-06
304,0,0,304,0.003141591361661747,0.0008530378891405677,9.869596283667638e-06
305,0,0,305,0.0031415913616615293,0.007746258867494138,9.869596283666421e-06
306,0,0,306,0.0031415913616618225,0.0007462656241597337,9.869596283668182e-06
307,0,1,307,0.0031415913616618246,0.005737993990882373,9.869596283668197e-06
308,0,1,308,0.0031415913616618103,0.0002972779702123951,9.869596283668109e-06
309,0,0,309,0.0031415913616617574,0.011831276973096827,9.86959628366775e-06
310,0,1,310,0.003141591361661454,0.008155662812182829,9.869596283665837e-06
311,0,1,311,0.003141591361661595,0.0003731640575868611,9.869596283666757e-06
312,0,1,312,0.003141591361661826,0.0026252539829203503,9.869596283668373e-06
313,0,1,313,0.003141591361661535,0.005904558908812696,9.869596283666315e-06
314,0,0,314,0.0031415913616618407,0.011436332721421971,9.869596283668297e-06
315,0,0,315,0.003141591361661773,0.006409608968075964,9.869596283668024e-06
316,0,0,316,0.003141591361661782,0.003499041625646182,9.86959628366793e-06
317,0,1,317,0.0031415913616618138,0.0012284315286615471,9.869596283668124e-06
318,0,1,318,0.0031415913616617843,0.002356730102677368,9.86959628366806e-06
319,0,0,319,0.0031415913616615397,0.0014084601471373581,9.869596283666401e-06
320,0,1,320,0.00314159136166167,0.004026043820569258,9.869596283667385e-06
321,0,0,321,0.0031415913616618125,0.0005088202871427749,9.869596283668116e-06
322,0,0,322,0.003141591361661805,0.004035295751118911,9.869596283668077e-06
323,0,1,323,0.0031415913616617513,0.007040591259003026,9.869596283667734e-06
324,0,1,324,0.003141591361661765,0.0022709802611582397,9.869596283667826e-06
325,0,0,325,0.0031415913616618663,0.009686154250235557,9.86959628366846e-06
326,0,0,326,0.003141591361661716,0.005127111134193285,9.869596283667516e-06
327,0,1,327,0.003141591361661792,0.009035746703255548,9.869596283667982e-06
328,0,1,328,0.0031415913616617557,0.0038529468125108046,9.869596283667765e-06
329,0,0,329,0.003141591361661778,0.00564185288372876,9.869596283667885e-06
330,0,0,330,0.0031415913616616455,0.007130775342983231,9.869596283667074e-06
331,0,1,331,0.0031415913616618476,0.006622328728566718,9.86959628366834e-06
332,0,0,332,0.003141591361661773,0.00490536995559987,9.869596283667873e-06
333,0,0,333,0.0031415913616617487,0.012070767771455104,9.869596283667717e-06
334,0,0,334,0.003141591361661566,0.0012757975719931425,9.869596283666538e-06
335,0,1,335,0.003141591361661816,0.004943827240984078,9.869596283668141e-06
336,0,0,336,0.0031415913616616047,0.002807995218718773,9.86959628366681e-06
337,0,1,337,0.0031415913616617826,0.008870137102535813,9.869596283668141e-06
338,0,1,338,0.0031415913616617574,0.008372555585426378,9.86959628366772e-06
339,0,0,339,0.003141591361661786,0.0032107562656923452,9.869596283667944e-06
340,0,0,340,0.0031415913616617353,0.0023070035331129723,9.869596283667631e-06
341,0,0,341,0.0031415913616616308,0.00042151594293537986,9.869596283666975e-06
342,0,1,342,0.0031415913616615176,0.002209532244140333,9.869596283666196e-06
343,0,0,343,0.0031415913616617787,0.0007888485591460714,9.869596283668046e-06
344,0,1,344,0.003141591361661835,0.006045572348760797,9.869596283668261e-06
345,0,0,345,0.0031415913616617947,0.00882330830223621,9.869596283668116e-06
346,0,0,346,0.0031415913616615423,0.001991344439927878,9.869596283666413e-06
347,0,1,347,0.003141591361661549,0.007902770000752124,9.869596283666574e-06
348,0,1,348,0.0031415913616618207,0.0018323611429209574,9.869596283668241e-06
349,0,0,349,0.003141591361661555,0.002872550974883925,9.869596283666677e-06
350,0,0,350,0.0031415913616617648,0.004062063879672895,9.869596283667807e-06
351,0,0,351,0.0031415913616617743,0.012039810169131748,9.869596283668044e-06
352,0,1,352,0.0031415913616615583,0.0009739052248325386,9.869596283666523e-06
353,0,0,353,0.0031415913616618697,0.004707056411267785,9.869596283668483e-06
354,0,0,354,0.0031415913616617726,0.0049075434825240905,9.869596283667868e-06
355,0,1,355,0.003141591361661825,0.00363646331763956,9.869596283668182e-06
356,0,1,356,0.0031415913616618034,0.0070538169281134655,9.869596283668263e-06
357,0,0,357,0.003141591361661698,0.004409600526588342,9.869596283667397e-06
358,0,0,358,0.0031415913616618203,0.0014561309518614785,9.869596283668165e-06
359,0,1,359,0.003141591361661773,0.005778751229667645,9.869596283667867e-06
360,0,1,360,0.0031415913616615397,0.0034883767875371063,9.869596283666459e-06
361,0,1,361,0.003141591361661858,0.011532672778170827,9.869596283668409e-06
362,0,1,362,0.003141591361661787,0.002427384239582331,9.869596283667961e-06
363,0,0,363,0.0031415913616617,0.0014963298759580468,9.869596283667416e-06
364,0,1,364,0.0031415913616617453,0.00826722074350661,9.869596283667836e-06
365,0,0,365,0.0031415913616617843,0.01112246135368472,9.869596283667926e-06
366,0,0,366,0.003141591361661611,0.0007966796225082895,9.869596283666853e-06
367,0,1,367,0.0031415913616617145,0.007809589936882855,9.869596283667582e-06
368,0,1,368,0.0031415913616617847,0.007734997963068313,9.869596283667946e-06
369,0,0,369,0.0031415913616616143,0.0016140756291794789,9.869596283666865e-06
370,0,0,370,0.0031415913616615926,0.003835388903588366,9.869596283666738e-06
371,0,0,371,0.003141591361661774,0.0008905257321880633,9.869596283667963e-06
372,0,0,372,0.0031415913616616407,0.0026334832602343816,9.869596283667033e-06
373,0,0,373,0.0031415913616615818,0.002933853715259005,9.869596283666859e-06
374,0,0,374,0.003141591361661515,0.00019005555106678396,9.869596283666254e-06
375,0,0,375,0.0031415913616618485,0.006775609018690343,9.869596283668343e-06
376,0,1,376,0.003141591361661795,0.011715539150303655,9.86959628366799e-06
377,0,0,377,0.0031415913616618454,0.004463232395840455,9.869596283668363e-06
378,0,0,378,0.003141591361661836,0.00883189980690835,9.869596283668265e-06
379,0,1,379,0.0031415913616617136,0.001739707174948757,9.869596283667494e-06
380,0,0,380,0.003141591361661534,0.003023879101108351,9.869596283666516e-06
381,0,0,381,0.0031415913616617912,0.012214436234223136,9.869596283667985e-06
382,0,0,382,0.0031415913616617912,0.008135755471084138,9.869596283668138e-06
383,0,0,383,0.003141591361661794,0.004314191717811222,9.869596283668002e-06
384,0,1,384,0.0031415913616616013,0.003393300220100315,9.86959628366679e-06
385,0,0,385,0.003141591361661815,0.0068180719059882655,9.86959628366814e-06
386,0,0,386,0.003141591361661765,0.011263199930924173,9.869596283667824e-06
387,0,1,387,0.003141591361661776,0.0074487923114952,9.869596283668058e-06
388,0,1,388,0.003141591361661617,0.007592512745326019,9.86959628366689e-06
389,0,1,389,0.0031415913616616078,0.004686137340214502,9.8695962836668e-06
390,0,0,390,0.003141591361661776,0.0005763201873332235,9.869596283667873e-06
391,0,1,391,0.003141591361661748,0.0016027074843241174,9.86959628366785e-06
392,0,1,392,0.00314159136166179,0.00039984154392244675,9.869596283667973e-06
393,0,0,393,0.003141591361661782,0.012143574021930892,9.869596283668044e-06
394,0,1,394,0.003141591361661761,1.1876282966699625e-05,9.869596283667778e-06
395,0,0,395,0.0031415913616617843,0.011880892359836137,9.869596283667946e-06
396,0,1,396,0.0031415913616618164,0.00027620550347527695,9.869596283668143e-06
397,0,0,397,0.003141591361661773,0.0011896899516453674,9.869596283667867e-06
398,0,1,398,0.0031415913616617834,0.012420468458624871,9.869596283667934e-06
399,0,1,399,0.0031415913616615544,0.005605307527337233,9.86959628366664e-06
400,0,0,400,0.003141591361661705,0.0028778344785049814,9.86959628366744e-06
401,0,1,401,0.003141591361661738,4.157373270350859e-05,9.869596283667651e-06
402,0,0,402,0.0031415913616615315,0.0021352760632805667,9.869596283666352e-06
403,0,0,403,0.003141591361661551,0.008334681395904875,9.869596283666476e-06
404,0,1,404,0.0031415913616615635,0.001997565094675302,9.869596283666506e-06
405,0,0,405,0.0031415913616617435,0.004628821967005425,9.869596283667814e-06
406,0,1,406,0.0031415913616616364,0.007636703443655524,9.869596283667013e-06
407,0,0,407,0.0031415913616618402,0.009586000190878186,9.869596283668302e-06
408,0,1,408,0.0031415913616617613,0.00012591777574799679,9.869596283667797e-06
409,0,0,409,0.0031415913616615683,0.00021010497145224072,9.869596283666579e-06
410,0,0,410,0.0031415913616618346,0.00696096808559038,9.869596283668251e-06
411,0,1,411,0.0031415913616617843,0.009130148548165132,9.869596283668161e-06
412,0,1,412,0.0031415913616615887,0.008380935271298684,9.869596283666708e-06
413,0,0,413,0.0031415913616616086,0.010778400991683812,9.86959628366683e-06
414,0,1,414,0.0031415913616615453,0.005946476139238044,9.869596283666554e-06
415,0,0,415,0.00314159136166178,0.00830291308702824,9.869596283667887e-06
416,0,0,416,0.00314159136166185,0.007359922409116759,9.86959628366836e-06
417,0,0,417,0.003141591361661617,0.005313322429293388,9.86959628366687e-06
418,0,1,418,0.0031415913616615696,0.0027429071529891935,9.869596283666569e-06
419,0,0,419,0.003141591361661589,0.00038316474849664495,9.86959628366672e-06
420,0,1,420,0.003141591361661579,0.0041838033888814685,9.869596283666823e-06
421,0,0,421,0.0031415913616615657,0.0004345565701762144,9.869596283666554e-06
422,0,0,422,0.003141591361661809,0.0023582443582346735,9.869596283668095e-06
423,0,1,423,0.0031415913616616308,0.00013090541524274357,9.869596283666982e-06
424,0,1,424,0.003141591361661707,0.002915975594214526,9.86959628366746e-06
425,0,0,425,0.003141591361661563,0.002201334618778139,9.869596283666555e-06
426,0,1,426,0.0031415913616615197,0.0067945269110341044,9.869596283666283e-06
427,0,0,427,0.003141591361661868,0.004535518147716466,9.869596283668471e-06
428,0,0,428,0.0031415913616614707,0.007464687049020036,9.869596283665967e-06
429,0,0,429,0.0031415913616617717,0.005602869648288822,9.869596283667834e-06
430,0,0,430,0.0031415913616617526,0.01205234640115016,9.86959628366774e-06
431,0,0,431,0.0031415913616618233,0.0036212263061563554,9.869596283668293e-06
432,0,0,432,0.0031415913616618225,0.004953144096147,9.869596283668304e-06
433,0,1,433,0.003141591361661527,0.0006994484516723298,9.869596283666315e-06
434,0,1,434,0.003141591361661768,0.005180884985149792,9.869596283667843e-06
435,0,0,435,0.0031415913616618207,0.012450499287941508,9.869596283668161e-06
436,0,1,436,0.0031415913616615666,0.009894272963663298,9.869596283666574e-06
437,0,0,437,0.0031415913616617964,0.0002584207374047298,9.869596283668019e-06
438,0,1,438,0.003141591361661788,0.006594936427344322,9.869596283667899e-06
439,0,0,439,0.0031415913616618073,0.00706025106436714,9.869596283668085e-06
440,0,0,440,0.0031415913616615714,0.0025423854068413743,9.86959628366674e-06
441,0,1,441,0.0031415913616617782,0.01196103590744424,9.869596283667894e-06
442,0,1,442,0.0031415913616618064,0.010579831603228174,9.869596283668205e-06
443,0,1,443,0.00314159136166158,0.009686847410773858,9.86959628366672e-06
444,0,1,444,1.9999975325994073,5.882301388316275,9.869596283668797e-06
445,0,1,445,0.003141591361661629,0.004978469515569017,9.869596283667111e-06
446,0,1,446,0.0031415913616616104,0.009113218475408136,9.869596283667031e-06
447,0,0,447,0.0031415913616615835,0.004210545634771412,9.869596283666686e-06
448,0,1,448,0.0031415913616616603,0.0020733705774518274,9.869596283667077e-06
449,0,1,449,0.0031415913616618125,0.005261224859121949,9.86959628366811e-06
450,0,0,450,0.003141591361661572,0.010747337859686734,9.869596283666601e-06
451,0,0,451,0.0031415913616617986,0.0015833378412115628,9.869596283668034e-06
452,0,0,452,0.003141591361661789,0.004128985001413288,9.869596283667973e-06
453,0,1,453,0.0031415913616617995,0.0009775540593159882,9.869596283668034e-06
454,0,1,454,0.003141591361661531,0.004160966228816676,9.869596283666484e-06
455,0,1,455,0.003141591361661808,0.003809255892464669,9.869596283668138e-06
456,0,0,456,0.0031415913616617787,0.009103783871862614,9.869596283667887e-06
457,0,0,457,0.003141591361661776,0.0027183404094391905,9.869596283667997e-06
458,0,1,458,0.003141591361661513,0.0070266725640575345,9.869596283666228e-06
459,0,1,459,0.0031415913616617596,0.004402631381319022,9.869596283667933e-06
460,0,1,460,0.0031415913616617856,0.012505059869693358,9.86959628366794e-06
461,0,1,461,0.003141591361661812,0.011522740808573184,9.869596283668102e-06
462,0,0,462,0.00314159136166175,0.00021085716747584748,9.869596283667731e-06
463,0,0,463,0.00314159136166179,0.008707770845765461,9.869596283667982e-06
464,0,0,464,0.003141591361661821,0.0034734592269120013,9.869596283668178e-06
465,0,1,465,0.0031415913616615406,0.0076536825872184355,9.869596283666538e-06
466,0,1,466,0.003141591361661827,0.009244835709830278,9.869596283668209e-06
467,0,0,467,0.0031415913616615323,0.004580637190107151,9.869596283666311e-06
468,0,0,468,0.0031415913616617747,0.0004327597475264344,9.869596283667885e-06
469,0,0,469,0.003141591361661595,0.002042447694604377,9.869596283666748e-06
470,0,1,470,0.0031415913616618186,0.005443642085621647,9.869596283668082e-06
471,0,1,471,0.0031415913616617613,0.0014850052504902927,9.869596283667802e-06
472,0,0,472,0.003141591361661788,0.0011993530632099514,9.86959628366797e-06
473,0,1,473,0.0031415913616615124,0.0018840060494291766,9.869596283666225e-06
474,0,1,474,0.00314159136166184,0.0074364972107056615,9.86959628366829e-06
475,0,1,475,0.003141591361661776,0.012455677576505952,9.869596283667889e-06
476,0,0,476,0.0031415913616617934,0.00924989277339705,9.869596283667999e-06
477,0,0,477,0.003141591361661578,0.0003863476852983272,9.86959628366677e-06
478,0,0,478,0.0031415913616617995,0.00380301274576178,9.869596283668034e-06
479,0,1,479,0.0031415913616618667,0.005990714209860304,9.869596283668493e-06
480,0,0,480,0.0031415913616618333,0.0071093581571632924,9.869596283668248e-06
481,0,0,481,0.0031415913616617843,0.005085403133218314,9.869596283668036e-06
482,0,0,482,0.0031415913616615293,0.01000935827147642,9.869596283666467e-06
483,0,1,483,0.0031415913616617097,0.007039229238987588,9.869596283667463e-06
484,0,0,484,0.0031415913616619252,0.007279278157706237,9.869596283668829e-06
485,0,0,485,0.0031415913616617934,0.010445341621390103,9.869596283668132e-06
486,0,0,486,0.003141591361661562,0.004562825803457127,9.869596283666542e-06
487,0,1,487,0.003141591361661762,0.002144736976788006,9.869596283667787e-06
488,0,1,488,0.003141591361661794,0.0028055265182436173,9.86959628366794e-06
489,0,0,489,0.0031415913616615033,0.004042563570131108,9.869596283666181e-06
490,0,0,490,0.0031415913616616143,0.0004771615538579077,9.869596283666874e-06
491,0,1,491,0.003141591361661767,0.011368565466609137,9.869596283667807e-06
492,0,0,492,0.0031415913616616104,0.001858827917332162,9.869596283666833e-06
493,0,0,493,0.0031415913616616047,0.0031222994996237263,9.869596283666867e-06
494,0,1,494,0.0031415913616619283,0.007824335337776711,9.869596283668849e-06
495,0,1,495,0.00314159136166177,0.0006631859212204994,9.869596283667838e-06
496,0,0,496,0.00314159136166179,0.00553890367896448,9.86959628366798e-06
497,0,1,497,0.0031415913616615644,0.00020494385911130203,9.869596283666567e-06
498,0,0,498,0.0031415913616617414,0.001824931417700404,9.869596283667643e-06
499,0,1,499,0.0031415913616617613,0.012412197747878606,9.8695962836678e-06
500,0,0,500,0.0031415913616617366,0.0009249339123220124,9.869596283667592e-06
501,0,1,501,0.0031415913616615514,0.0026124839718515425,9.869596283666559e-06
502,0,1,502,0.003141591361661902,0.003751058529807061,9.869596283668685e-06
503,0,1,503,0.003141591361661785,0.004818733636118733,9.869596283668056e-06
504,0,1,504,0.003141591361661613,0.0002785153507255389,9.86959628366685e-06
505,0,1,505,0.0031415913616617834,0.011184645568513063,9.869596283667938e-06
506,0,0,506,0.0031415913616617912,7.971965711148915e-06,9.869596283667987e-06
507,0,0,507,0.003141591361661602,0.0034516371709578664,9.869596283666772e-06
508,0,1,508,0.003141591361661745,0.0035400661601929784,9.869596283667621e-06
509,0,0,509,0.003141591361661895,0.009927867282232494,9.869596283668634e-06
510,0,0,510,0.0031415913616617405,3.3599217930883885e-05,9.869596283667668e-06
511,0,0,511,0.003141591361661788,0.012426464229706724,9.86959628366797e-06
512,0,1,512,0.0031415913616618064,0.0011825740849435995,9.86959628366809e-06
513,0,0,513,0.0031415913616617813,0.004513384579672763,9.86959628366792e-06
514,0,0,514,0.0031415913616616785,0.0012469475513285089,9.869596283667275e-06
515,0,0,515,0.0031415913616618216,0.001436462544986028,9.869596283668173e-06
516,0,0,516,0.0031415913616618645,0.011895128385818854,9.869596283668448e-06
517,0,1,517,0.003141591361661879,0.008035884229582901,9.869596283668534e-06
518,0,1,518,0.003141591361661654,0.002551021639193296,9.869596283667128e-06
519,0,1,519,0.003141591361661772,0.0019977329964174506,9.869596283667846e-06
520,0,1,520,0.0031415913616617813,0.0022361254439965533,9.869596283667995e-06
521,0,1,521,0.0031415913616617457,0.00103816615406771,9.869596283667704e-06
522,0,1,522,0.0031415913616618368,0.004705202073045478,9.869596283668275e-06
523,0,1,523,0.0031415913616617977,0.0115777237057888,9.869596283668024e-06
524,0,0,524,0.0031415913616615896,0.0030623131231051204,9.869596283666701e-06
525,0,1,525,0.003141591361661812,0.004169217351834842,9.869596283668077e-06
526,0,0,526,0.0031415913616617843,0.011948934694585578,9.869596283667938e-06
527,0,1,527,0.003141591361661568,0.006467286780004411,9.869596283666572e-06
528,0,0,528,0.003141591361661794,0.009474631695847169,9.8695962836681e-06
529,0,0,529,0.003141591361661545,0.005100212555340988,9.869596283666405e-06
530,0,1,530,0.003141591361661573,0.003891700184975755,9.869596283666618e-06
531,0,0,531,0.0031415913616617782,0.011738965824959147,9.869596283667904e-06
532,0,0,532,0.003141591361661534,0.009778861962811192,9.869596283666359e-06
533,0,1,533,0.0031415913616618355,0.006970908899070927,9.869596283668253e-06
534,0,1,534,0.0031415913616617804,0.012421013518733398,9.86959628366791e-06
535,0,0,535,0.0031415913616618853,0.006633155843615179,9.869596283668578e-06
536,0,1,536,0.003141591361661927,0.0038377228887500614,9.869596283668839e-06
537,0,1,537,0.0031415913616615397,0.0063886370311285745,9.8695962836664e-06
538,0,0,538,0.0031415913616617648,0.012464246798450096,9.86959628366781e-06
539,0,1,539,0.003141591361661831,0.00551492698700784,9.869596283668236e-06
540,0,0,540,0.003141591361661555,0.0005486749810199587,9.86959628366647e-06
541,0,0,541,0.0031415913616616065,0.003478518502262329,9.869596283666816e-06
542,0,0,542,0.0031415913616617665,0.00029049942878556223,9.869596283667809e-06
543,0,1,543,0.0031415913616615666,0.00038492086386598956,9.869596283666547e-06
544,0,1,544,0.0031415913616617834,0.012246365885176691,9.869596283667936e-06
545,0,0,545,0.0031415913616617535,0.006049290955029818,9.86959628366775e-06
546,0,0,546,0.003141591361661759,0.0009418020155125273,9.869596283667882e-06
547,0,1,547,0.00314159136166162,0.009182064217876373,9.869596283666913e-06
548,0,1,548,0.0031415913616616117,0.0003559769244383393,9.869596283666859e-06
549,0,0,549,0.0031415913616619244,0.0072221182323664035,9.869596283668822e-06
550,0,1,550,0.003141591361661837,0.0071362916034400925,9.869596283668271e-06
551,0,0,551,0.0031415913616616004,0.005527472012970325,9.869596283666789e-06
552,0,1,552,0.0031415913616614556,0.006548369973446544,9.869596283665873e-06
553,0,0,553,0.003141591361661812,0.005895408948806136,9.869596283668114e-06
554,0,0,554,0.0031415913616615544,0.0033374537131540816,9.869596283666501e-06
555,0,0,555,0.00314159136166183,0.0012009722063703876,9.869596283668226e-06
556,0,1,556,0.003141591361661571,0.008301773694427972,9.869596283666604e-06
557,0,0,557,0.0031415913616618055,0.010823697005466482,9.86959628366806e-06
558,0,1,558,0.003141591361661773,0.007933207192896585,9.869596283667872e-06
559,0,1,559,0.003141591361661736,0.0015360814599798545,9.869596283667726e-06
560,0,0,560,0.003141591361661462,0.0011746182111876946,9.869596283665913e-06
561,0,0,561,0.003141591361661837,0.010528563759848675,9.869596283668271e-06
562,0,1,562,0.003141591361661589,0.009511344395123356,9.869596283666713e-06
563,0,0,563,0.0031415913616618524,0.0023008037442272533,9.869596283668371e-06
564,0,0,564,0.0031415913616615835,0.0013567357029307114,9.86959628366663e-06
565,0,1,565,0.0031415913616618277,0.009770641838590777,9.869596283668214e-06
566,0,1,566,0.003141591361661673,0.004536637217514183,9.869596283667226e-06
567,0,0,567,0.0031415913616617747,0.0055965439402336226,9.869596283667982e-06
568,0,0,568,0.0031415913616617934,0.005669988456547426,9.869596283668171e-06
569,0,0,569,0.003141591361661827,0.011892553687682272,9.869596283668212e-06
570,0,0,570,0.0031415913616617843,0.0010921828886995555,9.869596283667938e-06
571,0,0,571,0.0031415913616617795,0.006078702556369997,9.869596283667904e-06
572,0,1,572,0.0031415913616618745,0.0016869631267368845,9.869596283668515e-06
573,0,0,573,0.0031415913616618073,0.006157765545389937,9.869596283668224e-06
574,0,0,574,0.0031415913616618433,0.010473833588524162,9.86959628366831e-06
575,0,0,575,0.0031415913616617635,0.005904583270037733,9.869596283667806e-06
576,0,0,576,0.003141591361661564,3.074402894659434e-05,9.869596283666532e-06
577,0,0,577,0.003141591361661765,0.005589475875417416,9.869596283668004e-06
578,0,0,578,0.0031415913616614174,0.006746747462632152,9.869596283665795e-06
579,0,1,579,0.003141591361661556,0.0009618858652318263,9.869596283666462e-06
580,0,0,580,0.003141591361661572,0.006390559573625554,9.869596283666608e-06
581,0,1,581,0.0031415913616615223,0.005541878138255907,9.869596283666296e-06
582,0,0,582,0.0031415913616618146,0.0018663562778253873,9.869596283668132e-06
583,0,0,583,0.0031415913616617635,0.0018627698776160773,9.869596283667812e-06
584,0,0,584,0.0031415913616617804,0.011059840413263688,9.869596283667919e-06
585,0,0,585,0.0031415913616615588,0.003607435086778743,9.869596283666484e-06
586,0,1,586,0.0031415913616618016,0.004068660841559879,9.869596283668134e-06
587,0,0,587,0.003141591361661761,0.012358641758667688,9.869596283667785e-06
588,0,1,588,0.0031415913616617804,0.009896262066715733,9.86959628366807e-06
589,0,1,589,0.003141591361661562,0.0001175673431066393,9.869596283666538e-06
590,0,1,590,0.0031415913616617457,0.0014186544703225223,9.869596283667667e-06
591,0,1,591,0.0031415913616618875,0.0036229973067014587,9.869596283668588e-06
592,0,1,592,0.003141591361661598,0.004267146255770626,9.869596283666772e-06
593,0,1,593,0.0031415913616615674,0.001704242494926067,9.869596283666576e-06
594,0,1,594,0.0031415913616616737,0.004969157124674162,9.869596283667252e-06
595,0,0,595,0.0031415913616615475,0.0011185235363573298,9.869596283666428e-06
596,0,1,596,0.0031415913616615336,0.0026004354837450006,9.869596283666405e-06
597,0,0,597,0.003141591361661481,0.0037584033038415843,9.869596283666017e-06
598,0,0,598,0.003141591361661751,0.0042394827327898454,9.869596283667734e-06
599,0,1,599,0.003141591361661767,0.004918433032055691,9.869596283667816e-06
600,0,0,600,0.003141591361661682,0.009625090767527045,9.869596283667409e-06
601,0,0,601,0.00314159136166179,0.009633166802869852,9.86959628366792e-06
602,0,0,602,0.0031415913616614755,0.00916073812471252,9.869596283666003e-06
603,0,0,603,0.0031415913616617518,0.005700239549292996,9.869596283667838e-06
604,0,0,604,0.003141591361661704,0.0007820568863188826,9.869596283667431e-06
605,0,1,605,0.0031415913616615293,0.0025853871462446776,9.86959628366634e-06
606,0,1,606,0.0031415913616616134,0.009386793705102647,9.869596283666911e-06
607,0,0,607,0.0031415913616618615,0.008932978940951575,9.869596283668429e-06
608,0,0,608,0.003141591361661795,0.0004513396173856203,9.869596283668004e-06
609,0,0,609,0.0031415913616615423,0.0004559897982612249,9.869596283666416e-06
610,0,1,610,0.0031415913616618454,0.00380726971555001,9.869596283668302e-06
611,0,1,611,0.0031415913616617422,0.0037281517456821955,9.869596283667692e-06
612,0,1,612,0.003141591361661836,0.0007905525631766164,9.869596283668268e-06
613,0,1,613,0.003141591361661749,0.00040682161164395936,9.869596283667934e-06
614,0,1,614,0.00314159136166179,0.002771086116541921,9.869596283668173e-06
615,0,0,615,0.0031415913616616178,0.005636635258706502,9.869596283666894e-06
616,0,1,616,0.0031415913616618606,0.0002429435971400551,9.869596283668424e-06
617,0,1,617,0.0031415913616617917,0.001317090506246399,9.86959628366793e-06
618,0,0,618,0.003141591361661779,0.004944507123119113,9.869596283667909e-06
619,0,1,619,0.0031415913616615106,0.004014830754899723,9.869596283666203e-06
620,0,1,620,0.003141591361661811,0.01234941325394201,9.869596283668109e-06
621,0,1,621,0.0031415913616614365,0.007423615702919939,9.869596283665883e-06
622,0,1,622,0.003141591361661784,0.004542795533934857,9.869596283667938e-06
623,0,0,623,0.003141591361661638,0.004248714285603139,9.869596283667025e-06
624,0,0,624,0.0031415913616617596,0.0003238966807055377,9.86959628366777e-06
625,0,0,625,0.003141591361661825,0.009170088690101635,9.869596283668199e-06
626,0,0,626,0.003141591361661491,0.004066861528654542,9.869596283666105e-06
627,0,0,627,0.0031415913616618103,0.0007196103950808386,9.869596283668102e-06
628,0,0,628,0.0031415913616617843,0.003370679919767694,9.86959628366786e-06
629,0,1,629,0.0031415913616617977,0.0021541887561393747,9.869596283668034e-06
630,0,0,630,0.0031415913616616113,0.001376012624555445,9.869596283666855e-06
631,0,1,631,0.003141591361661585,0.0005770251381616021,9.869596283666711e-06
632,0,1,632,0.0031415913616618506,0.011110106839068656,9.869596283668287e-06
633,0,1,633,0.0031415913616617322,0.0005609612933056285,9.869596283667587e-06
634,0,1,634,0.0031415913616618385,0.009121107926530814,9.869596283668285e-06
635,0,1,635,0.0031415913616618524,0.0031637822307635233,9.869596283668363e-06
636,0,0,636,0.0031415913616615666,0.004060864392055219,9.869596283666576e-06
637,0,0,637,0.0031415913616617787,0.0010395952806070419,9.869596283667936e-06
638,0,1,638,0.0031415913616615813,0.005207084678232388,9.869596283666669e-06
639,0,1,639,0.003141591361661848,0.008986008526863376,9.869596283668343e-06
640,0,0,640,0.0031415913616618073,0.011836872429770828,9.869596283668094e-06
641,0,0,641,0.003141591361661816,0.011496662645990696,9.869596283668143e-06
642,0,0,642,0.003141591361661808,0.0048441089094654055,9.869596283668244e-06
643,0,0,643,0.0031415913616618446,0.008216042500331838,9.869596283668319e-06
644,0,1,644,0.0031415913616618016,0.0044696250321623054,9.869596283668046e-06
645,0,1,645,0.003141591361661819,0.0036622138445330105,9.86959628366816e-06
646,0,0,646,0.0031415913616617574,0.001021825086783501,9.869596283667772e-06
647,0,1,647,0.0031415913616617787,0.005699920916134582,9.869596283668019e-06
648,0,1,648,0.003141591361661925,0.00289327820868035,9.869596283668825e-06
649,0,1,649,0.00314159136166155,0.0036170102803874116,9.869596283666469e-06
650,0,1,650,0.0031415913616615297,0.008200783240147835,9.86959628366633e-06
651,0,0,651,0.003141591361661589,0.0065024785617247005,9.869596283666721e-06
652,0,1,652,0.0031415913616617257,0.0024782036195577506,9.869596283667579e-06
653,0,1,653,0.0031415913616614903,0.008943642321943557,9.869596283666096e-06
654,0,0,654,0.0031415913616617787,5.895426681121717e-05,9.86959628366791e-06
655,0,1,655,0.003141591361661577,0.010093561589127331,9.869596283666655e-06
656,0,1,656,0.003141591361661543,0.004901482873227003,9.869596283666432e-06
657,0,1,657,0.0031415913616615705,0.010014839950455823,9.869596283666606e-06
658,0,1,658,0.00314159136166179,0.012008683117119667,9.86959628366798e-06
659,0,1,659,0.003141591361661904,0.009255088145515344,9.869596283668656e-06
660,0,0,660,0.0031415913616617873,0.011634439808639874,9.869596283667951e-06
661,0,0,661,0.0031415913616617604,0.008282320519939379,9.869596283667777e-06
662,0,1,662,0.003141591361661597,0.004103059987235147,9.86959628366677e-06
663,0,0,663,0.0031415913616617934,0.0033828598341616445,9.869596283667999e-06
664,0,0,664,0.003141591361661573,1.408415354979542e-05,9.869596283666616e-06
665,0,0,665,0.0031415913616618272,0.008124346721659848,9.869596283668215e-06
666,0,1,666,0.0031415913616617513,0.0013201595430856194,9.869596283667663e-06
667,0,1,667,1.9999975325994073,0.5467793917932917,9.869596283669611e-06
668,0,0,668,0.003141591361661778,0.005519907394823664,9.86959628366787e-06
669,0,0,669,0.0031415913616618016,0.0027148112795776225,9.869596283668055e-06
670,0,0,670,0.0031415913616617574,0.00212350900575764,9.869596283667777e-06
671,0,1,671,0.003141591361661808,0.007681422885224443,9.869596283668092e-06
672,0,1,672,0.0031415913616618515,0.009405602554290904,9.869596283668365e-06
673,0,0,673,0.003141591361661728,0.006385032250777023,9.869596283667587e-06
674,0,0,674,0.0031415913616617604,0.002936984264747089,9.869596283667778e-06
675,0,1,675,0.003141591361661598,0.005338618903905967,9.869596283666774e-06
676,0,1,676,0.0031415913616618606,0.005854291730853056,9.869596283668476e-06
677,0,1,677,0.003141591361661793,0.0028394491556618107,9.869596283667995e-06
678,0,1,678,0.00314159136166183,0.0016399215423574809,9.869596283668337e-06
679,0,1,679,0.00314159136166156,0.0023357792460982907,9.869596283666537e-06
680,0,0,680,0.0031415913616615063,0.005078572195234443,9.8695962836662e-06
681,0,0,681,0.0031415913616617865,0.0005959766386403886,9.869596283667943e-06
682,0,0,682,0.0031415913616617834,0.011365790229411088,9.86959628366794e-06
683,0,1,683,0.0031415913616617305,0.006208791611264086,9.869596283667743e-06
684,0,0,684,0.0031415913616617782,0.0035329080211496944,9.869596283667826e-06
685,0,1,685,0.0031415913616617574,0.0012142854211241172,9.869596283667724e-06
686,0,1,686,0.003141591361661551,0.0034314304734932577,9.869596283666565e-06
687,0,0,687,0.0031415913616614456,0.006241675743995367,9.869596283665812e-06
688,0,0,688,0.0031415913616618745,0.006259586156653563,9.86959628366851e-06
689,0,1,689,0.003141591361661528,0.0008709520366354528,9.86959628366632e-06
690,0,0,690,0.003141591361661755,0.001807983590740747,9.869596283667927e-06
691,0,0,691,0.00314159136166179,0.001763423915154938,9.869596283668099e-06
692,0,1,692,0.0031415913616616923,0.002705158700174626,9.869596283667348e-06
693,0,1,693,0.0031415913616617912,0.005883245806856327,9.869596283668144e-06
694,0,1,694,0.0031415913616615705,0.0004040104502447406,9.869596283666567e-06
695,0,0,695,0.0031415913616617865,0.00721973864236395,9.869596283667958e-06
696,0,0,696,0.003141591361661824,0.006894503252892981,9.869596283668195e-06
697,0,1,697,0.003141591361661621,3.6101560211942996e-05,9.869596283666921e-06
698,0,0,698,0.003141591361661901,0.0011138627968504955,9.86959628366865e-06
699,0,0,699,0.003141591361661813,0.007680921479247704,9.869596283668117e-06
700,0,0,700,0.0031415913616618303,0.002463510614967662,9.869596283668236e-06
701,0,0,701,0.003141591361661599,0.00028950890235768245,9.869596283666772e-06
702,0,0,702,0.0031415913616617895,0.0031433424954694367,9.869596283667994e-06
703,0,0,703,0.003141591361661825,0.009518889753261785,9.869596283668199e-06
704,0,0,704,0.00314159136166155,0.008215177119967443,9.86959628366659e-06
705,0,0,705,0.003141591361661839,0.0035611551502023886,9.869596283668448e-06
706,0,0,706,0.0031415913616616212,0.0037690616671501864,9.869596283666918e-06
707,0,1,707,0.0031415913616617747,0.012417762044967223,9.869596283667882e-06
708,0,1,708,0.003141591361661613,0.007972678682102163,9.869596283666826e-06
709,0,0,709,0.0031415913616617813,0.00010914704479018933,9.869596283667917e-06
710,0,1,710,0.0031415913616618225,0.011952313655300473,9.869596283668182e-06
711,0,1,711,0.00314159136166179,0.0001807538262332889,9.869596283667982e-06
712,0,1,712,0.0031415913616615874,0.009230030483153406,9.869596283666706e-06
713,0,0,713,0.003141591361661551,0.005063679887883588,9.869596283666474e-06
714,0,0,714,0.0031415913616615657,0.0002844874790405988,9.869596283666562e-06
715,0,0,715,0.003141591361661806,0.01209372543979581,9.869596283668078e-06
716,0,0,716,0.003141591361661925,0.006187062559511514,9.869596283668827e-06
717,0,0,717,0.0031415913616617453,0.001745435473891721,9.86959628366768e-06
718,0,0,718,0.003141591361661785,0.010884195013749709,9.869596283668068e-06
719,0,0,719,0.003141591361661738,0.0027222581468935303,9.86959628366765e-06
720,0,1,720,0.0031415913616618567,0.0009156386638594916,9.869596283668382e-06
721,0,0,721,0.0031415913616617136,0.0004753461979709883,9.869596283667496e-06
722,0,0,722,0.0031415913616618615,0.003713415198754344,9.869596283668424e-06
723,0,0,723,0.003141591361661796,0.00757309005095852,9.869596283668136e-06
724,0,1,724,0.0031415913616618637,0.006744009916725524,9.869596283668554e-06
725,0,0,725,0.0031415913616617856,0.004349528521276458,9.869596283667904e-06
726,0,0,726,0.003141591361661546,0.01098238137052876,9.869596283666445e-06
727,0,1,727,0.0031415913616617834,0.005011317814575422,9.869596283667846e-06
728,0,1,728,0.003141591361661568,0.0002508884068923578,9.869596283666576e-06
729,0,0,729,0.0031415913616615466,0.002456374757837221,9.869596283666554e-06
730,0,1,730,0.0031415913616617557,0.00594990774872306,9.869596283667765e-06
731,0,0,731,0.0031415913616617804,0.006499211032764962,9.869596283668126e-06
732,0,1,732,0.0031415913616614725,0.0014815688487733736,9.86959628366607e-06
733,0,0,733,0.003141591361661583,0.0021737879404171156,9.86959628366667e-06
734,0,1,734,0.0031415913616618225,0.0008032293134179191,9.86959628366819e-06
735,0,0,735,0.0031415913616615995,0.002280047606856961,9.869596283666777e-06
736,0,1,736,0.003141591361661558,0.00010241635727165077,9.86959628366652e-06
737,0,1,737,0.003141591361661763,0.004514202973675552,9.869596283667912e-06
738,0,0,738,0.003141591361661812,0.006782292215952168,9.869596283668112e-06
739,0,1,739,0.003141591361661759,0.010073394564451776,9.869596283667719e-06
740,0,1,740,0.0031415913616617422,0.00445463668196755,9.869596283667678e-06
741,0,0,741,0.0031415913616617865,0.012519773328365291,9.869596283667946e-06
742,0,1,742,0.0031415913616617544,0.010840123206611096,9.869596283667745e-06
743,0,0,743,0.0031415913616617934,0.004747198990359358,9.869596283668002e-06
744,0,0,744,0.0031415913616615588,0.003945087436828754,9.869596283666523e-06
745,0,0,745,0.0031415913616615696,0.0016754600721999857,9.869596283666591e-06
746,0,1,746,0.0031415913616617166,0.001045904783676388,9.869596283667518e-06
747,0,0,747,0.0031415913616617878,0.012477810658950872,9.869596283667958e-06
748,0,1,748,0.003141591361661461,0.00859229054883981,9.869596283665915e-06
749,0,1,749,0.0031415913616618493,0.01050133586496671,9.869596283668354e-06
750,0,1,750,0.0031415913616619023,0.006193979269417227,9.869596283668844e-06
751,0,1,751,0.0031415913616617535,0.005995637042533364,9.869596283667882e-06
752,0,1,752,0.003141591361661647,0.0013537265156148837,9.869596283667077e-06
753,0,0,753,0.0031415913616616073,0.007139035791826842,9.869596283666837e-06
754,0,0,754,0.0031415913616618255,0.003970783283414825,9.869596283668244e-06
755,0,1,755,0.0031415913616616425,0.0006089599860357453,9.869596283667023e-06
756,0,0,756,0.003141591361661573,0.0038020935570277636,9.869596283666752e-06
757,0,0,757,0.0031415913616617747,0.00014312688073647717,9.86959628366788e-06
758,0,0,758,0.003141591361661584,0.003402588720910593,9.869596283666684e-06
759,0,1,759,0.003141591361661749,0.0010594894465745242,9.869596283667724e-06
760,0,0,760,0.003141591361661759,0.009837451850233103,9.869596283667894e-06
761,0,0,761,0.003141591361661793,0.002375148127901988,9.869596283667999e-06
762,0,1,762,0.0031415913616617873,0.009802117291033197,9.869596283667965e-06
763,0,1,763,0.0031415913616617396,0.0107667753273184,9.869596283667792e-06
764,0,0,764,0.0031415913616617396,0.009517456560704574,9.869596283667656e-06
765,0,0,765,0.0031415913616616746,0.002155794744853168,9.869596283667253e-06
766,0,1,766,0.0031415913616616937,0.009004121678345856,9.869596283667377e-06
767,0,0,767,0.0031415913616618203,0.008518503597291449,9.86959628366817e-06
768,0,0,768,0.0031415913616617917,0.0070580614209677095,9.869596283667973e-06
769,0,1,769,0.003141591361661799,0.00785413258579526,9.869596283668038e-06
770,0,0,770,0.0031415913616617565,0.0038718024085286906,9.869596283667731e-06
771,0,0,771,0.0031415913616618225,0.001973233909221328,9.869596283668178e-06
772,0,1,772,0.003141591361661847,0.010094318824167892,9.86959628366834e-06
773,0,0,773,0.0031415913616618485,0.004522730496073435,9.869596283668351e-06
774,0,0,774,0.003141591361661784,0.0029292402204301737,9.869596283667944e-06
775,0,0,775,0.0031415913616618225,0.0035484854039267155,9.869596283668173e-06
776,0,1,776,0.003141591361661811,0.002064218546232982,9.869596283668112e-06
777,0,1,777,0.003141591361661773,0.005833840503025822,9.86959628366787e-06
778,0,1,778,0.003141591361661862,0.009459156820697867,9.86959628366842e-06
779,0,1,779,0.0031415913616617912,0.0009757196134887458,9.869596283668124e-06
780,0,0,780,0.003141591361661778,0.0020697691706441645,9.86959628366808e-06
781,0,0,781,0.003141591361661537,0.005624899656151872,9.869596283666388e-06
782,0,0,782,0.0031415913616617977,0.002618384350015379,9.869596283668027e-06
783,0,0,783,0.003141591361661771,0.0009715940508656651,9.869596283667851e-06
784,0,0,784,0.0031415913616618055,0.0011333196960394698,9.869596283668082e-06
785,0,0,785,0.0031415913616615536,0.005441106845273325,9.869596283666491e-06
786,0,0,786,0.003141591361661857,0.003212245963637339,9.869596283668405e-06
787,0,0,787,0.0031415913616614738,0.007816149646640902,9.869596283665984e-06
788,0,0,788,0.003141591361661886,0.008595402508360994,9.86959628366873e-06
789,0,1,789,0.003141591361661612,0.004617950664164039,9.869596283666987e-06
790,0,1,790,0.0031415913616617596,0.010913222961750235,9.869596283667782e-06
791,0,1,791,0.0031415913616615787,4.901921455995051e-05,9.869596283666645e-06
792,0,1,792,0.0031415913616617743,0.00026296723391455376,9.869596283667878e-06
793,0,0,793,0.0031415913616619348,0.006581102164166741,9.86959628366889e-06
794,0,0,794,0.0031415913616617995,0.0036171541543024155,9.869596283668007e-06
795,0,0,795,0.003141591361661816,0.002261054365207543,9.8695962836681e-06
796,0,0,796,0.0031415913616615336,0.00527259176803474,9.869596283666498e-06
797,0,1,797,0.003141591361661638,0.006586272763608569,9.869596283667018e-06
798,0,1,798,0.003141591361661928,0.009201676243223766,9.869596283668846e-06
799,0,1,799,0.0031415913616614556,0.002173352673136675,9.86959628366588e-06
800,0,1,800,0.0031415913616617947,0.0029774238659893704,9.869596283668007e-06
801,0,0,801,0.0031415913616615514,0.010298563706272468,9.869596283666482e-06
802,0,0,802,0.003141591361661726,0.00029196844357387564,9.869596283667579e-06
803,0,1,803,0.003141591361661707,0.00717863880351155,9.869596283667451e-06
804,0,0,804,0.003141591361661794,0.0010966900626101506,9.869596283667999e-06
805,0,1,805,0.003141591361661589,0.002037269851171919,9.869596283666645e-06
806,0,0,806,0.003141591361661852,0.008493624149003232,9.869596283668366e-06
807,0,0,807,0.0031415913616616086,0.006599274554739409,9.869596283666842e-06
808,0,0,808,0.0031415913616617826,0.005548742955362063,9.869596283668026e-06
809,0,0,809,0.003141591361661868,0.010556601802550025,9.869596283668471e-06
810,0,1,810,0.00314159136166179,0.010004888277264534,9.86959628366797e-06
811,0,1,811,0.0031415913616615835,0.005144661210692902,9.869596283666682e-06
812,0,1,812,0.0031415913616618,0.0002068666917596218,9.869596283668044e-06
813,0,0,813,0.003141591361661783,0.004407732491045202,9.869596283667934e-06
814,0,1,814,0.003141591361661512,0.008913320937042002,9.869596283666222e-06
815,0,1,815,0.003141591361661792,0.0037346690435674512,9.869596283667988e-06
816,0,1,816,0.0031415913616615453,0.005901152993124992,9.869596283666428e-06
817,0,1,817,0.0031415913616617596,0.012236539291752613,9.869596283667789e-06
818,0,0,818,0.003141591361661822,0.0029538241252224373,9.86959628366818e-06
819,0,1,819,0.0031415913616615406,0.008967033916461808,9.869596283666405e-06
820,0,0,820,0.003141591361661599,0.0024732840951324775,9.869596283666869e-06
821,0,0,821,0.0031415913616618207,0.004271764641595954,9.869596283668119e-06
822,0,1,822,0.003141591361661576,0.00019670021839068852,9.869596283666632e-06
823,0,0,823,0.003141591361661848,0.005758020062619829,9.869596283668353e-06
824,0,0,824,0.003141591361661788,0.0039924828557587055,9.869596283667973e-06
825,0,0,825,0.003141591361661773,0.005118451531289203,9.869596283667868e-06
826,0,0,826,0.0031415913616617127,0.001073193204351064,9.86959628366749e-06
827,0,1,827,0.003141591361661507,0.0019840674796980373,9.869596283666259e-06
828,0,0,828,0.0031415913616616937,0.0036783983322857816,9.869596283667538e-06
829,0,1,829,0.0031415913616616577,0.00025489912406501114,9.869596283667143e-06
830,0,1,830,0.003141591361661855,0.005366041614824013,9.86959628366839e-06
831,0,1,831,0.003141591361661818,0.0008367497746461366,9.869596283668153e-06
832,0,1,832,0.003141591361661792,0.00010961753641479388,9.869596283667997e-06
833,0,1,833,0.0031415913616617912,0.0030012429105384965,9.869596283667977e-06
834,0,0,834,0.003141591361661784,0.003517339920733456,9.869596283667938e-06
835,0,1,835,0.0031415913616617535,0.011708083165665961,9.869596283667745e-06
836,0,1,836,0.003141591361661812,0.006777057854859381,9.86959628366812e-06
837,0,0,837,0.0031415913616617635,0.008854531885111872,9.86959628366781e-06
838,0,0,838,0.0031415913616618225,0.011349911472308571,9.869596283668337e-06
839,0,0,839,0.0031415913616614894,0.006024832440493011,9.869596283666084e-06
840,0,1,840,0.0031415913616616603,0.0015374442474751504,9.869596283667174e-06
841,0,1,841,0.003141591361661535,0.0022382071530713255,9.86959628366638e-06
842,0,0,842,0.0031415913616617995,0.0030007203866335708,9.869596283668038e-06
843,0,1,843,0.0031415913616615818,9.158039989107941e-06,9.86959628366667e-06
844,0,1,844,0.0031415913616615666,0.003212297114353335,9.869596283666565e-06
845,0,1,845,0.003141591361661769,0.011912012318801457,9.869596283667851e-06
846,0,1,846,0.003141591361661769,0.005676995383506772,9.869596283667846e-06
847,0,1,847,0.0031415913616615874,0.0017749654127161563,9.8695962836667e-06
848,0,0,848,0.0031415913616618415,0.006985144090304374,9.869596283668304e-06
849,0,1,849,0.0031415913616617422,0.0051875532899281485,9.869596283667782e-06
850,0,1,850,0.003141591361661808,0.011073343824788195,9.86959628366809e-06
851,0,1,851,0.003141591361661812,0.0013428745960229194,9.869596283668107e-06
852,0,1,852,0.0031415913616615653,0.00012981769464848192,9.869596283666565e-06
853,0,0,853,0.0031415913616618047,0.005342423025392007,9.869596283668209e-06
854,0,1,854,0.0031415913616617635,0.002065910096085588,9.869596283667809e-06
855,0,1,855,0.0031415913616617587,0.0003634376963130015,9.869596283667777e-06
856,0,1,856,0.003141591361661561,0.0003053920127475962,9.869596283666618e-06
857,0,1,857,0.003141591361661768,0.0003039077663085088,9.869596283667838e-06
858,0,0,858,0.00314159136166179,0.012513248486688444,9.869596283667973e-06
859,0,0,859,0.0031415913616617444,0.004466058415182328,9.869596283667694e-06
860,0,1,860,0.0031415913616617357,0.003362695712669561,9.8695962836676e-06
861,0,1,861,0.0031415913616617518,0.0023175422359260622,9.869596283667746e-06
862,0,0,862,0.003141591361661716,0.005126132280537599,9.869596283667651e-06
863,0,0,863,0.003141591361661467,0.007223567300729927,9.869596283665944e-06
864,0,1,864,0.0031415913616617357,3.717433517388957e-05,9.869596283667643e-06
865,0,1,865,0.003141591361661553,0.00325402310909384,9.869596283666494e-06
866,0,1,866,0.003141591361661556,0.002089121589218479,9.869596283666501e-06
867,0,0,867,0.0031415913616617865,0.006276703750330737,9.869596283667958e-06
868,0,1,868,0.0031415913616617435,0.01211352301960833,9.869596283667685e-06
869,0,1,869,0.003141591361661829,0.004144400471425058,9.869596283668224e-06
870,0,1,870,0.00314159136166179,0.011122713989242583,9.869596283667973e-06
871,0,0,871,0.0031415913616618303,0.0071476414298284885,9.869596283668229e-06
872,0,1,872,0.0031415913616616433,0.0011668499921433373,9.869596283667057e-06
873,0,0,873,0.0031415913616617648,0.005633281851918248,9.869596283667809e-06
874,0,0,874,0.0031415913616617613,0.0010549592058200497,9.869596283667804e-06
875,0,0,875,0.003141591361661595,0.008252500346508373,9.869596283666755e-06
876,0,1,876,0.0031415913616615818,0.0034935586778832572,9.86959628366667e-06
877,0,0,877,0.0031415913616617977,0.005058527428759785,9.869596283668029e-06
878,0,1,878,0.0031415913616615635,0.00037775394407191243,9.86959628366655e-06
879,0,1,879,0.0031415913616616004,0.0006430477505174337,9.869596283666784e-06
880,0,1,880,0.003141591361661784,0.004677716717336813,9.869596283668119e-06
881,0,0,881,0.003141591361661663,0.004673142255747997,9.869596283667187e-06
882,0,0,882,0.003141591361661766,0.0005699042629068174,9.869596283667822e-06
883,0,1,883,0.0031415913616616026,0.002966112248418362,9.869596283666857e-06
884,0,0,884,0.0031415913616618407,0.007480402025141775,9.8695962836683e-06
885,0,0,885,0.0031415913616615336,0.0018258748124657664,9.869596283666508e-06
886,0,0,886,0.0031415913616617826,0.011884677296693513,9.869596283667926e-06
887,0,0,887,0.0031415913616616724,0.006770761565921823,9.869596283667233e-06
888,0,1,888,0.003141591361661832,0.009079373412936853,9.869596283668248e-06
889,0,0,889,0.0031415913616615826,0.0002314573810164311,9.869596283666674e-06
890,0,1,890,0.00314159136166183,0.008989960618941195,9.869596283668234e-06
891,0,0,891,0.003141591361661538,0.0023539096795821557,9.869596283666477e-06
892,0,1,892,0.0031415913616618064,0.0026664638752718073,9.869596283668082e-06
893,0,0,893,0.0031415913616617557,0.002402253314914393,9.86959628366776e-06
894,0,1,894,0.003141591361661766,0.011107214917922104,9.869596283667826e-06
895,0,0,895,0.00314159136166166,0.009322631848646346,9.869596283667162e-06
896,0,0,896,0.0031415913616618754,0.003906829588345984,9.869596283668517e-06
897,0,1,897,0.0031415913616616065,0.0056194347522735555,9.869596283666938e-06
898,0,0,898,0.0031415913616615583,0.002200318016049696,9.869596283666523e-06
899,0,0,899,0.003141591361661805,0.011437139104792049,9.869596283668185e-06
900,0,0,900,0.0031415913616616594,5.925093505208465e-05,9.869596283667157e-06
901,0,1,901,0.003141591361661601,0.003231205018164207,9.869596283666794e-06
902,0,0,902,0.003141591361661785,0.0032118736074355984,9.869596283667944e-06
903,0,0,903,0.0031415913616617795,0.0036976720995434142,9.869596283667902e-06
904,0,0,904,0.0031415913616614126,0.0008946242122066517,9.869596283665595e-06
905,0,0,905,0.003141591361661656,0.011237352779387644,9.869596283667131e-06
906,0,0,906,0.003141591361661528,0.002010319156110718,9.869596283666323e-06
907,0,1,907,0.0031415913616615544,0.010063864454335603,9.869596283666501e-06
908,0,1,908,0.0031415913616618454,0.006338462371299869,9.869596283668329e-06
909,0,0,909,0.0031415913616614877,0.007537659579258005,9.869596283666167e-06
910,0,1,910,0.0031415913616617145,0.0015562491568394954,9.869596283667492e-06
911,0,0,911,0.0031415913616617912,0.011322072743234046,9.869596283667987e-06
912,0,1,912,0.003141591361661787,0.009994173722076505,9.869596283668126e-06
913,0,1,913,0.0031415913616615475,0.0026066576274343944,9.869596283666613e-06
914,0,0,914,0.0031415913616618368,0.0035765703009835725,9.869596283668275e-06
915,0,1,915,0.00314159136166184,0.0031373323991235047,9.869596283668298e-06
916,0,0,916,0.003141591361661796,0.007833028833273303,9.86959628366798e-06
917,0,1,917,0.0031415913616617682,0.006566716436732456,9.869596283668041e-06
918,0,1,918,0.0031415913616615705,0.00012475503471125193,9.869596283666601e-06
919,0,1,919,0.0031415913616617565,0.003874228642445021,9.869596283667863e-06
920,0,0,920,0.003141591361661767,0.002327209677304737,9.869596283667826e-06
921,0,1,921,0.003141591361661566,0.0015904336828294063,9.86959628366654e-06
922,0,0,922,0.0031415913616617557,0.009752226830570865,9.869596283667878e-06
923,0,0,923,0.003141591361661794,0.012103824032589805,9.869596283668151e-06
924,0,0,924,0.0031415913616615835,0.00781151281142467,9.869596283666875e-06
925,0,0,925,0.003141591361661558,0.00030478779120335364,9.869596283666518e-06
926,0,1,926,0.00314159136166173,0.009311060926681769,9.86959628366759e-06
927,0,1,927,0.0031415913616618177,0.0016957649776421224,9.86959628366815e-06
928,0,1,928,0.0031415913616617747,0.004439654630583295,9.869596283667872e-06
929,0,0,929,0.0031415913616615818,0.003608184774780643,9.869596283666665e-06
930,0,0,930,0.003141591361661541,0.0041617874879547045,9.869596283666535e-06
931,0,1,931,0.003141591361661557,0.0006053121941118622,9.869596283666423e-06
932,0,1,932,0.0031415913616617453,0.0023630710365980523,9.869596283667702e-06
933,0,0,933,0.0031415913616618433,0.00831323960641528,9.869596283668315e-06
934,0,1,934,0.003141591361661849,0.009775943124823994,9.86959628366835e-06
935,0,1,935,0.0031415913616618207,0.007009693583607479,9.869596283668326e-06
936,0,1,936,0.0031415913616618316,0.01074122716537712,9.869596283668238e-06
937,0,0,937,0.00314159136166158,0.0016015099579846925,9.869596283666662e-06
938,0,1,938,0.00314159136166174,0.0012344318530272957,9.869596283667663e-06
939,0,1,939,0.003141591361661574,0.0012784872976938644,9.86959628366662e-06
940,0,0,940,0.0031415913616615315,0.0004453174695798201,9.869596283666338e-06
941,0,0,941,0.003141591361661854,0.009976266921629895,9.869596283668385e-06
942,0,1,942,0.003141591361661814,0.007140220650710294,9.869596283668134e-06
943,0,1,943,0.0031415913616614976,0.00462911962035828,9.869596283666196e-06
944,0,1,944,0.0031415913616618146,0.011592301615688583,9.869596283668124e-06
945,0,0,945,0.003141591361661798,0.00038550453188124223,9.869596283668034e-06
946,0,0,946,0.0031415913616617765,0.010465966329219034,9.869596283667816e-06
947,0,0,947,0.0031415913616616702,0.004166039562709667,9.869596283667233e-06
948,0,1,948,0.0031415913616617977,0.007878145487179022,9.869596283668022e-06
949,0,1,949,0.0031415913616618264,0.0018442104921981284,9.869596283668207e-06
950,0,1,950,0.003141591361661958,0.008673749494073402,9.869596283669037e-06
951,0,0,951,0.0031415913616615753,0.0028004573078871386,9.869596283666626e-06
952,0,0,952,0.0031415913616615813,0.0003659518946593221,9.86959628366667e-06
953,0,0,953,0.003141591361661784,0.007621059936830016,9.869596283667938e-06
954,0,1,954,0.0031415913616615644,2.5520342382345795e-05,9.869596283666554e-06
955,0,0,955,0.0031415913616617804,0.00964659810320434,9.86959628366792e-06
956,0,1,956,0.003141591361661828,0.0018138373845375533,9.869596283668222e-06
957,0,1,957,0.0031415913616618146,0.0027872413507861182,9.869596283668138e-06
958,0,0,958,0.003141591361661603,0.004948983022058484,9.86959628366679e-06
959,0,0,959,0.0031415913616617834,0.0021937289031425562,9.869596283667934e-06
960,0,0,960,0.0031415913616615323,0.0037926169999713544,9.86959628366651e-06
961,0,1,961,0.003141591361661717,0.0025902128974544247,9.86959628366752e-06
962,0,1,962,0.0031415913616616234,0.0017920990763315992,9.869596283666933e-06
963,0,0,963,0.0031415913616618424,0.009661348438656514,9.869596283668307e-06
964,0,0,964,0.0031415913616617895,0.000722768022437259,9.869596283667973e-06
965,0,1,965,0.0031415913616617973,0.00489943338287846,9.869596283668029e-06
966,0,1,966,0.0031415913616617544,0.000348198634787078,9.869596283667751e-06
967,0,0,967,0.0031415913616615874,0.00046087820050422224,9.869596283666826e-06
968,0,0,968,0.003141591361661757,0.001831969786646459,9.86959628366786e-06
969,0,1,969,0.0031415913616617613,0.01091259629973751,9.86959628366779e-06
970,0,0,970,0.0031415913616616997,0.006873068801993565,9.869596283667414e-06
971,0,1,971,0.0031415913616615588,0.0009823823324509318,9.869596283666527e-06
972,0,1,972,0.0031415913616617357,0.0029312460829228337,9.869596283667602e-06
973,0,1,973,0.003141591361661573,0.004863238278938309,9.86959628366672e-06
974,0,1,974,0.0031415913616618762,0.00037437575180065963,9.869596283668451e-06
975,0,1,975,0.0031415913616618042,0.009093103446642048,9.86959628366805e-06
976,0,1,976,0.003141591361661594,0.0034543381655716132,9.869596283666803e-06
977,0,0,977,0.0031415913616615783,0.002315181456471027,9.86959628366665e-06
978,0,1,978,0.003141591361661542,0.004350011408491561,9.869596283666423e-06
979,0,1,979,0.0031415913616619027,0.00681241853451553,9.869596283668688e-06
980,0,1,980,0.0031415913616618055,0.010887734703193486,9.869596283668063e-06
981,0,0,981,0.003141591361661553,0.0052726263476006174,9.86959628366648e-06
982,0,0,982,0.0031415913616615627,0.002772290766822838,9.869596283666643e-06
983,0,1,983,0.003141591361661773,0.00039662997660872,9.869596283667872e-06
984,0,0,984,0.003141591361661866,0.006079977275328385,9.869596283668448e-06
985,0,1,985,0.003141591361661597,0.0012246998042769741,9.86959628366677e-06
986,0,1,986,0.0031415913616617583,0.010447253798366418,9.869596283667778e-06
987,0,1,987,0.003141591361661787,0.0015051427113069137,9.86959628366796e-06
988,0,0,988,0.0031415913616617973,0.009072527650659357,9.869596283668022e-06
989,0,0,989,0.0031415913616617817,0.005568235364097118,9.869596283667926e-06
990,0,0,990,0.0031415913616615067,0.0010208837459497744,9.869596283666196e-06
991,0,0,991,0.00314159136166178,0.005833427335378616,9.869596283668022e-06
992,0,1,992,0.003141591361661786,0.0010096441002809264,9.869596283667987e-06
993,0,0,993,0.003141591361661591,0.007650057959470713,9.86959628366673e-06
994,0,1,994,0.0031415913616617743,0.010661482227716235,9.86959628366788e-06
995,0,1,995,0.0031415913616615414,0.005717926290178088,9.869596283666405e-06
996,0,1,996,0.003141591361661787,0.012022871414361092,9.869596283667933e-06
997,0,1,997,0.003141591361661558,0.008046242554668792,9.869596283666518e-06
998,0,0,998,0.0031415913616617552,0.007357078635569447,9.869596283667756e-06
999,0,1,999,0.0031415913616614824,0.0006806190238926035,9.869596283666045e-06
