,Layer,Qubit,Run,2-Norm,Trace Norm,Diamond Norm
0,0,1,0,0.015707801777422706,0.02850769166036496,0.0002467350366788026
1,0,0,1,0.01570780177742261,0.021555426206616046,0.00024673503667880094
2,0,0,2,0.015707801777422738,0.027695417109692033,0.00024673503667880375
3,0,1,3,0.015707801777422592,0.026564753626042464,0.00024673503667880034
4,0,0,4,0.015707801777422616,0.027478348723811052,0.00024673503667879985
5,0,1,5,0.015707801777422585,0.02014575995821426,0.00024673503667880007
6,0,0,6,0.01570780177742257,0.02836993590869183,0.000246735036678799
7,0,0,7,0.015707801777422644,0.025866594912541202,0.00024673503667880197
8,0,1,8,0.015707801777422568,0.02618761258381741,0.0002467350366787996
9,0,1,9,0.01570780177742259,0.028607496429031737,0.0002467350366788003
10,0,0,10,0.01570780177742277,0.027857855257966496,0.0002467350366788043
11,0,0,11,0.015707801777422665,0.030608827331762123,0.00024673503667880256
12,0,1,12,0.015707801777422634,0.020584996932638742,0.0002467350366788018
13,0,0,13,0.015707801777422602,0.029229976098906152,0.0002467350366787994
14,0,0,14,0.01570780177742268,0.02394352344490845,0.0002467350366788032
15,0,1,15,0.015707801777422533,0.022783201252434805,0.00024673503667879844
16,0,0,16,0.015707801777422658,0.029517396892787318,0.0002467350366788024
17,0,1,17,0.015707801777422592,0.020167422845018566,0.0002467350366788001
18,0,1,18,0.015707801777422675,0.022208010454269213,0.00024673503667880267
19,0,0,19,0.015707801777422592,0.02893294160514434,0.00024673503667880034
20,0,1,20,0.015707801777422824,0.030964408087353512,0.0002467350366788068
21,0,1,21,0.01570780177742261,0.022526347245314625,0.0002467350366788008
22,0,1,22,0.015707801777422505,0.02972129949012936,0.0002467350366788005
23,0,1,23,0.01570780177742274,0.028522311699033853,0.00024673503667880495
24,0,1,24,0.015707801777422568,0.02380761914242567,0.0002467350366787996
25,0,1,25,0.015707801777422623,0.02411114043757459,0.0002467350366788012
26,0,0,26,0.01570780177742258,0.022893372353584313,0.0002467350366787999
27,0,1,27,0.01570780177742257,0.022689550674031875,0.00024673503667879963
28,0,1,28,0.01570780177742276,0.0230479241708721,0.00024673503667880554
29,0,0,29,0.0157078017774228,0.030196975158250428,0.0002467350366788063
30,0,0,30,0.01570780177742258,0.0229114098624094,0.0002467350366787998
31,0,1,31,0.01570780177742258,0.017418255555919727,0.0002467350366787999
32,0,1,32,0.01570780177742261,0.027317468831864034,0.00024673503667880066
33,0,0,33,0.015707801777422595,0.026982846025076862,0.00024673503667880007
34,0,1,34,0.01570780177742258,0.022145553661549938,0.00024673503667879996
35,0,0,35,0.01570780177742257,0.02037265414477634,0.0002467350366787998
36,0,1,36,0.015707801777422665,0.028455714961475115,0.00024673503667880245
37,0,0,37,0.01570780177742257,0.028766383740865903,0.00024673503667880056
38,0,1,38,0.01570780177742255,0.028776856227734904,0.0002467350366787989
39,0,0,39,0.015707801777422606,0.025657170011011407,0.00024673503667880077
40,0,1,40,0.01570780177742272,0.029607534093697985,0.0002467350366788043
41,0,1,41,0.015707801777422557,0.023764990383442736,0.00024673503667879925
42,0,0,42,0.015707801777422686,0.02994228366373536,0.0002467350366788032
43,0,0,43,0.015707801777422585,0.01873682742832683,0.00024673503667879996
44,0,0,44,0.01570780177742272,0.029310154901390884,0.0002467350366788044
45,0,0,45,0.015707801777422738,0.027635697990415847,0.0002467350366788046
46,0,0,46,0.015707801777422623,0.024632396455018024,0.00024673503667880094
47,0,1,47,0.015707801777422658,0.02581944984061836,0.00024673503667880316
48,0,1,48,0.015707801777422706,0.023290446607002135,0.00024673503667880386
49,0,1,49,0.01570780177742259,0.027276977220310417,0.0002467350366788002
50,0,0,50,0.01570780177742266,0.02766259376085181,0.0002467350366788025
51,0,1,51,0.01570780177742261,0.024348328392503102,0.0002467350366788006
52,0,1,52,0.015707801777422637,0.02568413695875514,0.0002467350366788016
53,0,1,53,0.015707801777422578,0.018751257654962848,0.0002467350366787998
54,0,0,54,0.015707801777422686,0.017345493420531863,0.0002467350366788032
55,0,0,55,0.01570780177742261,0.022830046555980164,0.00024673503667880077
56,0,1,56,0.015707801777422578,0.023447371842839793,0.0002467350366787997
57,0,1,57,0.015707801777422665,0.023773817756806093,0.0002467350366788027
58,0,0,58,0.015707801777422585,0.01878905285695579,0.0002467350366788
59,0,0,59,0.015707801777422502,0.023645946769473895,0.0002467350366787975
60,0,0,60,0.015707801777422703,0.02591284269758616,0.0002467350366788037
61,0,0,61,0.015707801777422654,0.025876821529606645,0.00024673503667880213
62,0,1,62,0.01570780177742259,0.028168274079778427,0.00024673503667880007
63,0,1,63,0.015707801777422672,0.020755273506650622,0.00024673503667880283
64,0,1,64,0.015707801777422606,0.029061339457479796,0.00024673503667880066
65,0,1,65,0.015707801777422512,0.029494077091580695,0.0002467350366787985
66,0,0,66,0.015707801777422536,0.029556258895345133,0.0002467350366787985
67,0,1,67,0.015707801777422547,0.02912099525816922,0.00024673503667879877
68,0,0,68,0.015707801777422592,0.019922640419972278,0.0002467350366788003
69,0,1,69,0.01570780177742257,0.024459642643809093,0.00024673503667879974
70,0,1,70,0.015707801777422772,0.026104494027214084,0.0002467350366788059
71,0,1,71,0.01570780177742275,0.03095967118818871,0.00024673503667880473
72,0,1,72,0.01570780177742261,0.02951013789967577,0.0002467350366788008
73,0,1,73,0.015707801777422585,0.01861538723374134,0.0002467350366788002
74,0,0,74,0.01570780177742258,0.02371633356524233,0.0002467350366788
75,0,0,75,0.01570780177742268,0.02335674518380737,0.00024673503667880316
76,0,0,76,0.015707801777422672,0.024054382433339475,0.0002467350366788028
77,0,0,77,0.015707801777422578,0.02285181397259549,0.00024673503667879985
78,0,1,78,0.01570780177742257,0.02756897927704194,0.00024673503667879963
79,0,0,79,0.015707801777422727,0.025328981434953615,0.000246735036678804
80,0,0,80,0.015707801777422578,0.026746586122062682,0.0002467350366787999
81,0,0,81,0.01570780177742259,0.018929042764903484,0.00024673503667880023
82,0,1,82,0.01570780177742257,0.028627465322295348,0.00024673503667879996
83,0,0,83,0.01570780177742257,0.02198749851471543,0.00024673503667879974
84,0,0,84,0.015707801777422502,0.027572676569467963,0.0002467350366787975
85,0,0,85,0.015707801777422554,0.027101816945133556,0.000246735036678799
86,0,1,86,0.01570780177742263,0.026288585405370546,0.0002467350366788019
87,0,1,87,0.015707801777422595,0.022969526584117876,0.0002467350366788
88,0,1,88,0.015707801777422793,0.027864983406453964,0.0002467350366788067
89,0,0,89,0.01570780177742256,0.025173626539718746,0.0002467350366787991
90,0,0,90,0.015707801777422606,0.030238622836395557,0.0002467350366787999
91,0,1,91,0.0157078017774226,0.023597214972346625,0.0002467350366788004
92,0,1,92,0.01570780177742259,0.020909229863755315,0.0002467350366788002
93,0,0,93,0.015707801777422613,0.03109018038842104,0.0002467350366788009
94,0,1,94,0.015707801777422592,0.025932786030292324,0.00024673503667880034
95,0,1,95,0.015707801777422727,0.030525276694919667,0.0002467350366788046
96,0,0,96,0.015707801777422592,0.019392772257780633,0.0002467350366788002
97,0,0,97,0.015707801777422738,0.025410532646369458,0.00024673503667880543
98,0,1,98,0.015707801777422554,0.026166979718449473,0.00024673503667879915
99,0,1,99,0.015707801777422595,0.023227363666031817,0.00024673503667880007
100,0,0,100,0.015707801777422533,0.02225018592154398,0.0002467350366787985
101,0,0,101,0.01570780177742256,0.02507137421743126,0.00024673503667879925
102,0,0,102,0.015707801777422675,0.026545270583231056,0.0002467350366788029
103,0,0,103,0.015707801777422543,0.021791987170425693,0.00024673503667879877
104,0,0,104,0.01570780177742258,0.026026916517464388,0.00024673503667880007
105,0,1,105,0.015707801777422616,0.028645190772398882,0.0002467350366788011
106,0,0,106,0.015707801777422616,0.02445976367717846,0.0002467350366788011
107,0,1,107,0.015707801777422554,0.02892468310790708,0.00024673503667879904
108,0,1,108,0.01570780177742276,0.030807978991642004,0.00024673503667880554
109,0,1,109,0.01570780177742262,0.02384761657531529,0.0002467350366788007
110,0,0,110,0.01570780177742259,0.020320992695417966,0.00024673503667880007
111,0,1,111,0.015707801777422568,0.022595189293585477,0.0002467350366787996
112,0,0,112,0.015707801777422637,0.025123877709161302,0.00024673503667880175
113,0,1,113,0.015707801777422578,0.019663188569841616,0.00024673503667879985
114,0,1,114,0.01570780177742255,0.025588515001719506,0.00024673503667879893
115,0,0,115,0.015707801777422592,0.019355508616718142,0.0002467350366788002
116,0,1,116,0.015707801777422644,0.02184078859809024,0.00024673503667880197
117,0,0,117,0.015707801777422783,0.022381222622226728,0.00024673503667880636
118,0,1,118,0.0157078017774226,0.027733953404904282,0.00024673503667880045
119,0,0,119,0.01570780177742259,0.028340256170273498,0.0002467350366788001
120,0,0,120,0.015707801777422512,0.027825511684398285,0.0002467350366787977
121,0,1,121,0.015707801777422568,0.021016630827572054,0.00024673503667879936
122,0,1,122,0.015707801777422585,0.02856870503077996,0.00024673503667879985
123,0,1,123,0.01570780177742266,0.022148116596429172,0.00024673503667880256
124,0,0,124,0.01570780177742273,0.020676746839493197,0.00024673503667880473
125,0,1,125,0.015707801777422595,0.024186498978369414,0.0002467350366788001
126,0,1,126,0.015707801777422606,0.027492932943960796,0.0002467350366788
127,0,1,127,0.01570780177742267,0.018380407515010973,0.0002467350366788027
128,0,0,128,0.01570780177742259,0.022827688418019763,0.00024673503667880023
129,0,1,129,0.01570780177742257,0.021517950521036874,0.00024673503667879974
130,0,1,130,0.01570780177742258,0.028037346893004578,0.0002467350366787995
131,0,0,131,0.01570780177742259,0.02136267538536673,0.0002467350366788002
132,0,0,132,0.0157078017774226,0.020900140234686556,0.00024673503667880056
133,0,0,133,0.01570780177742254,0.021972283408009583,0.0002467350366787987
134,0,0,134,0.015707801777422602,0.02684613942086661,0.00024673503667880343
135,0,0,135,0.0157078017774226,0.03089353709150222,0.00024673503667880045
136,0,0,136,0.015707801777422557,0.030192182039549986,0.0002467350366787988
137,0,1,137,0.015707801777422564,0.025683929329794117,0.0002467350366787992
138,0,0,138,0.015707801777422554,0.02235053761457874,0.0002467350366787991
139,0,0,139,0.01570780177742276,0.027757323163404568,0.0002467350366788057
140,0,0,140,0.01570780177742265,0.029671908459035445,0.000246735036678802
141,0,1,141,0.01570780177742265,0.022563540672693345,0.000246735036678802
142,0,0,142,0.015707801777422658,0.02773606916184615,0.00024673503667880245
143,0,0,143,0.01570780177742257,0.025262693168498884,0.00024673503667879936
144,0,1,144,0.01570780177742278,0.029287368970860095,0.0002467350366788044
145,0,0,145,0.01570780177742264,0.02498757868710512,0.00024673503667880164
146,0,0,146,0.015707801777422578,0.022284521190652905,0.0002467350366788004
147,0,1,147,0.0157078017774226,0.022857956928902162,0.0002467350366788006
148,0,0,148,0.0157078017774225,0.024563328928360023,0.0002467350366787977
149,0,1,149,0.015707801777422564,0.02712761133275035,0.0002467350366787995
150,0,0,150,0.015707801777422547,0.029017639188057748,0.00024673503667879893
151,0,0,151,0.015707801777422682,0.02942821427801695,0.00024673503667880256
152,0,0,152,0.015707801777422658,0.027304475994887306,0.0002467350366788024
153,0,0,153,0.01570780177742262,0.025186459184442372,0.00024673503667880045
154,0,1,154,0.015707801777422592,0.024714759097828914,0.0002467350366788002
155,0,0,155,0.01570780177742257,0.02830774049029222,0.0002467350366787996
156,0,0,156,0.015707801777422734,0.029024058383462698,0.0002467350366788049
157,0,1,157,0.01570780177742257,0.026149789078712085,0.0002467350366787991
158,0,0,158,0.01570780177742267,0.021620646444448777,0.0002467350366788029
159,0,0,159,0.01570780177742267,0.025139631447442592,0.00024673503667880267
160,0,0,160,0.01570780177742269,0.022781292904462673,0.0002467350366788029
161,0,0,161,0.015707801777422654,0.025928792682530163,0.0002467350366788023
162,0,0,162,0.015707801777422554,0.023636055576923054,0.00024673503667879904
163,0,1,163,0.015707801777422686,0.026625000736524906,0.0002467350366788033
164,0,0,164,0.015707801777422602,0.025129845294385597,0.0002467350366788006
165,0,1,165,0.015707801777422568,0.026762453941464676,0.00024673503667879963
166,0,1,166,0.015707801777422727,0.02771465797925457,0.00024673503667880457
167,0,0,167,0.01570780177742249,0.02177265788545736,0.00024673503667879714
168,0,0,168,0.015707801777422745,0.03128969794817721,0.00024673503667880506
169,0,0,169,0.015707801777422703,0.024722282752359853,0.0002467350366788037
170,0,1,170,0.015707801777422578,0.029059640681273036,0.0002467350366787999
171,0,0,171,0.015707801777422606,0.02642244825839904,0.00024673503667880056
172,0,1,172,0.015707801777422564,0.025815084764683638,0.00024673503667879947
173,0,0,173,0.015707801777422568,0.02954860888880234,0.00024673503667879947
174,0,0,174,0.01570780177742257,0.023534543361588355,0.0002467350366787998
175,0,0,175,0.015707801777422703,0.031094951611254473,0.00024673503667880365
176,0,1,176,0.01570780177742258,0.02408708798521246,0.0002467350366788009
177,0,0,177,0.015707801777422748,0.027500173151392526,0.00024673503667880527
178,0,0,178,0.015707801777422595,0.028754639081759237,0.00024673503667880045
179,0,0,179,0.01570780177742259,0.022269741984521266,0.0002467350366788002
180,0,1,180,0.015707801777422578,0.02791545140749252,0.0002467350366787998
181,0,0,181,0.015707801777422672,0.02941321417721876,0.0002467350366788026
182,0,1,182,0.01570780177742266,0.03103019990712147,0.00024673503667880234
183,0,0,183,0.015707801777422686,0.029622440652446735,0.0002467350366788064
184,0,0,184,0.015707801777422585,0.025414324773674224,0.00024673503667880023
185,0,0,185,0.01570780177742257,0.022418933782656733,0.0002467350366787996
186,0,1,186,0.015707801777422585,0.01696377973762644,0.00024673503667880007
187,0,0,187,0.01570780177742261,0.02151946524436542,0.0002467350366788008
188,0,0,188,0.01570780177742253,0.029305189407203863,0.00024673503667879833
189,0,1,189,0.015707801777422536,0.027563413568946676,0.00024673503667879855
190,0,1,190,0.015707801777422696,0.02972270896584378,0.00024673503667880354
191,0,0,191,0.01570780177742263,0.026338018056248164,0.000246735036678801
192,0,1,192,0.015707801777422523,0.026928195032648955,0.0002467350366787981
193,0,0,193,0.01570780177742268,0.022853438256117374,0.00024673503667880283
194,0,0,194,0.015707801777422765,0.02988292843100665,0.0002467350366788053
195,0,0,195,0.015707801777422634,0.023182393910570122,0.00024673503667880153
196,0,0,196,0.01570780177742266,0.026992862894422653,0.00024673503667880256
197,0,1,197,0.01570780177742276,0.028721163509808967,0.0002467350366788055
198,0,0,198,0.015707801777422734,0.030716838592835527,0.00024673503667880473
199,0,0,199,0.01570780177742257,0.02218886398970043,0.0002467350366787996
200,0,1,200,0.01570780177742258,0.02554878712591982,0.00024673503667879963
201,0,1,201,0.01570780177742266,0.030481329136897606,0.0002467350366788018
202,0,1,202,0.015707801777422606,0.021694352465300142,0.0002467350366788004
203,0,1,203,0.015707801777422578,0.02250425810521267,0.0002467350366788027
204,0,0,204,0.01570780177742262,0.02875475723498272,0.0002467350366788012
205,0,0,205,0.01570780177742267,0.02139018727420393,0.00024673503667880283
206,0,0,206,0.01570780177742259,0.02238267039747325,0.00024673503667880007
207,0,0,207,0.01570780177742268,0.030003869002697414,0.00024673503667880294
208,0,1,208,0.015707801777422578,0.0247873196020265,0.0002467350366787999
209,0,1,209,0.015707801777422585,0.024574270946317228,0.00024673503667880175
210,0,0,210,0.01570780177742269,0.025200323238146985,0.00024673503667880343
211,0,1,211,1.9999383152895798,2.0213980471312607,0.0002467350366788076
212,0,1,212,0.015707801777422745,0.030676433411153725,0.000246735036678805
213,0,0,213,0.015707801777422665,0.028015720052611548,0.0002467350366788014
214,0,1,214,0.01570780177742257,0.022796180544985292,0.0002467350366787999
215,0,1,215,0.015707801777422557,0.02412606981464155,0.0002467350366787992
216,0,0,216,0.015707801777422748,0.026164833099945634,0.000246735036678805
217,0,0,217,0.01570780177742259,0.0247220262564002,0.0002467350366787998
218,0,0,218,0.01570780177742267,0.01970678458820875,0.0002467350366788025
219,0,0,219,0.015707801777422536,0.031396245022461355,0.0002467350366787979
220,0,1,220,0.01570780177742253,0.027721276204880352,0.0002467350366787982
221,0,1,221,0.015707801777422578,0.02119250387551897,0.00024673503667879985
222,0,0,222,0.01570780177742255,0.024986761125516677,0.00024673503667879893
223,0,1,223,0.015707801777422682,0.025616079391601307,0.0002467350366788031
224,0,1,224,0.015707801777422585,0.01754014471911422,0.0002467350366788002
225,0,0,225,0.015707801777422578,0.022901777429466044,0.00024673503667879996
226,0,0,226,0.01570780177742266,0.024290745885686096,0.0002467350366788025
227,0,0,227,0.015707801777422578,0.01794760255446726,0.00024673503667879985
228,0,1,228,0.01570780177742279,0.028776906934538715,0.0002467350366788064
229,0,0,229,0.01570780177742264,0.019208302210715164,0.0002467350366788017
230,0,0,230,0.015707801777422665,0.021288505900022396,0.00024673503667880267
231,0,1,231,0.015707801777422592,0.02094333750565414,0.00024673503667880045
232,0,1,232,0.015707801777422703,0.026042538215841946,0.0002467350366788039
233,0,1,233,0.01570780177742263,0.030293748873401583,0.00024673503667880164
234,0,0,234,0.01570780177742257,0.023516253819318066,0.00024673503667879974
235,0,0,235,0.01570780177742268,0.02137582880454216,0.00024673503667880327
236,0,0,236,0.015707801777422616,0.02661059904815921,0.0002467350366788016
237,0,0,237,0.01570780177742258,0.015914494663686336,0.0002467350366788
238,0,1,238,0.015707801777422536,0.02567770713812914,0.00024673503667879855
239,0,0,239,0.015707801777422672,0.022379988731648735,0.00024673503667880283
240,0,1,240,0.015707801777422613,0.028407053913791502,0.0002467350366788008
241,0,0,241,0.01570780177742262,0.03103052824401592,0.000246735036678801
242,0,1,242,0.015707801777422595,0.02732040816713241,0.00024673503667879996
243,0,1,243,0.01570780177742257,0.019754174119183968,0.00024673503667879963
244,0,1,244,0.015707801777422602,0.030479578436369503,0.0002467350366788006
245,0,0,245,0.01570780177742261,0.031215885247499686,0.00024673503667880077
246,0,1,246,0.015707801777422616,0.021873648589189727,0.00024673503667880094
247,0,1,247,0.015707801777422606,0.02950657648342242,0.00024673503667880066
248,0,0,248,0.0157078017774225,0.028925411141777158,0.00024673503667879736
249,0,1,249,0.01570780177742257,0.0230667951657525,0.0002467350366787994
250,0,1,250,0.01570780177742258,0.029633594172652655,0.0002467350366787984
251,0,0,251,0.01570780177742261,0.026692329051663022,0.00024673503667880126
252,0,0,252,0.01570780177742267,0.026089617257748263,0.0002467350366788028
253,0,0,253,0.015707801777422568,0.028434122751334195,0.0002467350366787996
254,0,0,254,0.015707801777422616,0.025611273323310008,0.0002467350366788016
255,0,1,255,0.01570780177742257,0.026043109769629993,0.0002467350366787997
256,0,0,256,0.015707801777422595,0.03101144258926386,0.0002467350366788004
257,0,1,257,0.01570780177742257,0.02302585768502692,0.00024673503667879963
258,0,1,258,0.015707801777422623,0.021862433746228156,0.00024673503667880126
259,0,0,259,0.015707801777422713,0.029958562345277107,0.0002467350366788041
260,0,0,260,0.015707801777422703,0.025997118137049025,0.0002467350366788038
261,0,1,261,0.015707801777422554,0.027937141388870157,0.00024673503667879844
262,0,0,262,0.015707801777422526,0.02752046847283754,0.00024673503667879833
263,0,1,263,0.015707801777422672,0.0230970054264488,0.00024673503667880267
264,0,1,264,0.015707801777422717,0.02778440646384661,0.0002467350366788043
265,0,0,265,0.01570780177742267,0.024654157695645343,0.0002467350366788027
266,0,0,266,0.015707801777422602,0.02465223902629113,0.0002467350366788006
267,0,1,267,0.015707801777422616,0.025400039129374483,0.0002467350366788004
268,0,1,268,0.015707801777422578,0.028738155849362262,0.0002467350366787989
269,0,0,269,0.01570780177742264,0.029603227124045006,0.00024673503667880175
270,0,1,270,0.015707801777422696,0.028720798172926332,0.0002467350366788035
271,0,1,271,0.01570780177742268,0.029587042398514174,0.000246735036678803
272,0,0,272,0.015707801777422464,0.027117216505709002,0.00024673503667879644
273,0,1,273,0.0157078017774226,0.02255866897040544,0.0002467350366788006
274,0,0,274,0.0157078017774226,0.02316454332769287,0.0002467350366788002
275,0,1,275,0.015707801777422564,0.030272257218026732,0.00024673503667879936
276,0,0,276,0.015707801777422568,0.025827182451538006,0.0002467350366787994
277,0,0,277,0.015707801777422637,0.03129137083023725,0.00024673503667880175
278,0,1,278,0.01570780177742257,0.024788014849734946,0.00024673503667879963
279,0,1,279,0.01570780177742258,0.027197742637381866,0.0002467350366787998
280,0,1,280,0.01570780177742272,0.022841502532969415,0.00024673503667880316
281,0,1,281,0.0157078017774226,0.030269492830601707,0.0002467350366788004
282,0,1,282,0.015707801777422585,0.01900526481840189,0.0002467350366788
283,0,1,283,0.015707801777422696,0.026586507404576937,0.0002467350366788036
284,0,0,284,0.01570780177742262,0.025792500262759976,0.00024673503667880126
285,0,0,285,0.015707801777422745,0.029602621142007568,0.00024673503667880506
286,0,1,286,0.01570780177742258,0.026651400584777607,0.00024673503667879996
287,0,0,287,0.015707801777422585,0.02873954062463649,0.0002467350366788002
288,0,1,288,0.015707801777422512,0.027804083870566293,0.0002467350366787977
289,0,1,289,0.0157078017774226,0.029068973892183547,0.00024673503667879996
290,0,1,290,0.01570780177742257,0.01900771456232653,0.0002467350366787997
291,0,0,291,0.015707801777422585,0.02780690172277145,0.00024673503667879996
292,0,0,292,0.015707801777422595,0.024458492507659288,0.0002467350366788004
293,0,0,293,0.015707801777422738,0.024300383520938926,0.0002467350366788049
294,0,1,294,0.015707801777422627,0.0250034412393986,0.0002467350366788017
295,0,0,295,0.01570780177742255,0.026158014199367294,0.00024673503667879866
296,0,1,296,0.015707801777422627,0.025434046570195323,0.00024673503667880056
297,0,0,297,0.015707801777422647,0.02798070605490638,0.00024673503667880197
298,0,1,298,0.01570780177742252,0.025725560106247117,0.000246735036678798
299,0,0,299,0.015707801777422547,0.0217585616450671,0.0002467350366787987
300,0,1,300,0.015707801777422682,0.025666387168421664,0.00024673503667880413
301,0,0,301,0.015707801777422658,0.02097232815446615,0.0002467350366788022
302,0,1,302,0.0157078017774225,0.021177593010679896,0.00024673503667879736
303,0,0,303,0.015707801777422693,0.028489080939924555,0.0002467350366788033
304,0,1,304,0.015707801777422647,0.019484045430700814,0.0002467350366788022
305,0,1,305,0.015707801777422613,0.02154453297035971,0.00024673503667880104
306,0,1,306,0.01570780177742268,0.01876626830574819,0.00024673503667880294
307,0,0,307,0.015707801777422543,0.02648762321461015,0.0002467350366787984
308,0,0,308,0.015707801777422672,0.024794291682359193,0.0002467350366788027
309,0,1,309,0.015707801777422703,0.028040900847990102,0.0002467350366788038
310,0,0,310,0.015707801777422547,0.030072906564508894,0.0002467350366787978
311,0,0,311,0.0157078017774226,0.02326447277054624,0.0002467350366787999
312,0,0,312,0.015707801777422592,0.023149160323962498,0.0002467350366788001
313,0,0,313,0.015707801777422585,0.020066773214211766,0.0002467350366788
314,0,0,314,0.015707801777422592,0.025364985292621975,0.0002467350366788002
315,0,0,315,0.01570780177742273,0.026059695823903287,0.0002467350366788047
316,0,0,316,0.01570780177742259,0.02454173955752935,0.00024673503667879974
317,0,1,317,0.01570780177742266,0.020126158652197634,0.0002467350366788026
318,0,0,318,0.01570780177742278,0.026870271039465127,0.0002467350366788054
319,0,0,319,0.01570780177742258,0.022890201715037226,0.0002467350366788
320,0,1,320,0.01570780177742269,0.02497994152891364,0.0002467350366788035
321,0,1,321,0.015707801777422568,0.02046640635962452,0.0002467350366787993
322,0,1,322,0.015707801777422665,0.027523267751839997,0.0002467350366788026
323,0,0,323,0.015707801777422627,0.021292679527233578,0.0002467350366788014
324,0,0,324,0.015707801777422693,0.028221882275119126,0.0002467350366788035
325,0,1,325,0.01570780177742259,0.023724781266412594,0.00024673503667880023
326,0,0,326,0.015707801777422616,0.02781530219554662,0.000246735036678801
327,0,1,327,0.015707801777422536,0.02881351781464478,0.0002467350366787986
328,0,0,328,0.015707801777422675,0.024259656877717348,0.0002467350366788029
329,0,0,329,0.015707801777422554,0.025336647302469706,0.00024673503667879915
330,0,0,330,0.01570780177742267,0.022313359080795764,0.00024673503667880267
331,0,1,331,0.015707801777422623,0.030145561294324885,0.00024673503667880137
332,0,1,332,0.01570780177742268,0.024068122097170436,0.0002467350366788031
333,0,1,333,0.015707801777422602,0.030206475989967285,0.0002467350366788005
334,0,0,334,0.015707801777422627,0.0293982191367676,0.0002467350366788007
335,0,0,335,0.015707801777422738,0.028388510027405223,0.0002467350366788048
336,0,0,336,0.015707801777422634,0.02654261282160164,0.00024673503667880164
337,0,0,337,0.015707801777422606,0.02752271835210801,0.0002467350366788005
338,0,1,338,0.015707801777422637,0.022598568245598263,0.00024673503667880175
339,0,1,339,0.01570780177742257,0.024224516357885,0.00024673503667879996
340,0,0,340,0.01570780177742258,0.022440574846280013,0.00024673503667879985
341,0,1,341,0.015707801777422675,0.021286802914076874,0.0002467350366788033
342,0,1,342,0.01570780177742261,0.022031982779216877,0.00024673503667880077
343,0,1,343,0.015707801777422637,0.02457673220104159,0.0002467350366788017
344,0,0,344,0.0157078017774227,0.02560249922306425,0.0002467350366788024
345,0,0,345,0.015707801777422554,0.022976663989244445,0.00024673503667879904
346,0,1,346,0.015707801777422627,0.03085299432394434,0.0002467350366788014
347,0,1,347,0.015707801777422568,0.02852621974566308,0.0002467350366787993
348,0,0,348,0.015707801777422564,0.023489543525883783,0.0002467350366787996
349,0,1,349,0.015707801777422634,0.023398083880684067,0.00024673503667880197
350,0,1,350,0.015707801777422602,0.030326709568570365,0.00024673503667879996
351,0,1,351,0.015707801777422578,0.027026835160314427,0.0002467350366787999
352,0,0,352,0.015707801777422547,0.02644117033581536,0.00024673503667879893
353,0,0,353,0.01570780177742258,0.024338502993385983,0.00024673503667880007
354,0,1,354,0.01570780177742258,0.017889593711681702,0.0002467350366788
355,0,1,355,0.015707801777422637,0.02902187934623618,0.0002467350366788017
356,0,1,356,0.01570780177742263,0.03141544619730746,0.00024673503667879996
357,0,1,357,0.01570780177742259,0.0188926557422522,0.0002467350366788001
358,0,0,358,0.01570780177742261,0.02767669145344187,0.00024673503667880056
359,0,0,359,0.015707801777422623,0.026801701127977473,0.0002467350366788013
360,0,1,360,0.015707801777422578,0.022472251958879023,0.00024673503667879985
361,0,1,361,0.015707801777422686,0.029517690941300745,0.0002467350366788035
362,0,0,362,0.01570780177742259,0.024217025643781413,0.0002467350366788001
363,0,0,363,0.015707801777422557,0.031387771088666416,0.0002467350366787992
364,0,0,364,0.015707801777422693,0.03100605783083138,0.0002467350366788033
365,0,0,365,0.015707801777422585,0.030855022722063585,0.00024673503667879996
366,0,0,366,0.015707801777422713,0.028576729536692796,0.00024673503667880413
367,0,1,367,0.015707801777422592,0.02160985452117331,0.0002467350366788003
368,0,1,368,0.015707801777422682,0.027776241407112934,0.00024673503667880316
369,0,0,369,0.015707801777422516,0.029626556214826516,0.00024673503667879795
370,0,1,370,0.015707801777422654,0.020528104825009455,0.00024673503667880224
371,0,0,371,0.015707801777422665,0.02943916417249337,0.0002467350366788025
372,0,0,372,0.01570780177742258,0.02814888562133297,0.00024673503667879996
373,0,1,373,0.015707801777422748,0.02566203350550332,0.0002467350366788065
374,0,1,374,0.015707801777422762,0.030754365944259787,0.00024673503667880543
375,0,1,375,0.015707801777422616,0.020876056091836723,0.0002467350366788012
376,0,1,376,0.015707801777422745,0.025920222138652277,0.00024673503667880506
377,0,1,377,0.015707801777422578,0.02015030913221983,0.0002467350366787998
378,0,1,378,0.015707801777422647,0.021109082059472754,0.00024673503667880224
379,0,0,379,0.01570780177742262,0.024309889097751766,0.0002467350366788012
380,0,1,380,0.01570780177742269,0.01926354395694322,0.0002467350366788027
381,0,1,381,0.01570780177742258,0.023898112321116334,0.00024673503667879996
382,0,1,382,0.015707801777422703,0.028866071516983893,0.0002467350366788037
383,0,0,383,0.015707801777422727,0.026125482205422407,0.000246735036678804
384,0,1,384,0.015707801777422696,0.02011461654619031,0.00024673503667880375
385,0,0,385,0.015707801777422592,0.02327868370110322,0.00024673503667880007
386,0,1,386,0.015707801777422578,0.025948971577229057,0.0002467350366787999
387,0,0,387,0.015707801777422484,0.023628633233796367,0.000246735036678797
388,0,1,388,0.015707801777422765,0.030997349654607376,0.0002467350366788057
389,0,0,389,0.01570780177742255,0.03090108880801279,0.00024673503667879893
390,0,1,390,0.01570780177742256,0.02427281619692913,0.00024673503667879936
391,0,0,391,0.015707801777422585,0.02862156607392649,0.00024673503667880023
392,0,0,392,0.01570780177742261,0.02132623667113431,0.0002467350366788002
393,0,1,393,0.015707801777422623,0.02616407652460495,0.00024673503667880126
394,0,1,394,0.01570780177742257,0.025900352766163537,0.00024673503667879974
395,0,0,395,0.015707801777422592,0.023682046649721733,0.0002467350366788
396,0,0,396,0.01570780177742268,0.024086533647679,0.00024673503667880294
397,0,0,397,0.015707801777422672,0.026072521327634116,0.0002467350366788027
398,0,1,398,0.015707801777422554,0.02873903260003488,0.00024673503667879893
399,0,1,399,0.01570780177742278,0.026932923800147307,0.00024673503667880603
400,0,1,400,0.015707801777422616,0.030415654901009725,0.0002467350366788003
401,0,1,401,0.0157078017774226,0.024379236495077852,0.0002467350366788004
402,0,0,402,0.015707801777422533,0.030270538378369682,0.0002467350366787985
403,0,0,403,0.015707801777422578,0.02977548206559061,0.00024673503667879985
404,0,0,404,0.015707801777422606,0.02810309382975179,0.0002467350366788008
405,0,1,405,0.015707801777422578,0.023451341098086338,0.00024673503667880294
406,0,1,406,0.01570780177742266,0.02572935295824022,0.00024673503667880245
407,0,0,407,0.01570780177742263,0.023960178358619535,0.0002467350366788016
408,0,0,408,0.01570780177742266,0.027421900203764227,0.0002467350366788026
409,0,0,409,0.015707801777422623,0.028256118130457225,0.0002467350366788013
410,0,1,410,0.015707801777422616,0.02772912224446797,0.000246735036678801
411,0,1,411,0.015707801777422557,0.0250251280071426,0.0002467350366787993
412,0,0,412,0.015707801777422512,0.028617024493883064,0.0002467350366787983
413,0,0,413,0.015707801777422634,0.02430176180373088,0.0002467350366788008
414,0,0,414,0.015707801777422595,0.026324062512406238,0.00024673503667880034
415,0,0,415,0.01570780177742256,0.029621433096782834,0.0002467350366787994
416,0,0,416,0.01570780177742268,0.026025588606559014,0.000246735036678803
417,0,0,417,0.01570780177742259,0.01862929158625796,0.00024673503667880007
418,0,1,418,0.0157078017774225,0.023894369813947623,0.0002467350366787974
419,0,1,419,0.015707801777422592,0.018208915992114633,0.00024673503667880045
420,0,1,420,0.015707801777422578,0.02071808664722062,0.0002467350366787999
421,0,0,421,0.015707801777422606,0.02098137608483926,0.00024673503667880066
422,0,1,422,0.015707801777422595,0.023827645157733897,0.0002467350366788006
423,0,0,423,0.015707801777422557,0.026764625223570704,0.00024673503667879925
424,0,1,424,0.01570780177742263,0.03002096044295205,0.00024673503667880153
425,0,1,425,0.015707801777422606,0.02493196604342819,0.0002467350366788006
426,0,0,426,0.015707801777422557,0.0288851642225752,0.0002467350366787991
427,0,0,427,0.01570780177742259,0.024879981572304796,0.0002467350366788001
428,0,1,428,0.015707801777422672,0.022685941383670444,0.00024673503667880283
429,0,0,429,0.015707801777422564,0.02752118824489541,0.00024673503667879936
430,0,1,430,0.015707801777422595,0.025530395944773257,0.0002467350366788003
431,0,0,431,0.015707801777422606,0.02086289969381949,0.00024673503667880115
432,0,0,432,0.01570780177742252,0.029552348301684794,0.00024673503667879785
433,0,0,433,0.01570780177742253,0.02268877901364183,0.0002467350366787983
434,0,0,434,0.01570780177742267,0.024029732930892028,0.0002467350366788026
435,0,0,435,0.01570780177742261,0.026401749852556472,0.0002467350366788009
436,0,1,436,0.01570780177742261,0.030588192353887766,0.0002467350366788003
437,0,1,437,0.015707801777422585,0.020888722969351986,0.0002467350366787999
438,0,1,438,0.01570780177742261,0.029435072873871204,0.0002467350366788009
439,0,1,439,0.015707801777422682,0.02244299171390641,0.0002467350366788031
440,0,0,440,0.015707801777422696,0.025751363875638075,0.00024673503667880354
441,0,1,441,0.015707801777422595,0.025681383827341628,0.0002467350366788001
442,0,0,442,0.015707801777422745,0.03106668340880059,0.00024673503667880506
443,0,0,443,0.015707801777422734,0.029015171882339985,0.000246735036678804
444,0,0,444,0.015707801777422634,0.026644016984765206,0.0002467350366788016
445,0,1,445,0.01570780177742257,0.02752766071504481,0.0002467350366787997
446,0,0,446,0.01570780177742259,0.02488229925825483,0.00024673503667880316
447,0,1,447,0.015707801777422672,0.02603432877678015,0.0002467350366788028
448,0,1,448,0.01570780177742257,0.03091754934644253,0.0002467350366787991
449,0,0,449,0.015707801777422738,0.02279095215104011,0.00024673503667880484
450,0,1,450,0.01570780177742267,0.022609672807316253,0.00024673503667880256
451,0,0,451,0.015707801777422557,0.02698041666002557,0.0002467350366787992
452,0,1,452,0.015707801777422637,0.03018561229462735,0.00024673503667880137
453,0,1,453,0.01570780177742256,0.030856873587117917,0.0002467350366787994
454,0,1,454,0.01570780177742245,0.02847931105193302,0.00024673503667879584
455,0,0,455,0.01570780177742258,0.017603329759519292,0.00024673503667879996
456,0,1,456,0.015707801777422592,0.025071176258453717,0.00024673503667879974
457,0,0,457,0.015707801777422776,0.030239407968894905,0.00024673503667880603
458,0,0,458,0.015707801777422595,0.02463570452345684,0.00024673503667880045
459,0,1,459,0.015707801777422523,0.023019448395860412,0.0002467350366787982
460,0,1,460,0.015707801777422665,0.028985695295490582,0.0002467350366788027
461,0,1,461,0.01570780177742274,0.024294882028281603,0.00024673503667880506
462,0,1,462,0.015707801777422526,0.029747528562887038,0.0002467350366787982
463,0,0,463,0.01570780177742262,0.026877350824588586,0.00024673503667880126
464,0,0,464,0.01570780177742263,0.024276209831501944,0.00024673503667880153
465,0,0,465,0.01570780177742272,0.031401109494450685,0.00024673503667880435
466,0,1,466,0.015707801777422696,0.0301492908436638,0.00024673503667880343
467,0,0,467,0.015707801777422595,0.02686416172759573,0.00024673503667880045
468,0,1,468,0.015707801777422637,0.021961314294435846,0.0002467350366788017
469,0,1,469,0.015707801777422564,0.01780751112602655,0.0002467350366787996
470,0,0,470,0.01570780177742262,0.02799473789410767,0.0002467350366788012
471,0,0,471,0.015707801777422592,0.027654011574241105,0.00024673503667880034
472,0,0,472,0.0157078017774226,0.023430891317461684,0.0002467350366788005
473,0,1,473,0.0157078017774226,0.026181342707573885,0.0002467350366788003
474,0,1,474,0.015707801777422613,0.028875691069584486,0.00024673503667880104
475,0,0,475,0.015707801777422644,0.027355721533309896,0.0002467350366788019
476,0,1,476,0.015707801777422745,0.027989426710051474,0.00024673503667880506
477,0,1,477,0.015707801777422592,0.022729699239185844,0.0002467350366788002
478,0,1,478,0.01570780177742258,0.022820154403437203,0.0002467350366788
479,0,0,479,0.015707801777422592,0.024181666791091377,0.00024673503667880023
480,0,0,480,0.0157078017774227,0.030087842929696296,0.0002467350366788037
481,0,0,481,0.01570780177742262,0.0269434072305626,0.0002467350366788009
482,0,1,482,0.015707801777422672,0.02116047723455891,0.0002467350366788029
483,0,0,483,0.015707801777422554,0.02341906205511804,0.00024673503667879915
484,0,0,484,0.015707801777422568,0.02520116305203883,0.0002467350366787993
485,0,0,485,0.015707801777422585,0.023688741776822113,0.0002467350366788
486,0,0,486,0.015707801777422516,0.02775451631624265,0.00024673503667879763
487,0,1,487,0.01570780177742258,0.022935911543315365,0.0002467350366787999
488,0,0,488,0.015707801777422755,0.02705311879741612,0.0002467350366788053
489,0,1,489,0.015707801777422592,0.023692483479423758,0.0002467350366788005
490,0,1,490,0.01570780177742261,0.031387981586461056,0.00024673503667879985
491,0,0,491,0.01570780177742255,0.030621316383631525,0.0002467350366787986
492,0,1,492,0.015707801777422665,0.021328535656263973,0.00024673503667880283
493,0,1,493,0.015707801777422613,0.0199540046334793,0.0002467350366788009
494,0,1,494,0.015707801777422675,0.026352661687885748,0.0002467350366788029
495,0,1,495,0.01570780177742259,0.025820869298123134,0.0002467350366787996
496,0,0,496,0.01570780177742258,0.0253025730978704,0.0002467350366787998
497,0,0,497,0.015707801777422613,0.02744263371379671,0.0002467350366788006
498,0,1,498,0.01570780177742257,0.025400428342587614,0.0002467350366787994
499,0,1,499,0.015707801777422804,0.021894779988126625,0.00024673503667880706
500,0,1,500,0.015707801777422547,0.031026280791227823,0.0002467350366787988
501,0,0,501,0.01570780177742257,0.02543325749993479,0.0002467350366787998
502,0,0,502,0.0157078017774226,0.023969775205157404,0.00024673503667880077
503,0,0,503,0.015707801777422578,0.02269736426464115,0.00024673503667879996
504,0,0,504,0.01570780177742269,0.026744359745235785,0.0002467350366788034
505,0,0,505,0.015707801777422592,0.023721074225087582,0.00024673503667880045
506,0,0,506,0.015707801777422592,0.023336377895134493,0.0002467350366788002
507,0,0,507,0.015707801777422557,0.018635163797352406,0.00024673503667879925
508,0,0,508,0.01570780177742261,0.02301689949116492,0.00024673503667880077
509,0,0,509,0.015707801777422654,0.02472300281794053,0.0002467350366788023
510,0,0,510,0.01570780177742275,0.022826032172647448,0.00024673503667880527
511,0,0,511,0.015707801777422516,0.03013967269207868,0.0002467350366787979
512,0,0,512,0.015707801777422602,0.021632022303951084,0.0002467350366788006
513,0,0,513,0.015707801777422595,0.02552492106695109,0.0002467350366787999
514,0,0,514,0.01570780177742252,0.026576028486462733,0.0002467350366787983
515,0,0,515,0.015707801777422682,0.022300135927439912,0.00024673503667880316
516,0,0,516,0.015707801777422592,0.026678630600936143,0.0002467350366788
517,0,1,517,0.015707801777422585,0.020236370754012904,0.0002467350366788
518,0,1,518,0.015707801777422613,0.024166430280186335,0.00024673503667880094
519,0,1,519,0.0157078017774227,0.029356963219119625,0.000246735036678803
520,0,0,520,0.01570780177742257,0.01978879194725218,0.0002467350366787997
521,0,1,521,0.015707801777422672,0.022049942868704528,0.00024673503667880283
522,0,0,522,0.015707801777422686,0.027252418990339172,0.0002467350366788017
523,0,0,523,0.015707801777422585,0.018633143271427614,0.0002467350366788001
524,0,1,524,0.015707801777422644,0.027740679764655718,0.00024673503667880164
525,0,0,525,0.015707801777422665,0.02955262284280774,0.0002467350366788026
526,0,1,526,0.015707801777422706,0.02588455585720316,0.00024673503667880386
527,0,0,527,0.015707801777422738,0.0296872841734116,0.00024673503667880446
528,0,0,528,0.01570780177742258,0.020009922481961727,0.0002467350366788002
529,0,0,529,0.015707801777422564,0.024162311201582923,0.00024673503667879947
530,0,1,530,0.01570780177742269,0.03113946141962126,0.0002467350366788033
531,0,1,531,0.015707801777422516,0.024992673603263266,0.00024673503667879795
532,0,0,532,0.01570780177742265,0.028206877726294266,0.00024673503667880197
533,0,0,533,0.01570780177742262,0.024663388515788434,0.00024673503667880104
534,0,1,534,0.015707801777422693,0.02986466961144424,0.00024673503667880327
535,0,1,535,0.015707801777422578,0.02204269778139268,0.0002467350366787999
536,0,1,536,0.015707801777422585,0.030031311618357315,0.0002467350366788002
537,0,1,537,0.01570780177742266,0.027439310034755415,0.00024673503667880213
538,0,0,538,0.01570780177742263,0.030986833728051,0.000246735036678801
539,0,1,539,0.01570780177742265,0.028964061051083262,0.00024673503667880224
540,0,1,540,0.015707801777422616,0.02822448172859293,0.00024673503667880104
541,0,0,541,0.01570780177742254,0.027285246820804188,0.00024673503667879866
542,0,0,542,0.015707801777422578,0.0208099971133415,0.0002467350366787999
543,0,1,543,0.015707801777422765,0.030236047527472387,0.000246735036678805
544,0,0,544,0.015707801777422578,0.0222715099419283,0.0002467350366788
545,0,0,545,0.01570780177742252,0.02218722636798752,0.00024673503667879795
546,0,0,546,0.01570780177742269,0.022154965688241195,0.00024673503667880283
547,0,1,547,0.01570780177742266,0.025258240624659853,0.0002467350366788025
548,0,1,548,0.015707801777422672,0.02321546015552218,0.0002467350366788029
549,0,0,549,0.015707801777422592,0.022879239314015885,0.0002467350366788001
550,0,1,550,0.01570780177742261,0.028711440785256837,0.0002467350366788008
551,0,1,551,0.015707801777422592,0.02446763578915237,0.0002467350366788003
552,0,0,552,0.01570780177742257,0.019138553497291697,0.0002467350366788
553,0,1,553,0.015707801777422682,0.02329649129695091,0.0002467350366788031
554,0,0,554,0.01570780177742261,0.024871225731208313,0.0002467350366788008
555,0,0,555,0.015707801777422585,0.025193007283006205,0.0002467350366788001
556,0,0,556,0.01570780177742272,0.023454690505079215,0.00024673503667880446
557,0,1,557,0.015707801777422686,0.030403760151641812,0.0002467350366788025
558,0,1,558,0.015707801777422772,0.026741815753172776,0.0002467350366788049
559,0,0,559,0.015707801777422592,0.02494710397790137,0.0002467350366788
560,0,0,560,0.01570780177742257,0.028068655307158408,0.00024673503667879974
561,0,0,561,0.01570780177742266,0.021846086684045543,0.0002467350366788025
562,0,1,562,0.015707801777422536,0.029509434858616512,0.00024673503667879855
563,0,1,563,0.015707801777422797,0.023598820454892568,0.0002467350366788066
564,0,1,564,0.01570780177742275,0.027260078326669213,0.0002467350366788054
565,0,1,565,0.01570780177742267,0.025454284238754135,0.0002467350366788027
566,0,0,566,0.01570780177742256,0.03027666776135346,0.0002467350366787993
567,0,0,567,0.015707801777422585,0.021000004433153082,0.0002467350366788002
568,0,0,568,0.015707801777422592,0.02413866345885045,0.00024673503667879963
569,0,0,569,0.01570780177742259,0.0237333363379165,0.0002467350366788005
570,0,1,570,0.015707801777422557,0.026383965595140918,0.00024673503667879904
571,0,0,571,0.015707801777422516,0.023713946292096007,0.00024673503667879795
572,0,0,572,0.015707801777422616,0.02673195087134045,0.00024673503667880104
573,0,1,573,0.015707801777422592,0.018526476086887816,0.0002467350366788002
574,0,0,574,0.01570780177742257,0.02237981391326886,0.0002467350366787998
575,0,1,575,0.01570780177742259,0.02715548454024283,0.0002467350366788001
576,0,1,576,0.015707801777422585,0.02046234901443026,0.00024673503667880007
577,0,1,577,0.015707801777422536,0.030456035751032562,0.0002467350366787985
578,0,0,578,0.015707801777422554,0.02042197690316509,0.0002467350366787992
579,0,1,579,0.0157078017774226,0.030441668042707648,0.0002467350366788006
580,0,1,580,0.01570780177742257,0.017252634926075674,0.00024673503667879974
581,0,1,581,0.015707801777422568,0.026889733662856075,0.0002467350366787995
582,0,0,582,0.01570780177742257,0.024735099239356156,0.00024673503667879963
583,0,1,583,0.015707801777422654,0.026974063884682736,0.0002467350366788015
584,0,0,584,0.015707801777422686,0.024477396151231248,0.0002467350366788032
585,0,1,585,0.015707801777422585,0.0224812802921349,0.0002467350366788
586,0,1,586,0.01570780177742267,0.021847750413323864,0.00024673503667880354
587,0,0,587,0.015707801777422713,0.026286317651247004,0.0002467350366788041
588,0,1,588,0.015707801777422665,0.026870837605604297,0.0002467350366788014
589,0,0,589,0.015707801777422495,0.024841046467803884,0.00024673503667879725
590,0,0,590,0.015707801777422693,0.03125250993457551,0.000246735036678803
591,0,0,591,0.015707801777422783,0.02560536041720826,0.0002467350366788061
592,0,1,592,0.015707801777422554,0.023532318153429682,0.0002467350366787995
593,0,1,593,0.015707801777422602,0.0264880634935932,0.00024673503667880164
594,0,1,594,0.01570780177742261,0.02548686685347222,0.00024673503667880094
595,0,0,595,0.015707801777422647,0.02790712602069248,0.000246735036678802
596,0,0,596,0.015707801777422696,0.025812079267509558,0.00024673503667880213
597,0,1,597,0.01570780177742258,0.028868824262387516,0.00024673503667879996
598,0,0,598,0.01570780177742261,0.02815582253349777,0.0002467350366788009
599,0,0,599,0.01570780177742261,0.030999005519127154,0.00024673503667880094
600,0,0,600,0.015707801777422578,0.02179925022137509,0.00024673503667879985
601,0,0,601,0.01570780177742257,0.021245839134592125,0.00024673503667879974
602,0,0,602,0.01570780177742257,0.0237719956174259,0.00024673503667879974
603,0,1,603,0.01570780177742257,0.02381107361526351,0.0002467350366787997
604,0,0,604,0.0157078017774226,0.02358744231861428,0.0002467350366788005
605,0,1,605,0.01570780177742272,0.02450189433630949,0.00024673503667880413
606,0,1,606,0.01570780177742254,0.022875671329158284,0.0002467350366787985
607,0,1,607,0.015707801777422585,0.018265330372582066,0.0002467350366788
608,0,1,608,0.01570780177742256,0.01898505364503546,0.0002467350366787993
609,0,0,609,0.015707801777422776,0.02569910467506513,0.0002467350366788061
610,0,0,610,0.0157078017774227,0.0305632276932159,0.00024673503667880365
611,0,1,611,0.015707801777422675,0.028833333536977812,0.000246735036678803
612,0,1,612,0.015707801777422602,0.023692884402108712,0.00024673503667880066
613,0,1,613,0.015707801777422547,0.02413374686264913,0.0002467350366787988
614,0,0,614,0.01570780177742268,0.02876844529850439,0.00024673503667880316
615,0,0,615,0.015707801777422568,0.024560369674597224,0.0002467350366787994
616,0,0,616,0.01570780177742262,0.023282447784811415,0.00024673503667880115
617,0,1,617,0.015707801777422786,0.024017134125868714,0.0002467350366788063
618,0,1,618,0.01570780177742257,0.027768260175677184,0.0002467350366787997
619,0,1,619,0.015707801777422606,0.030447957550015614,0.0002467350366788007
620,0,1,620,0.015707801777422755,0.027220540036235003,0.0002467350366788049
621,0,1,621,0.015707801777422606,0.025640224736639086,0.0002467350366788007
622,0,0,622,0.01570780177742267,0.024808497391080597,0.0002467350366788027
623,0,0,623,0.015707801777422693,0.023735655243751028,0.00024673503667880327
624,0,0,624,0.01570780177742258,0.019672174148921258,0.00024673503667880023
625,0,0,625,0.01570780177742256,0.02793464306691748,0.00024673503667879893
626,0,1,626,0.015707801777422627,0.02777655238526111,0.0002467350366788015
627,0,1,627,0.015707801777422613,0.025598623479235208,0.0002467350366788002
628,0,1,628,0.0157078017774225,0.024458875482705852,0.0002467350366787972
629,0,0,629,0.015707801777422568,0.020994809754706373,0.00024673503667879963
630,0,1,630,0.015707801777422647,0.02726719486866397,0.0002467350366788019
631,0,1,631,0.015707801777422568,0.027182498657820076,0.0002467350366788009
632,0,0,632,0.015707801777422585,0.023862056446457836,0.00024673503667880007
633,0,0,633,0.015707801777422748,0.026604096769231894,0.00024673503667880457
634,0,1,634,0.015707801777422595,0.01863158780936392,0.0002467350366788006
635,0,0,635,0.015707801777422557,0.02689750993894896,0.0002467350366787991
636,0,1,636,0.015707801777422533,0.026707855786972323,0.000246735036678798
637,0,1,637,0.015707801777422696,0.02854822174119742,0.0002467350366788032
638,0,1,638,0.015707801777422595,0.02695948483109223,0.0002467350366788003
639,0,1,639,0.01570780177742257,0.02237335856461861,0.00024673503667879974
640,0,0,640,0.015707801777422557,0.019397723776806576,0.0002467350366787992
641,0,1,641,0.01570780177742257,0.020154092052875553,0.00024673503667879963
642,0,1,642,0.015707801777422647,0.03007498173417089,0.000246735036678802
643,0,0,643,0.015707801777422672,0.02747855510781369,0.00024673503667880283
644,0,0,644,0.015707801777422592,0.028061793036246008,0.00024673503667880023
645,0,0,645,0.015707801777422536,0.02172367736825477,0.00024673503667879855
646,0,1,646,0.015707801777422765,0.029242407651829533,0.00024673503667880446
647,0,1,647,0.0157078017774227,0.030852435573811454,0.0002467350366788034
648,0,1,648,0.01570780177742258,0.0170151902370058,0.0002467350366788
649,0,1,649,0.015707801777422543,0.025339942275776253,0.0002467350366787988
650,0,0,650,0.01570780177742257,0.023970816284979365,0.00024673503667879963
651,0,0,651,0.015707801777422505,0.02959823533367484,0.00024673503667879774
652,0,1,652,0.015707801777422665,0.02456981040611113,0.00024673503667880245
653,0,0,653,0.015707801777422595,0.022449688142643004,0.00024673503667880045
654,0,1,654,0.01570780177742257,0.025893321228163735,0.00024673503667879996
655,0,1,655,0.0157078017774227,0.027025390147282974,0.0002467350366788036
656,0,0,656,0.015707801777422564,0.027866067342122353,0.00024673503667879925
657,0,1,657,0.015707801777422516,0.030066170760728372,0.0002467350366787979
658,0,1,658,0.015707801777422627,0.02880336399183736,0.0002467350366788012
659,0,1,659,0.015707801777422623,0.022607019266823347,0.00024673503667880126
660,0,0,660,0.015707801777422602,0.03011790027459682,0.00024673503667880056
661,0,0,661,0.015707801777422613,0.022646083611513622,0.0002467350366788008
662,0,0,662,0.01570780177742261,0.027832691119519498,0.0002467350366788008
663,0,0,663,0.015707801777422644,0.025900582317988224,0.00024673503667880186
664,0,1,664,0.015707801777422696,0.02471822900746952,0.000246735036678804
665,0,0,665,0.015707801777422564,0.020469339605563675,0.0002467350366787995
666,0,1,666,0.01570780177742258,0.025079316634797524,0.00024673503667879974
667,0,0,667,0.015707801777422658,0.02297842483896375,0.0002467350366788024
668,0,0,668,0.01570780177742257,0.018620220725507935,0.00024673503667879974
669,0,0,669,0.015707801777422696,0.027381742337874576,0.0002467350366788036
670,0,0,670,0.01570780177742257,0.018449582469092004,0.0002467350366787998
671,0,1,671,0.015707801777422713,0.023548777065401184,0.000246735036678804
672,0,0,672,0.015707801777422647,0.028049398762402256,0.00024673503667880164
673,0,0,673,0.01570780177742274,0.026560290388357582,0.0002467350366788048
674,0,0,674,0.0157078017774227,0.026503575028129917,0.00024673503667880365
675,0,1,675,0.01570780177742259,0.02313440048383782,0.0002467350366788001
676,0,1,676,0.01570780177742251,0.023520311260880333,0.0002467350366787977
677,0,0,677,0.01570780177742262,0.02586196116016233,0.00024673503667880104
678,0,1,678,0.015707801777422595,0.024796385753646885,0.0002467350366787999
679,0,0,679,0.01570780177742268,0.025543990777054285,0.00024673503667880283
680,0,1,680,0.015707801777422568,0.029633406879359503,0.0002467350366787991
681,0,0,681,0.015707801777422686,0.024225072266556687,0.00024673503667880327
682,0,1,682,0.01570780177742257,0.023541326045424145,0.0002467350366787998
683,0,1,683,0.015707801777422637,0.03134780044778551,0.0002467350366788015
684,0,1,684,0.01570780177742268,0.02200767171702442,0.0002467350366788031
685,0,0,685,0.0157078017774226,0.022558061754502624,0.0002467350366788003
686,0,0,686,0.015707801777422623,0.026786940191094455,0.0002467350366788007
687,0,1,687,0.015707801777422727,0.022224105513125588,0.0002467350366788046
688,0,0,688,0.015707801777422627,0.028744994234704557,0.0002467350366788014
689,0,1,689,0.015707801777422748,0.02779885734218593,0.0002467350366788052
690,0,1,690,0.015707801777422578,0.02237873800887319,0.0002467350366787999
691,0,0,691,0.01570780177742274,0.03004317655389377,0.000246735036678804
692,0,0,692,0.015707801777422713,0.02539732162625105,0.0002467350366788058
693,0,0,693,0.01570780177742265,0.030132251756457396,0.00024673503667880175
694,0,1,694,0.015707801777422457,0.025923602169710416,0.00024673503667879595
695,0,1,695,0.015707801777422637,0.028743113342295873,0.00024673503667880186
696,0,1,696,0.01570780177742258,0.018028157914945442,0.00024673503667880023
697,0,1,697,0.01570780177742284,0.027022580272548835,0.00024673503667880793
698,0,1,698,0.01570780177742258,0.02022416974425473,0.00024673503667879996
699,0,0,699,0.015707801777422627,0.02633277135356646,0.00024673503667880115
700,0,0,700,0.01570780177742261,0.026368051765841366,0.0002467350366788008
701,0,1,701,0.01570780177742258,0.022780145100045883,0.00024673503667879996
702,0,1,702,0.015707801777422595,0.02290393933480169,0.0002467350366788007
703,0,0,703,0.015707801777422606,0.029881678956464264,0.00024673503667880056
704,0,0,704,0.015707801777422543,0.026818508450672268,0.0002467350366787989
705,0,1,705,0.015707801777422523,0.02309770986182471,0.00024673503667879817
706,0,0,706,0.015707801777422592,0.02347228929017388,0.0002467350366788001
707,0,0,707,0.015707801777422613,0.027935851948699936,0.000246735036678801
708,0,0,708,0.01570780177742284,0.03091501185470996,0.0002467350366788062
709,0,1,709,0.01570780177742261,0.030040575018109528,0.00024673503667880094
710,0,0,710,0.015707801777422703,0.02680368317010437,0.00024673503667880386
711,0,0,711,0.015707801777422523,0.025036952880055016,0.00024673503667879795
712,0,0,712,0.015707801777422606,0.024236292454194175,0.0002467350366788006
713,0,0,713,0.01570780177742268,0.03118737691833423,0.0002467350366788014
714,0,1,714,0.015707801777422536,0.028923194985653572,0.00024673503667879855
715,0,0,715,0.015707801777422637,0.028865168712502776,0.00024673503667880164
716,0,1,716,0.015707801777422568,0.023033747407117527,0.0002467350366787997
717,0,0,717,0.015707801777422595,0.02764219358742001,0.00024673503667880045
718,0,0,718,0.01570780177742257,0.021668366801839894,0.0002467350366787996
719,0,0,719,0.015707801777422627,0.028010151362689722,0.00024673503667880137
720,0,1,720,0.015707801777422554,0.027273324810073135,0.0002467350366787991
721,0,0,721,0.015707801777422717,0.028010590986791956,0.00024673503667880424
722,0,1,722,0.015707801777422526,0.024971251571716382,0.0002467350366787983
723,0,0,723,0.0157078017774226,0.022153162306035742,0.00024673503667880056
724,0,0,724,0.0157078017774227,0.027096444349189508,0.0002467350366788037
725,0,1,725,0.01570780177742254,0.029837402706083815,0.0002467350366787987
726,0,0,726,0.01570780177742259,0.024356452360106126,0.00024673503667880034
727,0,0,727,0.015707801777422634,0.021596535212278084,0.00024673503667880164
728,0,1,728,0.01570780177742269,0.030960191736909448,0.00024673503667880327
729,0,1,729,0.015707801777422484,0.029157837277820342,0.0002467350366787969
730,0,1,730,0.015707801777422602,0.0254830109692694,0.00024673503667880034
731,0,1,731,0.015707801777422578,0.0236193204809926,0.0002467350366787999
732,0,0,732,0.015707801777422658,0.021572432486263816,0.00024673503667880245
733,0,0,733,0.01570780177742258,0.018770171598874317,0.00024673503667879996
734,0,0,734,0.015707801777422647,0.028821190327029123,0.00024673503667880164
735,0,0,735,0.015707801777422672,0.020754919390005223,0.0002467350366788028
736,0,0,736,0.015707801777422658,0.019040043523527825,0.0002467350366788023
737,0,1,737,0.01570780177742267,0.023034413072442486,0.0002467350366788026
738,0,1,738,0.01570780177742266,0.018650822715236298,0.0002467350366788024
739,0,0,739,0.01570780177742257,0.02973274594141817,0.0002467350366787987
740,0,0,740,0.01570780177742278,0.022828681572869654,0.0002467350366788061
741,0,0,741,0.0157078017774226,0.02279801157743317,0.00024673503667880034
742,0,1,742,0.015707801777422654,0.02518757542295491,0.00024673503667880213
743,0,0,743,0.015707801777422738,0.031079509301372987,0.00024673503667880484
744,0,1,744,0.015707801777422595,0.027694673463881436,0.00024673503667880007
745,0,1,745,0.015707801777422634,0.028169080385799544,0.00024673503667880164
746,0,1,746,0.01570780177742257,0.0191112437642554,0.00024673503667879974
747,0,1,747,0.015707801777422554,0.028035631656485954,0.00024673503667879904
748,0,1,748,0.015707801777422682,0.022090484167223298,0.0002467350366788031
749,0,1,749,0.015707801777422592,0.02860244140840279,0.00024673503667879963
750,0,1,750,0.01570780177742267,0.028747996842690443,0.0002467350366788029
751,0,1,751,0.015707801777422634,0.026116543588334817,0.0002467350366788014
752,0,0,752,0.015707801777422533,0.028723852837040875,0.0002467350366787985
753,0,0,753,0.015707801777422686,0.02855271342142987,0.00024673503667880164
754,0,0,754,0.015707801777422765,0.028995158175212005,0.0002467350366788057
755,0,0,755,0.015707801777422564,0.025816109012406163,0.00024673503667879936
756,0,0,756,0.015707801777422738,0.02892892898537,0.0002467350366788047
757,0,0,757,0.01570780177742255,0.027186573927026475,0.000246735036678799
758,0,0,758,0.015707801777422543,0.02223424138095206,0.0002467350366787988
759,0,0,759,0.01570780177742259,0.025998135415620266,0.0002467350366788004
760,0,0,760,0.015707801777422568,0.026199270911997363,0.00024673503667879963
761,0,0,761,0.015707801777422585,0.02245581791208385,0.00024673503667880094
762,0,0,762,0.01570780177742256,0.023648418046677597,0.00024673503667879925
763,0,1,763,0.015707801777422526,0.025506615115266237,0.0002467350366787978
764,0,1,764,0.015707801777422644,0.024667225762843817,0.0002467350366788019
765,0,0,765,0.015707801777422717,0.025372795472830167,0.0002467350366788042
766,0,0,766,0.0157078017774226,0.022655869374777447,0.00024673503667879947
767,0,0,767,0.015707801777422693,0.029337714724978092,0.0002467350366788036
768,0,1,768,0.015707801777422595,0.024575385587992063,0.00024673503667880045
769,0,0,769,0.015707801777422616,0.026236699101455457,0.00024673503667880104
770,0,0,770,0.015707801777422585,0.016884010243080713,0.00024673503667879996
771,0,0,771,0.015707801777422543,0.022560767151911833,0.00024673503667879893
772,0,0,772,0.015707801777422772,0.02802660407213825,0.0002467350366788059
773,0,1,773,0.015707801777422606,0.02069975751005488,0.0002467350366788008
774,0,1,774,0.01570780177742265,0.028437328709452453,0.00024673503667880153
775,0,1,775,0.015707801777422706,0.03118221629899187,0.0002467350366788034
776,0,1,776,0.01570780177742252,0.023017681460914034,0.0002467350366787981
777,0,1,777,0.015707801777422762,0.030256196137401548,0.0002467350366788048
778,0,0,778,0.01570780177742276,0.023606510395893468,0.00024673503667880554
779,0,0,779,0.015707801777422602,0.02955463768421307,0.0002467350366788006
780,0,0,780,0.015707801777422637,0.0270726048417953,0.0002467350366788016
781,0,1,781,0.015707801777422627,0.026218074704954936,0.0002467350366788015
782,0,0,782,0.015707801777422585,0.030667207147024644,0.00024673503667879996
783,0,0,783,0.01570780177742255,0.022654467044174603,0.0002467350366787991
784,0,1,784,0.015707801777422706,0.029538124040527525,0.0002467350366788035
785,0,1,785,0.015707801777422637,0.027779288931305074,0.0002467350366788017
786,0,1,786,0.015707801777422672,0.022480521904445112,0.0002467350366788028
787,0,1,787,0.015707801777422595,0.02397059251027473,0.0002467350366788
788,0,0,788,0.015707801777422647,0.021335989506880367,0.0002467350366788021
789,0,0,789,0.015707801777422634,0.02765094554159092,0.0002467350366788016
790,0,0,790,0.015707801777422665,0.023217131089240922,0.00024673503667880245
791,0,1,791,0.015707801777422564,0.02525744163874677,0.00024673503667879855
792,0,0,792,0.015707801777422602,0.030199064327055436,0.0002467350366787997
793,0,0,793,0.01570780177742257,0.022730598225751394,0.00024673503667879985
794,0,0,794,0.015707801777422606,0.030165601617769766,0.0002467350366788007
795,0,1,795,0.015707801777422675,0.02082009727173064,0.000246735036678803
796,0,1,796,0.015707801777422623,0.02766730825218075,0.00024673503667880137
797,0,1,797,0.015707801777422647,0.0306367532248199,0.0002467350366788019
798,0,0,798,0.01570780177742267,0.02634136029908421,0.0002467350366788041
799,0,1,799,0.01570780177742257,0.029535979973594306,0.0002467350366787994
800,0,1,800,0.01570780177742261,0.027045446819135177,0.0002467350366788008
801,0,0,801,0.01570780177742256,0.029692752080301255,0.0002467350366787993
802,0,1,802,0.01570780177742261,0.023983381344554314,0.0002467350366788008
803,0,1,803,0.015707801777422595,0.026272871955260735,0.00024673503667880045
804,0,1,804,0.015707801777422592,0.01713249734190007,0.0002467350366788003
805,0,0,805,0.01570780177742267,0.026975208231194703,0.000246735036678801
806,0,1,806,0.015707801777422592,0.019712707272894914,0.0002467350366788003
807,0,1,807,0.01570780177742258,0.02343973975361585,0.00024673503667879985
808,0,1,808,0.015707801777422644,0.029381322514181407,0.0002467350366788018
809,0,1,809,0.01570780177742263,0.02387527347580616,0.0002467350366788013
810,0,0,810,0.015707801777422734,0.024844857688028882,0.0002467350366788047
811,0,0,811,0.015707801777422713,0.02494145055956326,0.00024673503667880397
812,0,0,812,0.015707801777422564,0.02381639630635158,0.0002467350366788003
813,0,0,813,0.01570780177742257,0.022641207119099255,0.00024673503667879974
814,0,1,814,0.01570780177742271,0.02621986796910883,0.000246735036678804
815,0,1,815,0.015707801777422554,0.03023141835031945,0.0002467350366787991
816,0,0,816,0.015707801777422533,0.027071644342926526,0.0002467350366787979
817,0,1,817,0.015707801777422672,0.02419100998690732,0.0002467350366788027
818,0,0,818,0.01570780177742255,0.025410635549460173,0.000246735036678799
819,0,1,819,0.015707801777422585,0.020752154029428527,0.0002467350366788001
820,0,0,820,0.01570780177742257,0.02585076514367249,0.00024673503667879947
821,0,1,821,0.015707801777422606,0.026664263290258672,0.0002467350366788002
822,0,1,822,0.015707801777422554,0.023898745743096396,0.0002467350366787993
823,0,0,823,0.015707801777422658,0.027240716421138428,0.00024673503667880245
824,0,0,824,0.01570780177742272,0.024758448711177786,0.00024673503667880435
825,0,0,825,0.015707801777422606,0.030473878818699895,0.0002467350366788006
826,0,0,826,0.015707801777422835,0.023133087059091215,0.00024673503667880793
827,0,1,827,0.01570780177742257,0.017857972896474315,0.0002467350366787998
828,0,1,828,0.01570780177742268,0.029901757340519475,0.0002467350366788007
829,0,1,829,0.01570780177742265,0.02610678291271211,0.00024673503667880234
830,0,0,830,0.01570780177742258,0.02382845463412612,0.00024673503667880175
831,0,1,831,0.015707801777422634,0.024843140020111038,0.0002467350366788017
832,0,0,832,0.015707801777422647,0.025312433498575954,0.00024673503667880197
833,0,1,833,0.01570780177742257,0.020631895029327357,0.0002467350366787997
834,0,1,834,0.015707801777422474,0.02564378164903812,0.0002467350366787966
835,0,1,835,0.015707801777422706,0.02376517104795007,0.0002467350366788032
836,0,1,836,0.0157078017774226,0.024688045079435256,0.0002467350366788004
837,0,1,837,0.015707801777422585,0.021396408146487786,0.00024673503667880007
838,0,1,838,0.015707801777422654,0.03122144456852055,0.0002467350366788016
839,0,1,839,0.01570780177742269,0.022031846900471323,0.0002467350366788035
840,0,0,840,1.9999383152895795,2.8344171779374263,0.0002467350366788126
841,0,0,841,0.015707801777422696,0.023888311695472814,0.00024673503667880294
842,0,1,842,0.01570780177742252,0.024650376315874648,0.00024673503667879795
843,0,1,843,0.01570780177742269,0.027343283794116713,0.00024673503667880343
844,0,1,844,0.01570780177742261,0.03038806080820544,0.00024673503667879925
845,0,1,845,0.01570780177742253,0.025125932602029333,0.0002467350366787984
846,0,1,846,0.015707801777422693,0.024961866964985896,0.0002467350366788034
847,0,1,847,0.01570780177742262,0.021437233977489634,0.0002467350366788011
848,0,0,848,0.015707801777422523,0.019105058449685474,0.00024673503667879817
849,0,1,849,0.015707801777422592,0.023203410695866247,0.00024673503667880034
850,0,1,850,0.015707801777422647,0.029975608864884207,0.000246735036678802
851,0,1,851,0.01570780177742258,0.025858119252362935,0.00024673503667880077
852,0,0,852,0.01570780177742267,0.023157372020395126,0.00024673503667880316
853,0,1,853,0.01570780177742257,0.020880826835108186,0.0002467350366787998
854,0,0,854,0.01570780177742252,0.024036661412840943,0.0002467350366787979
855,0,1,855,0.015707801777422654,0.03030108104966217,0.0002467350366788021
856,0,0,856,0.01570780177742258,0.02070319739837829,0.00024673503667879996
857,0,0,857,0.01570780177742261,0.028966180875100056,0.0002467350366787999
858,0,1,858,0.015707801777422637,0.023089960133343662,0.0002467350366788018
859,0,1,859,0.015707801777422554,0.02204145323492363,0.0002467350366787991
860,0,1,860,0.01570780177742265,0.0269566812196404,0.0002467350366788022
861,0,1,861,0.015707801777422627,0.023820080678935443,0.0002467350366788014
862,0,1,862,0.015707801777422647,0.02402943962785349,0.000246735036678802
863,0,1,863,0.015707801777422595,0.02806423174461825,0.0002467350366788003
864,0,0,864,0.015707801777422623,0.022373435617541293,0.00024673503667880137
865,0,0,865,0.01570780177742265,0.023906278638091846,0.00024673503667880034
866,0,1,866,0.015707801777422585,0.025069399849219492,0.0002467350366788
867,0,1,867,0.015707801777422547,0.024710613582853272,0.0002467350366787989
868,0,1,868,0.015707801777422727,0.029425272364072386,0.00024673503667880435
869,0,0,869,0.01570780177742263,0.02336650381386588,0.0002467350366788015
870,0,1,870,0.015707801777422637,0.02341512742210599,0.0002467350366788015
871,0,1,871,0.015707801777422592,0.025028116182579677,0.0002467350366788001
872,0,1,872,0.015707801777422554,0.029105569332769143,0.00024673503667879915
873,0,1,873,0.015707801777422554,0.022197651797020983,0.0002467350366787992
874,0,0,874,0.015707801777422585,0.023422862843934016,0.0002467350366788002
875,0,0,875,0.015707801777422644,0.03003155881556796,0.0002467350366788014
876,0,0,876,0.015707801777422606,0.023210491354365488,0.0002467350366788007
877,0,1,877,0.015707801777422627,0.030137062118865465,0.0002467350366788013
878,0,0,878,0.015707801777422606,0.02279600781513543,0.0002467350366788007
879,0,0,879,0.015707801777422755,0.02967120605756579,0.0002467350366788047
880,0,1,880,0.01570780177742261,0.020243520062402657,0.00024673503667880104
881,0,0,881,0.015707801777422592,0.024099160624973956,0.0002467350366788001
882,0,0,882,0.01570780177742255,0.02518543999120859,0.000246735036678799
883,0,0,883,0.015707801777422616,0.029905749990053132,0.00024673503667880104
884,0,0,884,0.015707801777422772,0.02376366170174564,0.00024673503667880576
885,0,1,885,0.015707801777422595,0.021734443573603938,0.00024673503667880007
886,0,1,886,0.01570780177742259,0.02248879757623046,0.0002467350366788003
887,0,0,887,0.015707801777422578,0.01917486424134019,0.0002467350366787999
888,0,0,888,0.015707801777422672,0.031408886685966975,0.00024673503667880234
889,0,0,889,0.0157078017774227,0.027648650001717873,0.0002467350366788038
890,0,0,890,0.015707801777422578,0.022283508948696525,0.0002467350366787999
891,0,1,891,0.015707801777422578,0.01939059365820648,0.00024673503667879996
892,0,0,892,0.01570780177742271,0.02823399446720934,0.0002467350366788038
893,0,0,893,0.015707801777422505,0.028291190451613463,0.000246735036678797
894,0,0,894,0.01570780177742258,0.03035331146401521,0.0002467350366787999
895,0,0,895,0.01570780177742272,0.03135840218845437,0.00024673503667880435
896,0,1,896,0.015707801777422672,0.022843900764429183,0.00024673503667880267
897,0,1,897,0.015707801777422568,0.02147879843399296,0.0002467350366787995
898,0,1,898,0.01570780177742257,0.02733038444187852,0.00024673503667879915
899,0,1,899,0.01570780177742268,0.025502700510753373,0.0002467350366788031
900,0,1,900,0.015707801777422696,0.030532566727979438,0.000246735036678803
901,0,0,901,0.015707801777422595,0.02831301006520212,0.0002467350366788003
902,0,1,902,0.015707801777422658,0.027558616458127294,0.00024673503667880224
903,0,1,903,0.015707801777422644,0.026806394797154964,0.00024673503667880197
904,0,1,904,0.015707801777422557,0.028573407924435107,0.00024673503667879925
905,0,1,905,0.015707801777422543,0.030339284801234434,0.00024673503667879877
906,0,0,906,0.01570780177742257,0.020347845588600914,0.00024673503667879963
907,0,1,907,0.015707801777422512,0.02833625710798715,0.0002467350366787977
908,0,0,908,0.015707801777422533,0.02474605529749213,0.0002467350366787987
909,0,0,909,0.015707801777422672,0.024876178730310547,0.00024673503667880283
910,0,0,910,0.01570780177742268,0.026150829206846415,0.0002467350366788027
911,0,1,911,0.015707801777422613,0.028814898477013823,0.0002467350366788009
912,0,1,912,0.015707801777422672,0.024875460256739396,0.0002467350366788029
913,0,1,913,0.01570780177742258,0.022111342744070235,0.0002467350366787999
914,0,0,914,0.01570780177742253,0.027563409059942673,0.0002467350366787985
915,0,0,915,0.015707801777422595,0.02578520708067808,0.0002467350366787999
916,0,1,916,0.01570780177742265,0.027549399103316524,0.000246735036678802
917,0,0,917,0.0157078017774227,0.02188519989182857,0.0002467350366788031
918,0,0,918,0.01570780177742249,0.02929263644341329,0.0002467350366787972
919,0,0,919,0.01570780177742258,0.02356938986910955,0.0002467350366787999
920,0,0,920,0.0157078017774227,0.023972805344977893,0.0002467350366788037
921,0,1,921,0.01570780177742268,0.025869308034245753,0.00024673503667880283
922,0,0,922,0.01570780177742258,0.02044692384382347,0.0002467350366788
923,0,1,923,0.015707801777422602,0.025837986115025913,0.00024673503667880066
924,0,0,924,0.015707801777422585,0.023377275680210995,0.00024673503667879996
925,0,0,925,0.015707801777422557,0.0228786441743812,0.00024673503667879963
926,0,0,926,0.01570780177742259,0.01733835372228559,0.0002467350366788003
927,0,1,927,0.01570780177742266,0.02848292546540543,0.00024673503667880256
928,0,1,928,0.015707801777422637,0.023175926693333918,0.00024673503667880164
929,0,1,929,0.015707801777422592,0.03125517651197052,0.0002467350366788001
930,0,0,930,0.0157078017774226,0.028613718919045295,0.0002467350366787993
931,0,0,931,0.01570780177742259,0.026848463016041546,0.00024673503667880023
932,0,1,932,1.9999383152895795,2.3443454489173403,0.00024673503667880766
933,0,0,933,0.015707801777422686,0.024450415368543074,0.0002467350366788031
934,0,1,934,1.9999383152895798,2.4760660680419795,0.0002467350366788097
935,0,1,935,0.01570780177742266,0.02565581978358139,0.00024673503667880256
936,0,0,936,0.015707801777422693,0.021005683870781524,0.0002467350366788035
937,0,1,937,0.015707801777422602,0.02803584449341137,0.0002467350366788008
938,0,0,938,0.015707801777422602,0.028073178808629445,0.00024673503667880077
939,0,0,939,0.015707801777422748,0.02776958916996819,0.0002467350366788055
940,0,0,940,0.01570780177742257,0.020993918631644504,0.0002467350366787998
941,0,0,941,0.01570780177742262,0.031131770794750657,0.0002467350366788041
942,0,0,942,0.015707801777422647,0.027349555569347123,0.0002467350366788012
943,0,0,943,0.01570780177742261,0.02381336411872033,0.0002467350366788009
944,0,0,944,0.015707801777422717,0.022598717402490736,0.0002467350366788043
945,0,0,945,0.015707801777422706,0.03139856980286193,0.000246735036678803
946,0,1,946,0.0157078017774226,0.02145104530214458,0.0002467350366788003
947,0,0,947,0.01570780177742259,0.02605622337804643,0.0002467350366788002
948,0,1,948,0.01570780177742259,0.02510722872081131,0.0002467350366788001
949,0,1,949,0.015707801777422627,0.0266830410897545,0.0002467350366788014
950,0,1,950,0.015707801777422797,0.031120149713251055,0.0002467350366788067
951,0,1,951,0.015707801777422592,0.02241348415649614,0.0002467350366788
952,0,1,952,0.015707801777422647,0.030921054582905172,0.00024673503667880256
953,0,0,953,0.015707801777422658,0.029593541797451495,0.00024673503667880245
954,0,1,954,0.01570780177742257,0.03111126300505529,0.00024673503667879963
955,0,1,955,0.015707801777422665,0.023504977537539724,0.00024673503667880267
956,0,0,956,0.015707801777422595,0.023339327513396624,0.0002467350366788004
957,0,0,957,0.01570780177742271,0.019092407173208426,0.00024673503667880413
958,0,0,958,0.01570780177742259,0.02213363755712365,0.0002467350366788003
959,0,0,959,0.015707801777422616,0.027488086789947686,0.00024673503667880094
960,0,1,960,0.015707801777422786,0.029170636327507715,0.0002467350366788064
961,0,1,961,0.015707801777422543,0.02616678865913731,0.0002467350366787986
962,0,1,962,0.015707801777422658,0.026695659010708306,0.00024673503667880245
963,0,1,963,0.015707801777422523,0.025002111195068857,0.0002467350366787981
964,0,0,964,0.015707801777422682,0.02489059655815773,0.00024673503667880305
965,0,0,965,0.015707801777422547,0.027855588657998503,0.00024673503667879904
966,0,1,966,0.0157078017774226,0.01872997604510227,0.0002467350366788004
967,0,1,967,0.015707801777422554,0.020147690108803747,0.0002467350366787991
968,0,1,968,0.015707801777422637,0.02611729713056324,0.0002467350366788019
969,0,1,969,0.015707801777422623,0.030230737568901156,0.00024673503667880126
970,0,0,970,0.015707801777422554,0.023299340252243977,0.00024673503667879915
971,0,0,971,0.015707801777422613,0.02660608813840651,0.00024673503667880094
972,0,1,972,0.015707801777422654,0.030414874236511458,0.0002467350366788022
973,0,0,973,0.01570780177742257,0.02668356457328938,0.00024673503667879974
974,0,1,974,0.015707801777422585,0.030977989753013413,0.00024673503667880007
975,0,0,975,0.015707801777422585,0.0225521904162374,0.0002467350366788001
976,0,0,976,0.01570780177742259,0.027566676149173353,0.00024673503667880045
977,0,1,977,1.9999383152895795,2.555883940388081,0.00024673503667880766
978,0,0,978,0.01570780177742258,0.01959117997326941,0.0002467350366787999
979,0,0,979,0.015707801777422585,0.023967169169510326,0.0002467350366788026
980,0,0,980,0.015707801777422647,0.024730624927206,0.000246735036678802
981,0,0,981,0.015707801777422585,0.02048621345324319,0.0002467350366787999
982,0,0,982,0.01570780177742261,0.03073146020825862,0.00024673503667880056
983,0,1,983,0.01570780177742249,0.03082512561963796,0.00024673503667879703
984,0,1,984,0.015707801777422682,0.021387379444848652,0.00024673503667880283
985,0,0,985,0.015707801777422634,0.026654711527314384,0.00024673503667880153
986,0,1,986,0.015707801777422637,0.03017237108304588,0.00024673503667880175
987,0,1,987,0.015707801777422578,0.01763664574627505,0.0002467350366787999
988,0,0,988,0.015707801777422706,0.029684174791318962,0.0002467350366788035
989,0,0,989,0.015707801777422613,0.01898894631156037,0.000246735036678801
990,0,1,990,0.01570780177742257,0.02070298887335489,0.0002467350366787998
991,0,1,991,0.01570780177742257,0.024703902466921515,0.00024673503667879974
992,0,1,992,0.015707801777422693,0.029730558586153866,0.00024673503667880343
993,0,1,993,0.01570780177742273,0.029904249136886385,0.0002467350366788046
994,0,0,994,0.015707801777422536,0.02575792532092694,0.0002467350366787985
995,0,1,995,0.015707801777422578,0.028910165921286618,0.0002467350366788003
996,0,0,996,0.01570780177742277,0.021869650095225786,0.00024673503667880576
997,0,0,997,0.01570780177742258,0.027391082171412923,0.00024673503667880007
998,0,1,998,0.015707801777422637,0.02989813298722488,0.0002467350366788017
999,0,1,999,0.015707801777422568,0.02756126253455632,0.0002467350366787996
