,Layer,Qubit,Run,2-Norm,Trace Norm,Diamond Norm
0,0,1,0,0.003141591361661621,0.003141591361661621,9.869596283666918e-06
1,0,0,1,0.003141591361661783,0.003141591361661783,9.869596283667936e-06
2,0,0,2,0.0031415913616616017,0.0031415913616616017,9.869596283666794e-06
3,0,1,3,0.003141591361661667,0.00314159136166159,9.869596283667208e-06
4,0,0,4,0.0031415913616615653,0.0031415913616615653,9.86959628366657e-06
5,0,1,5,0.0031415913616618186,0.0031415913616618186,9.86959628366816e-06
6,0,1,6,0.003141591361661814,0.0031415913616617917,9.869596283668132e-06
7,0,0,7,0.003141591361661559,0.003141591361661558,9.869596283666523e-06
8,0,0,8,0.003141591361661779,0.003141591361661779,9.86959628366791e-06
9,0,1,9,0.003141591361661784,0.0031415913616617687,9.869596283667941e-06
10,0,0,10,0.0031415913616616407,0.0031415913616616377,9.869596283667042e-06
11,0,1,11,0.0031415913616618116,0.0031415913616618116,9.869596283668116e-06
12,0,1,12,0.0031415913616618554,0.0031415913616618554,9.869596283668392e-06
13,0,1,13,0.0031415913616617695,0.0031415913616617695,9.869596283667848e-06
14,0,0,14,0.0031415913616618333,0.0031415913616616976,9.869596283668251e-06
15,0,1,15,0.0031415913616615605,0.0031415913616615393,9.86959628366654e-06
16,0,0,16,0.0031415913616618402,0.0031415913616617496,9.869596283668297e-06
17,0,0,17,0.0031415913616617813,0.0031415913616617687,9.869596283667924e-06
18,0,1,18,0.003141591361661811,0.00314159136166175,9.869596283668112e-06
19,0,1,19,0.003141591361661738,0.0031415913616617075,9.869596283667653e-06
20,0,1,20,0.0031415913616615883,0.0031415913616615397,9.869596283666713e-06
21,0,0,21,0.0031415913616615796,0.0031415913616615622,9.869596283666657e-06
22,0,0,22,0.0031415913616615926,0.003141591361661571,9.86959628366674e-06
23,0,1,23,0.0031415913616616624,0.0031415913616616538,9.869596283667179e-06
24,0,1,24,0.0031415913616618107,0.003141591361661804,9.86959628366811e-06
25,0,1,25,0.0031415913616618133,0.003141591361661791,9.869596283668126e-06
26,0,1,26,0.003141591361661652,0.0031415913616616516,9.869596283667111e-06
27,0,0,27,0.0031415913616618194,0.0031415913616617136,9.869596283668165e-06
28,0,1,28,0.0031415913616617934,0.0031415913616617934,9.869596283668002e-06
29,0,1,29,0.0031415913616615688,0.003141591361661504,9.86959628366659e-06
30,0,1,30,0.0031415913616618216,0.0031415913616618207,9.869596283668175e-06
31,0,0,31,0.0031415913616616525,0.003141591361661652,9.869596283667111e-06
32,0,1,32,0.0031415913616616342,0.0031415913616616342,9.869596283667003e-06
33,0,0,33,0.0031415913616617865,0.0031415913616617865,9.869596283667958e-06
34,0,0,34,0.0031415913616618016,0.0031415913616618003,9.869596283668044e-06
35,0,0,35,0.003141591361661799,0.003141591361661799,9.869596283668034e-06
36,0,0,36,0.0031415913616618407,0.003141591361661739,9.869596283668297e-06
37,0,1,37,0.003141591361661855,0.003141591361661708,9.869596283668388e-06
38,0,0,38,0.0031415913616616195,0.0031415913616615627,9.86959628366691e-06
39,0,1,39,0.003141591361661562,0.003141591361661558,9.869596283666547e-06
40,0,0,40,0.003141591361661795,0.003141591361661795,9.86959628366801e-06
41,0,0,41,0.0031415913616618597,0.0031415913616617774,9.869596283668419e-06
42,0,0,42,0.003141591361661626,0.0031415913616615896,9.86959628366695e-06
43,0,1,43,0.0031415913616618905,0.0031415913616618905,9.869596283668614e-06
44,0,0,44,0.0031415913616618407,0.003141591361661831,9.869596283668298e-06
45,0,0,45,0.0031415913616617717,0.003141591361661771,9.86959628366786e-06
46,0,1,46,0.0031415913616617227,0.0031415913616617075,9.869596283667556e-06
47,0,0,47,0.0031415913616615236,0.0031415913616615236,9.869596283666305e-06
48,0,0,48,0.0031415913616615223,0.0031415913616615215,9.869596283666291e-06
49,0,1,49,0.003141591361661521,0.0031415913616615067,9.869596283666291e-06
50,0,0,50,0.00314159136166165,0.003141591361661649,9.869596283667092e-06
51,0,0,51,0.003141591361661439,0.003141591361661439,9.869596283665774e-06
52,0,1,52,1.9999975325994073,1.9999975325994073,9.869596283668124e-06
53,0,0,53,0.0031415913616618138,0.003141591361661718,9.869596283668129e-06
54,0,0,54,0.0031415913616617834,0.0031415913616616837,9.86959628366794e-06
55,0,1,55,0.0031415913616618524,0.0031415913616618498,9.869596283668373e-06
56,0,0,56,0.0031415913616616342,0.0031415913616616342,9.869596283667003e-06
57,0,0,57,0.003141591361661785,0.003141591361661776,9.869596283667951e-06
58,0,0,58,0.0031415913616616477,0.0031415913616616477,9.869596283667086e-06
59,0,0,59,0.0031415913616615527,0.0031415913616615527,9.86959628366649e-06
60,0,1,60,0.0031415913616618177,0.0031415913616618177,9.869596283668151e-06
61,0,0,61,0.003141591361661607,0.0031415913616615323,9.86959628366683e-06
62,0,0,62,0.003141591361661728,0.0031415913616617227,9.86959628366759e-06
63,0,0,63,0.003141591361661692,0.0031415913616616594,9.869596283667365e-06
64,0,1,64,0.0031415913616615674,0.0031415913616615553,9.86959628366658e-06
65,0,0,65,0.003141591361661756,0.0031415913616617535,9.869596283667767e-06
66,0,1,66,0.003141591361661589,0.00314159136166149,9.86959628366672e-06
67,0,0,67,0.003141591361661596,0.0031415913616615857,9.86959628366676e-06
68,0,1,68,0.0031415913616618064,0.003141591361661745,9.869596283668083e-06
69,0,0,69,0.0031415913616615735,0.0031415913616615735,9.86959628366662e-06
70,0,0,70,0.003141591361661819,0.0031415913616617513,9.869596283668161e-06
71,0,0,71,0.0031415913616618368,0.0031415913616618368,9.869596283668276e-06
72,0,1,72,0.0031415913616617513,0.0031415913616617513,9.869596283667734e-06
73,0,0,73,0.0031415913616615766,0.0031415913616615367,9.869596283666638e-06
74,0,0,74,0.00314159136166178,0.0031415913616617743,9.869596283667917e-06
75,0,1,75,0.003141591361661564,0.003141591361661564,9.869596283666559e-06
76,0,1,76,0.0031415913616618407,0.003141591361661787,9.869596283668297e-06
77,0,1,77,0.0031415913616616347,0.003141591361661562,9.869596283667004e-06
78,0,1,78,0.003141591361661742,0.003141591361661742,9.869596283667677e-06
79,0,0,79,0.0031415913616618515,0.0031415913616618515,9.869596283668363e-06
80,0,1,80,0.003141591361661743,0.003141591361661743,9.869596283667685e-06
81,0,0,81,0.003141591361661755,0.0031415913616617544,9.869596283667755e-06
82,0,1,82,0.0031415913616618086,0.0031415913616617557,9.869596283668095e-06
83,0,1,83,0.0031415913616615523,0.0031415913616615523,9.86959628366649e-06
84,0,0,84,0.0031415913616615688,0.0031415913616613896,9.86959628366659e-06
85,0,1,85,0.003141591361661772,0.003141591361661701,9.869596283667868e-06
86,0,1,86,0.0031415913616616073,0.0031415913616615436,9.869596283666831e-06
87,0,1,87,0.003141591361661915,0.003141591361661915,9.869596283668764e-06
88,0,0,88,0.003141591361661801,0.003141591361661801,9.869596283668048e-06
89,0,1,89,0.003141591361661783,0.003141591361661783,9.869596283667936e-06
90,0,1,90,0.003141591361661801,0.0031415913616618008,9.869596283668046e-06
91,0,1,91,0.0031415913616618476,0.0031415913616618476,9.86959628366834e-06
92,0,0,92,0.0031415913616616286,0.0031415913616616277,9.869596283666962e-06
93,0,1,93,0.0031415913616616034,0.003141591361661603,9.869596283666806e-06
94,0,0,94,0.0031415913616615605,0.0031415913616615605,9.869596283666537e-06
95,0,0,95,0.0031415913616618944,0.0031415913616618936,9.86959628366863e-06
96,0,0,96,0.0031415913616618424,0.003141591361661842,9.869596283668307e-06
97,0,1,97,0.0031415913616615622,0.0031415913616614824,9.86959628366655e-06
98,0,1,98,0.0031415913616617873,0.0031415913616617847,9.869596283667965e-06
99,0,1,99,0.003141591361661728,0.003141591361661667,9.86959628366759e-06
100,0,1,100,0.0031415913616618806,0.003141591361661853,9.869596283668548e-06
101,0,1,101,0.003141591361661804,0.003141591361661707,9.869596283668066e-06
102,0,1,102,1.999997532599407,1.9999975325994068,9.869596283667806e-06
103,0,1,103,0.003141591361661802,0.003141591361661765,9.869596283668055e-06
104,0,1,104,0.003141591361661548,0.003141591361661485,9.869596283666459e-06
105,0,0,105,0.003141591361661867,0.003141591361661822,9.869596283668465e-06
106,0,1,106,0.0031415913616616247,0.0031415913616615553,9.869596283666942e-06
107,0,1,107,0.003141591361661847,0.0031415913616617474,9.869596283668337e-06
108,0,1,108,0.003141591361661511,0.003141591361661511,9.869596283666227e-06
109,0,0,109,0.003141591361661599,0.0031415913616615974,9.86959628366678e-06
110,0,0,110,0.0031415913616618498,0.0031415913616617613,9.869596283668356e-06
111,0,1,111,0.003141591361661602,0.003141591361661602,9.869596283666798e-06
112,0,0,112,0.0031415913616617912,0.003141591361661776,9.869596283667987e-06
113,0,0,113,0.0031415913616616347,0.0031415913616616134,9.869596283667004e-06
114,0,1,114,0.003141591361661581,0.003141591361661581,9.869596283666665e-06
115,0,1,115,0.0031415913616617934,0.0031415913616617925,9.869596283667999e-06
116,0,0,116,0.003141591361661826,0.0031415913616616863,9.869596283668205e-06
117,0,1,117,0.003141591361661728,0.003141591361661728,9.869596283667587e-06
118,0,0,118,0.0031415913616615796,0.003141591361661559,9.869596283666657e-06
119,0,1,119,0.003141591361661665,0.003141591361661665,9.869596283667194e-06
120,0,1,120,0.003141591361661789,0.003141591361661711,9.869596283667973e-06
121,0,1,121,0.0031415913616619833,0.0031415913616619833,9.869596283669198e-06
122,0,0,122,0.003141591361661566,0.003141591361661566,9.86959628366657e-06
123,0,0,123,0.0031415913616617782,0.0031415913616617782,9.869596283667909e-06
124,0,0,124,0.003141591361661563,0.003141591361661563,9.869596283666554e-06
125,0,1,125,0.0031415913616617878,0.003141591361661702,9.869596283667965e-06
126,0,1,126,0.0031415913616615653,0.003141591361661565,9.869596283666564e-06
127,0,1,127,0.0031415913616619348,0.0031415913616619348,9.869596283668891e-06
128,0,0,128,0.003141591361661845,0.0031415913616617995,9.869596283668326e-06
129,0,0,129,0.003141591361661808,0.003141591361661807,9.869596283668087e-06
130,0,1,130,0.003141591361661595,0.003141591361661582,9.869596283666755e-06
131,0,1,131,0.0031415913616615436,0.0031415913616615375,9.869596283666432e-06
132,0,1,132,0.0031415913616618107,0.0031415913616618064,9.869596283668109e-06
133,0,1,133,0.0031415913616618823,0.003141591361661809,9.86959628366856e-06
134,0,0,134,0.0031415913616617574,0.0031415913616617505,9.869596283667773e-06
135,0,0,135,0.0031415913616618107,0.0031415913616618107,9.86959628366811e-06
136,0,0,136,0.003141591361661747,0.003141591361661747,9.86959628366771e-06
137,0,1,137,0.0031415913616617747,0.003141591361661771,9.869596283667885e-06
138,0,0,138,0.0031415913616617925,0.0031415913616617925,9.869596283667997e-06
139,0,1,139,0.003141591361661793,0.003141591361661793,9.869596283667999e-06
140,0,0,140,0.0031415913616616564,0.0031415913616616546,9.86959628366713e-06
141,0,0,141,0.0031415913616615436,0.0031415913616615436,9.86959628366643e-06
142,0,1,142,0.0031415913616618077,0.003141591361661807,9.869596283668085e-06
143,0,0,143,0.003141591361661808,0.003141591361661808,9.869596283668092e-06
144,0,0,144,0.0031415913616617977,0.0031415913616617977,9.869596283668027e-06
145,0,0,145,0.003141591361661761,0.0031415913616617604,9.869596283667795e-06
146,0,0,146,0.0031415913616615714,0.0031415913616615714,9.869596283666604e-06
147,0,1,147,0.0031415913616616056,0.0031415913616616056,9.869596283666821e-06
148,0,1,148,0.0031415913616618016,0.003141591361661751,9.869596283668053e-06
149,0,0,149,0.003141591361661801,0.0031415913616617713,9.86959628366805e-06
150,0,0,150,0.003141591361661603,0.003141591361661597,9.869596283666804e-06
151,0,1,151,0.003141591361661777,0.003141591361661777,9.869596283667899e-06
152,0,1,152,0.003141591361661838,0.003141591361661838,9.86959628366828e-06
153,0,1,153,0.0031415913616618337,0.0031415913616618337,9.869596283668253e-06
154,0,0,154,0.003141591361661731,0.003141591361661731,9.86959628366761e-06
155,0,1,155,1.999997532599408,1.9999975325994073,9.86959628366808e-06
156,0,1,156,0.003141591361661777,0.00314159136166176,9.869596283667899e-06
157,0,1,157,0.0031415913616619356,0.0031415913616618927,9.869596283668895e-06
158,0,1,158,0.003141591361661847,0.003141591361661847,9.869596283668341e-06
159,0,0,159,0.0031415913616616577,0.003141591361661615,9.869596283667148e-06
160,0,1,160,0.003141591361661836,0.003141591361661836,9.86959628366827e-06
161,0,0,161,0.003141591361661781,0.0031415913616617804,9.869596283667917e-06
162,0,1,162,0.0031415913616615583,0.003141591361661472,9.869596283666523e-06
163,0,0,163,0.0031415913616616117,0.0031415913616616117,9.869596283666862e-06
164,0,1,164,0.0031415913616617535,0.0031415913616617535,9.86959628366775e-06
165,0,1,165,0.003141591361661723,0.0031415913616617114,9.86959628366756e-06
166,0,0,166,0.0031415913616618107,0.0031415913616618107,9.869596283668109e-06
167,0,0,167,0.0031415913616616073,0.003141591361661593,9.869596283666833e-06
168,0,1,168,0.003141591361661796,0.0031415913616617774,9.869596283668017e-06
169,0,0,169,0.003141591361661463,0.003141591361661461,9.869596283665925e-06
170,0,1,170,0.003141591361661802,0.0031415913616617717,9.869596283668056e-06
171,0,1,171,0.0031415913616618433,0.0031415913616618125,9.869596283668315e-06
172,0,1,172,0.003141591361661463,0.0031415913616614013,9.869596283665923e-06
173,0,1,173,0.003141591361661821,0.003141591361661821,9.869596283668177e-06
174,0,0,174,0.0031415913616618,0.003141591361661798,9.869596283668041e-06
175,0,1,175,0.003141591361661674,0.0031415913616616737,9.869596283667248e-06
176,0,1,176,0.0031415913616616603,0.003141591361661566,9.869596283667165e-06
177,0,0,177,0.0031415913616618476,0.0031415913616618476,9.869596283668341e-06
178,0,1,178,0.003141591361661862,0.003141591361661862,9.869596283668432e-06
179,0,1,179,0.003141591361661802,0.0031415913616617565,9.869596283668055e-06
180,0,1,180,0.0031415913616618146,0.0031415913616618146,9.869596283668134e-06
181,0,0,181,0.0031415913616617774,0.0031415913616617756,9.869596283667899e-06
182,0,1,182,0.003141591361661823,0.003141591361661782,9.869596283668187e-06
183,0,0,183,0.003141591361661557,0.003141591361661557,9.869596283666516e-06
184,0,0,184,0.003141591361661838,0.003141591361661838,9.869596283668282e-06
185,0,1,185,0.003141591361661603,0.0031415913616615297,9.869596283666804e-06
186,0,1,186,0.0031415913616614764,0.0031415913616614764,9.869596283666013e-06
187,0,1,187,0.0031415913616617943,0.003141591361661793,9.869596283668002e-06
188,0,1,188,0.003141591361661536,0.003141591361661503,9.869596283666383e-06
189,0,0,189,0.0031415913616615943,0.0031415913616615943,9.869596283666748e-06
190,0,0,190,0.003141591361661547,0.0031415913616614963,9.869596283666455e-06
191,0,0,191,0.0031415913616616095,0.0031415913616616095,9.869596283666845e-06
192,0,0,192,0.003141591361661798,0.003141591361661798,9.86959628366803e-06
193,0,0,193,0.003141591361661765,0.00314159136166176,9.869596283667824e-06
194,0,1,194,0.003141591361661598,0.0031415913616615974,9.869596283666769e-06
195,0,0,195,0.0031415913616615926,0.0031415913616614664,9.86959628366674e-06
196,0,0,196,0.003141591361661509,0.003141591361661509,9.869596283666215e-06
197,0,1,197,0.003141591361661559,0.003141591361661559,9.86959628366653e-06
198,0,0,198,0.0031415913616618606,0.0031415913616618606,9.869596283668424e-06
199,0,1,199,0.0031415913616616594,0.003141591361661622,9.869596283667158e-06
200,0,0,200,0.0031415913616617756,0.0031415913616617626,9.869596283667889e-06
201,0,1,201,0.003141591361661577,0.003141591361661507,9.869596283666642e-06
202,0,1,202,0.0031415913616617934,0.0031415913616617934,9.869596283668002e-06
203,0,1,203,0.0031415913616618402,0.0031415913616618307,9.869596283668295e-06
204,0,0,204,0.0031415913616617787,0.0031415913616617787,9.869596283667909e-06
205,0,0,205,0.0031415913616617804,0.0031415913616617795,9.869596283667916e-06
206,0,1,206,0.0031415913616616854,0.003141591361661685,9.86959628366732e-06
207,0,1,207,0.0031415913616615948,0.003141591361661457,9.869596283666752e-06
208,0,1,208,0.0031415913616618264,0.003141591361661781,9.869596283668209e-06
209,0,1,209,0.0031415913616618073,0.0031415913616617665,9.869596283668088e-06
210,0,1,210,0.0031415913616617643,0.003141591361661764,9.869596283667814e-06
211,0,0,211,0.0031415913616616897,0.0031415913616616186,9.86959628366735e-06
212,0,0,212,0.003141591361661829,0.003141591361661829,9.869596283668226e-06
213,0,0,213,0.0031415913616615705,0.0031415913616615583,9.8695962836666e-06
214,0,0,214,0.0031415913616617795,0.0031415913616617795,9.869596283667912e-06
215,0,1,215,0.003141591361661846,0.003141591361661846,9.86959628366833e-06
216,0,1,216,0.0031415913616618155,0.0031415913616617817,9.86959628366814e-06
217,0,1,217,0.003141591361661576,0.0031415913616615757,9.869596283666633e-06
218,0,0,218,0.003141591361661648,0.0031415913616615354,9.869596283667089e-06
219,0,0,219,0.003141591361661575,0.0031415913616615744,9.869596283666623e-06
220,0,0,220,0.0031415913616618953,0.0031415913616618953,9.86959628366864e-06
221,0,1,221,0.0031415913616618515,0.0031415913616618138,9.869596283668365e-06
222,0,0,222,0.0031415913616615523,0.003141591361661551,9.86959628366648e-06
223,0,0,223,0.00314159136166191,0.00314159136166191,9.869596283668734e-06
224,0,0,224,0.003141591361661577,0.00314159136166147,9.86959628366664e-06
225,0,0,225,0.003141591361661801,0.003141591361661801,9.869596283668048e-06
226,0,1,226,0.003141591361661839,0.003141591361661798,9.869596283668287e-06
227,0,1,227,0.0031415913616615414,0.0031415913616615406,9.869596283666415e-06
228,0,1,228,0.0031415913616618454,0.0031415913616618454,9.869596283668329e-06
229,0,1,229,0.003141591361661698,0.0031415913616616806,9.8695962836674e-06
230,0,1,230,0.00314159136166184,0.0031415913616618394,9.86959628366829e-06
231,0,1,231,0.003141591361661637,0.003141591361661637,9.869596283667018e-06
232,0,0,232,0.0031415913616617895,0.0031415913616617895,9.869596283667975e-06
233,0,1,233,0.003141591361661543,0.0031415913616615262,9.869596283666428e-06
234,0,1,234,0.0031415913616617956,0.00314159136166178,9.869596283668014e-06
235,0,1,235,0.0031415913616616047,0.0031415913616616047,9.869596283666814e-06
236,0,1,236,0.0031415913616615826,0.0031415913616615826,9.869596283666677e-06
237,0,0,237,0.003141591361661548,0.003141591361661541,9.86959628366646e-06
238,0,0,238,0.003141591361661791,0.003141591361661768,9.869596283667985e-06
239,0,1,239,0.003141591361661568,0.0031415913616615674,9.869596283666579e-06
240,0,1,240,0.0031415913616618337,0.0031415913616618337,9.869596283668254e-06
241,0,1,241,0.003141591361661738,0.0031415913616617314,9.869596283667651e-06
242,0,1,242,0.0031415913616617544,0.003141591361661698,9.869596283667756e-06
243,0,1,243,0.00314159136166158,0.0031415913616615796,9.869596283666659e-06
244,0,0,244,0.0031415913616618545,0.0031415913616618537,9.869596283668382e-06
245,0,1,245,0.003141591361661782,0.003141591361661782,9.869596283667931e-06
246,0,1,246,0.0031415913616617544,0.003141591361661744,9.869596283667755e-06
247,0,1,247,0.0031415913616617396,0.0031415913616617197,9.869596283667662e-06
248,0,1,248,0.0031415913616617353,0.003141591361661735,9.869596283667634e-06
249,0,1,249,0.0031415913616618077,0.0031415913616617648,9.86959628366809e-06
250,0,0,250,0.003141591361661826,0.003141591361661826,9.869596283668204e-06
251,0,1,251,0.0031415913616616702,0.003141591361661584,9.869596283667228e-06
252,0,0,252,0.0031415913616618597,0.003141591361661815,9.869596283668417e-06
253,0,1,253,0.0031415913616617596,0.003141591361661755,9.869596283667789e-06
254,0,1,254,0.003141591361661881,0.0031415913616617544,9.869596283668553e-06
255,0,1,255,0.003141591361661852,0.0031415913616618116,9.86959628366837e-06
256,0,1,256,0.003141591361661843,0.0031415913616616724,9.869596283668312e-06
257,0,1,257,0.0031415913616618225,0.0031415913616618225,9.869596283668185e-06
258,0,1,258,0.0031415913616615965,0.003141591361661596,9.869596283666764e-06
259,0,1,259,0.0031415913616617565,0.0031415913616616984,9.86959628366777e-06
260,0,0,260,0.003141591361661575,0.0031415913616615323,9.869596283666628e-06
261,0,1,261,0.0031415913616615813,0.003141591361661569,9.86959628366667e-06
262,0,1,262,0.003141591361661568,0.0031415913616615453,9.869596283666586e-06
263,0,1,263,0.0031415913616618554,0.003141591361661803,9.86959628366839e-06
264,0,1,264,0.0031415913616615705,0.0031415913616615484,9.869596283666601e-06
265,0,0,265,0.003141591361661586,0.003141591361661586,9.869596283666696e-06
266,0,1,266,0.0031415913616618272,0.0031415913616618272,9.869596283668212e-06
267,0,1,267,0.003141591361661734,0.003141591361661726,9.869596283667628e-06
268,0,1,268,0.003141591361661554,0.0031415913616615484,9.869596283666498e-06
269,0,0,269,0.003141591361661779,0.003141591361661779,9.86959628366791e-06
270,0,1,270,0.0031415913616618307,0.0031415913616617826,9.869596283668238e-06
271,0,1,271,0.0031415913616615805,0.0031415913616615805,9.869596283666665e-06
272,0,1,272,0.0031415913616617587,0.0031415913616617587,9.869596283667782e-06
273,0,0,273,0.003141591361661529,0.003141591361661529,9.86959628366634e-06
274,0,0,274,0.0031415913616615475,0.0031415913616615475,9.869596283666457e-06
275,0,1,275,0.0031415913616618116,0.0031415913616617505,9.869596283668117e-06
276,0,1,276,0.0031415913616615753,0.0031415913616615523,9.869596283666632e-06
277,0,1,277,0.003141591361661622,0.003141591361661622,9.869596283666925e-06
278,0,0,278,0.0031415913616618294,0.0031415913616618294,9.869596283668226e-06
279,0,1,279,0.003141591361661805,0.003141591361661805,9.869596283668075e-06
280,0,0,280,0.003141591361661813,0.003141591361661813,9.869596283668124e-06
281,0,1,281,0.0031415913616618,0.0031415913616617158,9.869596283668043e-06
282,0,1,282,0.0031415913616615813,0.0031415913616614725,9.869596283666669e-06
283,0,0,283,0.003141591361661834,0.003141591361661833,9.869596283668251e-06
284,0,0,284,0.0031415913616618576,0.003141591361661831,9.869596283668405e-06
285,0,0,285,0.0031415913616616754,0.0031415913616616754,9.869596283667262e-06
286,0,1,286,0.003141591361661832,0.003141591361661832,9.869596283668244e-06
287,0,0,287,0.0031415913616617388,0.0031415913616617383,9.869596283667655e-06
288,0,1,288,0.003141591361661551,0.003141591361661551,9.869596283666476e-06
289,0,1,289,0.0031415913616616373,0.0031415913616616373,9.869596283667021e-06
290,0,1,290,0.0031415913616617912,0.003141591361661776,9.869596283667988e-06
291,0,0,291,0.0031415913616618255,0.003141591361661825,9.8695962836682e-06
292,0,1,292,0.003141591361661556,0.0031415913616614543,9.869596283666511e-06
293,0,0,293,0.0031415913616618944,0.003141591361661811,9.869596283668636e-06
294,0,0,294,0.0031415913616620506,0.003141591361661989,9.869596283669616e-06
295,0,0,295,0.003141591361661766,0.0031415913616617643,9.86959628366783e-06
296,0,1,296,0.0031415913616616425,0.003141591361661536,9.869596283667053e-06
297,0,1,297,0.0031415913616617674,0.0031415913616617054,9.86959628366784e-06
298,0,1,298,0.0031415913616615254,0.0031415913616615254,9.869596283666313e-06
299,0,1,299,0.003141591361661839,0.0031415913616617505,9.869596283668285e-06
300,0,0,300,0.003141591361661765,0.003141591361661765,9.869596283667822e-06
301,0,0,301,0.0031415913616618294,0.0031415913616618285,9.869596283668224e-06
302,0,0,302,0.0031415913616617427,0.0031415913616617422,9.869596283667684e-06
303,0,1,303,0.003141591361661783,0.0031415913616617817,9.869596283667934e-06
304,0,1,304,0.0031415913616617847,0.0031415913616617847,9.869596283667948e-06
305,0,1,305,0.003141591361661866,0.003141591361661758,9.869596283668456e-06
306,0,1,306,0.0031415913616618073,0.0031415913616618073,9.86959628366809e-06
307,0,1,307,0.0031415913616618246,0.0031415913616618246,9.8695962836682e-06
308,0,0,308,0.0031415913616617934,0.0031415913616617934,9.869596283667999e-06
309,0,1,309,0.0031415913616617795,0.003141591361661704,9.869596283667914e-06
310,0,1,310,0.003141591361661506,0.003141591361661506,9.869596283666194e-06
311,0,1,311,0.00314159136166163,0.00314159136166163,9.869596283666974e-06
312,0,0,312,0.0031415913616616143,0.0031415913616615635,9.869596283666877e-06
313,0,1,313,0.0031415913616618016,0.0031415913616617787,9.869596283668055e-06
314,0,0,314,0.0031415913616615262,0.003141591361661526,9.869596283666323e-06
315,0,0,315,0.003141591361661594,0.003141591361661594,9.869596283666748e-06
316,0,1,316,0.003141591361661782,0.0031415913616617093,9.869596283667931e-06
317,0,0,317,0.0031415913616618077,0.0031415913616618077,9.869596283668092e-06
318,0,1,318,0.003141591361661778,0.003141591361661777,9.869596283667899e-06
319,0,1,319,0.0031415913616617995,0.0031415913616617995,9.869596283668038e-06
320,0,1,320,0.003141591361661598,0.003141591361661562,9.869596283666772e-06
321,0,0,321,0.003141591361661608,0.003141591361661575,9.869596283666837e-06
322,0,0,322,0.003141591361661786,0.003141591361661786,9.869596283667956e-06
323,0,0,323,0.0031415913616616086,0.0031415913616616086,9.869596283666842e-06
324,0,1,324,0.0031415913616618532,0.0031415913616618532,9.86959628366838e-06
325,0,1,325,0.003141591361661709,0.003141591361661709,9.869596283667468e-06
326,0,1,326,0.0031415913616615787,0.0031415913616615653,9.869596283666654e-06
327,0,1,327,0.0031415913616618164,0.0031415913616618164,9.869596283668146e-06
328,0,1,328,0.0031415913616617466,0.0031415913616617466,9.869596283667706e-06
329,0,0,329,0.0031415913616617487,0.0031415913616617383,9.869596283667719e-06
330,0,0,330,0.0031415913616618025,0.0031415913616618025,9.869596283668058e-06
331,0,1,331,0.003141591361661806,0.0031415913616617964,9.86959628366808e-06
332,0,1,332,0.0031415913616617813,0.0031415913616617817,9.869596283667927e-06
333,0,1,333,0.003141591361661802,0.003141591361661801,9.869596283668053e-06
334,0,1,334,0.003141591361661639,0.0031415913616615896,9.869596283667031e-06
335,0,1,335,0.0031415913616618155,0.00314159136166174,9.869596283668141e-06
336,0,1,336,0.00314159136166179,0.00314159136166179,9.86959628366798e-06
337,0,0,337,0.003141591361661571,0.0031415913616615557,9.869596283666603e-06
338,0,0,338,0.003141591361661769,0.003141591361661769,9.869596283667848e-06
339,0,1,339,0.0031415913616617604,0.0031415913616617288,9.869596283667795e-06
340,0,1,340,0.00314159136166158,0.003141591361661549,9.869596283666659e-06
341,0,1,341,0.003141591361661767,0.003141591361661757,9.869596283667834e-06
342,0,0,342,0.0031415913616617067,0.003141591361661653,9.869596283667457e-06
343,0,1,343,0.0031415913616615627,0.0031415913616615627,9.869596283666552e-06
344,0,1,344,0.0031415913616618116,0.003141591361661778,9.869596283668116e-06
345,0,1,345,0.003141591361661536,0.003141591361661515,9.869596283666384e-06
346,0,1,346,0.003141591361661583,0.0031415913616615605,9.869596283666677e-06
347,0,0,347,0.0031415913616615605,0.0031415913616615605,9.869596283666538e-06
348,0,0,348,0.003141591361661813,0.0031415913616617977,9.869596283668124e-06
349,0,0,349,0.0031415913616617617,0.0031415913616617617,9.869596283667802e-06
350,0,1,350,0.00314159136166154,0.00314159136166154,9.869596283666411e-06
351,0,0,351,0.0031415913616616824,0.0031415913616616273,9.869596283667302e-06
352,0,1,352,0.0031415913616615995,0.003141591361661461,9.869596283666782e-06
353,0,0,353,0.003141591361661779,0.003141591361661779,9.869596283667914e-06
354,0,0,354,0.003141591361661848,0.0031415913616618155,9.869596283668343e-06
355,0,0,355,0.0031415913616619695,0.0031415913616619695,9.869596283669108e-06
356,0,0,356,0.003141591361661847,0.0031415913616617682,9.86959628366834e-06
357,0,1,357,0.003141591361661601,0.003141591361661601,9.86959628366679e-06
358,0,1,358,0.003141591361661549,0.003141591361661549,9.869596283666467e-06
359,0,0,359,0.0031415913616615536,0.0031415913616615536,9.869596283666496e-06
360,0,1,360,0.0031415913616618463,0.003141591361661846,9.86959628366833e-06
361,0,1,361,0.0031415913616618853,0.0031415913616617925,9.86959628366858e-06
362,0,1,362,0.0031415913616618467,0.0031415913616618467,9.869596283668336e-06
363,0,1,363,0.0031415913616618615,0.003141591361661761,9.86959628366843e-06
364,0,0,364,0.003141591361661631,0.003141591361661631,9.869596283666984e-06
365,0,0,365,0.0031415913616615,0.003141591361661499,9.869596283666152e-06
366,0,0,366,0.0031415913616615904,0.0031415913616615904,9.869596283666728e-06
367,0,0,367,0.0031415913616617804,0.00314159136166178,9.869596283667916e-06
368,0,0,368,0.0031415913616617687,0.0031415913616617687,9.869596283667846e-06
369,0,0,369,0.003141591361661926,0.0031415913616619252,9.869596283668827e-06
370,0,1,370,0.003141591361661749,0.0031415913616617487,9.86959628366772e-06
371,0,1,371,0.003141591361661881,0.0031415913616618463,9.869596283668551e-06
372,0,1,372,0.0031415913616617925,0.003141591361661747,9.869596283667995e-06
373,0,0,373,0.0031415913616617947,0.003141591361661794,9.869596283668005e-06
374,0,0,374,0.0031415913616617765,0.0031415913616617765,9.869596283667894e-06
375,0,1,375,0.00314159136166186,0.003141591361661747,9.86959628366842e-06
376,0,0,376,0.003141591361661545,0.0031415913616614937,9.869596283666442e-06
377,0,1,377,0.003141591361661792,0.003141591361661792,9.869596283667992e-06
378,0,1,378,0.0031415913616618008,0.0031415913616618008,9.869596283668046e-06
379,0,1,379,0.0031415913616616347,0.0031415913616616043,9.869596283667004e-06
380,0,0,380,0.0031415913616616013,0.003141591361661555,9.869596283666794e-06
381,0,1,381,0.0031415913616618107,0.0031415913616618,9.86959628366811e-06
382,0,1,382,0.0031415913616615722,0.0031415913616615722,9.869596283666613e-06
383,0,0,383,0.0031415913616618467,0.003141591361661642,9.869596283668337e-06
384,0,0,384,0.0031415913616617826,0.0031415913616617067,9.869596283667933e-06
385,0,0,385,0.003141591361661761,0.003141591361661761,9.869596283667797e-06
386,0,1,386,0.0031415913616618025,0.0031415913616618025,9.869596283668058e-06
387,0,1,387,0.0031415913616618424,0.0031415913616618376,9.869596283668309e-06
388,0,1,388,0.003141591361661627,0.003141591361661544,9.869596283666955e-06
389,0,1,389,0.003141591361661795,0.00314159136166179,9.86959628366801e-06
390,0,1,390,0.0031415913616615406,0.0031415913616615393,9.869596283666413e-06
391,0,1,391,0.0031415913616618,0.0031415913616617995,9.869596283668038e-06
392,0,1,392,0.0031415913616618246,0.0031415913616618246,9.869596283668197e-06
393,0,0,393,0.003141591361661777,0.0031415913616617765,9.869596283667897e-06
394,0,1,394,0.0031415913616617097,0.0031415913616617097,9.869596283667477e-06
395,0,0,395,0.0031415913616618116,0.003141591361661746,9.869596283668116e-06
396,0,0,396,0.0031415913616618376,0.003141591361661805,9.86959628366828e-06
397,0,1,397,0.0031415913616615536,0.0031415913616614837,9.869596283666494e-06
398,0,1,398,0.0031415913616616538,0.0031415913616616243,9.869596283667123e-06
399,0,0,399,0.0031415913616615622,0.0031415913616615622,9.869596283666549e-06
400,0,1,400,0.0031415913616615492,0.0031415913616615492,9.869596283666466e-06
401,0,1,401,0.003141591361661838,0.003141591361661838,9.869596283668282e-06
402,0,1,402,0.003141591361661795,0.003141591361661787,9.869596283668012e-06
403,0,1,403,0.0031415913616615588,0.003141591361661531,9.869596283666527e-06
404,0,0,404,0.003141591361661854,0.0031415913616618515,9.869596283668385e-06
405,0,1,405,0.0031415913616617583,0.0031415913616617583,9.869596283667782e-06
406,0,1,406,0.003141591361661796,0.0031415913616617275,9.869596283668016e-06
407,0,0,407,0.003141591361661792,0.003141591361661785,9.869596283667994e-06
408,0,0,408,0.003141591361661583,0.003141591361661565,9.869596283666679e-06
409,0,0,409,0.0031415913616617995,0.003141591361661796,9.869596283668038e-06
410,0,0,410,0.0031415913616616073,0.0031415913616616073,9.869596283666831e-06
411,0,0,411,0.003141591361661796,0.0031415913616617526,9.869596283668019e-06
412,0,1,412,0.003141591361661887,0.0031415913616618238,9.86959628366859e-06
413,0,1,413,0.0031415913616615995,0.003141591361661599,9.86959628366678e-06
414,0,0,414,0.0031415913616618806,0.00314159136166188,9.86959628366855e-06
415,0,0,415,0.00314159136166157,0.0031415913616615696,9.869596283666596e-06
416,0,0,416,0.0031415913616617695,0.0031415913616617695,9.86959628366785e-06
417,0,0,417,0.0031415913616617288,0.0031415913616617288,9.869596283667594e-06
418,0,1,418,0.0031415913616618003,0.0031415913616618003,9.869596283668048e-06
419,0,0,419,0.0031415913616617565,0.0031415913616617565,9.869596283667768e-06
420,0,1,420,0.003141591361661597,0.003141591361661597,9.869596283666767e-06
421,0,1,421,0.0031415913616618593,0.0031415913616618584,9.869596283668412e-06
422,0,0,422,0.0031415913616618368,0.0031415913616617552,9.869596283668273e-06
423,0,0,423,0.0031415913616618415,0.0031415913616618186,9.869596283668305e-06
424,0,1,424,0.0031415913616615865,0.0031415913616615865,9.869596283666703e-06
425,0,1,425,0.003141591361661527,0.003141591361661471,9.869596283666328e-06
426,0,0,426,0.0031415913616618177,0.0031415913616618177,9.869596283668153e-06
427,0,0,427,0.0031415913616618485,0.0031415913616618186,9.869596283668348e-06
428,0,1,428,0.003141591361661637,0.0031415913616615874,9.869596283667018e-06
429,0,0,429,0.003141591361661819,0.003141591361661741,9.869596283668161e-06
430,0,0,430,0.0031415913616615098,0.003141591361661509,9.869596283666215e-06
431,0,1,431,0.003141591361661596,0.0031415913616615852,9.869596283666762e-06
432,0,0,432,0.003141591361661572,0.003141591361661572,9.86959628366661e-06
433,0,0,433,0.0031415913616618203,0.0031415913616618203,9.86959628366817e-06
434,0,1,434,0.0031415913616618624,0.003141591361661862,9.86959628366843e-06
435,0,0,435,0.0031415913616617782,0.003141591361661777,9.869596283667899e-06
436,0,1,436,0.003141591361661771,0.0031415913616617704,9.869596283667855e-06
437,0,1,437,0.0031415913616618125,0.0031415913616617947,9.869596283668122e-06
438,0,1,438,0.0031415913616617856,0.003141591361661744,9.869596283667953e-06
439,0,1,439,0.0031415913616615254,0.0031415913616614924,9.869596283666316e-06
440,0,1,440,0.003141591361661812,0.003141591361661812,9.86959628366812e-06
441,0,1,441,0.003141591361661896,0.003141591361661811,9.869596283668646e-06
442,0,0,442,0.0031415913616618996,0.0031415913616618983,9.869596283668664e-06
443,0,0,443,0.003141591361661775,0.003141591361661775,9.869596283667889e-06
444,0,0,444,0.003141591361661802,0.003141591361661802,9.869596283668058e-06
445,0,0,445,0.003141591361661571,0.0031415913616615705,9.8695962836666e-06
446,0,1,446,0.0031415913616615943,0.0031415913616615766,9.869596283666752e-06
447,0,0,447,0.003141591361661901,0.003141591361661777,9.869596283668678e-06
448,0,0,448,0.0031415913616618086,0.0031415913616618086,9.869596283668097e-06
449,0,0,449,0.0031415913616615683,0.0031415913616615683,9.869596283666586e-06
450,0,0,450,0.003141591361661807,0.003141591361661807,9.869596283668085e-06
451,0,1,451,0.0031415913616615683,0.0031415913616615683,9.869596283666586e-06
452,0,1,452,0.0031415913616617847,0.0031415913616617847,9.869596283667946e-06
453,0,0,453,0.0031415913616617557,0.0031415913616617327,9.869596283667765e-06
454,0,0,454,0.003141591361661757,0.003141591361661757,9.869596283667768e-06
455,0,0,455,0.0031415913616616355,0.003141591361661576,9.86959628366701e-06
456,0,0,456,0.003141591361661802,0.0031415913616618016,9.869596283668053e-06
457,0,0,457,0.0031415913616618077,0.003141591361661763,9.869596283668092e-06
458,0,1,458,0.0031415913616615544,0.0031415913616615544,9.869596283666498e-06
459,0,1,459,0.003141591361661584,0.00314159136166154,9.869596283666684e-06
460,0,0,460,0.0031415913616615167,0.0031415913616614733,9.869596283666262e-06
461,0,1,461,0.0031415913616617674,0.003141591361661702,9.869596283667838e-06
462,0,1,462,0.0031415913616615354,0.0031415913616614924,9.86959628366638e-06
463,0,0,463,0.0031415913616617617,0.0031415913616617613,9.869596283667799e-06
464,0,1,464,0.0031415913616617695,0.003141591361661769,9.869596283667851e-06
465,0,1,465,0.003141591361661828,0.003141591361661828,9.869596283668219e-06
466,0,1,466,0.0031415913616616204,0.0031415913616616204,9.869596283666914e-06
467,0,0,467,0.0031415913616617843,0.0031415913616617843,9.869596283667944e-06
468,0,1,468,0.0031415913616616,0.0031415913616615536,9.869596283666786e-06
469,0,0,469,0.0031415913616617513,0.0031415913616617513,9.869596283667738e-06
470,0,0,470,0.0031415913616617674,0.0031415913616617665,9.869596283667836e-06
471,0,0,471,0.0031415913616615674,0.003141591361661564,9.869596283666582e-06
472,0,1,472,0.0031415913616618138,0.0031415913616617904,9.869596283668129e-06
473,0,0,473,0.003141591361661824,0.003141591361661824,9.869596283668193e-06
474,0,1,474,0.003141591361661815,0.00314159136166173,9.869596283668138e-06
475,0,0,475,0.00314159136166175,0.0031415913616617175,9.869596283667728e-06
476,0,0,476,0.0031415913616616113,0.003141591361661458,9.869596283666855e-06
477,0,1,477,0.0031415913616616394,0.003141591361661624,9.869596283667035e-06
478,0,1,478,0.003141591361661544,0.003141591361661544,9.869596283666432e-06
479,0,0,479,0.0031415913616618186,0.0031415913616618186,9.869596283668158e-06
480,0,0,480,0.0031415913616619226,0.0031415913616619226,9.869596283668813e-06
481,0,1,481,0.003141591361661799,0.003141591361661799,9.869596283668038e-06
482,0,0,482,0.0031415913616618186,0.0031415913616618186,9.869596283668158e-06
483,0,1,483,0.0031415913616618146,0.0031415913616617912,9.869596283668134e-06
484,0,0,484,0.0031415913616616455,0.0031415913616616455,9.86959628366707e-06
485,0,1,485,0.0031415913616617288,0.003141591361661706,9.869596283667594e-06
486,0,0,486,0.0031415913616618905,0.00314159136166189,9.869596283668609e-06
487,0,0,487,0.003141591361661539,0.003141591361661539,9.869596283666401e-06
488,0,0,488,0.003141591361661844,0.003141591361661734,9.86959628366832e-06
489,0,1,489,0.003141591361661556,0.003141591361661488,9.869596283666511e-06
490,0,0,490,0.003141591361661789,0.003141591361661761,9.869596283667973e-06
491,0,1,491,0.003141591361661778,0.003141591361661752,9.869596283667902e-06
492,0,1,492,0.0031415913616617335,0.003141591361661679,9.869596283667626e-06
493,0,0,493,0.0031415913616617986,0.0031415913616617388,9.869596283668034e-06
494,0,0,494,0.0031415913616617726,0.0031415913616617643,9.869596283667868e-06
495,0,1,495,0.003141591361661714,0.003141591361661714,9.869596283667502e-06
496,0,1,496,0.003141591361661626,0.003141591361661616,9.86959628366695e-06
497,0,1,497,0.0031415913616617878,0.0031415913616617743,9.869596283667965e-06
498,0,1,498,0.0031415913616618532,0.0031415913616617626,9.869596283668378e-06
499,0,1,499,0.003141591361661768,0.003141591361661731,9.869596283667841e-06
500,0,1,500,0.003141591361661478,0.003141591361661479,9.869596283666023e-06
501,0,0,501,0.003141591361661568,0.003141591361661567,9.869596283666579e-06
502,0,1,502,0.003141591361661796,0.003141591361661796,9.869596283668019e-06
503,0,1,503,0.0031415913616618307,0.0031415913616618303,9.869596283668232e-06
504,0,0,504,0.003141591361661804,0.0031415913616617865,9.869596283668066e-06
505,0,0,505,0.0031415913616615787,0.0031415913616615727,9.869596283666654e-06
506,0,0,506,0.003141591361661821,0.003141591361661821,9.869596283668175e-06
507,0,0,507,0.0031415913616615085,0.003141591361661472,9.86959628366621e-06
508,0,1,508,0.00314159136166183,0.00314159136166183,9.869596283668229e-06
509,0,0,509,0.0031415913616617925,0.0031415913616617643,9.869596283667997e-06
510,0,0,510,0.0031415913616616585,0.0031415913616616525,9.869596283667153e-06
511,0,0,511,0.0031415913616616564,0.003141591361661609,9.86959628366714e-06
512,0,1,512,0.0031415913616616793,0.0031415913616616785,9.869596283667279e-06
513,0,1,513,0.0031415913616615896,0.0031415913616615397,9.869596283666721e-06
514,0,1,514,0.0031415913616617795,0.0031415913616617726,9.869596283667912e-06
515,0,0,515,0.003141591361661886,0.0031415913616617483,9.869596283668585e-06
516,0,1,516,0.0031415913616615805,0.003141591361661527,9.869596283666664e-06
517,0,0,517,0.0031415913616615137,0.0031415913616615063,9.869596283666245e-06
518,0,0,518,0.003141591361661813,0.003141591361661812,9.869596283668117e-06
519,0,1,519,0.0031415913616614907,0.0031415913616614777,9.8695962836661e-06
520,0,1,520,0.003141591361661794,0.0031415913616617934,9.869596283668002e-06
521,0,1,521,0.0031415913616615384,0.0031415913616615384,9.8695962836664e-06
522,0,1,522,0.0031415913616615622,0.003141591361661558,9.869596283666549e-06
523,0,0,523,0.0031415913616617795,0.0031415913616617795,9.869596283667916e-06
524,0,1,524,0.0031415913616617253,0.0031415913616617253,9.869596283667575e-06
525,0,1,525,0.0031415913616616247,0.0031415913616616243,9.869596283666938e-06
526,0,1,526,0.003141591361661583,0.003141591361661538,9.869596283666679e-06
527,0,0,527,0.0031415913616619235,0.0031415913616619235,9.869596283668819e-06
528,0,0,528,0.00314159136166163,0.003141591361661471,9.869596283666974e-06
529,0,0,529,0.003141591361661598,0.0031415913616615974,9.86959628366677e-06
530,0,1,530,0.003141591361661726,0.0031415913616617158,9.86959628366758e-06
531,0,0,531,0.003141591361661725,0.003141591361661725,9.869596283667572e-06
532,0,1,532,0.003141591361661911,0.00314159136166191,9.869596283668737e-06
533,0,1,533,0.003141591361661777,0.0031415913616617617,9.869596283667897e-06
534,0,0,534,0.0031415913616618272,0.003141591361661771,9.869596283668212e-06
535,0,0,535,0.003141591361661826,0.003141591361661782,9.869596283668205e-06
536,0,0,536,0.003141591361662005,0.003141591361661812,9.86959628366933e-06
537,0,1,537,0.0031415913616615453,0.003141591361661535,9.869596283666443e-06
538,0,1,538,0.0031415913616615982,0.0031415913616615982,9.869596283666776e-06
539,0,0,539,0.003141591361661891,0.0031415913616618584,9.869596283668614e-06
540,0,0,540,0.0031415913616619916,0.0031415913616619907,9.869596283669239e-06
541,0,1,541,0.003141591361661786,0.0031415913616617648,9.869596283667955e-06
542,0,0,542,0.003141591361661536,0.003141591361661536,9.86959628366638e-06
543,0,1,543,0.0031415913616615965,0.0031415913616615956,9.869596283666759e-06
544,0,0,544,0.003141591361661633,0.003141591361661617,9.869596283666994e-06
545,0,0,545,0.003141591361661518,0.0031415913616615184,9.869596283666272e-06
546,0,1,546,0.0031415913616618133,0.0031415913616618133,9.869596283668126e-06
547,0,1,547,0.0031415913616616264,0.0031415913616615132,9.86959628366695e-06
548,0,0,548,0.0031415913616617643,0.0031415913616617405,9.869596283667817e-06
549,0,1,549,0.0031415913616617973,0.0031415913616617973,9.869596283668027e-06
550,0,0,550,0.003141591361661818,0.003141591361661818,9.869596283668156e-06
551,0,0,551,0.003141591361661591,0.0031415913616615904,9.869596283666726e-06
552,0,0,552,0.003141591361661871,0.003141591361661871,9.869596283668488e-06
553,0,1,553,0.0031415913616617956,0.0031415913616617604,9.869596283668016e-06
554,0,0,554,0.0031415913616618498,0.003141591361661645,9.869596283668354e-06
555,0,0,555,0.003141591361661877,0.003141591361661871,9.869596283668527e-06
556,0,1,556,0.0031415913616617223,0.0031415913616617223,9.869596283667555e-06
557,0,1,557,0.0031415913616617375,0.003141591361661736,9.869596283667643e-06
558,0,0,558,0.003141591361661778,0.0031415913616616867,9.869596283667902e-06
559,0,1,559,0.0031415913616618446,0.0031415913616617314,9.869596283668322e-06
560,0,0,560,0.0031415913616618255,0.00314159136166174,9.869596283668202e-06
561,0,0,561,0.0031415913616618953,0.0031415913616617904,9.869596283668642e-06
562,0,0,562,0.0031415913616618055,0.0031415913616618055,9.869596283668075e-06
563,0,0,563,0.003141591361661519,0.0031415913616615184,9.869596283666272e-06
564,0,1,564,0.003141591361661802,0.003141591361661802,9.869596283668056e-06
565,0,0,565,0.0031415913616617596,0.0031415913616617596,9.86959628366779e-06
566,0,1,566,0.0031415913616617474,0.003141591361661745,9.869596283667712e-06
567,0,0,567,0.003141591361661702,0.003141591361661702,9.869596283667426e-06
568,0,0,568,0.003141591361661834,0.003141591361661834,9.869596283668258e-06
569,0,1,569,0.0031415913616617826,0.003141591361661782,9.86959628366793e-06
570,0,0,570,0.003141591361661569,0.003141591361661523,9.869596283666591e-06
571,0,1,571,0.0031415913616615965,0.0031415913616615965,9.869596283666764e-06
572,0,1,572,0.0031415913616617604,0.003141591361661692,9.869596283667795e-06
573,0,1,573,0.0031415913616615596,0.003141591361661555,9.869596283666535e-06
574,0,0,574,0.0031415913616617813,0.0031415913616617813,9.869596283667924e-06
575,0,1,575,0.00314159136166152,0.0031415913616614916,9.869596283666286e-06
576,0,0,576,0.00314159136166181,0.00314159136166173,9.869596283668104e-06
577,0,1,577,0.0031415913616618996,0.0031415913616618996,9.869596283668671e-06
578,0,1,578,0.0031415913616616073,0.0031415913616615523,9.869596283666833e-06
579,0,0,579,0.0031415913616616403,0.0031415913616616403,9.86959628366704e-06
580,0,1,580,0.0031415913616615644,0.0031415913616615644,9.869596283666562e-06
581,0,1,581,0.003141591361661783,0.0031415913616617145,9.869596283667934e-06
582,0,1,582,0.0031415913616617635,0.0031415913616617635,9.869596283667812e-06
583,0,0,583,0.00314159136166172,0.0031415913616617192,9.869596283667534e-06
584,0,1,584,0.0031415913616618784,0.0031415913616617158,9.869596283668536e-06
585,0,0,585,0.0031415913616616056,0.0031415913616615254,9.86959628366682e-06
586,0,0,586,0.0031415913616615913,0.00314159136166159,9.869596283666721e-06
587,0,0,587,0.003141591361661857,0.0031415913616618567,9.869596283668398e-06
588,0,0,588,0.0031415913616614347,0.0031415913616613953,9.869596283665749e-06
589,0,0,589,0.0031415913616616243,0.0031415913616616243,9.869596283666936e-06
590,0,0,590,0.003141591361661609,0.003141591361661579,9.869596283666843e-06
591,0,0,591,0.0031415913616615354,0.0031415913616615354,9.869596283666377e-06
592,0,1,592,0.003141591361661831,0.003141591361661831,9.86959628366824e-06
593,0,0,593,0.0031415913616615657,0.0031415913616615657,9.869596283666567e-06
594,0,0,594,0.0031415913616614595,0.0031415913616614404,9.869596283665903e-06
595,0,1,595,0.0031415913616617782,0.0031415913616617782,9.869596283667905e-06
596,0,0,596,0.003141591361661836,0.0031415913616618086,9.869596283668268e-06
597,0,1,597,0.0031415913616618233,0.0031415913616618225,9.869596283668185e-06
598,0,1,598,0.0031415913616615566,0.003141591361661548,9.869596283666515e-06
599,0,1,599,0.003141591361661916,0.0031415913616619036,9.869596283668773e-06
600,0,0,600,0.003141591361661564,0.003141591361661564,9.869596283666557e-06
601,0,0,601,0.0031415913616617513,0.0031415913616616815,9.869596283667736e-06
602,0,0,602,0.0031415913616618164,0.00314159136166178,9.869596283668148e-06
603,0,1,603,0.003141591361661591,0.003141591361661591,9.869596283666728e-06
604,0,0,604,0.0031415913616617765,0.003141591361661744,9.869596283667895e-06
605,0,1,605,0.003141591361661572,0.003141591361661572,9.869596283666608e-06
606,0,0,606,0.003141591361661606,0.003141591361661606,9.869596283666825e-06
607,0,1,607,0.003141591361661808,0.003141591361661808,9.869596283668094e-06
608,0,1,608,0.003141591361661587,0.003141591361661587,9.869596283666703e-06
609,0,0,609,0.0031415913616615783,0.0031415913616615757,9.869596283666648e-06
610,0,0,610,0.0031415913616615492,0.003141591361661549,9.869596283666464e-06
611,0,0,611,0.0031415913616617084,0.003141591361661663,9.869596283667467e-06
612,0,1,612,0.0031415913616618446,0.0031415913616618446,9.869596283668319e-06
613,0,1,613,0.0031415913616616308,0.003141591361661609,9.869596283666979e-06
614,0,1,614,0.0031415913616615544,0.0031415913616615544,9.869596283666503e-06
615,0,0,615,0.003141591361661613,0.003141591361661578,9.869596283666867e-06
616,0,0,616,0.0031415913616618532,0.0031415913616618203,9.869596283668378e-06
617,0,0,617,0.0031415913616614963,0.003141591361661465,9.869596283666135e-06
618,0,0,618,0.0031415913616616342,0.003141591361661634,9.869596283666994e-06
619,0,1,619,0.003141591361661588,0.003141591361661587,9.869596283666706e-06
620,0,0,620,0.003141591361661788,0.003141591361661788,9.869596283667968e-06
621,0,0,621,0.003141591361661845,0.0031415913616617826,9.869596283668326e-06
622,0,1,622,0.003141591361661542,0.003141591361661542,9.869596283666423e-06
623,0,0,623,0.003141591361661777,0.003141591361661777,9.8695962836679e-06
624,0,0,624,0.0031415913616615683,0.003141591361661568,9.869596283666584e-06
625,0,0,625,0.003141591361661501,0.0031415913616614864,9.869596283666166e-06
626,0,0,626,0.003141591361661554,0.0031415913616615362,9.869596283666498e-06
627,0,0,627,0.0031415913616615683,0.0031415913616615683,9.86959628366659e-06
628,0,1,628,0.0031415913616617643,0.003141591361661764,9.869596283667819e-06
629,0,0,629,0.0031415913616618207,0.0031415913616618207,9.869596283668173e-06
630,0,0,630,0.003141591361661543,0.0031415913616615393,9.86959628366643e-06
631,0,1,631,0.0031415913616618554,0.003141591361661754,9.86959628366839e-06
632,0,0,632,0.0031415913616617756,0.0031415913616617665,9.869596283667889e-06
633,0,0,633,0.0031415913616615215,0.00314159136166152,9.869596283666284e-06
634,0,1,634,0.0031415913616615852,0.0031415913616615215,9.869596283666693e-06
635,0,0,635,0.0031415913616618034,0.0031415913616618034,9.86959628366806e-06
636,0,0,636,0.003141591361661551,0.003141591361661551,9.86959628366648e-06
637,0,1,637,0.0031415913616617895,0.003141591361661734,9.869596283667977e-06
638,0,0,638,0.0031415913616616546,0.0031415913616616546,9.86959628366713e-06
639,0,1,639,0.0031415913616615627,0.0031415913616615236,9.869596283666552e-06
640,0,0,640,0.003141591361661772,0.003141591361661772,9.869596283667867e-06
641,0,0,641,0.003141591361661754,0.0031415913616617535,9.86959628366775e-06
642,0,0,642,0.0031415913616617912,0.0031415913616617565,9.869596283667988e-06
643,0,0,643,0.003141591361661792,0.003141591361661792,9.869596283667992e-06
644,0,1,644,0.003141591361661808,0.0031415913616618077,9.86959628366809e-06
645,0,0,645,0.003141591361661826,0.003141591361661826,9.869596283668205e-06
646,0,1,646,0.0031415913616616485,0.0031415913616616485,9.869596283667092e-06
647,0,1,647,0.0031415913616615883,0.0031415913616615883,9.869596283666711e-06
648,0,1,648,0.0031415913616618394,0.003141591361661793,9.869596283668288e-06
649,0,1,649,0.0031415913616615835,0.0031415913616615453,9.869596283666684e-06
650,0,1,650,0.003141591361661544,0.0031415913616614864,9.869596283666433e-06
651,0,1,651,0.003141591361661814,0.003141591361661775,9.86959628366813e-06
652,0,0,652,0.00314159136166161,0.003141591361661599,9.86959628366685e-06
653,0,0,653,0.0031415913616617878,0.0031415913616617695,9.869596283667966e-06
654,0,0,654,0.0031415913616617388,0.0031415913616617388,9.869596283667658e-06
655,0,0,655,0.003141591361661781,0.003141591361661781,9.869596283667919e-06
656,0,1,656,0.0031415913616615926,0.003141591361661534,9.86959628366674e-06
657,0,0,657,0.003141591361661595,0.003141591361661591,9.869596283666754e-06
658,0,1,658,0.0031415913616617604,0.0031415913616617604,9.869596283667797e-06
659,0,1,659,0.0031415913616617917,0.0031415913616617422,9.86959628366799e-06
660,0,0,660,0.0031415913616618524,0.003141591361661781,9.869596283668371e-06
661,0,0,661,0.0031415913616619153,0.0031415913616616585,9.869596283668768e-06
662,0,1,662,0.003141591361661536,0.003141591361661536,9.869596283666384e-06
663,0,0,663,0.0031415913616617643,0.003141591361661722,9.869596283667817e-06
664,0,1,664,0.0031415913616615896,0.0031415913616615236,9.869596283666721e-06
665,0,1,665,0.0031415913616618337,0.0031415913616618077,9.869596283668254e-06
666,0,1,666,0.0031415913616617904,0.003141591361661784,9.869596283667983e-06
667,0,0,667,0.00314159136166183,0.0031415913616617483,9.869596283668229e-06
668,0,0,668,0.0031415913616617643,0.003141591361661731,9.869596283667817e-06
669,0,1,669,0.003141591361661544,0.003141591361661543,9.869596283666427e-06
670,0,1,670,0.0031415913616616286,0.0031415913616615735,9.869596283666967e-06
671,0,1,671,0.003141591361661859,0.003141591361661791,9.869596283668414e-06
672,0,1,672,0.0031415913616615037,0.0031415913616614846,9.869596283666181e-06
673,0,1,673,0.0031415913616618355,0.0031415913616617925,9.869596283668265e-06
674,0,0,674,0.003141591361661633,0.003141591361661633,9.869596283666994e-06
675,0,1,675,0.0031415913616616013,0.0031415913616615982,9.869596283666794e-06
676,0,0,676,0.0031415913616617834,0.0031415913616617834,9.86959628366794e-06
677,0,1,677,0.0031415913616617665,0.0031415913616617643,9.869596283667833e-06
678,0,1,678,0.0031415913616615688,0.0031415913616615683,9.869596283666584e-06
679,0,0,679,0.003141591361661512,0.0031415913616614924,9.869596283666233e-06
680,0,0,680,0.0031415913616617648,0.0031415913616617375,9.86959628366782e-06
681,0,0,681,0.0031415913616618047,0.0031415913616617973,9.86959628366807e-06
682,0,0,682,0.0031415913616615744,0.003141591361661544,9.869596283666626e-06
683,0,1,683,0.003141591361661792,0.003141591361661759,9.869596283667994e-06
684,0,0,684,0.003141591361661603,0.0031415913616615857,9.869596283666804e-06
685,0,0,685,0.003141591361661833,0.003141591361661811,9.86959628366825e-06
686,0,1,686,0.0031415913616618272,0.0031415913616618034,9.869596283668212e-06
687,0,1,687,0.0031415913616617847,0.0031415913616617695,9.869596283667946e-06
688,0,1,688,0.0031415913616617943,0.0031415913616617106,9.869596283668005e-06
689,0,0,689,0.0031415913616618437,0.0031415913616618437,9.869596283668315e-06
690,0,0,690,0.003141591361661645,0.003141591361661645,9.86959628366707e-06
691,0,1,691,0.003141591361661652,0.0031415913616616516,9.86959628366711e-06
692,0,1,692,0.0031415913616614994,0.0031415913616614673,9.869596283666154e-06
693,0,1,693,0.003141591361661491,0.003141591361661491,9.869596283666101e-06
694,0,1,694,0.0031415913616615744,0.0031415913616615753,9.869596283666628e-06
695,0,0,695,0.0031415913616617743,0.0031415913616617743,9.869596283667882e-06
696,0,1,696,0.003141591361661616,0.003141591361661616,9.869596283666886e-06
697,0,0,697,0.0031415913616615596,0.0031415913616615575,9.869596283666532e-06
698,0,0,698,0.0031415913616616555,0.0031415913616616546,9.869596283667128e-06
699,0,0,699,0.0031415913616618155,0.00314159136166178,9.869596283668141e-06
700,0,1,700,0.003141591361661603,0.0031415913616615757,9.869596283666804e-06
701,0,0,701,0.003141591361661924,0.003141591361661924,9.869596283668822e-06
702,0,1,702,0.0031415913616618593,0.0031415913616617682,9.869596283668415e-06
703,0,1,703,0.003141591361661836,0.0031415913616617535,9.86959628366827e-06
704,0,1,704,0.0031415913616616594,0.003141591361661659,9.869596283667158e-06
705,0,1,705,0.0031415913616618086,0.0031415913616618086,9.869596283668095e-06
706,0,1,706,0.003141591361661786,0.003141591361661786,9.869596283667956e-06
707,0,1,707,0.003141591361661717,0.003141591361661673,9.869596283667521e-06
708,0,1,708,0.0031415913616618146,0.0031415913616618146,9.869596283668134e-06
709,0,0,709,0.0031415913616618216,0.003141591361661822,9.86959628366818e-06
710,0,1,710,0.0031415913616618264,0.003141591361661826,9.869596283668207e-06
711,0,0,711,0.003141591361661817,0.003141591361661817,9.869596283668151e-06
712,0,0,712,0.003141591361661818,0.0031415913616616832,9.869596283668158e-06
713,0,0,713,0.0031415913616618316,0.0031415913616618316,9.869596283668241e-06
714,0,0,714,0.003141591361661759,0.003141591361661727,9.869596283667785e-06
715,0,1,715,0.003141591361661629,0.0031415913616616286,9.869596283666964e-06
716,0,0,716,0.003141591361661546,0.0031415913616614794,9.869596283666449e-06
717,0,1,717,0.0031415913616617912,0.0031415913616617665,9.869596283667987e-06
718,0,1,718,0.003141591361661842,0.003141591361661842,9.869596283668307e-06
719,0,0,719,0.00314159136166164,0.0031415913616615445,9.869596283667036e-06
720,0,0,720,0.0031415913616615505,0.003141591361661532,9.869596283666474e-06
721,0,1,721,0.0031415913616618133,0.003141591361661754,9.869596283668126e-06
722,0,0,722,0.0031415913616615436,0.003141591361661539,9.869596283666433e-06
723,0,0,723,0.003141591361661782,0.0031415913616617036,9.86959628366793e-06
724,0,1,724,0.0031415913616617574,0.0031415913616617574,9.869596283667772e-06
725,0,1,725,0.003141591361661759,0.003141591361661752,9.869596283667787e-06
726,0,0,726,0.003141591361661534,0.0031415913616615254,9.869596283666372e-06
727,0,1,727,0.003141591361661834,0.0031415913616618337,9.869596283668258e-06
728,0,1,728,0.003141591361661537,0.0031415913616615106,9.86959628366639e-06
729,0,1,729,0.003141591361661813,0.003141591361661812,9.86959628366812e-06
730,0,1,730,0.0031415913616615124,0.0031415913616615124,9.869596283666233e-06
731,0,1,731,0.0031415913616618,0.0031415913616618,9.869596283668043e-06
732,0,1,732,0.003141591361661622,0.003141591361661622,9.869596283666923e-06
733,0,1,733,0.003141591361661609,0.003141591361661605,9.869596283666842e-06
734,0,1,734,0.003141591361661815,0.003141591361661815,9.869596283668138e-06
735,0,0,735,0.0031415913616616034,0.0031415913616615635,9.869596283666808e-06
736,0,1,736,0.0031415913616615605,0.003141591361661559,9.869596283666537e-06
737,0,1,737,0.0031415913616618042,0.0031415913616618042,9.869596283668068e-06
738,0,1,738,0.003141591361661728,0.0031415913616617275,9.869596283667585e-06
739,0,1,739,0.0031415913616617726,0.0031415913616617726,9.869596283667867e-06
740,0,1,740,0.0031415913616617787,0.0031415913616617782,9.869596283667905e-06
741,0,1,741,0.00314159136166167,0.003141591361661539,9.869596283667224e-06
742,0,1,742,0.0031415913616618476,0.0031415913616618476,9.869596283668343e-06
743,0,0,743,0.0031415913616616433,0.003141591361661642,9.869596283667052e-06
744,0,0,744,0.003141591361661649,0.0031415913616616004,9.869596283667096e-06
745,0,0,745,0.0031415913616616668,0.0031415913616616668,9.869596283667208e-06
746,0,0,746,0.0031415913616615956,0.0031415913616615766,9.86959628366676e-06
747,0,0,747,0.003141591361661514,0.003141591361661514,9.869596283666249e-06
748,0,0,748,0.0031415913616617826,0.003141591361661782,9.869596283667927e-06
749,0,1,749,0.003141591361661579,0.0031415913616615323,9.869596283666655e-06
750,0,1,750,0.00314159136166178,0.0031415913616617457,9.869596283667917e-06
751,0,0,751,0.003141591361661821,0.0031415913616617015,9.869596283668175e-06
752,0,1,752,0.0031415913616617973,0.0031415913616617747,9.869596283668024e-06
753,0,1,753,0.0031415913616617813,0.003141591361661743,9.869596283667924e-06
754,0,0,754,0.003141591361661788,0.0031415913616617878,9.869596283667965e-06
755,0,0,755,0.003141591361661786,0.0031415913616617518,9.869596283667956e-06
756,0,1,756,0.0031415913616615583,0.0031415913616615583,9.869596283666528e-06
757,0,0,757,0.0031415913616617565,0.0031415913616617067,9.86959628366777e-06
758,0,0,758,0.003141591361661813,0.0031415913616616525,9.869596283668124e-06
759,0,1,759,0.0031415913616618545,0.0031415913616618207,9.869596283668387e-06
760,0,1,760,0.003141591361661619,0.003141591361661618,9.869596283666901e-06
761,0,0,761,0.0031415913616618116,0.0031415913616618116,9.869596283668114e-06
762,0,1,762,0.0031415913616615037,0.0031415913616615024,9.869596283666172e-06
763,0,1,763,0.003141591361661826,0.0031415913616618086,9.869596283668207e-06
764,0,1,764,0.0031415913616615653,0.0031415913616615653,9.869596283666567e-06
765,0,0,765,0.0031415913616618042,0.0031415913616618042,9.869596283668071e-06
766,0,0,766,0.0031415913616614994,0.0031415913616614994,9.869596283666156e-06
767,0,1,767,0.003141591361661786,0.0031415913616617518,9.869596283667955e-06
768,0,1,768,0.0031415913616615267,0.0031415913616615267,9.869596283666325e-06
769,0,0,769,0.0031415913616618003,0.0031415913616618003,9.869596283668044e-06
770,0,1,770,0.0031415913616617656,0.0031415913616617656,9.869596283667826e-06
771,0,1,771,0.0031415913616618493,0.0031415913616617613,9.869596283668353e-06
772,0,1,772,0.0031415913616615826,0.0031415913616615826,9.869596283666677e-06
773,0,0,773,0.0031415913616617682,0.0031415913616617466,9.869596283667843e-06
774,0,1,774,0.0031415913616615735,0.0031415913616615323,9.86959628366662e-06
775,0,1,775,0.003141591361661584,0.003141591361661584,9.869596283666686e-06
776,0,0,776,0.0031415913616618684,0.0031415913616618676,9.86959628366847e-06
777,0,1,777,0.003141591361661857,0.003141591361661809,9.869596283668402e-06
778,0,1,778,0.0031415913616618337,0.0031415913616618337,9.869596283668254e-06
779,0,0,779,0.0031415913616614456,0.0031415913616614456,9.869596283665817e-06
780,0,0,780,0.003141591361661748,0.003141591361661748,9.869596283667714e-06
781,0,0,781,0.0031415913616617015,0.003141591361661701,9.869596283667421e-06
782,0,0,782,0.0031415913616615974,0.0031415913616615965,9.869596283666762e-06
783,0,1,783,0.0031415913616615974,0.0031415913616615974,9.86959628366677e-06
784,0,0,784,0.0031415913616615427,0.0031415913616615362,9.869596283666427e-06
785,0,1,785,0.0031415913616617925,0.0031415913616617344,9.869596283667997e-06
786,0,1,786,0.0031415913616615644,0.0031415913616615644,9.869596283666565e-06
787,0,1,787,0.0031415913616617795,0.003141591361661722,9.869596283667914e-06
788,0,1,788,0.00314159136166155,0.00314159136166155,9.86959628366647e-06
789,0,0,789,0.003141591361661795,0.003141591361661749,9.869596283668012e-06
790,0,0,790,0.0031415913616618316,0.003141591361661831,9.869596283668238e-06
791,0,0,791,0.0031415913616617535,0.0031415913616617422,9.869596283667751e-06
792,0,1,792,0.003141591361661769,0.0031415913616616646,9.86959628366785e-06
793,0,1,793,0.0031415913616617964,0.0031415913616617513,9.86959628366802e-06
794,0,1,794,0.00314159136166175,0.003141591361661724,9.86959628366773e-06
795,0,1,795,0.0031415913616615683,0.003141591361661464,9.869596283666586e-06
796,0,0,796,0.003141591361661578,0.003141591361661578,9.869596283666647e-06
797,0,1,797,0.003141591361661568,0.0031415913616615583,9.869596283666584e-06
798,0,1,798,0.003141591361661778,0.0031415913616617747,9.869596283667902e-06
799,0,0,799,0.0031415913616618333,0.0031415913616618333,9.869596283668253e-06
800,0,0,800,0.0031415913616618138,0.0031415913616618042,9.869596283668129e-06
801,0,1,801,0.003141591361661785,0.003141591361661777,9.86959628366795e-06
802,0,0,802,0.003141591361661826,0.0031415913616617604,9.869596283668207e-06
803,0,1,803,0.0031415913616619057,0.0031415913616619057,9.869596283668708e-06
804,0,0,804,0.0031415913616617734,0.0031415913616617734,9.869596283667877e-06
805,0,0,805,0.0031415913616618094,0.003141591361661746,9.869596283668102e-06
806,0,0,806,0.003141591361661915,0.0031415913616619135,9.869596283668758e-06
807,0,0,807,0.0031415913616616104,0.0031415913616616104,9.869596283666848e-06
808,0,0,808,0.0031415913616616355,0.003141591361661591,9.86959628366701e-06
809,0,0,809,0.0031415913616615505,0.0031415913616615497,9.869596283666469e-06
810,0,0,810,0.0031415913616618203,0.0031415913616618194,9.869596283668163e-06
811,0,0,811,0.00314159136166182,0.00314159136166182,9.869596283668163e-06
812,0,1,812,0.0031415913616616017,0.003141591361661601,9.869596283666794e-06
813,0,1,813,0.0031415913616617843,0.0031415913616617843,9.869596283667943e-06
814,0,0,814,0.0031415913616618064,0.0031415913616617257,9.869596283668083e-06
815,0,1,815,0.003141591361661829,0.003141591361661829,9.869596283668222e-06
816,0,1,816,0.003141591361661757,0.003141591361661756,9.869596283667763e-06
817,0,1,817,0.0031415913616618563,0.003141591361661797,9.869596283668397e-06
818,0,1,818,0.003141591361661792,0.0031415913616617388,9.869596283667994e-06
819,0,0,819,0.0031415913616615826,0.0031415913616615826,9.869596283666676e-06
820,0,0,820,0.003141591361661549,0.003141591361661549,9.869596283666466e-06
821,0,0,821,0.0031415913616617964,0.0031415913616617964,9.869596283668019e-06
822,0,1,822,0.003141591361661514,0.003141591361661514,9.869596283666245e-06
823,0,0,823,0.0031415913616616026,0.0031415913616616026,9.869596283666804e-06
824,0,0,824,0.003141591361661881,0.0031415913616618806,9.86959628366855e-06
825,0,0,825,0.0031415913616618125,0.003141591361661753,9.86959628366812e-06
826,0,0,826,0.0031415913616615653,0.0031415913616615653,9.869596283666565e-06
827,0,0,827,0.0031415913616617665,0.0031415913616617665,9.869596283667833e-06
828,0,1,828,0.003141591361661775,0.003141591361661775,9.869596283667887e-06
829,0,1,829,0.0031415913616617973,0.0031415913616617956,9.869596283668016e-06
830,0,1,830,0.003141591361661876,0.003141591361661876,9.869596283668519e-06
831,0,0,831,0.003141591361661832,0.003141591361661789,9.869596283668244e-06
832,0,1,832,0.0031415913616615635,0.0031415913616615622,9.86959628366655e-06
833,0,1,833,0.003141591361661552,0.003141591361661552,9.869596283666484e-06
834,0,1,834,0.003141591361661791,0.0031415913616617396,9.869596283667983e-06
835,0,1,835,0.0031415913616616073,0.0031415913616616073,9.869596283666831e-06
836,0,1,836,0.003141591361661779,0.003141591361661779,9.86959628366791e-06
837,0,0,837,0.0031415913616618034,0.0031415913616618025,9.86959628366806e-06
838,0,0,838,0.0031415913616616212,0.0031415913616616212,9.869596283666918e-06
839,0,0,839,0.003141591361661559,0.003141591361661547,9.86959628366653e-06
840,0,0,840,0.003141591361661779,0.0031415913616617787,9.869596283667909e-06
841,0,0,841,0.0031415913616618593,0.0031415913616618593,9.869596283668415e-06
842,0,0,842,0.0031415913616617878,0.003141591361661787,9.869596283667961e-06
843,0,0,843,0.0031415913616617353,0.003141591361661735,9.869596283667634e-06
844,0,1,844,0.003141591361661819,0.0031415913616617774,9.869596283668163e-06
845,0,0,845,0.0031415913616615466,0.0031415913616615466,9.86959628366645e-06
846,0,0,846,0.0031415913616615315,0.0031415913616615315,9.869596283666357e-06
847,0,0,847,0.0031415913616617856,0.00314159136166178,9.869596283667953e-06
848,0,1,848,0.0031415913616615896,0.0031415913616615445,9.86959628366672e-06
849,0,1,849,0.003141591361661741,0.003141591361661736,9.86959628366767e-06
850,0,1,850,0.0031415913616618563,0.003141591361661778,9.869596283668395e-06
851,0,1,851,0.0031415913616618663,0.003141591361661866,9.869596283668458e-06
852,0,1,852,0.0031415913616614807,0.0031415913616614434,9.869596283666039e-06
853,0,1,853,0.003141591361661545,0.0031415913616614955,9.869596283666438e-06
854,0,0,854,0.003141591361661804,0.0031415913616617734,9.869596283668068e-06
855,0,0,855,0.003141591361661547,0.0031415913616615466,9.869596283666449e-06
856,0,1,856,0.00314159136166175,0.00314159136166175,9.869596283667728e-06
857,0,0,857,0.003141591361661735,0.003141591361661735,9.869596283667636e-06
858,0,1,858,0.003141591361661835,0.003141591361661835,9.869596283668265e-06
859,0,1,859,0.003141591361661802,0.0031415913616618016,9.869596283668051e-06
860,0,1,860,0.0031415913616615753,0.0031415913616615236,9.86959628366663e-06
861,0,0,861,0.0031415913616618025,0.0031415913616618025,9.86959628366806e-06
862,0,1,862,0.0031415913616617223,0.003141591361661722,9.86959628366755e-06
863,0,0,863,0.0031415913616615783,0.0031415913616615215,9.869596283666652e-06
864,0,1,864,0.003141591361661557,0.003141591361661471,9.869596283666515e-06
865,0,0,865,0.0031415913616618107,0.0031415913616618107,9.869596283668109e-06
866,0,0,866,0.003141591361661819,0.003141591361661764,9.869596283668161e-06
867,0,1,867,0.003141591361661842,0.003141591361661842,9.869596283668307e-06
868,0,0,868,0.0031415913616615935,0.0031415913616614872,9.869596283666747e-06
869,0,0,869,0.0031415913616618238,0.0031415913616617314,9.86959628366819e-06
870,0,0,870,0.003141591361661823,0.003141591361661822,9.869596283668185e-06
871,0,1,871,0.003141591361661811,0.0031415913616617973,9.869596283668114e-06
872,0,1,872,0.003141591361661621,0.003141591361661555,9.869596283666914e-06
873,0,1,873,0.003141591361661587,0.003141591361661587,9.869596283666704e-06
874,0,1,874,0.0031415913616618077,0.0031415913616617943,9.86959628366809e-06
875,0,0,875,0.003141591361661808,0.003141591361661806,9.869596283668095e-06
876,0,0,876,0.0031415913616615714,0.0031415913616615557,9.869596283666604e-06
877,0,1,877,0.0031415913616615193,0.0031415913616615193,9.869596283666277e-06
878,0,1,878,0.00314159136166184,0.00314159136166184,9.869596283668293e-06
879,0,1,879,0.003141591361661825,0.003141591361661787,9.8695962836682e-06
880,0,1,880,0.0031415913616618194,0.0031415913616616737,9.869596283668163e-06
881,0,0,881,0.003141591361661784,0.0031415913616617743,9.869596283667943e-06
882,0,0,882,0.0031415913616618003,0.0031415913616618003,9.869596283668041e-06
883,0,0,883,0.00314159136166181,0.00314159136166181,9.869596283668105e-06
884,0,0,884,0.0031415913616617925,0.0031415913616616997,9.869596283667995e-06
885,0,0,885,0.0031415913616618424,0.0031415913616618073,9.869596283668309e-06
886,0,1,886,0.0031415913616618285,0.0031415913616618285,9.869596283668224e-06
887,0,1,887,0.003141591361661581,0.003141591361661581,9.869596283666665e-06
888,0,0,888,0.003141591361661605,0.0031415913616616047,9.869596283666814e-06
889,0,1,889,0.003141591361661762,0.0031415913616617275,9.869596283667806e-06
890,0,1,890,0.003141591361661778,0.003141591361661778,9.869596283667904e-06
891,0,1,891,0.0031415913616617756,0.0031415913616617366,9.86959628366789e-06
892,0,1,892,0.0031415913616617947,0.0031415913616616815,9.869596283668009e-06
893,0,1,893,0.0031415913616617977,0.0031415913616617977,9.869596283668027e-06
894,0,1,894,0.0031415913616617648,0.0031415913616617648,9.869596283667819e-06
895,0,0,895,0.0031415913616617847,0.0031415913616617847,9.869596283667946e-06
896,0,0,896,0.003141591361661818,0.0031415913616617747,9.869596283668158e-06
897,0,0,897,0.003141591361661601,0.0031415913616615514,9.869596283666792e-06
898,0,0,898,0.0031415913616616976,0.0031415913616616976,9.869596283667397e-06
899,0,0,899,0.00314159136166179,0.00314159136166179,9.86959628366798e-06
900,0,1,900,0.003141591361661623,0.003141591361661561,9.86959628366693e-06
901,0,0,901,0.0031415913616617704,0.0031415913616617704,9.86959628366786e-06
902,0,1,902,0.0031415913616617505,0.0031415913616617505,9.869596283667731e-06
903,0,1,903,0.0031415913616618446,0.0031415913616618402,9.869596283668322e-06
904,0,1,904,0.003141591361661813,0.0031415913616618125,9.869596283668122e-06
905,0,0,905,0.00314159136166182,0.0031415913616617964,9.869596283668166e-06
906,0,0,906,0.003141591361661816,0.003141591361661816,9.869596283668141e-06
907,0,0,907,0.0031415913616618606,0.003141591361661732,9.869596283668422e-06
908,0,0,908,0.003141591361661594,0.0031415913616615935,9.869596283666743e-06
909,0,0,909,0.0031415913616617865,0.0031415913616617648,9.869596283667958e-06
910,0,0,910,0.0031415913616617145,0.0031415913616617145,9.869596283667506e-06
911,0,1,911,0.0031415913616616494,0.0031415913616616078,9.869596283667096e-06
912,0,0,912,0.003141591361661622,0.003141591361661622,9.869596283666923e-06
913,0,0,913,0.0031415913616618146,0.0031415913616618146,9.869596283668132e-06
914,0,1,914,0.003141591361661632,0.003141591361661631,9.869596283666982e-06
915,0,0,915,0.0031415913616618615,0.003141591361661818,9.869596283668429e-06
916,0,1,916,0.003141591361661777,0.003141591361661777,9.869596283667895e-06
917,0,1,917,0.00314159136166163,0.0031415913616616295,9.869596283666972e-06
918,0,0,918,0.0031415913616617856,0.0031415913616617843,9.869596283667944e-06
919,0,0,919,0.00314159136166156,0.00314159136166156,9.869596283666535e-06
920,0,0,920,0.003141591361661761,0.003141591361661755,9.869596283667797e-06
921,0,0,921,0.0031415913616615913,0.003141591361661554,9.869596283666731e-06
922,0,0,922,0.003141591361661603,0.003141591361661598,9.869596283666804e-06
923,0,0,923,0.003141591361661781,0.0031415913616617726,9.869596283667922e-06
924,0,1,924,0.0031415913616618663,0.0031415913616618663,9.869596283668461e-06
925,0,0,925,0.003141591361661643,0.003141591361661642,9.86959628366705e-06
926,0,1,926,0.003141591361661839,0.0031415913616617544,9.869596283668287e-06
927,0,1,927,0.0031415913616617747,0.003141591361661743,9.869596283667883e-06
928,0,1,928,0.0031415913616615635,0.003141591361661556,9.869596283666557e-06
929,0,0,929,0.0031415913616615397,0.003141591361661539,9.869596283666403e-06
930,0,1,930,0.003141591361661796,0.003141591361661796,9.869596283668019e-06
931,0,0,931,0.003141591361661589,0.0031415913616615206,9.869596283666718e-06
932,0,1,932,0.0031415913616615557,0.0031415913616615557,9.869596283666511e-06
933,0,1,933,0.0031415913616618368,0.0031415913616618264,9.869596283668275e-06
934,0,1,934,0.003141591361661792,0.003141591361661792,9.869596283667994e-06
935,0,0,935,0.0031415913616616295,0.0031415913616616295,9.869596283666969e-06
936,0,1,936,0.003141591361661619,0.003141591361661619,9.869596283666908e-06
937,0,1,937,0.0031415913616615184,0.0031415913616614634,9.869596283666272e-06
938,0,0,938,0.0031415913616617834,0.0031415913616617834,9.86959628366794e-06
939,0,0,939,0.003141591361661614,0.0031415913616616134,9.86959628366687e-06
940,0,1,940,0.0031415913616617704,0.0031415913616617704,9.869596283667856e-06
941,0,1,941,0.003141591361661793,0.0031415913616617396,9.869596283667999e-06
942,0,1,942,0.003141591361661608,0.003141591361661608,9.869596283666838e-06
943,0,0,943,0.0031415913616615688,0.003141591361661546,9.869596283666591e-06
944,0,0,944,0.003141591361661553,0.0031415913616615375,9.869596283666493e-06
945,0,1,945,0.0031415913616616095,0.003141591361661572,9.869596283666845e-06
946,0,1,946,0.003141591361661553,0.003141591361661553,9.869596283666491e-06
947,0,1,947,0.0031415913616618225,0.0031415913616618225,9.869596283668185e-06
948,0,0,948,0.0031415913616618172,0.0031415913616617682,9.86959628366815e-06
949,0,1,949,0.0031415913616615805,0.003141591361661532,9.869596283666662e-06
950,0,0,950,0.003141591361661445,0.003141591361661441,9.869596283665812e-06
951,0,0,951,0.0031415913616618094,0.0031415913616617674,9.869596283668102e-06
952,0,1,952,0.0031415913616617314,0.003141591361661707,9.86959628366761e-06
953,0,0,953,0.0031415913616617335,0.0031415913616617205,9.869596283667626e-06
954,0,1,954,0.0031415913616618034,0.003141591361661803,9.86959628366806e-06
955,0,0,955,0.003141591361661611,0.0031415913616615657,9.869596283666853e-06
956,0,0,956,0.0031415913616617648,0.0031415913616617643,9.869596283667819e-06
957,0,0,957,0.003141591361661787,0.0031415913616617197,9.86959628366796e-06
958,0,1,958,0.003141591361661784,0.0031415913616617093,9.869596283667941e-06
959,0,1,959,0.0031415913616614755,0.003141591361661414,9.869596283666003e-06
960,0,1,960,0.0031415913616618823,0.0031415913616618034,9.86959628366856e-06
961,0,0,961,0.003141591361661851,0.00314159136166185,9.86959628366836e-06
962,0,0,962,0.0031415913616618073,0.00314159136166175,9.869596283668088e-06
963,0,1,963,0.003141591361661716,0.0031415913616617127,9.869596283667516e-06
964,0,0,964,0.003141591361661582,0.003141591361661582,9.869596283666674e-06
965,0,0,965,0.0031415913616616763,0.003141591361661596,9.869596283667265e-06
966,0,0,966,0.0031415913616616156,0.0031415913616615696,9.869596283666886e-06
967,0,1,967,0.0031415913616618177,0.0031415913616618177,9.869596283668158e-06
968,0,1,968,0.0031415913616618754,0.003141591361661868,9.869596283668515e-06
969,0,0,969,0.0031415913616617466,0.0031415913616616815,9.869596283667707e-06
970,0,0,970,0.003141591361661823,0.003141591361661823,9.869596283668187e-06
971,0,0,971,0.0031415913616618376,0.0031415913616618376,9.869596283668282e-06
972,0,1,972,0.003141591361661758,0.003141591361661758,9.869596283667778e-06
973,0,0,973,0.0031415913616615917,0.003141591361661474,9.869596283666733e-06
974,0,1,974,0.003141591361661772,0.0031415913616617717,9.869596283667865e-06
975,0,1,975,0.003141591361661814,0.003141591361661814,9.869596283668136e-06
976,0,0,976,0.0031415913616617943,0.003141591361661794,9.869596283668002e-06
977,0,1,977,0.003141591361661531,0.003141591361661531,9.869596283666352e-06
978,0,0,978,0.0031415913616616945,0.003141591361661694,9.869596283667377e-06
979,0,1,979,0.003141591361661853,0.003141591361661853,9.869596283668371e-06
980,0,1,980,0.003141591361661783,0.0031415913616617617,9.869596283667938e-06
981,0,0,981,0.0031415913616615813,0.0031415913616615805,9.86959628366666e-06
982,0,0,982,0.003141591361661891,0.003141591361661803,9.869596283668615e-06
983,0,1,983,0.0031415913616618715,0.0031415913616618715,9.869596283668492e-06
984,0,0,984,0.0031415913616614907,0.0031415913616614907,9.869596283666101e-06
985,0,1,985,0.0031415913616615774,0.0031415913616615774,9.869596283666645e-06
986,0,0,986,0.0031415913616618402,0.0031415913616618016,9.869596283668297e-06
987,0,0,987,0.0031415913616615917,0.0031415913616615674,9.869596283666733e-06
988,0,0,988,0.0031415913616615557,0.0031415913616615262,9.869596283666508e-06
989,0,1,989,0.0031415913616619122,0.0031415913616619122,9.869596283668747e-06
990,0,0,990,0.0031415913616615635,0.003141591361661538,9.869596283666557e-06
991,0,1,991,0.003141591361661828,0.003141591361661771,9.86959628366822e-06
992,0,1,992,0.003141591361661867,0.003141591361661867,9.869596283668463e-06
993,0,0,993,0.0031415913616617535,0.0031415913616617535,9.869596283667753e-06
994,0,1,994,0.003141591361661802,0.0031415913616617552,9.869596283668055e-06
995,0,0,995,0.0031415913616617366,0.00314159136166169,9.869596283667643e-06
996,0,0,996,0.0031415913616617513,0.003141591361661751,9.869596283667731e-06
997,0,0,997,0.003141591361661795,0.0031415913616617943,9.869596283668005e-06
998,0,1,998,0.003141591361661628,0.0031415913616615436,9.869596283666962e-06
999,0,0,999,0.0031415913616619474,0.0031415913616619474,9.86959628366897e-06
