,Layer,Qubit,Run,2-Norm,Trace Norm,Diamond Norm
0,0,0,0,0.015707801777422772,0.06283120710969087,0.0002467350366788059
1,0,1,1,0.015707801777422696,0.06283120710969073,0.00024673503667880365
2,0,1,2,0.015707801777422602,0.06283120710969016,0.0002467350366788006
3,0,1,3,0.01570780177742259,0.0628312071096902,0.0002467350366788002
4,0,1,4,0.015707801777422578,0.0628312071096903,0.00024673503667879996
5,0,0,5,0.015707801777422706,0.06283120710969076,0.00024673503667880397
6,0,0,6,0.0157078017774226,0.06283120710969038,0.00024673503667880056
7,0,1,7,0.015707801777422703,0.06283120710969058,0.00024673503667880386
8,0,1,8,0.01570780177742251,0.0628312071096899,0.00024673503667879774
9,0,1,9,0.015707801777422595,0.06283120710969031,0.00024673503667880045
10,0,1,10,0.015707801777422713,0.06283120710969076,0.0002467350366788042
11,0,0,11,0.01570780177742268,0.06283120710969065,0.00024673503667880305
12,0,0,12,0.015707801777422634,0.06283120710969049,0.0002467350366788016
13,0,0,13,0.015707801777422665,0.0628312071096906,0.0002467350366788026
14,0,1,14,0.015707801777422606,0.06283120710969028,0.00024673503667880077
15,0,1,15,0.015707801777422734,0.06283120710969067,0.00024673503667880473
16,0,0,16,0.01570780177742281,0.06283120710969123,0.00024673503667880717
17,0,1,17,0.015707801777422568,0.06283120710969023,0.00024673503667879963
18,0,0,18,0.015707801777422616,0.06283120710969024,0.0002467350366788011
19,0,0,19,0.015707801777422703,0.06283120710969073,0.00024673503667880375
20,0,0,20,0.01570780177742258,0.06283120710969015,0.0002467350366788
21,0,1,21,0.015707801777422533,0.0628312071096901,0.0002467350366787985
22,0,0,22,0.015707801777422592,0.06283120710969026,0.0002467350366788003
23,0,1,23,0.015707801777422606,0.06283120710969037,0.00024673503667880077
24,0,0,24,0.01570780177742269,0.06283120710969071,0.0002467350366788035
25,0,0,25,0.015707801777422547,0.06283120710969015,0.00024673503667879893
26,0,0,26,0.015707801777422477,0.06283120710968984,0.0002467350366787967
27,0,1,27,0.01570780177742268,0.06283120710969069,0.00024673503667880305
28,0,0,28,0.015707801777422717,0.06283120710969087,0.00024673503667880435
29,0,1,29,0.015707801777422554,0.06283120710969005,0.00024673503667879915
30,0,1,30,0.015707801777422592,0.06283120710969033,0.00024673503667880034
31,0,1,31,0.015707801777422526,0.06283120710969006,0.00024673503667879833
32,0,0,32,0.015707801777422647,0.06283120710969056,0.0002467350366788021
33,0,0,33,0.01570780177742257,0.06283120710969022,0.00024673503667879974
34,0,1,34,0.015707801777422627,0.06283120710969048,0.0002467350366788015
35,0,0,35,0.015707801777422734,0.06283120710969081,0.00024673503667880484
36,0,0,36,0.015707801777422488,0.06283120710968994,0.00024673503667879714
37,0,1,37,0.015707801777422748,0.06283120710969094,0.00024673503667880516
38,0,1,38,0.01570780177742268,0.06283120710969056,0.000246735036678803
39,0,1,39,0.015707801777422592,0.06283120710969037,0.00024673503667880034
40,0,1,40,0.015707801777422672,0.06283120710969062,0.00024673503667880283
41,0,0,41,0.01570780177742256,0.06283120710969001,0.00024673503667879936
42,0,1,42,0.015707801777422568,0.0628312071096902,0.00024673503667879963
43,0,0,43,0.01570780177742262,0.06283120710969026,0.0002467350366788012
44,0,0,44,0.015707801777422634,0.06283120710969053,0.00024673503667880164
45,0,1,45,0.01570780177742253,0.06283120710969009,0.0002467350366787984
46,0,0,46,0.015707801777422637,0.0628312071096904,0.0002467350366788017
47,0,0,47,0.015707801777422557,0.06283120710969023,0.0002467350366787993
48,0,0,48,0.01570780177742265,0.06283120710969053,0.00024673503667880213
49,0,1,49,0.01570780177742271,0.06283120710969065,0.0002467350366788041
50,0,1,50,0.01570780177742257,0.06283120710969027,0.0002467350366787998
51,0,1,51,0.0157078017774227,0.06283120710969077,0.0002467350366788037
52,0,1,52,0.015707801777422616,0.06283120710969031,0.00024673503667880115
53,0,0,53,0.015707801777422554,0.06283120710969019,0.0002467350366787992
54,0,1,54,0.015707801777422665,0.06283120710969065,0.0002467350366788026
55,0,1,55,0.015707801777422543,0.06283120710969003,0.0002467350366787989
56,0,0,56,0.01570780177742261,0.06283120710969034,0.0002467350366788009
57,0,1,57,0.015707801777422602,0.06283120710969037,0.0002467350366788006
58,0,0,58,0.01570780177742251,0.06283120710969001,0.0002467350366787977
59,0,1,59,0.015707801777422627,0.06283120710969042,0.0002467350366788014
60,0,1,60,0.015707801777422505,0.06283120710969001,0.00024673503667879763
61,0,0,61,0.015707801777422745,0.06283120710969085,0.0002467350366788051
62,0,1,62,0.01570780177742286,0.0628312071096913,0.0002467350366788088
63,0,0,63,0.015707801777422745,0.06283120710969087,0.00024673503667880516
64,0,1,64,0.01570780177742258,0.06283120710969028,0.00024673503667880007
65,0,0,65,0.01570780177742258,0.06283120710969026,0.0002467350366788
66,0,1,66,0.015707801777422654,0.06283120710969045,0.0002467350366788023
67,0,0,67,0.015707801777422682,0.0628312071096907,0.00024673503667880316
68,0,1,68,0.01570780177742259,0.06283120710969026,0.0002467350366788002
69,0,1,69,0.015707801777422616,0.06283120710969042,0.00024673503667880104
70,0,0,70,0.01570780177742262,0.06283120710969041,0.0002467350366788012
71,0,0,71,0.01570780177742272,0.06283120710969084,0.0002467350366788044
72,0,1,72,0.015707801777422665,0.06283120710969065,0.00024673503667880267
73,0,0,73,0.015707801777422686,0.06283120710969073,0.0002467350366788032
74,0,1,74,0.015707801777422554,0.0628312071096902,0.0002467350366787991
75,0,0,75,0.015707801777422585,0.0628312071096903,0.00024673503667880007
76,0,0,76,0.015707801777422602,0.06283120710969034,0.00024673503667880066
77,0,0,77,0.015707801777422484,0.06283120710968984,0.0002467350366787969
78,0,1,78,0.015707801777422592,0.06283120710969037,0.0002467350366788003
79,0,0,79,0.01570780177742259,0.06283120710969034,0.0002467350366788003
80,0,0,80,0.01570780177742261,0.06283120710969034,0.00024673503667880077
81,0,0,81,0.01570780177742257,0.06283120710969016,0.0002467350366787997
82,0,1,82,0.015707801777422693,0.0628312071096905,0.0002467350366788035
83,0,1,83,0.01570780177742263,0.06283120710969028,0.0002467350366788015
84,0,0,84,0.015707801777422502,0.06283120710968994,0.0002467350366787976
85,0,1,85,0.01570780177742255,0.06283120710969013,0.00024673503667879904
86,0,0,86,0.015707801777422672,0.06283120710969048,0.00024673503667880283
87,0,1,87,0.015707801777422547,0.06283120710969016,0.0002467350366787989
88,0,1,88,0.015707801777422682,0.06283120710969056,0.00024673503667880316
89,0,0,89,0.015707801777422557,0.0628312071096902,0.00024673503667879925
90,0,1,90,0.015707801777422616,0.06283120710969042,0.00024673503667880115
91,0,0,91,0.01570780177742262,0.06283120710969031,0.00024673503667880115
92,0,0,92,0.015707801777422568,0.06283120710969017,0.0002467350366787996
93,0,1,93,0.015707801777422568,0.0628312071096902,0.00024673503667879963
94,0,0,94,0.015707801777422623,0.06283120710969048,0.0002467350366788013
95,0,1,95,0.01570780177742261,0.06283120710969042,0.0002467350366788009
96,0,1,96,0.015707801777422658,0.0628312071096904,0.00024673503667880245
97,0,1,97,0.01570780177742267,0.06283120710969048,0.00024673503667880267
98,0,1,98,0.015707801777422575,0.06283120710969027,0.00024673503667879985
99,0,1,99,0.01570780177742266,0.06283120710969062,0.0002467350366788025
100,0,0,100,0.01570780177742276,0.06283120710969098,0.00024673503667880565
101,0,0,101,0.0157078017774227,0.06283120710969076,0.00024673503667880375
102,0,0,102,0.015707801777422797,0.06283120710969102,0.00024673503667880674
103,0,0,103,0.015707801777422727,0.0628312071096909,0.00024673503667880457
104,0,1,104,0.015707801777422904,0.06283120710969123,0.00024673503667881015
105,0,0,105,0.015707801777422776,0.06283120710969095,0.00024673503667880614
106,0,0,106,0.01570780177742264,0.0628312071096904,0.00024673503667880186
107,0,0,107,0.015707801777422706,0.06283120710969048,0.0002467350366788039
108,0,0,108,0.015707801777422592,0.06283120710969031,0.00024673503667880034
109,0,1,109,0.015707801777422675,0.06283120710969041,0.000246735036678803
110,0,1,110,0.01570780177742258,0.06283120710969015,0.0002467350366788
111,0,0,111,0.015707801777422578,0.06283120710969024,0.0002467350366787999
112,0,0,112,0.015707801777422623,0.06283120710969037,0.00024673503667880137
113,0,1,113,0.0157078017774226,0.06283120710969028,0.00024673503667880045
114,0,0,114,0.01570780177742258,0.06283120710969023,0.0002467350366788
115,0,0,115,0.015707801777422665,0.06283120710969065,0.0002467350366788026
116,0,0,116,0.015707801777422658,0.06283120710969053,0.00024673503667880245
117,0,0,117,0.01570780177742275,0.06283120710969087,0.00024673503667880543
118,0,0,118,0.015707801777422727,0.06283120710969062,0.00024673503667880457
119,0,1,119,0.01570780177742254,0.06283120710969009,0.00024673503667879866
120,0,1,120,0.015707801777422713,0.06283120710969059,0.0002467350366788041
121,0,1,121,0.015707801777422595,0.06283120710969031,0.00024673503667880045
122,0,0,122,0.01570780177742259,0.06283120710969017,0.0002467350366788002
123,0,0,123,0.01570780177742266,0.0628312071096906,0.00024673503667880245
124,0,1,124,0.01570780177742262,0.06283120710969041,0.00024673503667880126
125,0,0,125,0.015707801777422713,0.0628312071096907,0.00024673503667880413
126,0,0,126,0.01570780177742254,0.06283120710969012,0.00024673503667879866
127,0,0,127,0.015707801777422627,0.0628312071096902,0.0002467350366788015
128,0,0,128,0.015707801777422637,0.06283120710969052,0.0002467350366788017
129,0,0,129,0.01570780177742267,0.06283120710969052,0.0002467350366788027
130,0,1,130,0.01570780177742269,0.06283120710969034,0.0002467350366788033
131,0,1,131,0.01570780177742279,0.06283120710969092,0.0002467350366788066
132,0,1,132,0.015707801777422644,0.06283120710969052,0.00024673503667880197
133,0,0,133,0.015707801777422644,0.06283120710969048,0.00024673503667880197
134,0,1,134,0.01570780177742265,0.06283120710969053,0.0002467350366788022
135,0,0,135,0.015707801777422564,0.0628312071096902,0.0002467350366787994
136,0,0,136,0.015707801777422627,0.06283120710969038,0.0002467350366788014
137,0,0,137,0.015707801777422564,0.0628312071096902,0.00024673503667879947
138,0,1,138,0.015707801777422693,0.06283120710969076,0.0002467350366788035
139,0,1,139,0.01570780177742266,0.06283120710969053,0.00024673503667880245
140,0,1,140,0.01570780177742261,0.0628312071096903,0.0002467350366788009
141,0,0,141,0.01570780177742251,0.06283120710969003,0.0002467350366787977
142,0,0,142,0.015707801777422564,0.06283120710969017,0.00024673503667879936
143,0,1,143,0.015707801777422554,0.0628312071096902,0.00024673503667879915
144,0,0,144,0.01570780177742264,0.0628312071096904,0.00024673503667880186
145,0,1,145,0.015707801777422575,0.06283120710969027,0.0002467350366787998
146,0,1,146,0.01570780177742262,0.06283120710969034,0.0002467350366788012
147,0,1,147,0.015707801777422578,0.06283120710969026,0.00024673503667879985
148,0,0,148,0.015707801777422554,0.06283120710969017,0.0002467350366787992
149,0,0,149,0.015707801777422703,0.06283120710969076,0.00024673503667880386
150,0,1,150,0.015707801777422675,0.06283120710969065,0.00024673503667880294
151,0,0,151,0.015707801777422686,0.06283120710969073,0.00024673503667880327
152,0,0,152,0.015707801777422644,0.06283120710969034,0.00024673503667880197
153,0,0,153,0.015707801777422606,0.06283120710969035,0.0002467350366788008
154,0,1,154,0.015707801777422616,0.0628312071096904,0.0002467350366788011
155,0,1,155,0.015707801777422568,0.06283120710969012,0.0002467350366787996
156,0,1,156,0.015707801777422602,0.0628312071096904,0.0002467350366788006
157,0,1,157,0.015707801777422543,0.06283120710969006,0.0002467350366787988
158,0,0,158,0.015707801777422672,0.06283120710969065,0.00024673503667880283
159,0,1,159,0.015707801777422564,0.06283120710969022,0.00024673503667879947
160,0,0,160,0.0157078017774225,0.06283120710968998,0.0002467350366787974
161,0,1,161,0.01570780177742273,0.06283120710969078,0.0002467350366788046
162,0,1,162,0.015707801777422592,0.06283120710969034,0.00024673503667880023
163,0,1,163,0.015707801777422627,0.06283120710969038,0.0002467350366788015
164,0,1,164,0.0157078017774227,0.06283120710969045,0.00024673503667880365
165,0,0,165,0.015707801777422613,0.0628312071096903,0.000246735036678801
166,0,1,166,0.015707801777422575,0.0628312071096902,0.0002467350366787998
167,0,0,167,0.01570780177742274,0.06283120710969081,0.00024673503667880506
168,0,0,168,0.015707801777422713,0.06283120710969069,0.0002467350366788042
169,0,1,169,0.01570780177742277,0.06283120710969103,0.00024673503667880587
170,0,0,170,0.015707801777422717,0.06283120710969081,0.00024673503667880424
171,0,0,171,0.015707801777422675,0.06283120710969048,0.00024673503667880294
172,0,0,172,0.015707801777422613,0.06283120710969045,0.00024673503667880094
173,0,1,173,0.015707801777422613,0.06283120710969031,0.000246735036678801
174,0,1,174,0.01570780177742263,0.06283120710969045,0.00024673503667880164
175,0,0,175,0.0157078017774227,0.06283120710969065,0.0002467350366788037
176,0,1,176,0.01570780177742257,0.06283120710969026,0.00024673503667879963
177,0,1,177,0.01570780177742259,0.0628312071096903,0.0002467350366788003
178,0,1,178,0.015707801777422585,0.06283120710969033,0.00024673503667880007
179,0,1,179,0.015707801777422575,0.06283120710969028,0.00024673503667879974
180,0,1,180,0.015707801777422616,0.06283120710969031,0.0002467350366788011
181,0,1,181,0.015707801777422557,0.06283120710969009,0.00024673503667879915
182,0,1,182,0.015707801777422745,0.06283120710969096,0.0002467350366788051
183,0,0,183,0.015707801777422637,0.06283120710969048,0.0002467350366788018
184,0,1,184,0.015707801777422578,0.06283120710969028,0.0002467350366787999
185,0,0,185,0.015707801777422724,0.06283120710969085,0.00024673503667880446
186,0,1,186,0.015707801777422585,0.06283120710969017,0.00024673503667880007
187,0,1,187,0.01570780177742265,0.06283120710969048,0.0002467350366788022
188,0,0,188,0.01570780177742266,0.06283120710969052,0.00024673503667880245
189,0,1,189,0.015707801777422665,0.06283120710969065,0.00024673503667880267
190,0,0,190,0.01570780177742277,0.06283120710969103,0.000246735036678806
191,0,1,191,0.01570780177742261,0.0628312071096904,0.0002467350366788008
192,0,1,192,0.015707801777422523,0.06283120710968998,0.0002467350366787982
193,0,0,193,0.015707801777422613,0.06283120710969028,0.00024673503667880094
194,0,0,194,0.015707801777422578,0.06283120710969028,0.00024673503667879996
195,0,0,195,0.01570780177742259,0.06283120710969034,0.0002467350366788003
196,0,0,196,0.015707801777422474,0.06283120710968973,0.0002467350366787967
197,0,1,197,0.01570780177742267,0.06283120710969066,0.0002467350366788027
198,0,0,198,0.015707801777422665,0.06283120710969059,0.0002467350366788026
199,0,0,199,0.0157078017774227,0.06283120710969067,0.0002467350366788037
200,0,1,200,0.015707801777422585,0.06283120710969023,0.0002467350366788001
201,0,0,201,0.015707801777422592,0.06283120710969028,0.00024673503667880034
202,0,1,202,0.015707801777422578,0.06283120710969023,0.0002467350366787999
203,0,0,203,0.015707801777422686,0.06283120710969073,0.0002467350366788033
204,0,0,204,0.015707801777422623,0.06283120710969041,0.00024673503667880137
205,0,1,205,0.015707801777422592,0.06283120710969035,0.00024673503667880034
206,0,0,206,0.015707801777422675,0.06283120710969023,0.00024673503667880294
207,0,1,207,0.015707801777422568,0.06283120710969026,0.0002467350366787996
208,0,0,208,0.015707801777422595,0.06283120710969031,0.00024673503667880045
209,0,0,209,0.015707801777422637,0.06283120710969045,0.0002467350366788018
210,0,1,210,0.015707801777422585,0.0628312071096903,0.0002467350366788002
211,0,0,211,0.015707801777422665,0.06283120710969065,0.0002467350366788026
212,0,0,212,0.015707801777422644,0.06283120710969056,0.00024673503667880197
213,0,1,213,0.015707801777422592,0.06283120710969034,0.0002467350366788004
214,0,0,214,0.015707801777422717,0.06283120710969078,0.0002467350366788043
215,0,1,215,0.015707801777422595,0.06283120710969031,0.0002467350366788004
216,0,0,216,0.015707801777422748,0.06283120710969094,0.0002467350366788052
217,0,1,217,0.01570780177742274,0.06283120710969087,0.000246735036678805
218,0,1,218,0.01570780177742256,0.06283120710969017,0.00024673503667879936
219,0,0,219,0.015707801777422672,0.06283120710969067,0.00024673503667880283
220,0,1,220,0.01570780177742254,0.06283120710969015,0.0002467350366787987
221,0,0,221,0.01570780177742263,0.06283120710969031,0.0002467350366788016
222,0,1,222,0.015707801777422634,0.0628312071096905,0.0002467350366788016
223,0,0,223,0.015707801777422672,0.06283120710969048,0.0002467350366788028
224,0,1,224,0.015707801777422793,0.06283120710969106,0.00024673503667880674
225,0,1,225,0.015707801777422686,0.06283120710969066,0.00024673503667880327
226,0,0,226,0.015707801777422613,0.06283120710969031,0.000246735036678801
227,0,1,227,0.015707801777422595,0.0628312071096903,0.0002467350366788004
228,0,0,228,0.01570780177742255,0.06283120710969015,0.0002467350366787991
229,0,0,229,0.01570780177742268,0.06283120710969067,0.00024673503667880316
230,0,0,230,0.015707801777422592,0.06283120710969023,0.0002467350366788003
231,0,0,231,0.015707801777422533,0.06283120710969009,0.0002467350366787985
232,0,0,232,0.015707801777422602,0.06283120710969037,0.00024673503667880066
233,0,1,233,0.015707801777422547,0.06283120710969019,0.000246735036678799
234,0,1,234,0.015707801777422595,0.06283120710969033,0.0002467350366788004
235,0,0,235,0.015707801777422696,0.06283120710969073,0.0002467350366788036
236,0,1,236,0.015707801777422578,0.0628312071096903,0.00024673503667879985
237,0,1,237,0.015707801777422623,0.06283120710969031,0.0002467350366788013
238,0,0,238,0.015707801777422595,0.06283120710969037,0.00024673503667880045
239,0,0,239,0.015707801777422627,0.0628312071096904,0.0002467350366788014
240,0,1,240,0.015707801777422658,0.0628312071096905,0.0002467350366788024
241,0,1,241,0.015707801777422672,0.06283120710969062,0.0002467350366788029
242,0,0,242,0.01570780177742262,0.06283120710969023,0.00024673503667880126
243,0,0,243,0.01570780177742259,0.06283120710969028,0.00024673503667880023
244,0,0,244,0.015707801777422727,0.0628312071096907,0.00024673503667880457
245,0,1,245,0.015707801777422595,0.06283120710969034,0.00024673503667880045
246,0,1,246,0.015707801777422592,0.06283120710969034,0.0002467350366788003
247,0,0,247,0.01570780177742264,0.06283120710969034,0.0002467350366788019
248,0,1,248,0.015707801777422613,0.06283120710969031,0.000246735036678801
249,0,0,249,0.015707801777422592,0.0628312071096902,0.00024673503667880034
250,0,0,250,0.01570780177742267,0.06283120710969053,0.0002467350366788028
251,0,1,251,0.015707801777422606,0.06283120710969034,0.0002467350366788008
252,0,1,252,0.015707801777422547,0.06283120710969015,0.0002467350366787989
253,0,0,253,0.01570780177742278,0.06283120710969096,0.0002467350366788062
254,0,0,254,0.015707801777422533,0.06283120710968995,0.0002467350366787985
255,0,1,255,0.015707801777422578,0.0628312071096902,0.0002467350366788
256,0,1,256,0.015707801777422613,0.06283120710969044,0.00024673503667880104
257,0,0,257,0.015707801777422672,0.06283120710969062,0.0002467350366788028
258,0,0,258,0.01570780177742254,0.0628312071096901,0.00024673503667879866
259,0,0,259,0.015707801777422616,0.06283120710969016,0.0002467350366788011
260,0,0,260,0.015707801777422616,0.06283120710969045,0.00024673503667880115
261,0,1,261,0.015707801777422623,0.0628312071096904,0.00024673503667880137
262,0,1,262,0.015707801777422748,0.06283120710969095,0.00024673503667880527
263,0,0,263,0.01570780177742277,0.06283120710969102,0.00024673503667880587
264,0,1,264,0.015707801777422686,0.06283120710969067,0.00024673503667880327
265,0,0,265,0.0157078017774227,0.06283120710969069,0.00024673503667880365
266,0,0,266,0.01570780177742254,0.06283120710969003,0.0002467350366787987
267,0,1,267,0.015707801777422686,0.06283120710969059,0.0002467350366788033
268,0,1,268,0.015707801777422585,0.06283120710969013,0.0002467350366788
269,0,0,269,0.015707801777422724,0.06283120710969084,0.0002467350366788045
270,0,0,270,0.015707801777422682,0.06283120710969069,0.0002467350366788032
271,0,0,271,0.015707801777422585,0.06283120710969031,0.00024673503667880023
272,0,0,272,0.015707801777422696,0.06283120710969073,0.00024673503667880365
273,0,0,273,0.01570780177742267,0.06283120710969053,0.00024673503667880283
274,0,0,274,0.015707801777422627,0.06283120710969037,0.0002467350366788014
275,0,0,275,0.015707801777422613,0.06283120710969045,0.0002467350366788011
276,0,0,276,0.015707801777422602,0.06283120710969037,0.0002467350366788006
277,0,0,277,0.015707801777422575,0.06283120710969023,0.00024673503667879985
278,0,0,278,0.015707801777422516,0.06283120710968992,0.00024673503667879795
279,0,1,279,0.015707801777422602,0.06283120710969037,0.0002467350366788006
280,0,0,280,0.01570780177742259,0.06283120710969034,0.0002467350366788002
281,0,0,281,0.015707801777422703,0.06283120710969078,0.0002467350366788038
282,0,1,282,0.015707801777422703,0.06283120710969059,0.00024673503667880386
283,0,1,283,0.015707801777422578,0.06283120710969028,0.00024673503667879985
284,0,0,284,0.01570780177742267,0.06283120710969059,0.00024673503667880267
285,0,0,285,0.01570780177742268,0.06283120710969053,0.000246735036678803
286,0,0,286,0.01570780177742265,0.06283120710969056,0.0002467350366788022
287,0,0,287,0.015707801777422613,0.06283120710969044,0.000246735036678801
288,0,0,288,0.01570780177742274,0.06283120710969095,0.00024673503667880506
289,0,0,289,0.01570780177742262,0.06283120710969035,0.00024673503667880126
290,0,0,290,0.015707801777422665,0.06283120710969059,0.0002467350366788026
291,0,1,291,0.01570780177742279,0.06283120710969102,0.0002467350366788065
292,0,1,292,0.015707801777422578,0.0628312071096902,0.0002467350366787999
293,0,1,293,0.015707801777422717,0.06283120710969076,0.00024673503667880424
294,0,1,294,0.01570780177742265,0.06283120710969037,0.0002467350366788022
295,0,1,295,0.01570780177742273,0.0628312071096907,0.0002467350366788047
296,0,0,296,0.015707801777422644,0.06283120710969058,0.000246735036678802
297,0,1,297,0.015707801777422578,0.06283120710969028,0.0002467350366788
298,0,0,298,0.01570780177742257,0.06283120710969006,0.00024673503667879963
299,0,0,299,0.015707801777422647,0.06283120710969033,0.0002467350366788021
300,0,1,300,0.01570780177742279,0.06283120710969106,0.00024673503667880663
301,0,0,301,0.01570780177742281,0.06283120710969124,0.00024673503667880717
302,0,0,302,0.015707801777422647,0.06283120710969053,0.0002467350366788021
303,0,0,303,0.01570780177742263,0.06283120710969026,0.0002467350366788015
304,0,0,304,0.015707801777422595,0.06283120710969024,0.0002467350366788004
305,0,1,305,0.015707801777422647,0.06283120710969053,0.00024673503667880213
306,0,1,306,0.01570780177742282,0.06283120710969119,0.00024673503667880755
307,0,1,307,0.015707801777422568,0.0628312071096902,0.00024673503667879963
308,0,0,308,0.01570780177742276,0.06283120710969095,0.0002467350366788056
309,0,1,309,0.015707801777422727,0.06283120710969087,0.0002467350366788045
310,0,1,310,0.015707801777422613,0.06283120710969037,0.000246735036678801
311,0,1,311,0.015707801777422585,0.06283120710969031,0.0002467350366788001
312,0,0,312,0.01570780177742258,0.06283120710969028,0.00024673503667879996
313,0,0,313,0.01570780177742262,0.06283120710969045,0.0002467350366788013
314,0,0,314,0.015707801777422738,0.06283120710969092,0.00024673503667880495
315,0,0,315,0.015707801777422686,0.0628312071096907,0.00024673503667880327
316,0,1,316,0.015707801777422637,0.06283120710969037,0.0002467350366788018
317,0,1,317,0.01570780177742256,0.06283120710969016,0.00024673503667879936
318,0,1,318,0.015707801777422578,0.06283120710969003,0.0002467350366787999
319,0,1,319,0.015707801777422623,0.06283120710969048,0.0002467350366788013
320,0,0,320,0.01570780177742279,0.06283120710969102,0.00024673503667880663
321,0,0,321,0.015707801777422613,0.06283120710969034,0.000246735036678801
322,0,0,322,0.015707801777422665,0.06283120710969062,0.0002467350366788026
323,0,1,323,0.01570780177742266,0.0628312071096906,0.00024673503667880256
324,0,1,324,0.01570780177742263,0.0628312071096904,0.00024673503667880153
325,0,0,325,0.01570780177742257,0.06283120710969023,0.00024673503667879974
326,0,1,326,0.015707801777422606,0.06283120710969033,0.00024673503667880077
327,0,1,327,0.01570780177742251,0.06283120710968997,0.0002467350366787978
328,0,0,328,0.015707801777422484,0.06283120710968987,0.000246735036678797
329,0,0,329,0.01570780177742262,0.06283120710969037,0.00024673503667880126
330,0,0,330,0.01570780177742264,0.06283120710969053,0.00024673503667880186
331,0,1,331,0.015707801777422592,0.06283120710969034,0.0002467350366788004
332,0,1,332,0.015707801777422536,0.06283120710969003,0.0002467350366787986
333,0,0,333,0.015707801777422696,0.06283120710969074,0.00024673503667880354
334,0,1,334,0.015707801777422613,0.06283120710969041,0.000246735036678801
335,0,1,335,0.01570780177742269,0.06283120710969065,0.0002467350366788034
336,0,0,336,0.01570780177742269,0.06283120710969065,0.0002467350366788034
337,0,0,337,0.015707801777422644,0.06283120710969042,0.00024673503667880197
338,0,1,338,0.01570780177742256,0.06283120710969023,0.0002467350366787994
339,0,1,339,0.015707801777422616,0.06283120710969037,0.0002467350366788011
340,0,0,340,0.015707801777422745,0.06283120710969094,0.00024673503667880516
341,0,0,341,0.01570780177742262,0.06283120710969042,0.0002467350366788012
342,0,0,342,0.01570780177742268,0.0628312071096907,0.0002467350366788031
343,0,1,343,0.01570780177742257,0.06283120710969028,0.0002467350366787997
344,0,1,344,0.015707801777422672,0.06283120710969067,0.0002467350366788028
345,0,0,345,0.015707801777422647,0.06283120710969041,0.0002467350366788021
346,0,1,346,0.015707801777422547,0.06283120710969012,0.0002467350366787988
347,0,1,347,0.015707801777422547,0.06283120710969015,0.00024673503667879893
348,0,0,348,0.01570780177742266,0.06283120710969059,0.0002467350366788025
349,0,1,349,0.015707801777422765,0.06283120710969106,0.0002467350366788058
350,0,0,350,0.015707801777422557,0.06283120710969022,0.00024673503667879925
351,0,1,351,0.015707801777422536,0.06283120710969015,0.0002467350366787986
352,0,1,352,0.015707801777422686,0.06283120710969069,0.00024673503667880327
353,0,1,353,0.015707801777422637,0.06283120710969048,0.00024673503667880175
354,0,0,354,0.015707801777422554,0.06283120710969017,0.0002467350366787991
355,0,0,355,0.015707801777422706,0.0628312071096908,0.0002467350366788039
356,0,1,356,0.015707801777422575,0.0628312071096903,0.00024673503667879974
357,0,1,357,0.01570780177742259,0.06283120710969034,0.00024673503667880023
358,0,1,358,0.015707801777422682,0.06283120710969067,0.0002467350366788031
359,0,0,359,0.01570780177742256,0.06283120710969019,0.00024673503667879936
360,0,1,360,0.015707801777422727,0.06283120710969076,0.0002467350366788047
361,0,1,361,0.015707801777422578,0.06283120710969028,0.00024673503667879985
362,0,0,362,0.015707801777422644,0.06283120710969045,0.000246735036678802
363,0,0,363,0.015707801777422634,0.0628312071096904,0.0002467350366788017
364,0,0,364,0.015707801777422585,0.06283120710969031,0.00024673503667880007
365,0,1,365,0.015707801777422606,0.06283120710969035,0.0002467350366788008
366,0,0,366,0.01570780177742263,0.06283120710969048,0.00024673503667880153
367,0,1,367,0.015707801777422724,0.06283120710969084,0.00024673503667880446
368,0,1,368,0.015707801777422575,0.06283120710969026,0.0002467350366787998
369,0,0,369,0.015707801777422592,0.06283120710969034,0.00024673503667880034
370,0,1,370,0.01570780177742263,0.06283120710969023,0.00024673503667880164
371,0,0,371,0.015707801777422616,0.06283120710969042,0.0002467350366788011
372,0,0,372,0.015707801777422658,0.06283120710969045,0.00024673503667880245
373,0,0,373,0.015707801777422516,0.06283120710968983,0.00024673503667879795
374,0,0,374,0.01570780177742265,0.06283120710969034,0.0002467350366788022
375,0,0,375,0.015707801777422706,0.06283120710969078,0.00024673503667880386
376,0,1,376,0.015707801777422634,0.06283120710969034,0.00024673503667880164
377,0,0,377,0.01570780177742263,0.06283120710969045,0.0002467350366788016
378,0,1,378,0.01570780177742265,0.06283120710969038,0.00024673503667880224
379,0,0,379,0.015707801777422495,0.06283120710968992,0.0002467350366787973
380,0,0,380,0.015707801777422748,0.0628312071096908,0.0002467350366788052
381,0,0,381,0.015707801777422623,0.06283120710969034,0.00024673503667880137
382,0,0,382,0.015707801777422755,0.06283120710969081,0.00024673503667880543
383,0,1,383,0.01570780177742277,0.06283120710969095,0.00024673503667880587
384,0,1,384,0.01570780177742259,0.06283120710969028,0.0002467350366788002
385,0,0,385,0.01570780177742253,0.06283120710969009,0.0002467350366787985
386,0,0,386,0.01570780177742265,0.06283120710969045,0.00024673503667880224
387,0,0,387,0.01570780177742271,0.0628312071096907,0.0002467350366788041
388,0,1,388,0.015707801777422734,0.06283120710969078,0.0002467350366788048
389,0,1,389,0.015707801777422595,0.06283120710969028,0.0002467350366788005
390,0,1,390,0.015707801777422738,0.0628312071096908,0.0002467350366788049
391,0,1,391,0.01570780177742265,0.06283120710969056,0.0002467350366788023
392,0,1,392,0.015707801777422575,0.0628312071096902,0.00024673503667879974
393,0,1,393,0.015707801777422564,0.06283120710969024,0.0002467350366787994
394,0,1,394,0.015707801777422623,0.06283120710969048,0.0002467350366788013
395,0,1,395,0.015707801777422533,0.06283120710969012,0.0002467350366787985
396,0,0,396,0.015707801777422682,0.06283120710969067,0.0002467350366788032
397,0,0,397,0.015707801777422543,0.06283120710969008,0.0002467350366787988
398,0,1,398,0.01570780177742257,0.06283120710969006,0.0002467350366787998
399,0,0,399,0.015707801777422592,0.06283120710969015,0.0002467350366788004
400,0,0,400,0.015707801777422637,0.06283120710969037,0.00024673503667880175
401,0,1,401,0.015707801777422637,0.06283120710969042,0.0002467350366788018
402,0,0,402,0.015707801777422595,0.06283120710969035,0.00024673503667880045
403,0,1,403,0.015707801777422686,0.06283120710969066,0.0002467350366788033
404,0,0,404,0.015707801777422595,0.06283120710969028,0.00024673503667880045
405,0,1,405,0.01570780177742265,0.06283120710969044,0.0002467350366788022
406,0,0,406,0.01570780177742266,0.06283120710969063,0.0002467350366788025
407,0,0,407,0.01570780177742262,0.06283120710969035,0.00024673503667880126
408,0,1,408,0.015707801777422672,0.06283120710969067,0.00024673503667880283
409,0,1,409,0.01570780177742268,0.0628312071096905,0.000246735036678803
410,0,1,410,0.015707801777422613,0.06283120710969026,0.000246735036678801
411,0,1,411,0.015707801777422693,0.06283120710969074,0.00024673503667880343
412,0,1,412,0.015707801777422554,0.0628312071096902,0.0002467350366787992
413,0,0,413,0.015707801777422536,0.06283120710969009,0.0002467350366787986
414,0,0,414,0.0157078017774226,0.06283120710969034,0.00024673503667880056
415,0,0,415,0.01570780177742272,0.06283120710969081,0.00024673503667880435
416,0,0,416,0.01570780177742257,0.06283120710969017,0.00024673503667879963
417,0,1,417,0.01570780177742285,0.0628312071096913,0.00024673503667880836
418,0,1,418,0.015707801777422696,0.06283120710969045,0.00024673503667880365
419,0,0,419,0.01570780177742265,0.06283120710969048,0.00024673503667880224
420,0,0,420,0.01570780177742265,0.06283120710969055,0.00024673503667880224
421,0,0,421,0.01570780177742262,0.06283120710969042,0.0002467350366788012
422,0,0,422,0.015707801777422564,0.06283120710969009,0.0002467350366787995
423,0,1,423,0.015707801777422658,0.06283120710969059,0.00024673503667880234
424,0,0,424,0.015707801777422592,0.06283120710969037,0.00024673503667880034
425,0,1,425,0.01570780177742258,0.06283120710969031,0.0002467350366788
426,0,1,426,0.01570780177742269,0.06283120710969067,0.0002467350366788034
427,0,1,427,0.015707801777422484,0.06283120710968984,0.00024673503667879687
428,0,1,428,0.015707801777422634,0.0628312071096905,0.0002467350366788016
429,0,1,429,0.01570780177742258,0.06283120710969028,0.0002467350366787999
430,0,0,430,0.015707801777422575,0.06283120710969028,0.00024673503667879974
431,0,0,431,0.015707801777422627,0.06283120710969023,0.00024673503667880137
432,0,0,432,0.01570780177742255,0.06283120710969009,0.000246735036678799
433,0,1,433,0.01570780177742259,0.06283120710969023,0.0002467350366788002
434,0,1,434,0.015707801777422595,0.06283120710969037,0.00024673503667880045
435,0,0,435,0.015707801777422595,0.06283120710969035,0.00024673503667880045
436,0,1,436,0.01570780177742267,0.06283120710969067,0.0002467350366788028
437,0,1,437,0.015707801777422654,0.0628312071096906,0.0002467350366788023
438,0,1,438,0.01570780177742256,0.06283120710969,0.00024673503667879936
439,0,1,439,0.015707801777422592,0.06283120710969033,0.0002467350366788003
440,0,0,440,0.015707801777422526,0.06283120710969001,0.0002467350366787983
441,0,1,441,0.015707801777422595,0.06283120710969034,0.0002467350366788004
442,0,1,442,0.01570780177742254,0.06283120710969009,0.0002467350366787988
443,0,0,443,0.015707801777422693,0.06283120710969065,0.00024673503667880354
444,0,1,444,0.015707801777422627,0.06283120710969045,0.0002467350366788014
445,0,1,445,0.01570780177742258,0.06283120710969022,0.0002467350366788
446,0,0,446,0.01570780177742258,0.06283120710969031,0.00024673503667879996
447,0,0,447,0.015707801777422654,0.06283120710969056,0.0002467350366788024
448,0,1,448,0.015707801777422647,0.06283120710969045,0.0002467350366788021
449,0,0,449,0.01570780177742266,0.06283120710969055,0.00024673503667880256
450,0,1,450,0.01570780177742258,0.06283120710969031,0.0002467350366788
451,0,1,451,0.015707801777422627,0.06283120710969024,0.0002467350366788014
452,0,1,452,0.015707801777422533,0.06283120710969012,0.0002467350366787985
453,0,0,453,0.0157078017774227,0.06283120710969071,0.0002467350366788037
454,0,0,454,0.015707801777422658,0.06283120710969059,0.00024673503667880245
455,0,1,455,0.015707801777422634,0.0628312071096904,0.00024673503667880164
456,0,1,456,0.015707801777422592,0.06283120710969034,0.0002467350366788004
457,0,1,457,0.015707801777422644,0.06283120710969049,0.0002467350366788019
458,0,1,458,0.01570780177742265,0.06283120710969045,0.00024673503667880224
459,0,1,459,0.01570780177742259,0.06283120710969031,0.00024673503667880023
460,0,0,460,0.01570780177742273,0.06283120710969084,0.0002467350366788047
461,0,0,461,0.015707801777422543,0.06283120710968998,0.00024673503667879877
462,0,1,462,0.015707801777422616,0.06283120710969045,0.0002467350366788011
463,0,0,463,0.015707801777422606,0.06283120710969037,0.00024673503667880077
464,0,1,464,0.015707801777422647,0.06283120710969048,0.0002467350366788021
465,0,0,465,0.01570780177742256,0.06283120710969023,0.0002467350366787994
466,0,1,466,0.015707801777422543,0.06283120710969003,0.0002467350366787988
467,0,1,467,0.015707801777422658,0.0628312071096905,0.00024673503667880245
468,0,1,468,0.01570780177742271,0.06283120710969059,0.00024673503667880397
469,0,1,469,0.015707801777422686,0.06283120710969062,0.00024673503667880327
470,0,0,470,0.01570780177742268,0.06283120710969062,0.0002467350366788031
471,0,0,471,0.015707801777422568,0.06283120710969026,0.0002467350366787996
472,0,1,472,0.0157078017774226,0.06283120710969035,0.00024673503667880056
473,0,1,473,0.015707801777422623,0.06283120710969031,0.00024673503667880126
474,0,0,474,0.015707801777422672,0.06283120710969067,0.0002467350366788028
475,0,1,475,0.015707801777422557,0.06283120710969015,0.0002467350366787993
476,0,0,476,0.015707801777422592,0.06283120710969037,0.0002467350366788003
477,0,0,477,0.015707801777422536,0.06283120710969012,0.0002467350366787986
478,0,1,478,0.015707801777422606,0.06283120710969031,0.0002467350366788008
479,0,1,479,0.01570780177742264,0.06283120710969042,0.00024673503667880186
480,0,1,480,0.01570780177742261,0.0628312071096904,0.000246735036678801
481,0,1,481,0.015707801777422696,0.06283120710969073,0.00024673503667880365
482,0,1,482,0.015707801777422606,0.06283120710969026,0.0002467350366788007
483,0,0,483,0.015707801777422637,0.06283120710969048,0.00024673503667880175
484,0,0,484,0.015707801777422557,0.0628312071096902,0.0002467350366787992
485,0,0,485,0.01570780177742266,0.06283120710969049,0.00024673503667880245
486,0,1,486,0.015707801777422602,0.06283120710969035,0.00024673503667880066
487,0,1,487,0.015707801777422568,0.0628312071096901,0.0002467350366787996
488,0,1,488,0.015707801777422672,0.06283120710969065,0.00024673503667880283
489,0,1,489,0.015707801777422592,0.06283120710969033,0.0002467350366788004
490,0,1,490,0.015707801777422654,0.06283120710969042,0.0002467350366788023
491,0,1,491,0.0157078017774227,0.06283120710969067,0.0002467350366788037
492,0,1,492,0.015707801777422613,0.06283120710969034,0.000246735036678801
493,0,1,493,0.01570780177742259,0.06283120710969026,0.0002467350366788003
494,0,1,494,0.015707801777422658,0.06283120710969042,0.00024673503667880234
495,0,0,495,0.01570780177742272,0.06283120710969078,0.00024673503667880446
496,0,0,496,0.015707801777422634,0.06283120710969037,0.0002467350366788016
497,0,0,497,0.015707801777422585,0.06283120710969034,0.0002467350366788002
498,0,0,498,0.01570780177742262,0.06283120710969037,0.00024673503667880126
499,0,0,499,0.01570780177742255,0.06283120710969019,0.00024673503667879893
500,0,0,500,0.015707801777422585,0.06283120710969017,0.00024673503667880007
501,0,1,501,0.015707801777422585,0.06283120710969015,0.0002467350366788001
502,0,0,502,0.015707801777422575,0.0628312071096902,0.0002467350366787998
503,0,0,503,0.015707801777422578,0.06283120710969019,0.00024673503667879985
504,0,1,504,0.015707801777422592,0.06283120710969028,0.00024673503667880034
505,0,1,505,0.015707801777422606,0.06283120710969034,0.0002467350366788008
506,0,1,506,0.015707801777422602,0.06283120710969015,0.0002467350366788006
507,0,1,507,0.015707801777422748,0.06283120710969095,0.00024673503667880527
508,0,1,508,0.015707801777422682,0.06283120710969073,0.0002467350366788032
509,0,0,509,0.015707801777422613,0.0628312071096904,0.000246735036678801
510,0,1,510,0.01570780177742279,0.06283120710969098,0.0002467350366788066
511,0,1,511,0.015707801777422536,0.06283120710969008,0.0002467350366787986
512,0,1,512,0.01570780177742256,0.06283120710969023,0.0002467350366787993
513,0,0,513,1.9999383152895795,7.999753261158318,0.00024673503667880863
514,0,1,514,0.01570780177742261,0.06283120710969015,0.0002467350366788009
515,0,1,515,0.015707801777422686,0.06283120710969071,0.0002467350366788033
516,0,1,516,0.015707801777422765,0.06283120710969098,0.00024673503667880587
517,0,0,517,0.015707801777422568,0.06283120710969017,0.0002467350366787996
518,0,0,518,0.015707801777422755,0.06283120710969098,0.00024673503667880554
519,0,0,519,0.01570780177742269,0.06283120710969071,0.0002467350366788034
520,0,0,520,0.015707801777422727,0.06283120710969076,0.0002467350366788046
521,0,1,521,0.01570780177742257,0.06283120710969023,0.0002467350366787997
522,0,0,522,0.01570780177742287,0.06283120710969112,0.0002467350366788091
523,0,0,523,0.015707801777422682,0.06283120710969059,0.0002467350366788031
524,0,1,524,0.01570780177742264,0.06283120710969045,0.00024673503667880186
525,0,0,525,0.01570780177742263,0.06283120710969026,0.00024673503667880153
526,0,1,526,0.015707801777422637,0.06283120710969053,0.00024673503667880175
527,0,1,527,0.01570780177742266,0.06283120710969047,0.0002467350366788025
528,0,0,528,0.01570780177742267,0.06283120710969062,0.0002467350366788027
529,0,1,529,0.015707801777422675,0.06283120710969065,0.00024673503667880294
530,0,0,530,0.015707801777422592,0.06283120710969017,0.0002467350366788003
531,0,1,531,0.01570780177742263,0.06283120710969048,0.00024673503667880153
532,0,0,532,0.015707801777422606,0.06283120710969031,0.0002467350366788007
533,0,1,533,0.01570780177742264,0.06283120710969045,0.00024673503667880186
534,0,1,534,0.01570780177742264,0.0628312071096905,0.00024673503667880186
535,0,0,535,0.015707801777422578,0.06283120710969031,0.00024673503667879985
536,0,0,536,0.015707801777422623,0.06283120710969048,0.00024673503667880137
537,0,1,537,0.01570780177742262,0.06283120710969037,0.0002467350366788012
538,0,1,538,0.01570780177742259,0.06283120710969026,0.00024673503667880023
539,0,0,539,0.015707801777422602,0.06283120710969037,0.00024673503667880066
540,0,0,540,0.01570780177742257,0.06283120710969017,0.00024673503667879963
541,0,0,541,0.01570780177742259,0.06283120710969034,0.0002467350366788002
542,0,0,542,0.01570780177742258,0.06283120710969028,0.00024673503667880007
543,0,0,543,0.015707801777422616,0.06283120710969045,0.00024673503667880104
544,0,1,544,0.01570780177742259,0.06283120710969017,0.0002467350366788003
545,0,0,545,0.015707801777422682,0.0628312071096907,0.00024673503667880316
546,0,1,546,0.015707801777422616,0.06283120710969033,0.0002467350366788011
547,0,1,547,0.015707801777422745,0.06283120710969095,0.00024673503667880516
548,0,0,548,0.01570780177742261,0.06283120710969042,0.00024673503667880094
549,0,1,549,0.015707801777422554,0.0628312071096902,0.0002467350366787992
550,0,1,550,0.01570780177742258,0.06283120710969023,0.00024673503667880007
551,0,0,551,0.015707801777422585,0.06283120710969034,0.0002467350366788001
552,0,1,552,0.01570780177742257,0.06283120710969027,0.0002467350366787997
553,0,1,553,0.01570780177742267,0.06283120710969048,0.0002467350366788027
554,0,1,554,0.015707801777422693,0.0628312071096907,0.0002467350366788035
555,0,0,555,0.015707801777422533,0.06283120710968991,0.00024673503667879844
556,0,0,556,0.015707801777422543,0.06283120710969017,0.0002467350366787988
557,0,1,557,0.015707801777422578,0.06283120710969017,0.00024673503667879985
558,0,0,558,0.015707801777422526,0.06283120710969001,0.0002467350366787982
559,0,0,559,0.015707801777422564,0.06283120710969026,0.00024673503667879947
560,0,1,560,0.015707801777422627,0.06283120710969045,0.0002467350366788015
561,0,1,561,0.015707801777422568,0.06283120710969006,0.0002467350366787995
562,0,0,562,0.015707801777422585,0.06283120710969034,0.0002467350366788002
563,0,1,563,0.015707801777422516,0.06283120710969002,0.00024673503667879795
564,0,1,564,0.015707801777422634,0.0628312071096904,0.0002467350366788017
565,0,0,565,0.015707801777422776,0.06283120710969105,0.00024673503667880614
566,0,0,566,0.015707801777422665,0.06283120710969028,0.00024673503667880267
567,0,1,567,0.015707801777422717,0.06283120710969076,0.00024673503667880424
568,0,0,568,0.01570780177742267,0.06283120710969062,0.0002467350366788028
569,0,0,569,0.015707801777422745,0.0628312071096909,0.00024673503667880516
570,0,1,570,0.015707801777422755,0.06283120710969078,0.00024673503667880554
571,0,0,571,0.01570780177742255,0.06283120710969019,0.0002467350366787991
572,0,0,572,0.01570780177742258,0.06283120710969031,0.00024673503667879996
573,0,0,573,0.015707801777422696,0.0628312071096907,0.00024673503667880365
574,0,0,574,0.015707801777422686,0.06283120710969065,0.0002467350366788032
575,0,1,575,0.01570780177742271,0.06283120710969062,0.0002467350366788041
576,0,0,576,0.015707801777422602,0.06283120710969038,0.0002467350366788006
577,0,1,577,0.015707801777422606,0.06283120710969028,0.0002467350366788008
578,0,0,578,0.015707801777422717,0.06283120710969081,0.0002467350366788043
579,0,0,579,0.015707801777422616,0.06283120710969037,0.00024673503667880115
580,0,1,580,0.015707801777422717,0.06283120710969081,0.0002467350366788042
581,0,0,581,0.015707801777422568,0.0628312071096902,0.00024673503667879947
582,0,1,582,0.01570780177742263,0.06283120710969049,0.0002467350366788015
583,0,0,583,0.015707801777422686,0.06283120710969073,0.0002467350366788033
584,0,0,584,0.015707801777422516,0.06283120710969003,0.00024673503667879795
585,0,0,585,0.015707801777422578,0.06283120710969015,0.0002467350366787999
586,0,1,586,0.015707801777422595,0.06283120710969038,0.0002467350366788005
587,0,0,587,0.01570780177742266,0.06283120710969059,0.00024673503667880256
588,0,0,588,0.015707801777422613,0.06283120710969037,0.00024673503667880104
589,0,0,589,0.015707801777422703,0.06283120710969062,0.00024673503667880386
590,0,0,590,0.015707801777422547,0.06283120710969017,0.00024673503667879893
591,0,0,591,0.015707801777422696,0.0628312071096905,0.00024673503667880365
592,0,0,592,0.01570780177742264,0.0628312071096904,0.0002467350366788019
593,0,0,593,0.01570780177742256,0.06283120710969019,0.00024673503667879936
594,0,1,594,0.015707801777422488,0.06283120710968981,0.00024673503667879703
595,0,1,595,0.01570780177742269,0.0628312071096907,0.0002467350366788035
596,0,1,596,0.01570780177742271,0.0628312071096905,0.000246735036678804
597,0,1,597,0.01570780177742255,0.0628312071096901,0.000246735036678799
598,0,0,598,0.015707801777422616,0.0628312071096904,0.00024673503667880115
599,0,0,599,0.01570780177742256,0.06283120710969015,0.00024673503667879936
600,0,1,600,0.015707801777422686,0.06283120710969073,0.00024673503667880327
601,0,1,601,0.015707801777422703,0.06283120710969073,0.00024673503667880386
602,0,0,602,0.015707801777422602,0.0628312071096904,0.00024673503667880066
603,0,1,603,0.01570780177742271,0.06283120710969042,0.000246735036678804
604,0,0,604,0.015707801777422665,0.06283120710969058,0.0002467350366788026
605,0,0,605,0.015707801777422665,0.06283120710969065,0.0002467350366788026
606,0,0,606,0.015707801777422613,0.06283120710969037,0.000246735036678801
607,0,0,607,0.01570780177742259,0.06283120710969031,0.0002467350366788002
608,0,0,608,0.01570780177742261,0.06283120710969038,0.0002467350366788008
609,0,0,609,0.015707801777422467,0.06283120710968981,0.0002467350366787964
610,0,0,610,0.015707801777422634,0.06283120710969044,0.0002467350366788016
611,0,0,611,0.015707801777422623,0.06283120710969042,0.0002467350366788013
612,0,0,612,0.015707801777422536,0.06283120710969012,0.00024673503667879855
613,0,0,613,0.015707801777422658,0.0628312071096905,0.00024673503667880245
614,0,0,614,0.015707801777422772,0.06283120710969106,0.000246735036678806
615,0,0,615,0.01570780177742271,0.0628312071096908,0.0002467350366788041
616,0,1,616,0.01570780177742272,0.06283120710969083,0.0002467350366788043
617,0,0,617,0.015707801777422602,0.06283120710969026,0.00024673503667880066
618,0,1,618,0.015707801777422713,0.06283120710969078,0.0002467350366788041
619,0,0,619,0.01570780177742263,0.06283120710969042,0.0002467350366788016
620,0,1,620,0.01570780177742257,0.06283120710969026,0.0002467350366787997
621,0,1,621,0.0157078017774227,0.06283120710969065,0.00024673503667880375
622,0,0,622,0.01570780177742274,0.06283120710969095,0.000246735036678805
623,0,1,623,0.015707801777422706,0.06283120710969078,0.00024673503667880397
624,0,0,624,0.015707801777422564,0.06283120710969019,0.0002467350366787995
625,0,0,625,0.01570780177742273,0.06283120710969077,0.0002467350366788047
626,0,1,626,0.015707801777422755,0.06283120710969096,0.0002467350366788055
627,0,0,627,0.015707801777422595,0.06283120710969037,0.00024673503667880045
628,0,1,628,0.015707801777422585,0.06283120710969031,0.0002467350366788001
629,0,1,629,0.015707801777422623,0.0628312071096904,0.00024673503667880126
630,0,1,630,0.015707801777422592,0.06283120710969034,0.00024673503667880045
631,0,0,631,0.01570780177742274,0.06283120710969094,0.000246735036678805
632,0,0,632,0.01570780177742263,0.0628312071096905,0.00024673503667880153
633,0,1,633,0.015707801777422654,0.06283120710969041,0.0002467350366788023
634,0,0,634,0.01570780177742254,0.06283120710969009,0.0002467350366787987
635,0,1,635,0.015707801777422755,0.06283120710969096,0.0002467350366788055
636,0,1,636,0.015707801777422568,0.06283120710969023,0.0002467350366787996
637,0,1,637,0.015707801777422606,0.06283120710969041,0.0002467350366788008
638,0,1,638,0.015707801777422693,0.0628312071096907,0.00024673503667880354
639,0,1,639,0.01570780177742267,0.06283120710969065,0.0002467350366788027
640,0,1,640,0.015707801777422627,0.06283120710969049,0.00024673503667880137
641,0,0,641,0.015707801777422526,0.06283120710969009,0.0002467350366787983
642,0,1,642,0.015707801777422675,0.06283120710969058,0.0002467350366788029
643,0,0,643,0.01570780177742261,0.06283120710969033,0.00024673503667880077
644,0,1,644,0.015707801777422665,0.06283120710969063,0.0002467350366788027
645,0,1,645,0.015707801777422568,0.06283120710969015,0.0002467350366787996
646,0,0,646,0.015707801777422748,0.06283120710969087,0.00024673503667880527
647,0,1,647,0.015707801777422693,0.06283120710969069,0.0002467350366788036
648,0,1,648,0.015707801777422686,0.06283120710969067,0.00024673503667880327
649,0,0,649,0.01570780177742262,0.06283120710969042,0.00024673503667880126
650,0,0,650,0.01570780177742261,0.06283120710969031,0.0002467350366788009
651,0,1,651,0.015707801777422533,0.0628312071096901,0.00024673503667879844
652,0,0,652,0.015707801777422595,0.06283120710969027,0.0002467350366788004
653,0,1,653,0.015707801777422748,0.06283120710969098,0.0002467350366788053
654,0,0,654,0.015707801777422786,0.062831207109691,0.0002467350366788065
655,0,0,655,0.015707801777422647,0.06283120710969049,0.0002467350366788021
656,0,0,656,0.0157078017774226,0.06283120710969028,0.0002467350366788005
657,0,0,657,0.01570780177742261,0.0628312071096904,0.00024673503667880094
658,0,1,658,0.01570780177742271,0.0628312071096906,0.000246735036678804
659,0,1,659,0.015707801777422637,0.06283120710969045,0.0002467350366788017
660,0,1,660,0.015707801777422658,0.06283120710969062,0.00024673503667880234
661,0,1,661,0.015707801777422658,0.0628312071096905,0.0002467350366788024
662,0,0,662,0.015707801777422665,0.06283120710969065,0.0002467350366788026
663,0,1,663,0.01570780177742259,0.06283120710969034,0.00024673503667880023
664,0,1,664,0.015707801777422734,0.06283120710969084,0.0002467350366788049
665,0,0,665,0.015707801777422814,0.06283120710969102,0.00024673503667880733
666,0,1,666,0.015707801777422745,0.06283120710969076,0.00024673503667880516
667,0,1,667,0.015707801777422578,0.0628312071096903,0.00024673503667879985
668,0,0,668,0.01570780177742265,0.06283120710969048,0.00024673503667880224
669,0,0,669,0.01570780177742258,0.06283120710969033,0.0002467350366788001
670,0,1,670,0.01570780177742261,0.06283120710969033,0.0002467350366788008
671,0,0,671,0.015707801777422516,0.06283120710969006,0.00024673503667879795
672,0,0,672,0.015707801777422634,0.0628312071096905,0.00024673503667880164
673,0,1,673,0.01570780177742263,0.06283120710969041,0.0002467350366788016
674,0,1,674,0.015707801777422592,0.06283120710969034,0.0002467350366788004
675,0,1,675,0.01570780177742259,0.06283120710969031,0.0002467350366788002
676,0,1,676,0.015707801777422706,0.06283120710969062,0.00024673503667880386
677,0,0,677,0.015707801777422523,0.06283120710969006,0.00024673503667879817
678,0,1,678,0.015707801777422613,0.06283120710969028,0.00024673503667880094
679,0,1,679,0.0157078017774226,0.06283120710969035,0.0002467350366788006
680,0,0,680,0.01570780177742259,0.06283120710969034,0.00024673503667880023
681,0,1,681,0.015707801777422727,0.0628312071096909,0.0002467350366788047
682,0,1,682,0.015707801777422595,0.06283120710969033,0.00024673503667880045
683,0,0,683,0.01570780177742279,0.06283120710969095,0.0002467350366788065
684,0,1,684,0.01570780177742267,0.06283120710969063,0.0002467350366788027
685,0,1,685,0.01570780177742277,0.06283120710969062,0.0002467350366788059
686,0,1,686,0.01570780177742266,0.0628312071096905,0.0002467350366788025
687,0,1,687,0.015707801777422568,0.06283120710969015,0.0002467350366787996
688,0,0,688,0.01570780177742248,0.0628312071096899,0.0002467350366787969
689,0,0,689,0.01570780177742271,0.0628312071096905,0.0002467350366788041
690,0,0,690,0.015707801777422613,0.06283120710969041,0.0002467350366788009
691,0,0,691,0.015707801777422623,0.06283120710969048,0.00024673503667880137
692,0,0,692,0.015707801777422578,0.06283120710969026,0.00024673503667879996
693,0,0,693,0.015707801777422627,0.06283120710969048,0.00024673503667880137
694,0,1,694,0.015707801777422634,0.06283120710969037,0.00024673503667880164
695,0,0,695,0.015707801777422693,0.06283120710969076,0.0002467350366788035
696,0,1,696,0.015707801777422568,0.0628312071096902,0.0002467350366787995
697,0,1,697,0.015707801777422696,0.06283120710969077,0.0002467350366788037
698,0,1,698,0.01570780177742262,0.06283120710969042,0.00024673503667880126
699,0,0,699,0.015707801777422606,0.06283120710969031,0.0002467350366788008
700,0,1,700,0.015707801777422738,0.06283120710969081,0.00024673503667880495
701,0,0,701,1.9999383152895795,7.999753261158318,0.0002467350366788111
702,0,0,702,0.015707801777422575,0.06283120710969023,0.0002467350366787997
703,0,0,703,0.015707801777422703,0.06283120710969073,0.0002467350366788038
704,0,1,704,0.015707801777422627,0.06283120710969038,0.0002467350366788014
705,0,1,705,0.01570780177742266,0.06283120710969062,0.00024673503667880245
706,0,1,706,0.015707801777422654,0.06283120710969045,0.0002467350366788023
707,0,1,707,0.015707801777422602,0.0628312071096904,0.00024673503667880066
708,0,0,708,0.015707801777422738,0.06283120710969087,0.00024673503667880495
709,0,1,709,0.01570780177742259,0.06283120710969028,0.00024673503667880023
710,0,1,710,0.015707801777422828,0.06283120710969112,0.0002467350366788077
711,0,1,711,0.0157078017774226,0.06283120710969028,0.0002467350366788006
712,0,1,712,0.01570780177742268,0.06283120710969055,0.000246735036678803
713,0,1,713,0.015707801777422665,0.0628312071096905,0.0002467350366788027
714,0,0,714,0.01570780177742286,0.06283120710969131,0.00024673503667880874
715,0,0,715,0.015707801777422568,0.06283120710969026,0.0002467350366787996
716,0,0,716,0.0157078017774227,0.06283120710969062,0.0002467350366788037
717,0,1,717,0.015707801777422606,0.06283120710969037,0.0002467350366788008
718,0,0,718,0.01570780177742262,0.06283120710969037,0.0002467350366788011
719,0,0,719,0.01570780177742265,0.06283120710969055,0.00024673503667880213
720,0,1,720,0.01570780177742268,0.0628312071096907,0.00024673503667880305
721,0,1,721,0.01570780177742274,0.06283120710969091,0.00024673503667880506
722,0,0,722,0.015707801777422637,0.06283120710969023,0.00024673503667880175
723,0,0,723,0.015707801777422627,0.06283120710969049,0.0002467350366788014
724,0,1,724,0.015707801777422554,0.06283120710969015,0.00024673503667879915
725,0,1,725,0.015707801777422526,0.06283120710969,0.00024673503667879833
726,0,0,726,0.015707801777422568,0.06283120710969023,0.0002467350366787997
727,0,0,727,0.015707801777422713,0.06283120710969065,0.0002467350366788042
728,0,0,728,0.015707801777422547,0.06283120710968998,0.00024673503667879893
729,0,1,729,0.015707801777422682,0.06283120710969055,0.0002467350366788031
730,0,1,730,0.01570780177742267,0.06283120710969063,0.0002467350366788028
731,0,1,731,0.015707801777422512,0.06283120710969003,0.0002467350366787979
732,0,1,732,0.015707801777422543,0.06283120710969012,0.0002467350366787989
733,0,0,733,0.015707801777422644,0.06283120710969058,0.000246735036678802
734,0,0,734,0.015707801777422578,0.0628312071096903,0.00024673503667879996
735,0,0,735,0.01570780177742263,0.06283120710969033,0.0002467350366788015
736,0,1,736,0.01570780177742269,0.06283120710969053,0.0002467350366788035
737,0,1,737,0.015707801777422672,0.06283120710969067,0.0002467350366788028
738,0,1,738,0.01570780177742258,0.0628312071096902,0.0002467350366788001
739,0,1,739,0.015707801777422682,0.0628312071096905,0.0002467350366788032
740,0,1,740,0.015707801777422637,0.06283120710969041,0.00024673503667880164
741,0,1,741,0.015707801777422575,0.06283120710969023,0.00024673503667879974
742,0,0,742,0.015707801777422616,0.06283120710969038,0.0002467350366788012
743,0,0,743,0.015707801777422564,0.06283120710969015,0.00024673503667879947
744,0,0,744,0.015707801777422616,0.06283120710969042,0.00024673503667880115
745,0,0,745,1.999938315289579,7.999753261158316,0.00024673503667881096
746,0,0,746,0.0157078017774227,0.06283120710969067,0.00024673503667880375
747,0,0,747,0.015707801777422592,0.06283120710969015,0.00024673503667880034
748,0,0,748,0.01570780177742266,0.06283120710969034,0.00024673503667880256
749,0,1,749,0.015707801777422623,0.06283120710969031,0.00024673503667880126
750,0,1,750,0.015707801777422693,0.06283120710969073,0.0002467350366788035
751,0,0,751,0.015707801777422568,0.06283120710969027,0.0002467350366787997
752,0,1,752,0.01570780177742274,0.0628312071096909,0.000246735036678805
753,0,0,753,0.015707801777422602,0.06283120710969028,0.00024673503667880066
754,0,1,754,0.01570780177742255,0.0628312071096902,0.00024673503667879904
755,0,0,755,0.015707801777422547,0.06283120710968998,0.00024673503667879893
756,0,1,756,0.01570780177742256,0.06283120710969019,0.00024673503667879925
757,0,0,757,0.015707801777422536,0.06283120710968998,0.00024673503667879866
758,0,0,758,0.015707801777422647,0.06283120710969055,0.0002467350366788022
759,0,0,759,0.015707801777422602,0.06283120710969028,0.0002467350366788007
760,0,1,760,0.015707801777422706,0.06283120710969078,0.0002467350366788039
761,0,1,761,0.015707801777422627,0.06283120710969037,0.0002467350366788014
762,0,1,762,0.01570780177742257,0.06283120710969023,0.0002467350366787997
763,0,0,763,0.015707801777422578,0.0628312071096903,0.00024673503667879996
764,0,0,764,0.01570780177742279,0.06283120710969112,0.0002467350366788066
765,0,1,765,0.015707801777422616,0.06283120710969044,0.00024673503667880115
766,0,0,766,0.015707801777422606,0.06283120710969038,0.00024673503667880077
767,0,0,767,0.015707801777422755,0.0628312071096909,0.0002467350366788055
768,0,0,768,0.015707801777422672,0.06283120710969048,0.00024673503667880283
769,0,0,769,0.01570780177742261,0.0628312071096904,0.00024673503667880077
770,0,0,770,0.015707801777422804,0.06283120710969115,0.00024673503667880695
771,0,0,771,0.015707801777422488,0.0628312071096899,0.00024673503667879703
772,0,0,772,0.015707801777422762,0.06283120710969087,0.0002467350366788057
773,0,1,773,0.01570780177742259,0.06283120710969034,0.0002467350366788003
774,0,1,774,0.015707801777422713,0.06283120710969083,0.00024673503667880424
775,0,1,775,0.015707801777422675,0.06283120710969053,0.00024673503667880294
776,0,1,776,0.01570780177742262,0.06283120710969028,0.0002467350366788012
777,0,1,777,0.015707801777422765,0.06283120710969098,0.00024673503667880576
778,0,1,778,0.015707801777422585,0.06283120710969017,0.0002467350366788001
779,0,1,779,0.015707801777422554,0.06283120710969006,0.00024673503667879915
780,0,0,780,0.0157078017774226,0.0628312071096904,0.00024673503667880056
781,0,1,781,0.015707801777422665,0.06283120710969053,0.0002467350366788026
782,0,0,782,0.015707801777422578,0.06283120710969022,0.0002467350366787999
783,0,0,783,0.01570780177742267,0.06283120710969066,0.0002467350366788028
784,0,0,784,0.015707801777422536,0.06283120710969015,0.00024673503667879866
785,0,1,785,0.015707801777422557,0.06283120710969013,0.0002467350366787992
786,0,1,786,0.01570780177742261,0.0628312071096903,0.0002467350366788008
787,0,0,787,0.015707801777422592,0.06283120710969028,0.00024673503667880034
788,0,0,788,0.01570780177742261,0.0628312071096904,0.00024673503667880094
789,0,0,789,0.01570780177742266,0.06283120710969044,0.00024673503667880256
790,0,1,790,0.015707801777422554,0.06283120710969,0.00024673503667879915
791,0,1,791,0.015707801777422682,0.06283120710969062,0.0002467350366788031
792,0,0,792,0.01570780177742258,0.06283120710969015,0.0002467350366788
793,0,1,793,0.015707801777422738,0.06283120710969085,0.0002467350366788049
794,0,0,794,0.015707801777422637,0.06283120710969047,0.00024673503667880175
795,0,1,795,0.015707801777422592,0.06283120710969013,0.00024673503667880023
796,0,1,796,0.01570780177742259,0.06283120710969026,0.00024673503667880023
797,0,1,797,0.015707801777422675,0.06283120710969062,0.000246735036678803
798,0,0,798,0.01570780177742267,0.0628312071096906,0.0002467350366788027
799,0,1,799,0.015707801777422644,0.06283120710969031,0.00024673503667880197
800,0,1,800,0.01570780177742262,0.0628312071096904,0.0002467350366788012
801,0,0,801,0.01570780177742264,0.06283120710969056,0.00024673503667880197
802,0,1,802,0.015707801777422526,0.06283120710969006,0.0002467350366787983
803,0,0,803,0.01570780177742259,0.06283120710969034,0.0002467350366788002
804,0,1,804,0.015707801777422547,0.06283120710969019,0.000246735036678799
805,0,0,805,0.01570780177742263,0.06283120710969042,0.00024673503667880153
806,0,1,806,0.015707801777422592,0.06283120710969037,0.00024673503667880034
807,0,0,807,0.01570780177742258,0.06283120710969017,0.00024673503667879996
808,0,1,808,0.015707801777422578,0.06283120710969023,0.00024673503667879985
809,0,0,809,0.01570780177742262,0.06283120710969037,0.00024673503667880115
810,0,0,810,0.015707801777422627,0.06283120710969045,0.00024673503667880153
811,0,0,811,0.015707801777422786,0.0628312071096911,0.00024673503667880646
812,0,0,812,0.015707801777422592,0.06283120710969033,0.0002467350366788003
813,0,1,813,0.015707801777422634,0.06283120710969034,0.0002467350366788016
814,0,0,814,0.015707801777422585,0.06283120710969017,0.0002467350366788002
815,0,0,815,0.01570780177742258,0.06283120710969027,0.00024673503667880007
816,0,1,816,0.015707801777422575,0.06283120710969026,0.00024673503667879974
817,0,1,817,0.015707801777422575,0.06283120710969027,0.00024673503667879974
818,0,0,818,0.01570780177742262,0.06283120710969044,0.0002467350366788012
819,0,0,819,0.015707801777422665,0.06283120710969062,0.0002467350366788026
820,0,1,820,0.015707801777422734,0.06283120710969078,0.0002467350366788048
821,0,0,821,0.015707801777422654,0.06283120710969059,0.00024673503667880224
822,0,1,822,0.015707801777422672,0.06283120710969063,0.00024673503667880283
823,0,1,823,0.01570780177742269,0.06283120710969067,0.0002467350366788034
824,0,0,824,0.01570780177742259,0.06283120710969034,0.0002467350366788003
825,0,0,825,0.01570780177742268,0.0628312071096906,0.0002467350366788031
826,0,0,826,0.015707801777422682,0.06283120710969067,0.00024673503667880316
827,0,0,827,0.01570780177742272,0.06283120710969081,0.00024673503667880435
828,0,1,828,0.015707801777422568,0.06283120710969017,0.0002467350366787996
829,0,0,829,0.015707801777422738,0.06283120710969084,0.0002467350366788049
830,0,1,830,0.01570780177742261,0.06283120710969028,0.000246735036678801
831,0,1,831,0.01570780177742258,0.06283120710969026,0.00024673503667879996
832,0,0,832,0.015707801777422627,0.06283120710969034,0.00024673503667880137
833,0,0,833,0.01570780177742259,0.06283120710969028,0.0002467350366788003
834,0,0,834,0.01570780177742259,0.06283120710969026,0.0002467350366788001
835,0,0,835,0.015707801777422568,0.0628312071096902,0.0002467350366787996
836,0,0,836,0.015707801777422575,0.06283120710969028,0.0002467350366787998
837,0,1,837,0.015707801777422592,0.06283120710969034,0.00024673503667880034
838,0,1,838,1.9999383152895795,7.999753261158318,0.00024673503667880977
839,0,0,839,0.01570780177742268,0.06283120710969067,0.00024673503667880305
840,0,1,840,0.01570780177742261,0.06283120710969037,0.0002467350366788008
841,0,1,841,0.015707801777422592,0.06283120710969026,0.00024673503667880034
842,0,1,842,0.015707801777422623,0.06283120710969042,0.00024673503667880137
843,0,0,843,0.01570780177742278,0.06283120710969103,0.00024673503667880625
844,0,1,844,0.015707801777422696,0.06283120710969078,0.00024673503667880365
845,0,0,845,0.015707801777422734,0.0628312071096909,0.00024673503667880484
846,0,0,846,0.015707801777422717,0.0628312071096908,0.0002467350366788042
847,0,1,847,0.015707801777422602,0.06283120710969034,0.0002467350366788007
848,0,1,848,0.015707801777422634,0.06283120710969052,0.0002467350366788017
849,0,0,849,0.015707801777422713,0.06283120710969066,0.00024673503667880413
850,0,0,850,0.0157078017774226,0.06283120710969034,0.0002467350366788005
851,0,0,851,0.01570780177742265,0.06283120710969042,0.0002467350366788022
852,0,1,852,0.015707801777422564,0.06283120710969023,0.00024673503667879947
853,0,0,853,0.015707801777422557,0.06283120710969001,0.0002467350366787992
854,0,1,854,0.01570780177742265,0.06283120710969035,0.00024673503667880213
855,0,0,855,0.015707801777422602,0.06283120710969023,0.0002467350366788006
856,0,0,856,0.015707801777422606,0.06283120710969037,0.0002467350366788008
857,0,0,857,0.015707801777422724,0.06283120710969076,0.0002467350366788044
858,0,0,858,0.015707801777422585,0.06283120710969026,0.0002467350366788002
859,0,0,859,0.01570780177742276,0.06283120710969067,0.0002467350366788055
860,0,0,860,0.01570780177742261,0.06283120710969031,0.0002467350366788009
861,0,0,861,0.0157078017774228,0.06283120710969095,0.00024673503667880684
862,0,0,862,0.015707801777422616,0.06283120710969042,0.0002467350366788011
863,0,0,863,0.015707801777422672,0.06283120710969062,0.0002467350366788029
864,0,0,864,0.015707801777422623,0.0628312071096904,0.00024673503667880137
865,0,0,865,0.0157078017774226,0.06283120710969031,0.00024673503667880056
866,0,0,866,0.015707801777422637,0.0628312071096904,0.00024673503667880175
867,0,0,867,0.015707801777422634,0.06283120710969049,0.0002467350366788016
868,0,1,868,0.01570780177742258,0.0628312071096903,0.0002467350366788001
869,0,1,869,0.015707801777422543,0.06283120710969015,0.0002467350366787988
870,0,0,870,0.015707801777422634,0.0628312071096904,0.00024673503667880164
871,0,0,871,0.015707801777422616,0.06283120710969045,0.0002467350366788011
872,0,1,872,0.015707801777422606,0.06283120710969037,0.0002467350366788007
873,0,0,873,0.015707801777422595,0.06283120710969034,0.00024673503667880045
874,0,0,874,0.015707801777422592,0.06283120710968994,0.0002467350366788003
875,0,1,875,0.015707801777422606,0.06283120710969041,0.00024673503667880077
876,0,1,876,0.015707801777422602,0.0628312071096902,0.00024673503667880066
877,0,1,877,0.015707801777422547,0.06283120710969,0.00024673503667879893
878,0,0,878,0.015707801777422578,0.06283120710969028,0.00024673503667879996
879,0,1,879,0.0157078017774226,0.06283120710969031,0.00024673503667880056
880,0,1,880,0.01570780177742263,0.06283120710969042,0.00024673503667880153
881,0,1,881,0.015707801777422734,0.06283120710969087,0.0002467350366788049
882,0,0,882,0.015707801777422578,0.06283120710969026,0.00024673503667879985
883,0,1,883,0.015707801777422672,0.06283120710969069,0.0002467350366788029
884,0,1,884,0.015707801777422713,0.06283120710969073,0.0002467350366788042
885,0,1,885,0.015707801777422616,0.06283120710969041,0.00024673503667880104
886,0,0,886,0.01570780177742262,0.06283120710969037,0.0002467350366788012
887,0,0,887,0.015707801777422637,0.06283120710969048,0.0002467350366788017
888,0,0,888,0.015707801777422595,0.06283120710969022,0.00024673503667880045
889,0,1,889,0.015707801777422706,0.06283120710969077,0.00024673503667880397
890,0,1,890,0.01570780177742275,0.06283120710969083,0.0002467350366788053
891,0,0,891,0.01570780177742258,0.0628312071096902,0.00024673503667879996
892,0,1,892,0.015707801777422554,0.06283120710969015,0.00024673503667879915
893,0,0,893,0.015707801777422592,0.0628312071096902,0.0002467350366788004
894,0,0,894,0.015707801777422675,0.0628312071096906,0.00024673503667880294
895,0,1,895,0.01570780177742271,0.06283120710969084,0.000246735036678804
896,0,1,896,0.015707801777422654,0.06283120710969056,0.0002467350366788023
897,0,1,897,0.015707801777422613,0.06283120710969042,0.00024673503667880104
898,0,0,898,0.015707801777422578,0.06283120710969023,0.0002467350366787999
899,0,0,899,0.015707801777422623,0.06283120710969033,0.00024673503667880137
900,0,1,900,0.015707801777422613,0.0628312071096904,0.00024673503667880094
901,0,0,901,0.01570780177742262,0.06283120710969045,0.00024673503667880115
902,0,0,902,0.01570780177742262,0.06283120710969037,0.00024673503667880115
903,0,1,903,0.015707801777422592,0.06283120710969028,0.00024673503667880034
904,0,1,904,0.015707801777422602,0.06283120710969034,0.00024673503667880066
905,0,1,905,0.01570780177742276,0.06283120710969092,0.0002467350366788055
906,0,0,906,0.01570780177742256,0.06283120710969013,0.0002467350366787994
907,0,1,907,0.01570780177742267,0.0628312071096905,0.0002467350366788028
908,0,0,908,0.01570780177742261,0.06283120710969035,0.000246735036678801
909,0,1,909,0.015707801777422606,0.06283120710969035,0.0002467350366788007
910,0,0,910,0.015707801777422568,0.06283120710969023,0.00024673503667879963
911,0,1,911,0.015707801777422658,0.06283120710969047,0.00024673503667880234
912,0,0,912,0.0157078017774227,0.06283120710969065,0.00024673503667880375
913,0,0,913,0.015707801777422554,0.0628312071096902,0.0002467350366787991
914,0,1,914,0.01570780177742263,0.06283120710969031,0.00024673503667880153
915,0,1,915,0.015707801777422602,0.06283120710969037,0.0002467350366788007
916,0,1,916,0.015707801777422637,0.06283120710969053,0.00024673503667880186
917,0,0,917,0.015707801777422606,0.06283120710969031,0.00024673503667880077
918,0,0,918,0.01570780177742255,0.06283120710969015,0.000246735036678799
919,0,0,919,0.015707801777422734,0.06283120710969094,0.0002467350366788048
920,0,1,920,0.01570780177742266,0.06283120710969055,0.00024673503667880245
921,0,1,921,0.015707801777422526,0.06283120710969009,0.0002467350366787983
922,0,1,922,0.015707801777422755,0.06283120710969091,0.00024673503667880543
923,0,1,923,0.01570780177742264,0.06283120710969042,0.0002467350366788018
924,0,1,924,0.015707801777422564,0.06283120710969017,0.00024673503667879936
925,0,0,925,0.01570780177742266,0.06283120710969062,0.0002467350366788025
926,0,1,926,0.015707801777422557,0.06283120710969015,0.0002467350366787993
927,0,1,927,0.015707801777422613,0.06283120710969033,0.00024673503667880104
928,0,1,928,0.015707801777422592,0.06283120710969028,0.00024673503667880034
929,0,0,929,0.01570780177742259,0.06283120710969023,0.0002467350366788002
930,0,1,930,0.01570780177742262,0.06283120710969042,0.0002467350366788013
931,0,0,931,0.015707801777422585,0.06283120710969028,0.00024673503667880007
932,0,0,932,0.015707801777422727,0.0628312071096909,0.00024673503667880457
933,0,0,933,0.01570780177742259,0.06283120710969026,0.00024673503667880023
934,0,0,934,0.015707801777422606,0.06283120710969027,0.0002467350366788009
935,0,0,935,0.01570780177742267,0.06283120710969062,0.0002467350366788028
936,0,0,936,0.015707801777422557,0.06283120710969017,0.0002467350366787992
937,0,0,937,0.015707801777422693,0.06283120710969074,0.0002467350366788036
938,0,0,938,0.015707801777422526,0.06283120710969009,0.0002467350366787982
939,0,1,939,0.015707801777422585,0.06283120710969031,0.0002467350366788001
940,0,1,940,0.015707801777422776,0.06283120710969095,0.00024673503667880603
941,0,1,941,0.015707801777422644,0.06283120710969042,0.00024673503667880197
942,0,1,942,0.015707801777422557,0.06283120710968998,0.0002467350366787992
943,0,1,943,0.015707801777422755,0.06283120710969078,0.0002467350366788055
944,0,1,944,0.015707801777422696,0.06283120710969067,0.00024673503667880365
945,0,0,945,0.01570780177742258,0.06283120710969023,0.00024673503667879996
946,0,1,946,0.015707801777422686,0.06283120710969073,0.0002467350366788033
947,0,0,947,0.015707801777422602,0.06283120710969034,0.0002467350366788007
948,0,0,948,0.015707801777422606,0.06283120710969037,0.00024673503667880077
949,0,0,949,0.015707801777422595,0.06283120710969035,0.00024673503667880045
950,0,0,950,0.015707801777422745,0.06283120710969081,0.00024673503667880516
951,0,0,951,0.01570780177742264,0.06283120710969045,0.00024673503667880186
952,0,1,952,0.015707801777422592,0.06283120710969028,0.00024673503667880034
953,0,0,953,0.015707801777422606,0.06283120710969034,0.00024673503667880077
954,0,0,954,0.01570780177742266,0.0628312071096906,0.0002467350366788025
955,0,0,955,0.015707801777422686,0.06283120710969065,0.0002467350366788033
956,0,1,956,0.015707801777422613,0.06283120710969041,0.000246735036678801
957,0,0,957,0.015707801777422675,0.06283120710969059,0.0002467350366788029
958,0,1,958,0.015707801777422578,0.06283120710969031,0.00024673503667879996
959,0,0,959,0.0157078017774226,0.06283120710969034,0.00024673503667880056
960,0,1,960,0.01570780177742283,0.06283120710969127,0.0002467350366788079
961,0,1,961,0.015707801777422595,0.06283120710969031,0.00024673503667880045
962,0,1,962,0.015707801777422783,0.06283120710969103,0.00024673503667880636
963,0,1,963,0.01570780177742255,0.06283120710969006,0.000246735036678799
964,0,0,964,0.015707801777422578,0.06283120710969028,0.0002467350366787999
965,0,0,965,0.015707801777422585,0.0628312071096903,0.0002467350366788001
966,0,1,966,0.015707801777422606,0.0628312071096904,0.0002467350366788007
967,0,0,967,0.015707801777422578,0.06283120710969023,0.0002467350366787999
968,0,0,968,0.015707801777422578,0.06283120710969026,0.00024673503667879985
969,0,0,969,0.015707801777422706,0.06283120710969062,0.00024673503667880386
970,0,1,970,0.0157078017774226,0.06283120710969038,0.0002467350366788005
971,0,1,971,0.015707801777422533,0.06283120710969009,0.0002467350366787985
972,0,0,972,0.01570780177742259,0.06283120710969031,0.00024673503667880034
973,0,0,973,0.015707801777422575,0.06283120710969028,0.0002467350366787999
974,0,0,974,0.015707801777422672,0.06283120710969058,0.0002467350366788029
975,0,0,975,0.015707801777422672,0.06283120710969069,0.00024673503667880294
976,0,1,976,0.015707801777422616,0.0628312071096904,0.0002467350366788011
977,0,1,977,0.015707801777422793,0.0628312071096909,0.00024673503667880663
978,0,1,978,0.015707801777422578,0.06283120710969028,0.00024673503667879985
979,0,1,979,0.015707801777422595,0.06283120710969028,0.0002467350366788004
980,0,0,980,0.015707801777422686,0.06283120710969067,0.00024673503667880327
981,0,1,981,0.015707801777422568,0.06283120710969012,0.00024673503667879963
982,0,1,982,0.015707801777422602,0.06283120710969028,0.00024673503667880066
983,0,1,983,0.015707801777422557,0.0628312071096902,0.00024673503667879925
984,0,1,984,0.015707801777422606,0.0628312071096904,0.0002467350366788008
985,0,1,985,0.015707801777422568,0.06283120710969026,0.0002467350366787996
986,0,0,986,0.015707801777422568,0.06283120710969023,0.0002467350366787996
987,0,1,987,0.015707801777422543,0.06283120710969012,0.0002467350366787988
988,0,0,988,0.015707801777422578,0.06283120710969031,0.0002467350366787999
989,0,1,989,0.015707801777422706,0.06283120710969078,0.0002467350366788039
990,0,0,990,0.015707801777422523,0.06283120710969005,0.0002467350366787981
991,0,0,991,0.015707801777422644,0.0628312071096905,0.000246735036678802
992,0,1,992,0.01570780177742259,0.06283120710969033,0.0002467350366788003
993,0,0,993,0.015707801777422713,0.06283120710969069,0.0002467350366788042
994,0,0,994,0.015707801777422665,0.06283120710969059,0.0002467350366788027
995,0,1,995,0.015707801777422627,0.06283120710969044,0.0002467350366788014
996,0,0,996,0.015707801777422658,0.06283120710969063,0.00024673503667880245
997,0,1,997,0.01570780177742252,0.06283120710968994,0.00024673503667879806
998,0,0,998,0.015707801777422557,0.06283120710969012,0.0002467350366787992
999,0,1,999,0.015707801777422595,0.06283120710969024,0.0002467350366788004
