,Layer,Qubit,Run,2-Norm,Trace Norm,Diamond Norm
0,0,1,0,0.003141591361661812,0.003141591361661812,9.869596283668119e-06
1,0,0,1,0.0031415913616617665,0.0031415913616617483,9.869596283667833e-06
2,0,1,2,0.0031415913616617886,0.0031415913616617878,9.869596283667968e-06
3,0,1,3,0.003141591361661782,0.0031415913616617526,9.869596283667931e-06
4,0,1,4,0.0031415913616615783,0.0031415913616615228,9.869596283666648e-06
5,0,1,5,0.0031415913616618272,0.00314159136166178,9.869596283668214e-06
6,0,1,6,0.003141591361661786,0.003141591361661786,9.869596283667956e-06
7,0,0,7,0.0031415913616618,0.00314159136166174,9.869596283668041e-06
8,0,0,8,0.003141591361661599,0.003141591361661599,9.86959628366678e-06
9,0,0,9,0.0031415913616616004,0.0031415913616615982,9.869596283666789e-06
10,0,0,10,0.0031415913616617704,0.0031415913616617023,9.869596283667856e-06
11,0,1,11,0.003141591361661819,0.0031415913616617856,9.869596283668161e-06
12,0,0,12,0.0031415913616618077,0.0031415913616618077,9.869596283668094e-06
13,0,0,13,0.0031415913616616394,0.0031415913616616394,9.869596283667033e-06
14,0,1,14,0.003141591361661798,0.0031415913616617977,9.869596283668027e-06
15,0,0,15,0.003141591361661522,0.003141591361661489,9.869596283666296e-06
16,0,1,16,0.0031415913616617813,0.0031415913616617813,9.869596283667926e-06
17,0,0,17,0.003141591361661488,0.0031415913616614586,9.869596283666083e-06
18,0,0,18,0.003141591361661651,0.003141591361661576,9.86959628366711e-06
19,0,0,19,0.00314159136166179,0.0031415913616616923,9.86959628366798e-06
20,0,0,20,0.0031415913616618042,0.003141591361661742,9.86959628366807e-06
21,0,0,21,0.0031415913616618285,0.0031415913616618155,9.86959628366822e-06
22,0,1,22,0.0031415913616618216,0.0031415913616617635,9.86959628366818e-06
23,0,0,23,0.003141591361661858,0.003141591361661858,9.869596283668409e-06
24,0,0,24,0.0031415913616617474,0.003141591361661733,9.869596283667712e-06
25,0,0,25,0.0031415913616615306,0.00314159136166153,9.869596283666347e-06
26,0,1,26,0.0031415913616615935,0.0031415913616615935,9.869596283666745e-06
27,0,0,27,0.0031415913616615605,0.00314159136166156,9.869596283666538e-06
28,0,1,28,0.0031415913616615306,0.0031415913616615297,9.869596283666345e-06
29,0,1,29,0.003141591361661732,0.0031415913616617314,9.86959628366761e-06
30,0,0,30,0.0031415913616616043,0.0031415913616616034,9.86959628366681e-06
31,0,1,31,0.0031415913616615475,0.003141591361661547,9.869596283666454e-06
32,0,0,32,0.0031415913616615622,0.0031415913616615354,9.869596283666549e-06
33,0,1,33,0.003141591361661822,0.003141591361661822,9.869596283668182e-06
34,0,0,34,0.0031415913616617383,0.003141591361661738,9.869596283667653e-06
35,0,1,35,0.0031415913616617648,0.0031415913616617648,9.869596283667822e-06
36,0,0,36,0.0031415913616618203,0.0031415913616618203,9.86959628366817e-06
37,0,0,37,0.0031415913616617756,0.0031415913616617756,9.86959628366789e-06
38,0,1,38,0.0031415913616617904,0.0031415913616617904,9.869596283667985e-06
39,0,0,39,0.003141591361661632,0.0031415913616616316,9.869596283666984e-06
40,0,0,40,0.00314159136166161,0.0031415913616615588,9.869596283666848e-06
41,0,1,41,0.0031415913616617457,0.0031415913616617457,9.869596283667704e-06
42,0,1,42,0.0031415913616618177,0.003141591361661817,9.869596283668148e-06
43,0,1,43,0.0031415913616615375,0.0031415913616615375,9.869596283666396e-06
44,0,1,44,0.003141591361661849,0.0031415913616617856,9.86959628366835e-06
45,0,1,45,0.003141591361661622,0.0031415913616616217,9.869596283666925e-06
46,0,0,46,0.0031415913616618597,0.0031415913616617583,9.869596283668417e-06
47,0,0,47,0.0031415913616617986,0.003141591361661779,9.869596283668034e-06
48,0,1,48,0.0031415913616615557,0.0031415913616615553,9.869596283666504e-06
49,0,0,49,0.003141591361661584,0.003141591361661562,9.869596283666684e-06
50,0,1,50,0.003141591361661784,0.003141591361661757,9.869596283667941e-06
51,0,1,51,0.0031415913616616832,0.003141591361661643,9.86959628366731e-06
52,0,1,52,0.003141591361661521,0.0031415913616615184,9.869596283666288e-06
53,0,1,53,0.0031415913616615427,0.0031415913616615397,9.869596283666427e-06
54,0,1,54,0.003141591361661793,0.003141591361661793,9.869596283667999e-06
55,0,1,55,0.0031415913616617856,0.003141591361661731,9.869596283667951e-06
56,0,1,56,0.003141591361661868,0.003141591361661868,9.869596283668471e-06
57,0,1,57,0.0031415913616618047,0.0031415913616618047,9.86959628366807e-06
58,0,0,58,0.003141591361661643,0.003141591361661643,9.869596283667053e-06
59,0,0,59,0.0031415913616618402,0.0031415913616617787,9.869596283668295e-06
60,0,0,60,0.003141591361661803,0.0031415913616617973,9.869596283668061e-06
61,0,1,61,0.003141591361661926,0.0031415913616617834,9.869596283668836e-06
62,0,1,62,0.0031415913616617717,0.0031415913616617717,9.869596283667861e-06
63,0,1,63,0.003141591361661627,0.0031415913616615124,9.869596283666953e-06
64,0,0,64,0.003141591361661731,0.0031415913616616633,9.869596283667607e-06
65,0,0,65,0.0031415913616618125,0.003141591361661794,9.86959628366812e-06
66,0,0,66,0.00314159136166184,0.00314159136166184,9.869596283668293e-06
67,0,1,67,0.0031415913616615674,0.0031415913616615674,9.86959628366658e-06
68,0,1,68,0.003141591361661829,0.003141591361661829,9.869596283668224e-06
69,0,1,69,0.003141591361661853,0.003141591361661853,9.869596283668376e-06
70,0,0,70,0.003141591361661594,0.003141591361661594,9.869596283666748e-06
71,0,1,71,0.0031415913616615926,0.0031415913616615727,9.869596283666738e-06
72,0,0,72,0.0031415913616615783,0.0031415913616614916,9.869596283666648e-06
73,0,1,73,0.00314159136166157,0.0031415913616615414,9.8695962836666e-06
74,0,1,74,0.0031415913616618016,0.0031415913616617717,9.869596283668051e-06
75,0,1,75,0.0031415913616615557,0.0031415913616615544,9.869596283666508e-06
76,0,1,76,0.0031415913616617006,0.0031415913616616824,9.869596283667418e-06
77,0,1,77,0.003141591361661795,0.003141591361661795,9.869596283668012e-06
78,0,1,78,0.0031415913616617782,0.003141591361661778,9.869596283667904e-06
79,0,0,79,0.0031415913616617613,0.0031415913616617613,9.869596283667802e-06
80,0,1,80,0.0031415913616617956,0.0031415913616617604,9.869596283668014e-06
81,0,1,81,0.003141591361661505,0.0031415913616614694,9.86959628366619e-06
82,0,1,82,0.0031415913616615674,0.0031415913616615674,9.869596283666582e-06
83,0,1,83,0.003141591361661621,0.0031415913616615887,9.869596283666916e-06
84,0,0,84,0.0031415913616618554,0.0031415913616618554,9.869596283668392e-06
85,0,1,85,0.003141591361661547,0.003141591361661546,9.869596283666452e-06
86,0,0,86,0.0031415913616615813,0.003141591361661528,9.869596283666669e-06
87,0,0,87,0.003141591361661631,0.003141591361661631,9.869596283666982e-06
88,0,1,88,0.0031415913616615904,0.0031415913616615536,9.869596283666726e-06
89,0,1,89,0.0031415913616618454,0.003141591361661724,9.869596283668327e-06
90,0,1,90,0.0031415913616617535,0.0031415913616617535,9.869596283667751e-06
91,0,0,91,0.0031415913616618064,0.003141591361661756,9.869596283668083e-06
92,0,1,92,0.003141591361661604,0.0031415913616615865,9.869596283666811e-06
93,0,0,93,0.003141591361661511,0.003141591361661399,9.869596283666227e-06
94,0,1,94,0.0031415913616617774,0.003141591361661722,9.869596283667902e-06
95,0,0,95,0.0031415913616615393,0.0031415913616615393,9.869596283666403e-06
96,0,0,96,0.003141591361661671,0.0031415913616616234,9.869596283667233e-06
97,0,1,97,0.003141591361661591,0.003141591361661591,9.869596283666728e-06
98,0,1,98,0.0031415913616616277,0.003141591361661492,9.869596283666958e-06
99,0,0,99,0.003141591361661784,0.003141591361661756,9.869596283667943e-06
100,0,0,100,0.0031415913616615674,0.003141591361661567,9.869596283666577e-06
101,0,1,101,0.003141591361661831,0.003141591361661831,9.869596283668238e-06
102,0,0,102,0.0031415913616616234,0.0031415913616615575,9.869596283666931e-06
103,0,1,103,0.0031415913616618186,0.0031415913616618,9.86959628366816e-06
104,0,0,104,0.00314159136166151,0.0031415913616615098,9.869596283666218e-06
105,0,0,105,0.0031415913616614777,0.0031415913616614777,9.869596283666015e-06
106,0,1,106,0.0031415913616618415,0.0031415913616618255,9.869596283668305e-06
107,0,0,107,0.003141591361661589,0.003141591361661589,9.869596283666718e-06
108,0,0,108,0.0031415913616617704,0.0031415913616617704,9.869596283667856e-06
109,0,1,109,0.0031415913616616086,0.0031415913616615015,9.869596283666842e-06
110,0,1,110,0.003141591361661751,0.0031415913616617444,9.869596283667733e-06
111,0,1,111,0.0031415913616617726,0.0031415913616617635,9.86959628366787e-06
112,0,1,112,0.0031415913616617956,0.003141591361661795,9.869596283668009e-06
113,0,0,113,0.0031415913616617943,0.003141591361661778,9.869596283668007e-06
114,0,1,114,0.0031415913616616954,0.00314159136166169,9.869596283667385e-06
115,0,1,115,0.003141591361661797,0.003141591361661797,9.869596283668024e-06
116,0,0,116,0.003141591361661849,0.0031415913616617626,9.86959628366835e-06
117,0,1,117,0.0031415913616617366,0.0031415913616617366,9.869596283667643e-06
118,0,0,118,0.0031415913616618493,0.0031415913616618493,9.869596283668354e-06
119,0,1,119,0.003141591361661845,0.003141591361661845,9.869596283668327e-06
120,0,1,120,0.0031415913616615753,0.0031415913616615397,9.86959628366663e-06
121,0,1,121,0.003141591361661807,0.0031415913616617834,9.869596283668085e-06
122,0,1,122,0.0031415913616618667,0.0031415913616618047,9.869596283668461e-06
123,0,0,123,0.0031415913616617583,0.0031415913616617583,9.86959628366778e-06
124,0,0,124,0.0031415913616618667,0.0031415913616618667,9.869596283668463e-06
125,0,1,125,0.003141591361661767,0.003141591361661767,9.869596283667834e-06
126,0,1,126,0.003141591361661577,0.003141591361661521,9.869596283666642e-06
127,0,0,127,0.0031415913616615874,0.003141591361661587,9.869596283666701e-06
128,0,0,128,0.003141591361661741,0.003141591361661731,9.869596283667672e-06
129,0,1,129,0.003141591361661666,0.0031415913616616655,9.869596283667197e-06
130,0,0,130,0.0031415913616618676,0.003141591361661812,9.869596283668466e-06
131,0,0,131,0.0031415913616617587,0.003141591361661747,9.869596283667784e-06
132,0,1,132,0.0031415913616615393,0.0031415913616615384,9.869596283666398e-06
133,0,0,133,0.003141591361661826,0.003141591361661769,9.869596283668205e-06
134,0,1,134,0.003141591361661641,0.003141591361661641,9.869596283667045e-06
135,0,0,135,0.00314159136166188,0.0031415913616618094,9.869596283668548e-06
136,0,1,136,0.003141591361661856,0.00314159136166181,9.869596283668395e-06
137,0,0,137,0.0031415913616615722,0.0031415913616615722,9.869596283666613e-06
138,0,1,138,0.003141591361661828,0.0031415913616617856,9.869596283668219e-06
139,0,1,139,0.003141591361661886,0.003141591361661886,9.869596283668585e-06
140,0,0,140,0.003141591361661838,0.003141591361661837,9.86959628366828e-06
141,0,0,141,0.0031415913616615943,0.0031415913616615336,9.869596283666752e-06
142,0,1,142,0.003141591361661826,0.0031415913616618225,9.869596283668205e-06
143,0,1,143,0.0031415913616617865,0.0031415913616617357,9.869596283667956e-06
144,0,0,144,0.003141591361661763,0.003141591361661763,9.869596283667812e-06
145,0,1,145,0.0031415913616618133,0.003141591361661786,9.869596283668126e-06
146,0,0,146,0.0031415913616617804,0.003141591361661781,9.86959628366792e-06
147,0,0,147,0.0031415913616617435,0.003141591361661725,9.869596283667687e-06
148,0,1,148,0.003141591361661769,0.0031415913616617674,9.869596283667848e-06
149,0,1,149,0.0031415913616617973,0.0031415913616617973,9.869596283668024e-06
150,0,1,150,0.00314159136166179,0.0031415913616617626,9.869596283667978e-06
151,0,0,151,0.0031415913616615982,0.003141591361661582,9.869596283666776e-06
152,0,0,152,0.00314159136166175,0.0031415913616617244,9.86959628366773e-06
153,0,0,153,0.0031415913616618333,0.0031415913616618333,9.869596283668253e-06
154,0,0,154,0.003141591361661844,0.0031415913616617817,9.869596283668319e-06
155,0,1,155,0.0031415913616617856,0.003141591361661785,9.869596283667951e-06
156,0,0,156,0.0031415913616616438,0.0031415913616616204,9.86959628366706e-06
157,0,1,157,0.0031415913616616837,0.0031415913616616832,9.86959628366731e-06
158,0,1,158,0.0031415913616618133,0.0031415913616617604,9.869596283668127e-06
159,0,0,159,0.0031415913616618172,0.0031415913616618172,9.869596283668151e-06
160,0,1,160,0.0031415913616618493,0.0031415913616618394,9.869596283668353e-06
161,0,1,161,0.003141591361661569,0.0031415913616615354,9.869596283666593e-06
162,0,1,162,0.0031415913616615033,0.0031415913616615033,9.869596283666178e-06
163,0,1,163,0.0031415913616617223,0.0031415913616617223,9.869596283667556e-06
164,0,1,164,0.0031415913616615475,0.0031415913616615475,9.869596283666457e-06
165,0,1,165,0.0031415913616618025,0.0031415913616617886,9.86959628366806e-06
166,0,0,166,0.0031415913616617656,0.0031415913616617656,9.869596283667828e-06
167,0,1,167,0.003141591361661817,0.003141591361661817,9.869596283668148e-06
168,0,0,168,0.0031415913616618264,0.003141591361661799,9.869596283668209e-06
169,0,0,169,0.003141591361661658,0.003141591361661519,9.869596283667152e-06
170,0,1,170,0.0031415913616618146,0.0031415913616618138,9.869596283668129e-06
171,0,0,171,0.003141591361661739,0.0031415913616616793,9.86959628366766e-06
172,0,0,172,0.0031415913616615935,0.0031415913616615783,9.869596283666745e-06
173,0,0,173,0.0031415913616616017,0.003141591361661601,9.86959628366679e-06
174,0,1,174,0.003141591361661829,0.0031415913616618285,9.869596283668224e-06
175,0,1,175,0.0031415913616615475,0.0031415913616615475,9.869596283666457e-06
176,0,0,176,0.003141591361661566,0.003141591361661552,9.869596283666574e-06
177,0,0,177,0.0031415913616615367,0.0031415913616615362,9.869596283666384e-06
178,0,1,178,0.003141591361661586,0.0031415913616615857,9.869596283666698e-06
179,0,0,179,0.0031415913616617656,0.0031415913616617648,9.869596283667819e-06
180,0,0,180,0.0031415913616618233,0.003141591361661823,9.869596283668187e-06
181,0,1,181,0.0031415913616615557,0.0031415913616615536,9.869596283666508e-06
182,0,0,182,0.003141591361661772,0.003141591361661772,9.869596283667868e-06
183,0,1,183,0.0031415913616617934,0.003141591361661792,9.869596283667995e-06
184,0,1,184,0.003141591361661665,0.0031415913616616646,9.869596283667192e-06
185,0,1,185,0.0031415913616618463,0.003141591361661839,9.869596283668334e-06
186,0,1,186,0.0031415913616617704,0.003141591361661735,9.869596283667856e-06
187,0,0,187,0.003141591361661592,0.003141591361661592,9.869596283666738e-06
188,0,1,188,0.003141591361661815,0.0031415913616618146,9.869596283668136e-06
189,0,1,189,0.0031415913616618866,0.0031415913616618866,9.869596283668585e-06
190,0,0,190,0.0031415913616615453,0.003141591361661545,9.869596283666438e-06
191,0,0,191,0.0031415913616617917,0.0031415913616617917,9.86959628366799e-06
192,0,0,192,0.0031415913616617873,0.0031415913616617305,9.869596283667961e-06
193,0,1,193,0.003141591361661586,0.003141591361661586,9.8695962836667e-06
194,0,0,194,0.003141591361661788,0.003141591361661788,9.869596283667972e-06
195,0,0,195,0.0031415913616618133,0.0031415913616617396,9.869596283668127e-06
196,0,0,196,0.0031415913616618177,0.0031415913616617513,9.869596283668155e-06
197,0,1,197,0.003141591361661834,0.0031415913616618333,9.869596283668253e-06
198,0,0,198,0.0031415913616617925,0.0031415913616617925,9.869596283667992e-06
199,0,0,199,0.0031415913616617552,0.0031415913616617552,9.869596283667761e-06
200,0,1,200,0.003141591361661857,0.003141591361661857,9.869596283668402e-06
201,0,1,201,0.003141591361661833,0.0031415913616618324,9.869596283668248e-06
202,0,0,202,0.0031415913616618207,0.0031415913616617214,9.869596283668173e-06
203,0,1,203,0.0031415913616617817,0.0031415913616617817,9.869596283667924e-06
204,0,0,204,0.003141591361661768,0.0031415913616617466,9.86959628366784e-06
205,0,0,205,0.0031415913616618485,0.0031415913616618485,9.86959628366835e-06
206,0,0,206,0.003141591361661761,0.003141591361661734,9.869596283667797e-06
207,0,0,207,0.0031415913616615657,0.0031415913616615067,9.86959628366657e-06
208,0,1,208,0.003141591361661583,0.003141591361661583,9.86959628366668e-06
209,0,0,209,0.003141591361661842,0.003141591361661842,9.869596283668305e-06
210,0,0,210,0.003141591361661807,0.003141591361661807,9.869596283668083e-06
211,0,0,211,0.003141591361661754,0.0031415913616616967,9.869596283667753e-06
212,0,0,212,0.003141591361661766,0.003141591361661766,9.869596283667828e-06
213,0,1,213,0.003141591361661536,0.003141591361661485,9.869596283666384e-06
214,0,0,214,0.0031415913616615974,0.0031415913616615974,9.869596283666769e-06
215,0,0,215,0.003141591361661814,0.0031415913616617405,9.86959628366813e-06
216,0,0,216,0.0031415913616615414,0.003141591361661541,9.869596283666415e-06
217,0,1,217,0.003141591361661833,0.003141591361661791,9.86959628366825e-06
218,0,0,218,0.0031415913616617747,0.0031415913616617747,9.869596283667883e-06
219,0,1,219,0.003141591361661593,0.003141591361661593,9.869596283666742e-06
220,0,0,220,0.003141591361661831,0.0031415913616617544,9.86959628366824e-06
221,0,1,221,0.003141591361661632,0.003141591361661632,9.86959628366699e-06
222,0,1,222,0.003141591361661767,0.0031415913616617166,9.869596283667833e-06
223,0,0,223,0.003141591361661584,0.003141591361661507,9.869596283666686e-06
224,0,0,224,0.0031415913616615384,0.0031415913616615384,9.8695962836664e-06
225,0,1,225,0.0031415913616618524,0.003141591361661851,9.869596283668366e-06
226,0,1,226,0.0031415913616618255,0.0031415913616618255,9.869596283668202e-06
227,0,1,227,0.0031415913616617583,0.003141591361661734,9.869596283667782e-06
228,0,1,228,0.003141591361661812,0.003141591361661812,9.869596283668117e-06
229,0,0,229,0.00314159136166159,0.0031415913616615896,9.869596283666721e-06
230,0,0,230,0.00314159136166188,0.0031415913616618606,9.869596283668548e-06
231,0,1,231,0.003141591361661744,0.003141591361661744,9.869596283667689e-06
232,0,0,232,0.0031415913616619027,0.0031415913616618433,9.869596283668688e-06
233,0,0,233,0.0031415913616618008,0.0031415913616617813,9.869596283668046e-06
234,0,1,234,0.0031415913616615484,0.0031415913616615362,9.86959628366646e-06
235,0,0,235,0.0031415913616618,0.003141591361661799,9.869596283668036e-06
236,0,1,236,0.0031415913616619257,0.0031415913616619257,9.86959628366883e-06
237,0,1,237,0.003141591361661817,0.0031415913616618164,9.869596283668146e-06
238,0,0,238,0.003141591361661923,0.003141591361661923,9.869596283668819e-06
239,0,0,239,0.0031415913616618433,0.0031415913616618177,9.869596283668314e-06
240,0,1,240,0.0031415913616617995,0.00314159136166179,9.86959628366804e-06
241,0,0,241,0.0031415913616617414,0.0031415913616617414,9.869596283667675e-06
242,0,1,242,0.0031415913616618164,0.003141591361661762,9.869596283668144e-06
243,0,1,243,0.003141591361661643,0.003141591361661543,9.869596283667055e-06
244,0,0,244,0.0031415913616616156,0.0031415913616616156,9.869596283666886e-06
245,0,1,245,0.0031415913616617873,0.003141591361661787,9.86959628366796e-06
246,0,1,246,0.003141591361661596,0.003141591361661596,9.86959628366676e-06
247,0,1,247,0.003141591361661756,0.003141591361661756,9.869596283667767e-06
248,0,1,248,0.003141591361661784,0.0031415913616617834,9.86959628366794e-06
249,0,0,249,0.003141591361661822,0.003141591361661814,9.86959628366818e-06
250,0,0,250,0.0031415913616618246,0.0031415913616618255,9.8695962836682e-06
251,0,0,251,0.003141591361661814,0.0031415913616618138,9.869596283668129e-06
252,0,0,252,0.0031415913616615254,0.0031415913616614556,9.869596283666318e-06
253,0,1,253,0.0031415913616618133,0.003141591361661744,9.869596283668126e-06
254,0,1,254,0.0031415913616618146,0.0031415913616618146,9.869596283668132e-06
255,0,0,255,0.0031415913616618545,0.00314159136166185,9.869596283668385e-06
256,0,0,256,0.0031415913616616997,0.003141591361661664,9.86959628366741e-06
257,0,1,257,0.003141591361661775,0.003141591361661775,9.869596283667889e-06
258,0,1,258,0.0031415913616617084,0.003141591361661708,9.869596283667463e-06
259,0,0,259,0.003141591361661734,0.0031415913616617283,9.869596283667626e-06
260,0,0,260,0.0031415913616618125,0.0031415913616618125,9.86959628366812e-06
261,0,1,261,0.0031415913616615852,0.0031415913616615735,9.869596283666693e-06
262,0,0,262,0.003141591361661972,0.003141591361661972,9.869596283669124e-06
263,0,0,263,0.0031415913616617756,0.003141591361661723,9.86959628366789e-06
264,0,0,264,0.0031415913616618806,0.0031415913616618506,9.869596283668551e-06
265,0,0,265,0.00314159136166183,0.0031415913616618294,9.869596283668227e-06
266,0,1,266,0.003141591361661458,0.003141591361661458,9.869596283665895e-06
267,0,0,267,0.003141591361661606,0.0031415913616615995,9.869596283666823e-06
268,0,0,268,0.003141591361661889,0.003141591361661773,9.8695962836686e-06
269,0,0,269,0.0031415913616617895,0.0031415913616617756,9.869596283667978e-06
270,0,0,270,0.0031415913616617353,0.0031415913616617288,9.869596283667636e-06
271,0,1,271,0.0031415913616616737,0.0031415913616616733,9.869596283667246e-06
272,0,1,272,0.0031415913616618728,0.0031415913616618728,9.8695962836685e-06
273,0,1,273,0.00314159136166171,0.003141591361661703,9.869596283667479e-06
274,0,1,274,0.0031415913616617396,0.003141591361661711,9.869596283667663e-06
275,0,0,275,0.003141591361661796,0.003141591361661775,9.869596283668017e-06
276,0,1,276,0.0031415913616617583,0.003141591361661753,9.86959628366778e-06
277,0,0,277,0.0031415913616617557,0.0031415913616617557,9.869596283667763e-06
278,0,1,278,0.0031415913616617648,0.0031415913616617596,9.86959628366782e-06
279,0,1,279,0.0031415913616617734,0.0031415913616617635,9.869596283667875e-06
280,0,1,280,0.0031415913616618563,0.0031415913616617314,9.869596283668397e-06
281,0,1,281,0.003141591361661821,0.0031415913616618116,9.869596283668177e-06
282,0,0,282,0.0031415913616617613,0.0031415913616617613,9.8695962836678e-06
283,0,1,283,0.0031415913616617734,0.0031415913616617726,9.869596283667877e-06
284,0,0,284,0.0031415913616618186,0.003141591361661762,9.869596283668158e-06
285,0,1,285,0.003141591361661606,0.003141591361661606,9.869596283666823e-06
286,0,0,286,0.0031415913616615683,0.0031415913616615683,9.869596283666584e-06
287,0,0,287,0.003141591361661535,0.003141591361661535,9.869596283666374e-06
288,0,0,288,0.0031415913616617687,0.003141591361661764,9.869596283667844e-06
289,0,1,289,0.0031415913616617192,0.0031415913616617192,9.869596283667533e-06
290,0,1,290,0.0031415913616617695,0.0031415913616617687,9.869596283667846e-06
291,0,1,291,0.003141591361661787,0.003141591361661786,9.86959628366796e-06
292,0,1,292,0.0031415913616618697,0.0031415913616618693,9.869596283668476e-06
293,0,0,293,0.00314159136166182,0.00314159136166182,9.869596283668166e-06
294,0,0,294,0.003141591361661526,0.003141591361661525,9.869596283666316e-06
295,0,0,295,0.0031415913616615813,0.0031415913616615067,9.869596283666669e-06
296,0,0,296,0.0031415913616615653,0.0031415913616615653,9.869596283666567e-06
297,0,0,297,0.0031415913616618823,0.00314159136166187,9.86959628366856e-06
298,0,0,298,0.003141591361661608,0.003141591361661608,9.86959628366684e-06
299,0,0,299,0.0031415913616618545,0.003141591361661779,9.869596283668385e-06
300,0,0,300,0.003141591361661841,0.0031415913616618407,9.869596283668295e-06
301,0,0,301,0.003141591361661793,0.0031415913616617613,9.869596283667997e-06
302,0,0,302,0.003141591361661775,0.0031415913616617366,9.869596283667887e-06
303,0,0,303,0.0031415913616616143,0.0031415913616615206,9.869596283666875e-06
304,0,0,304,0.003141591361661607,0.0031415913616616065,9.86959628366683e-06
305,0,1,305,0.0031415913616615796,0.0031415913616615796,9.869596283666655e-06
306,0,1,306,0.0031415913616617635,0.0031415913616617626,9.869596283667807e-06
307,0,0,307,0.0031415913616614573,0.003141591361661449,9.869596283665888e-06
308,0,0,308,0.003141591361661832,0.003141591361661832,9.869596283668243e-06
309,0,1,309,0.0031415913616617977,0.0031415913616617977,9.869596283668029e-06
310,0,1,310,0.0031415913616617275,0.0031415913616616997,9.869596283667585e-06
311,0,1,311,0.003141591361661553,0.003141591361661553,9.869596283666491e-06
312,0,1,312,0.003141591361661823,0.0031415913616618225,9.869596283668183e-06
313,0,1,313,0.003141591361661567,0.003141591361661549,9.869596283666579e-06
314,0,1,314,1.9999975325994075,1.999997532599407,9.86959628366816e-06
315,0,0,315,0.0031415913616616538,0.003141591361661614,9.869596283667123e-06
316,0,1,316,0.0031415913616617964,0.0031415913616617457,9.869596283668019e-06
317,0,1,317,0.003141591361661602,0.0031415913616615753,9.8695962836668e-06
318,0,1,318,0.00314159136166181,0.00314159136166176,9.869596283668105e-06
319,0,0,319,0.003141591361661562,0.0031415913616615544,9.869596283666547e-06
320,0,0,320,0.0031415913616618164,0.0031415913616618164,9.869596283668144e-06
321,0,1,321,0.00314159136166159,0.0031415913616615453,9.869596283666725e-06
322,0,1,322,0.003141591361661606,0.0031415913616616056,9.869596283666823e-06
323,0,1,323,0.0031415913616615948,0.003141591361661587,9.869596283666754e-06
324,0,0,324,0.003141591361661626,0.003141591361661626,9.86959628366695e-06
325,0,0,325,0.003141591361661772,0.003141591361661772,9.869596283667867e-06
326,0,0,326,0.0031415913616619365,0.0031415913616619365,9.8695962836689e-06
327,0,0,327,0.0031415913616618476,0.0031415913616618476,9.869596283668341e-06
328,0,1,328,0.003141591361661796,0.003141591361661796,9.869596283668019e-06
329,0,0,329,0.0031415913616618094,0.0031415913616618086,9.869596283668097e-06
330,0,0,330,0.003141591361661815,0.003141591361661749,9.869596283668138e-06
331,0,1,331,0.0031415913616617565,0.0031415913616617557,9.869596283667761e-06
332,0,0,332,0.0031415913616617843,0.0031415913616617843,9.869596283667944e-06
333,0,0,333,0.003141591361661527,0.003141591361661527,9.869596283666327e-06
334,0,1,334,0.0031415913616617604,0.0031415913616617604,9.869596283667795e-06
335,0,0,335,0.0031415913616617986,0.003141591361661754,9.869596283668034e-06
336,0,1,336,0.003141591361661818,0.00314159136166172,9.869596283668155e-06
337,0,0,337,0.003141591361661819,0.003141591361661818,9.869596283668158e-06
338,0,0,338,0.0031415913616616026,0.0031415913616616004,9.869596283666803e-06
339,0,1,339,0.003141591361661625,0.003141591361661537,9.869596283666943e-06
340,0,1,340,0.003141591361661617,0.003141591361661617,9.869596283666892e-06
341,0,1,341,0.0031415913616618034,0.003141591361661776,9.869596283668065e-06
342,0,1,342,0.0031415913616615505,0.00314159136166155,9.869596283666469e-06
343,0,1,343,0.0031415913616615397,0.003141591361661533,9.869596283666406e-06
344,0,0,344,0.0031415913616617977,0.003141591361661728,9.869596283668029e-06
345,0,0,345,0.003141591361661554,0.003141591361661554,9.869596283666494e-06
346,0,0,346,0.003141591361661538,0.0031415913616614772,9.869596283666396e-06
347,0,0,347,0.0031415913616615635,0.0031415913616615635,9.869596283666557e-06
348,0,0,348,0.00314159136166166,0.00314159136166166,9.869596283667162e-06
349,0,1,349,0.0031415913616617912,0.003141591361661791,9.869596283667985e-06
350,0,0,350,0.0031415913616615583,0.0031415913616615406,9.869596283666523e-06
351,0,1,351,0.0031415913616618103,0.0031415913616617847,9.869596283668107e-06
352,0,0,352,0.003141591361661788,0.003141591361661708,9.869596283667968e-06
353,0,1,353,0.0031415913616619187,0.003141591361661918,9.869596283668783e-06
354,0,0,354,0.003141591361661828,0.003141591361661781,9.869596283668219e-06
355,0,1,355,0.0031415913616618376,0.003141591361661736,9.869596283668278e-06
356,0,1,356,0.0031415913616615076,0.003141591361661507,9.869596283666201e-06
357,0,1,357,0.003141591361661607,0.003141591361661607,9.869596283666828e-06
358,0,1,358,0.0031415913616615688,0.0031415913616615688,9.86959628366659e-06
359,0,1,359,0.0031415913616617648,0.0031415913616617648,9.869596283667819e-06
360,0,1,360,0.003141591361661919,0.003141591361661919,9.869596283668791e-06
361,0,1,361,0.0031415913616615635,0.003141591361661555,9.869596283666557e-06
362,0,1,362,0.003141591361661595,0.0031415913616615236,9.869596283666757e-06
363,0,0,363,0.0031415913616615883,0.003141591361661528,9.869596283666713e-06
364,0,0,364,0.0031415913616615475,0.0031415913616615163,9.869596283666457e-06
365,0,1,365,0.0031415913616615722,0.003141591361661572,9.869596283666608e-06
366,0,0,366,0.003141591361661596,0.003141591361661525,9.86959628366676e-06
367,0,0,367,0.0031415913616615757,0.003141591361661564,9.869596283666633e-06
368,0,0,368,0.0031415913616619066,0.003141591361661817,9.869596283668714e-06
369,0,0,369,0.0031415913616615714,0.0031415913616615622,9.869596283666606e-06
370,0,1,370,0.0031415913616615583,0.0031415913616615583,9.869596283666523e-06
371,0,0,371,0.003141591361661601,0.003141591361661601,9.869596283666792e-06
372,0,1,372,0.0031415913616616165,0.0031415913616615783,9.86959628366689e-06
373,0,1,373,0.0031415913616617643,0.0031415913616617643,9.869596283667817e-06
374,0,1,374,0.0031415913616617366,0.003141591361661736,9.869596283667641e-06
375,0,0,375,0.0031415913616617912,0.0031415913616617904,9.869596283667983e-06
376,0,0,376,0.0031415913616615085,0.003141591361661486,9.86959628366621e-06
377,0,0,377,0.003141591361661742,0.0031415913616617045,9.869596283667677e-06
378,0,0,378,0.00314159136166156,0.0031415913616615523,9.869596283666535e-06
379,0,1,379,0.003141591361661767,0.0031415913616617444,9.869596283667834e-06
380,0,1,380,0.0031415913616616013,0.0031415913616615215,9.869596283666794e-06
381,0,1,381,0.003141591361661779,0.003141591361661754,9.86959628366791e-06
382,0,0,382,0.0031415913616615987,0.003141591361661556,9.869596283666779e-06
383,0,1,383,0.0031415913616617643,0.003141591361661764,9.869596283667814e-06
384,0,0,384,0.003141591361661812,0.003141591361661754,9.869596283668119e-06
385,0,0,385,0.003141591361661725,0.0031415913616617075,9.86959628366757e-06
386,0,1,386,0.0031415913616618454,0.003141591361661796,9.869596283668329e-06
387,0,0,387,0.0031415913616616472,0.0031415913616616472,9.869596283667082e-06
388,0,0,388,0.00314159136166164,0.0031415913616616394,9.869596283667031e-06
389,0,0,389,0.003141591361661536,0.003141591361661484,9.869596283666383e-06
390,0,1,390,0.003141591361661788,0.0031415913616617878,9.869596283667963e-06
391,0,0,391,0.003141591361661898,0.0031415913616618975,9.869596283668654e-06
392,0,1,392,0.0031415913616618194,0.003141591361661774,9.869596283668165e-06
393,0,1,393,0.003141591361661779,0.003141591361661779,9.869596283667912e-06
394,0,1,394,0.003141591361661723,0.003141591361661681,9.86959628366756e-06
395,0,1,395,0.0031415913616618216,0.0031415913616618216,9.869596283668177e-06
396,0,1,396,0.003141591361661948,0.0031415913616618914,9.869596283668973e-06
397,0,1,397,0.0031415913616617782,0.0031415913616617782,9.869596283667905e-06
398,0,1,398,0.0031415913616615857,0.0031415913616615857,9.869596283666694e-06
399,0,1,399,0.003141591361661823,0.003141591361661819,9.869596283668185e-06
400,0,1,400,0.003141591361661928,0.0031415913616617986,9.869596283668847e-06
401,0,0,401,0.003141591361661529,0.0031415913616615124,9.86959628366634e-06
402,0,1,402,0.0031415913616617895,0.003141591361661746,9.869596283667977e-06
403,0,1,403,0.003141591361661782,0.003141591361661782,9.869596283667933e-06
404,0,1,404,0.0031415913616617665,0.0031415913616617045,9.869596283667833e-06
405,0,1,405,0.0031415913616617574,0.0031415913616617574,9.869596283667773e-06
406,0,1,406,0.0031415913616615566,0.003141591361661557,9.869596283666515e-06
407,0,1,407,0.003141591361661826,0.0031415913616618216,9.869596283668204e-06
408,0,1,408,0.003141591361661753,0.003141591361661753,9.86959628366775e-06
409,0,1,409,0.003141591361661816,0.003141591361661816,9.869596283668143e-06
410,0,1,410,0.0031415913616617734,0.00314159136166177,9.869596283667877e-06
411,0,1,411,0.0031415913616615375,0.0031415913616615,9.869596283666393e-06
412,0,1,412,0.0031415913616617765,0.0031415913616617375,9.869596283667895e-06
413,0,0,413,0.003141591361661735,0.003141591361661734,9.86959628366763e-06
414,0,0,414,0.0031415913616614833,0.0031415913616614816,9.869596283666052e-06
415,0,0,415,0.003141591361661692,0.003141591361661671,9.869596283667363e-06
416,0,0,416,0.0031415913616618238,0.0031415913616618238,9.869596283668195e-06
417,0,1,417,0.0031415913616617687,0.0031415913616617687,9.869596283667843e-06
418,0,1,418,0.0031415913616617977,0.003141591361661767,9.869596283668027e-06
419,0,0,419,0.0031415913616615653,0.003141591361661565,9.869596283666567e-06
420,0,1,420,0.0031415913616618693,0.0031415913616618684,9.869596283668473e-06
421,0,1,421,0.0031415913616616113,0.0031415913616615744,9.869596283666855e-06
422,0,1,422,0.0031415913616616013,0.0031415913616615245,9.869596283666794e-06
423,0,1,423,0.0031415913616615336,0.0031415913616615336,9.86959628366637e-06
424,0,1,424,0.003141591361661739,0.0031415913616616897,9.869596283667662e-06
425,0,0,425,0.003141591361661846,0.003141591361661838,9.869596283668329e-06
426,0,1,426,0.0031415913616617986,0.0031415913616617986,9.869596283668033e-06
427,0,1,427,0.003141591361661619,0.0031415913616616186,9.8695962836669e-06
428,0,0,428,0.003141591361661805,0.0031415913616617774,9.869596283668075e-06
429,0,0,429,0.003141591361661839,0.0031415913616618385,9.869596283668285e-06
430,0,1,430,0.0031415913616617782,0.0031415913616617782,9.869596283667907e-06
431,0,0,431,0.0031415913616617635,0.003141591361661763,9.869596283667812e-06
432,0,0,432,0.00314159136166178,0.0031415913616617795,9.86959628366791e-06
433,0,0,433,0.00314159136166165,0.00314159136166165,9.869596283667096e-06
434,0,0,434,0.0031415913616616915,0.003141591361661691,9.86959628366736e-06
435,0,1,435,0.003141591361661749,0.0031415913616617036,9.869596283667724e-06
436,0,1,436,0.003141591361661794,0.003141591361661794,9.869596283668002e-06
437,0,0,437,0.0031415913616619083,0.0031415913616619083,9.86959628366872e-06
438,0,1,438,0.0031415913616618433,0.0031415913616618433,9.869596283668312e-06
439,0,1,439,0.0031415913616615688,0.0031415913616615145,9.86959628366659e-06
440,0,1,440,0.003141591361661756,0.003141591361661756,9.869596283667763e-06
441,0,1,441,0.0031415913616617513,0.0031415913616617513,9.869596283667736e-06
442,0,0,442,0.0031415913616617587,0.0031415913616617583,9.869596283667782e-06
443,0,1,443,0.0031415913616616407,0.0031415913616616078,9.869596283667042e-06
444,0,1,444,0.003141591361661611,0.003141591361661582,9.869596283666855e-06
445,0,0,445,0.0031415913616617956,0.003141591361661773,9.869596283668016e-06
446,0,0,446,0.003141591361661821,0.0031415913616617765,9.869596283668177e-06
447,0,1,447,0.003141591361661824,0.003141591361661824,9.869596283668193e-06
448,0,0,448,0.0031415913616618645,0.0031415913616618645,9.86959628366845e-06
449,0,0,449,0.003141591361661768,0.0031415913616617557,9.86959628366784e-06
450,0,1,450,0.0031415913616618125,0.0031415913616618125,9.869596283668119e-06
451,0,0,451,0.0031415913616617236,0.003141591361661621,9.869596283667562e-06
452,0,1,452,0.0031415913616615774,0.003141591361661575,9.869596283666645e-06
453,0,1,453,0.0031415913616617826,0.0031415913616617826,9.869596283667931e-06
454,0,0,454,0.003141591361661822,0.003141591361661731,9.869596283668182e-06
455,0,0,455,0.0031415913616617795,0.0031415913616617795,9.869596283667917e-06
456,0,1,456,0.0031415913616617795,0.0031415913616617795,9.869596283667914e-06
457,0,1,457,0.0031415913616617036,0.0031415913616617036,9.86959628366744e-06
458,0,0,458,0.003141591361661789,0.003141591361661789,9.869596283667975e-06
459,0,1,459,0.0031415913616617643,0.0031415913616617552,9.86959628366782e-06
460,0,1,460,0.0031415913616615796,0.0031415913616615796,9.869596283666655e-06
461,0,0,461,0.0031415913616618003,0.0031415913616616845,9.869596283668044e-06
462,0,0,462,0.003141591361661559,0.0031415913616615583,9.869596283666528e-06
463,0,1,463,0.0031415913616616798,0.0031415913616616798,9.869596283667284e-06
464,0,0,464,0.003141591361661776,0.003141591361661768,9.869596283667894e-06
465,0,0,465,0.003141591361661628,0.0031415913616616047,9.869596283666962e-06
466,0,1,466,0.0031415913616615674,0.0031415913616615674,9.86959628366658e-06
467,0,1,467,0.003141591361661774,0.0031415913616617704,9.869596283667877e-06
468,0,1,468,0.003141591361661726,0.0031415913616617257,9.869596283667575e-06
469,0,1,469,0.0031415913616618996,0.0031415913616617713,9.869596283668668e-06
470,0,0,470,0.0031415913616617826,0.0031415913616617817,9.86959628366793e-06
471,0,0,471,0.003141591361661803,0.003141591361661803,9.86959628366806e-06
472,0,1,472,0.0031415913616616295,0.003141591361661629,9.869596283666967e-06
473,0,0,473,0.003141591361661824,0.003141591361661824,9.869596283668195e-06
474,0,0,474,0.0031415913616618047,0.0031415913616618047,9.869596283668071e-06
475,0,1,475,0.003141591361661849,0.0031415913616618485,9.869596283668348e-06
476,0,1,476,0.003141591361661799,0.003141591361661799,9.869596283668036e-06
477,0,0,477,0.0031415913616617062,0.0031415913616616954,9.869596283667453e-06
478,0,1,478,0.003141591361661574,0.0031415913616615423,9.869596283666621e-06
479,0,0,479,0.0031415913616617847,0.0031415913616617847,9.869596283667944e-06
480,0,0,480,0.0031415913616618008,0.0031415913616618008,9.869596283668048e-06
481,0,1,481,0.003141591361661883,0.003141591361661883,9.869596283668566e-06
482,0,0,482,0.0031415913616618155,0.0031415913616618155,9.869596283668141e-06
483,0,0,483,0.0031415913616618355,0.0031415913616617756,9.869596283668266e-06
484,0,1,484,0.003141591361661497,0.0031415913616614903,9.869596283666139e-06
485,0,0,485,0.0031415913616617743,0.003141591361661773,9.869596283667873e-06
486,0,0,486,0.0031415913616617496,0.0031415913616617275,9.869596283667728e-06
487,0,1,487,0.0031415913616615527,0.0031415913616615527,9.86959628366649e-06
488,0,0,488,0.0031415913616616204,0.0031415913616615935,9.869596283666913e-06
489,0,0,489,0.0031415913616619365,0.0031415913616618554,9.8695962836689e-06
490,0,0,490,0.003141591361661666,0.0031415913616616655,9.869596283667197e-06
491,0,0,491,0.0031415913616617747,0.0031415913616617747,9.869596283667885e-06
492,0,0,492,0.003141591361661858,0.003141591361661805,9.869596283668409e-06
493,0,1,493,0.003141591361661737,0.0031415913616617305,9.869596283667646e-06
494,0,1,494,0.003141591361661855,0.003141591361661821,9.869596283668387e-06
495,0,1,495,0.003141591361661872,0.0031415913616617756,9.869596283668495e-06
496,0,0,496,0.0031415913616616963,0.003141591361661644,9.869596283667389e-06
497,0,1,497,0.003141591361661814,0.0031415913616618146,9.869596283668132e-06
498,0,0,498,0.0031415913616618316,0.0031415913616617583,9.869596283668241e-06
499,0,1,499,0.0031415913616617587,0.003141591361661714,9.869596283667784e-06
500,0,1,500,0.0031415913616617986,0.0031415913616617695,9.869596283668033e-06
501,0,0,501,0.0031415913616615002,0.0031415913616615002,9.869596283666159e-06
502,0,0,502,0.0031415913616617912,0.0031415913616617912,9.869596283667987e-06
503,0,1,503,0.003141591361661868,0.0031415913616617878,9.86959628366847e-06
504,0,1,504,0.0031415913616617565,0.003141591361661756,9.869596283667765e-06
505,0,1,505,0.0031415913616618125,0.003141591361661785,9.86959628366812e-06
506,0,1,506,0.003141591361661781,0.0031415913616617457,9.869596283667922e-06
507,0,1,507,0.0031415913616617466,0.0031415913616617444,9.869596283667706e-06
508,0,0,508,0.0031415913616618303,0.0031415913616618294,9.869596283668229e-06
509,0,1,509,0.003141591361661809,0.0031415913616617734,9.869596283668099e-06
510,0,1,510,0.003141591361661776,0.0031415913616617756,9.86959628366789e-06
511,0,0,511,0.0031415913616617878,0.0031415913616617878,9.869596283667966e-06
512,0,0,512,0.0031415913616617583,0.0031415913616617414,9.86959628366778e-06
513,0,1,513,0.0031415913616615484,0.0031415913616615484,9.86959628366646e-06
514,0,0,514,0.003141591361661665,0.0031415913616615948,9.869596283667194e-06
515,0,1,515,0.0031415913616615757,0.00314159136166157,9.869596283666633e-06
516,0,1,516,0.0031415913616618094,0.003141591361661809,9.8695962836681e-06
517,0,0,517,0.0031415913616618103,0.0031415913616618103,9.869596283668107e-06
518,0,0,518,0.003141591361661798,0.003141591361661708,9.86959628366803e-06
519,0,1,519,0.0031415913616617726,0.003141591361661772,9.869596283667872e-06
520,0,1,520,0.0031415913616618272,0.003141591361661737,9.869596283668214e-06
521,0,0,521,0.00314159136166184,0.00314159136166184,9.869596283668295e-06
522,0,1,522,0.0031415913616618008,0.0031415913616618008,9.869596283668048e-06
523,0,1,523,0.003141591361661761,0.0031415913616617474,9.869596283667797e-06
524,0,1,524,0.0031415913616615904,0.003141591361661498,9.869596283666725e-06
525,0,1,525,0.0031415913616617335,0.003141591361661649,9.869596283667626e-06
526,0,1,526,0.0031415913616618077,0.0031415913616617765,9.86959628366809e-06
527,0,0,527,0.0031415913616617357,0.003141591361661645,9.86959628366764e-06
528,0,0,528,0.0031415913616618858,0.003141591361661847,9.869596283668581e-06
529,0,0,529,0.003141591361661792,0.003141591361661792,9.869596283667995e-06
530,0,1,530,0.003141591361661593,0.003141591361661593,9.869596283666742e-06
531,0,0,531,0.003141591361661839,0.003141591361661839,9.869596283668288e-06
532,0,1,532,0.003141591361661766,0.0031415913616617388,9.86959628366783e-06
533,0,1,533,0.003141591361661618,0.0031415913616616178,9.8695962836669e-06
534,0,0,534,0.0031415913616618203,0.0031415913616618203,9.869596283668171e-06
535,0,0,535,0.003141591361661817,0.0031415913616618164,9.869596283668143e-06
536,0,1,536,0.003141591361661771,0.003141591361661736,9.869596283667858e-06
537,0,0,537,0.0031415913616617747,0.0031415913616617747,9.869596283667882e-06
538,0,0,538,0.0031415913616615514,0.0031415913616615514,9.86959628366648e-06
539,0,0,539,0.0031415913616615883,0.0031415913616615596,9.869596283666711e-06
540,0,0,540,0.003141591361661648,0.003141591361661647,9.86959628366708e-06
541,0,1,541,0.0031415913616619005,0.003141591361661853,9.869596283668673e-06
542,0,0,542,0.003141591361661532,0.003141591361661532,9.869596283666359e-06
543,0,1,543,0.00314159136166154,0.003141591361661517,9.86959628366641e-06
544,0,1,544,0.0031415913616618138,0.0031415913616618034,9.869596283668129e-06
545,0,1,545,0.0031415913616617427,0.0031415913616617427,9.869596283667682e-06
546,0,0,546,0.0031415913616616247,0.0031415913616616217,9.869596283666942e-06
547,0,1,547,0.003141591361661804,0.003141591361661804,9.869596283668066e-06
548,0,1,548,0.003141591361661609,0.003141591361661569,9.869596283666842e-06
549,0,1,549,0.003141591361661749,0.0031415913616617487,9.86959628366772e-06
550,0,1,550,0.0031415913616618146,0.0031415913616618146,9.869596283668136e-06
551,0,0,551,0.0031415913616616776,0.0031415913616616776,9.869596283667272e-06
552,0,0,552,0.0031415913616615887,0.003141591361661524,9.869596283666715e-06
553,0,0,553,0.0031415913616616342,0.0031415913616616342,9.869596283666999e-06
554,0,0,554,0.003141591361661824,0.0031415913616618238,9.869596283668195e-06
555,0,0,555,0.0031415913616617626,0.003141591361661762,9.869596283667804e-06
556,0,0,556,0.00314159136166154,0.0031415913616615393,9.869596283666403e-06
557,0,1,557,0.0031415913616615688,0.003141591361661568,9.869596283666584e-06
558,0,1,558,0.003141591361661802,0.003141591361661802,9.869596283668056e-06
559,0,0,559,0.003141591361661628,0.003141591361661628,9.869596283666964e-06
560,0,0,560,0.0031415913616615917,0.0031415913616615917,9.869596283666735e-06
561,0,1,561,0.0031415913616617587,0.0031415913616617587,9.869596283667782e-06
562,0,1,562,0.0031415913616616113,0.003141591361661611,9.869596283666857e-06
563,0,0,563,0.003141591361661624,0.0031415913616616234,9.869596283666935e-06
564,0,1,564,0.0031415913616617977,0.0031415913616617977,9.869596283668027e-06
565,0,1,565,0.0031415913616617743,0.0031415913616617734,9.869596283667877e-06
566,0,1,566,0.003141591361661731,0.00314159136166173,9.869596283667602e-06
567,0,1,567,0.0031415913616618554,0.0031415913616617895,9.869596283668392e-06
568,0,1,568,0.0031415913616615627,0.0031415913616615627,9.869596283666554e-06
569,0,0,569,0.003141591361661795,0.003141591361661795,9.869596283668012e-06
570,0,1,570,0.0031415913616617904,0.003141591361661757,9.869596283667982e-06
571,0,0,571,0.0031415913616618437,0.003141591361661843,9.869596283668312e-06
572,0,0,572,0.0031415913616617574,0.0031415913616617552,9.869596283667777e-06
573,0,1,573,0.0031415913616618008,0.0031415913616618008,9.86959628366805e-06
574,0,1,574,0.0031415913616617826,0.0031415913616617084,9.869596283667933e-06
575,0,1,575,0.003141591361661568,0.003141591361661405,9.869596283666584e-06
576,0,1,576,0.0031415913616616013,0.003141591361661529,9.869596283666792e-06
577,0,0,577,0.003141591361661577,0.0031415913616615163,9.869596283666642e-06
578,0,0,578,0.0031415913616617682,0.0031415913616617518,9.869596283667844e-06
579,0,1,579,0.003141591361661656,0.003141591361661656,9.869596283667138e-06
580,0,0,580,0.003141591361661764,0.003141591361661764,9.869596283667814e-06
581,0,1,581,0.003141591361661768,0.003141591361661759,9.869596283667838e-06
582,0,0,582,0.0031415913616616004,0.0031415913616616004,9.869596283666787e-06
583,0,0,583,0.0031415913616617873,0.003141591361661743,9.869596283667965e-06
584,0,0,584,0.0031415913616617886,0.0031415913616617804,9.869596283667972e-06
585,0,0,585,0.0031415913616615965,0.0031415913616615965,9.869596283666765e-06
586,0,0,586,0.003141591361661699,0.0031415913616616876,9.869596283667406e-06
587,0,0,587,0.003141591361661864,0.003141591361661864,9.869596283668442e-06
588,0,1,588,0.0031415913616615553,0.003141591361661503,9.869596283666504e-06
589,0,1,589,0.0031415913616615813,0.003141591361661563,9.869596283666669e-06
590,0,1,590,0.003141591361661608,0.003141591361661608,9.869596283666837e-06
591,0,0,591,0.0031415913616616884,0.003141591361661672,9.869596283667341e-06
592,0,1,592,0.0031415913616618537,0.003141591361661815,9.86959628366838e-06
593,0,1,593,0.0031415913616615614,0.0031415913616615505,9.869596283666543e-06
594,0,1,594,0.003141591361661789,0.003141591361661789,9.869596283667977e-06
595,0,1,595,0.003141591361661674,0.003141591361661585,9.869596283667253e-06
596,0,0,596,0.003141591361661772,0.003141591361661772,9.869596283667868e-06
597,0,1,597,0.003141591361661671,0.003141591361661671,9.869596283667235e-06
598,0,0,598,0.0031415913616615904,0.003141591361661517,9.869596283666726e-06
599,0,0,599,0.0031415913616618337,0.0031415913616618047,9.869596283668256e-06
600,0,0,600,0.0031415913616618016,0.0031415913616617665,9.869596283668053e-06
601,0,0,601,0.003141591361661803,0.003141591361661803,9.86959628366806e-06
602,0,0,602,0.0031415913616617817,0.0031415913616617817,9.869596283667926e-06
603,0,0,603,0.0031415913616617557,0.003141591361661752,9.869596283667765e-06
604,0,1,604,0.0031415913616617383,0.0031415913616617383,9.869596283667655e-06
605,0,0,605,0.0031415913616615393,0.0031415913616615384,9.8695962836664e-06
606,0,1,606,0.0031415913616617244,0.0031415913616616373,9.869596283667568e-06
607,0,1,607,0.0031415913616615622,0.0031415913616615297,9.869596283666549e-06
608,0,1,608,0.003141591361661794,0.0031415913616617925,9.869596283667994e-06
609,0,1,609,0.0031415913616618194,0.0031415913616618194,9.869596283668163e-06
610,0,0,610,0.003141591361661836,0.0031415913616617145,9.869596283668266e-06
611,0,1,611,0.003141591361661771,0.0031415913616617704,9.869596283667855e-06
612,0,0,612,0.0031415913616618116,0.003141591361661752,9.869596283668116e-06
613,0,1,613,0.0031415913616617956,0.003141591361661782,9.869596283668016e-06
614,0,0,614,0.003141591361661841,0.003141591361661841,9.869596283668302e-06
615,0,0,615,0.0031415913616615722,0.0031415913616615722,9.869596283666613e-06
616,0,0,616,0.0031415913616618402,0.0031415913616618107,9.869596283668297e-06
617,0,0,617,0.0031415913616615323,0.003141591361661532,9.869596283666355e-06
618,0,1,618,0.003141591361661787,0.003141591361661743,9.869596283667961e-06
619,0,1,619,0.003141591361661773,0.0031415913616617734,9.869596283667875e-06
620,0,0,620,0.0031415913616618363,0.0031415913616618363,9.869596283668271e-06
621,0,1,621,0.0031415913616617787,0.0031415913616617787,9.869596283667907e-06
622,0,1,622,0.003141591361661831,0.003141591361661811,9.86959628366824e-06
623,0,1,623,0.0031415913616618476,0.0031415913616617713,9.869596283668343e-06
624,0,1,624,0.003141591361661755,0.003141591361661723,9.86959628366776e-06
625,0,1,625,0.0031415913616615367,0.0031415913616614885,9.869596283666388e-06
626,0,1,626,0.003141591361661616,0.0031415913616615943,9.869596283666887e-06
627,0,0,627,0.0031415913616617826,0.0031415913616617795,9.869596283667933e-06
628,0,0,628,0.0031415913616615345,0.0031415913616615345,9.869596283666374e-06
629,0,1,629,0.003141591361661802,0.003141591361661802,9.869596283668055e-06
630,0,1,630,0.0031415913616618433,0.0031415913616618433,9.869596283668315e-06
631,0,0,631,0.0031415913616617648,0.0031415913616617127,9.86959628366782e-06
632,0,1,632,0.003141591361661844,0.0031415913616617344,9.86959628366832e-06
633,0,0,633,0.0031415913616617427,0.0031415913616617422,9.86959628366768e-06
634,0,1,634,0.003141591361661757,0.003141591361661756,9.869596283667768e-06
635,0,1,635,0.003141591361661805,0.003141591361661732,9.869596283668075e-06
636,0,1,636,0.0031415913616617726,0.003141591361661692,9.869596283667872e-06
637,0,1,637,0.0031415913616616147,0.0031415913616615722,9.869596283666879e-06
638,0,0,638,0.0031415913616617643,0.0031415913616617526,9.869596283667819e-06
639,0,1,639,0.0031415913616615267,0.0031415913616615167,9.869596283666327e-06
640,0,0,640,0.003141591361661656,0.003141591361661655,9.86959628366713e-06
641,0,0,641,0.0031415913616614603,0.0031415913616614603,9.86959628366591e-06
642,0,0,642,0.0031415913616617184,0.0031415913616617184,9.86959628366753e-06
643,0,0,643,0.0031415913616616264,0.0031415913616616264,9.869596283666952e-06
644,0,0,644,0.003141591361661836,0.0031415913616618355,9.869596283668266e-06
645,0,1,645,0.0031415913616617747,0.0031415913616617747,9.869596283667883e-06
646,0,1,646,0.003141591361661507,0.003141591361661507,9.869596283666203e-06
647,0,1,647,0.003141591361661556,0.003141591361661556,9.869596283666508e-06
648,0,0,648,0.0031415913616618576,0.00314159136166181,9.869596283668405e-06
649,0,1,649,0.0031415913616618216,0.003141591361661821,9.869596283668177e-06
650,0,0,650,0.003141591361661771,0.003141591361661771,9.869596283667861e-06
651,0,0,651,0.0031415913616617704,0.0031415913616617635,9.869596283667856e-06
652,0,1,652,0.0031415913616618767,0.0031415913616618667,9.869596283668526e-06
653,0,1,653,0.003141591361661726,0.0031415913616616923,9.86959628366758e-06
654,0,0,654,0.003141591361661648,0.003141591361661648,9.869596283667087e-06
655,0,0,655,0.0031415913616617665,0.0031415913616617283,9.869596283667833e-06
656,0,0,656,0.003141591361661873,0.0031415913616618723,9.869596283668498e-06
657,0,0,657,0.003141591361661597,0.0031415913616615206,9.869596283666765e-06
658,0,1,658,0.00314159136166188,0.0031415913616618615,9.869596283668548e-06
659,0,0,659,0.0031415913616617873,0.003141591361661786,9.869596283667955e-06
660,0,0,660,0.0031415913616615414,0.0031415913616615406,9.869596283666411e-06
661,0,0,661,0.0031415913616616286,0.0031415913616615796,9.869596283666967e-06
662,0,1,662,0.0031415913616618394,0.00314159136166176,9.869596283668288e-06
663,0,1,663,0.0031415913616617557,0.0031415913616617552,9.869596283667765e-06
664,0,1,664,0.003141591361661499,0.003141591361661499,9.869596283666152e-06
665,0,0,665,0.0031415913616618823,0.0031415913616618454,9.86959628366856e-06
666,0,0,666,0.0031415913616616572,0.0031415913616616572,9.869596283667143e-06
667,0,0,667,0.0031415913616618368,0.003141591361661773,9.869596283668273e-06
668,0,0,668,0.0031415913616617648,0.0031415913616617648,9.869596283667822e-06
669,0,1,669,0.0031415913616617175,0.0031415913616617175,9.869596283667526e-06
670,0,1,670,0.003141591361661634,0.003141591361661605,9.869596283666997e-06
671,0,0,671,0.003141591361661927,0.003141591361661927,9.869596283668842e-06
672,0,1,672,0.0031415913616615423,0.0031415913616615176,9.869596283666425e-06
673,0,1,673,0.0031415913616617405,0.0031415913616617296,9.86959628366767e-06
674,0,1,674,0.003141591361661835,0.0031415913616618103,9.869596283668265e-06
675,0,0,675,0.0031415913616616004,0.0031415913616616004,9.869596283666787e-06
676,0,0,676,0.0031415913616614625,0.0031415913616614287,9.869596283665922e-06
677,0,0,677,0.0031415913616617583,0.0031415913616617583,9.869596283667784e-06
678,0,1,678,0.0031415913616617956,0.003141591361661749,9.869596283668016e-06
679,0,0,679,0.0031415913616618836,0.0031415913616618827,9.869596283668564e-06
680,0,1,680,0.003141591361661789,0.0031415913616617886,9.869596283667972e-06
681,0,0,681,0.0031415913616615475,0.0031415913616615475,9.869596283666455e-06
682,0,1,682,0.003141591361661591,0.0031415913616615497,9.869596283666728e-06
683,0,0,683,0.003141591361661604,0.0031415913616616034,9.869596283666806e-06
684,0,1,684,0.003141591361661816,0.0031415913616618155,9.869596283668143e-06
685,0,0,685,0.003141591361661829,0.0031415913616618103,9.869596283668224e-06
686,0,0,686,0.0031415913616617895,0.0031415913616617895,9.869596283667978e-06
687,0,0,687,0.0031415913616618303,0.0031415913616618303,9.869596283668234e-06
688,0,1,688,0.0031415913616618064,0.0031415913616617682,9.869596283668082e-06
689,0,0,689,0.0031415913616618003,0.0031415913616618003,9.869596283668044e-06
690,0,0,690,0.0031415913616617353,0.0031415913616617353,9.869596283667638e-06
691,0,1,691,0.0031415913616618103,0.0031415913616618103,9.869596283668109e-06
692,0,0,692,0.00314159136166178,0.0031415913616617422,9.869596283667916e-06
693,0,1,693,0.0031415913616617357,0.003141591361661729,9.869596283667638e-06
694,0,0,694,0.003141591361661652,0.0031415913616616516,9.869596283667111e-06
695,0,0,695,0.003141591361661825,0.0031415913616617305,9.8695962836682e-06
696,0,1,696,0.003141591361661564,0.0031415913616615523,9.869596283666559e-06
697,0,0,697,0.0031415913616614356,0.0031415913616614356,9.869596283665752e-06
698,0,1,698,0.003141591361661833,0.003141591361661832,9.869596283668244e-06
699,0,1,699,0.0031415913616618177,0.0031415913616618103,9.869596283668153e-06
700,0,1,700,0.003141591361661546,0.0031415913616615436,9.869596283666447e-06
701,0,0,701,0.0031415913616615766,0.0031415913616615757,9.869596283666635e-06
702,0,1,702,0.003141591361661795,0.003141591361661795,9.86959628366801e-06
703,0,0,703,0.0031415913616617986,0.003141591361661764,9.869596283668033e-06
704,0,0,704,0.0031415913616616156,0.0031415913616616156,9.869596283666882e-06
705,0,1,705,0.0031415913616618667,0.003141591361661766,9.869596283668461e-06
706,0,1,706,0.003141591361661751,0.003141591361661751,9.869596283667734e-06
707,0,1,707,0.0031415913616618597,0.0031415913616618593,9.869596283668415e-06
708,0,0,708,0.0031415913616618172,0.0031415913616618172,9.869596283668151e-06
709,0,1,709,0.003141591361661752,0.003141591361661752,9.869596283667741e-06
710,0,0,710,0.0031415913616615883,0.0031415913616615883,9.869596283666711e-06
711,0,0,711,0.0031415913616618584,0.003141591361661699,9.869596283668409e-06
712,0,0,712,0.0031415913616615458,0.0031415913616615458,9.869596283666447e-06
713,0,1,713,0.0031415913616618086,0.0031415913616617093,9.869596283668095e-06
714,0,1,714,0.0031415913616617904,0.0031415913616617904,9.869596283667982e-06
715,0,0,715,0.0031415913616615874,0.003141591361661587,9.869596283666701e-06
716,0,0,716,0.0031415913616617947,0.0031415913616617947,9.86959628366801e-06
717,0,1,717,0.0031415913616617175,0.0031415913616617166,9.86959628366752e-06
718,0,1,718,0.003141591361661744,0.0031415913616617396,9.86959628366769e-06
719,0,1,719,0.003141591361661816,0.0031415913616617414,9.869596283668144e-06
720,0,0,720,0.003141591361661527,0.003141591361661527,9.869596283666328e-06
721,0,0,721,0.00314159136166175,0.0031415913616617496,9.869596283667726e-06
722,0,1,722,0.0031415913616617804,0.00314159136166178,9.86959628366792e-06
723,0,0,723,0.0031415913616618433,0.0031415913616618433,9.869596283668315e-06
724,0,1,724,0.0031415913616618225,0.003141591361661804,9.869596283668185e-06
725,0,0,725,0.0031415913616616264,0.0031415913616616264,9.86959628366695e-06
726,0,0,726,0.0031415913616618016,0.0031415913616618016,9.869596283668053e-06
727,0,0,727,0.0031415913616618107,0.00314159136166181,9.869596283668105e-06
728,0,0,728,0.003141591361661553,0.003141591361661553,9.869596283666491e-06
729,0,1,729,0.0031415913616617765,0.003141591361661737,9.869596283667895e-06
730,0,0,730,0.0031415913616618164,0.0031415913616617687,9.869596283668148e-06
731,0,0,731,0.003141591361661784,0.003141591361661782,9.869596283667941e-06
732,0,0,732,0.003141591361661788,0.003141591361661784,9.86959628366797e-06
733,0,0,733,0.0031415913616615622,0.0031415913616615622,9.86959628366655e-06
734,0,1,734,0.0031415913616618324,0.0031415913616618207,9.869596283668248e-06
735,0,1,735,0.0031415913616617656,0.0031415913616617656,9.869596283667826e-06
736,0,0,736,0.0031415913616615783,0.0031415913616615783,9.86959628366665e-06
737,0,1,737,0.003141591361661803,0.003141591361661803,9.869596283668063e-06
738,0,0,738,0.003141591361661518,0.0031415913616614924,9.86959628366627e-06
739,0,0,739,0.0031415913616617943,0.0031415913616617878,9.869596283668005e-06
740,0,0,740,0.003141591361661612,0.003141591361661612,9.86959628366686e-06
741,0,0,741,0.00314159136166182,0.00314159136166182,9.86959628366817e-06
742,0,0,742,0.0031415913616614924,0.0031415913616614746,9.869596283666111e-06
743,0,1,743,0.003141591361661752,0.003141591361661695,9.869596283667741e-06
744,0,0,744,0.0031415913616618103,0.0031415913616616937,9.869596283668109e-06
745,0,0,745,0.0031415913616618645,0.0031415913616618645,9.869596283668448e-06
746,0,0,746,0.0031415913616618624,0.0031415913616617817,9.869596283668436e-06
747,0,0,747,0.0031415913616618355,0.0031415913616617995,9.869596283668266e-06
748,0,1,748,0.00314159136166179,0.003141591361661789,9.86959628366798e-06
749,0,0,749,0.0031415913616615683,0.0031415913616615683,9.869596283666587e-06
750,0,1,750,0.0031415913616618255,0.003141591361661787,9.869596283668202e-06
751,0,0,751,0.0031415913616618272,0.0031415913616618272,9.869596283668212e-06
752,0,1,752,0.003141591361661792,0.0031415913616617782,9.869596283667994e-06
753,0,0,753,0.003141591361661637,0.003141591361661637,9.869596283667018e-06
754,0,0,754,0.0031415913616618346,0.0031415913616618346,9.869596283668256e-06
755,0,1,755,0.003141591361661789,0.003141591361661738,9.869596283667973e-06
756,0,1,756,0.003141591361661612,0.003141591361661541,9.869596283666862e-06
757,0,1,757,0.0031415913616615505,0.0031415913616615505,9.869596283666476e-06
758,0,0,758,0.0031415913616615627,0.0031415913616615627,9.86959628366655e-06
759,0,0,759,0.003141591361661758,0.003141591361661757,9.869596283667773e-06
760,0,1,760,0.00314159136166181,0.0031415913616617817,9.869596283668105e-06
761,0,1,761,0.003141591361661845,0.003141591361661845,9.869596283668327e-06
762,0,1,762,0.003141591361661815,0.003141591361661815,9.869596283668136e-06
763,0,1,763,0.003141591361661828,0.0031415913616618272,9.869596283668214e-06
764,0,0,764,0.0031415913616618277,0.003141591361661744,9.869596283668217e-06
765,0,0,765,0.0031415913616619283,0.0031415913616617544,9.869596283668849e-06
766,0,0,766,0.003141591361661597,0.0031415913616615783,9.869596283666767e-06
767,0,0,767,0.003141591361661819,0.003141591361661819,9.86959628366816e-06
768,0,0,768,0.0031415913616619144,0.0031415913616619144,9.869596283668763e-06
769,0,1,769,0.0031415913616615753,0.0031415913616615154,9.86959628366663e-06
770,0,1,770,0.003141591361661805,0.003141591361661805,9.869596283668078e-06
771,0,1,771,0.0031415913616617726,0.0031415913616617648,9.869596283667872e-06
772,0,1,772,0.0031415913616618368,0.0031415913616618368,9.869596283668271e-06
773,0,0,773,0.0031415913616617487,0.003141591361661738,9.86959628366772e-06
774,0,0,774,0.003141591361661601,0.003141591361661601,9.869596283666792e-06
775,0,1,775,0.0031415913616617223,0.0031415913616617227,9.869596283667555e-06
776,0,1,776,0.003141591361661639,0.0031415913616614347,9.86959628366703e-06
777,0,0,777,0.003141591361661774,0.003141591361661773,9.869596283667873e-06
778,0,0,778,0.003141591361661711,0.0031415913616616555,9.869596283667484e-06
779,0,0,779,0.0031415913616619122,0.0031415913616619122,9.869596283668746e-06
780,0,1,780,0.003141591361661513,0.003141591361661511,9.869596283666237e-06
781,0,1,781,0.0031415913616617934,0.0031415913616617934,9.869596283668e-06
782,0,1,782,0.003141591361661826,0.0031415913616618255,9.869596283668202e-06
783,0,0,783,0.0031415913616616147,0.0031415913616615033,9.869596283666877e-06
784,0,1,784,0.0031415913616616212,0.0031415913616616204,9.869596283666913e-06
785,0,0,785,0.003141591361661532,0.003141591361661532,9.869596283666355e-06
786,0,1,786,0.003141591361661808,0.003141591361661719,9.869596283668094e-06
787,0,0,787,0.003141591361661571,0.003141591361661571,9.869596283666603e-06
788,0,1,788,0.0031415913616616685,0.0031415913616616685,9.869596283667216e-06
789,0,1,789,0.003141591361661518,0.003141591361661518,9.86959628366627e-06
790,0,1,790,0.00314159136166156,0.0031415913616615505,9.869596283666535e-06
791,0,1,791,0.003141591361661785,0.003141591361661758,9.869596283667948e-06
792,0,1,792,0.0031415913616618103,0.00314159136166181,9.869596283668105e-06
793,0,1,793,0.0031415913616618177,0.003141591361661635,9.869596283668155e-06
794,0,0,794,0.0031415913616615557,0.0031415913616613914,9.86959628366651e-06
795,0,1,795,0.003141591361661781,0.003141591361661781,9.869596283667922e-06
796,0,1,796,0.003141591361661827,0.003141591361661786,9.86959628366821e-06
797,0,1,797,0.003141591361661809,0.003141591361661763,9.8695962836681e-06
798,0,0,798,0.003141591361661567,0.0031415913616615583,9.86959628366658e-06
799,0,1,799,0.003141591361661797,0.003141591361661797,9.869596283668022e-06
800,0,1,800,0.003141591361661937,0.003141591361661898,9.869596283668903e-06
801,0,0,801,0.0031415913616617956,0.0031415913616617947,9.869596283668012e-06
802,0,0,802,0.0031415913616615614,0.0031415913616615614,9.869596283666542e-06
803,0,0,803,0.0031415913616618624,0.0031415913616618624,9.869596283668432e-06
804,0,1,804,0.0031415913616616273,0.0031415913616616243,9.869596283666958e-06
805,0,0,805,0.0031415913616616624,0.0031415913616615813,9.869596283667179e-06
806,0,1,806,0.0031415913616617544,0.0031415913616617535,9.869596283667753e-06
807,0,1,807,0.003141591361661805,0.003141591361661805,9.869596283668075e-06
808,0,1,808,0.003141591361661784,0.003141591361661784,9.869596283667941e-06
809,0,0,809,0.003141591361661863,0.0031415913616618624,9.869596283668436e-06
810,0,0,810,0.003141591361661565,0.0031415913616614803,9.869596283666564e-06
811,0,0,811,0.003141591361661778,0.003141591361661777,9.869596283667899e-06
812,0,0,812,0.0031415913616615935,0.0031415913616615553,9.869596283666743e-06
813,0,0,813,0.00314159136166181,0.00314159136166181,9.869596283668104e-06
814,0,1,814,0.003141591361661855,0.003141591361661821,9.869596283668387e-06
815,0,1,815,0.003141591361661572,0.003141591361661557,9.86959628366661e-06
816,0,0,816,0.0031415913616617847,0.003141591361661784,9.869596283667941e-06
817,0,1,817,0.003141591361661521,0.0031415913616615206,9.869596283666286e-06
818,0,0,818,0.0031415913616616893,0.0031415913616616893,9.86959628366735e-06
819,0,0,819,0.00314159136166165,0.0031415913616616156,9.8695962836671e-06
820,0,1,820,0.003141591361661552,0.003141591361661552,9.869596283666482e-06
821,0,1,821,0.0031415913616618433,0.0031415913616618433,9.869596283668314e-06
822,0,0,822,0.0031415913616617583,0.003141591361661758,9.869596283667778e-06
823,0,1,823,0.0031415913616617427,0.0031415913616617388,9.869596283667684e-06
824,0,1,824,0.003141591361661779,0.003141591361661718,9.86959628366791e-06
825,0,0,825,0.0031415913616615887,0.0031415913616615887,9.869596283666715e-06
826,0,1,826,0.0031415913616617904,0.0031415913616617904,9.869596283667985e-06
827,0,0,827,0.0031415913616615236,0.0031415913616615236,9.869596283666305e-06
828,0,1,828,0.003141591361661577,0.003141591361661528,9.869596283666642e-06
829,0,1,829,0.0031415913616615887,0.003141591361661588,9.869596283666708e-06
830,0,1,830,0.0031415913616615796,0.0031415913616615557,9.869596283666657e-06
831,0,0,831,0.0031415913616618055,0.0031415913616618055,9.869596283668077e-06
832,0,0,832,0.0031415913616615995,0.003141591361661518,9.869596283666784e-06
833,0,1,833,0.0031415913616617843,0.003141591361661784,9.86959628366794e-06
834,0,0,834,0.003141591361661597,0.003141591361661592,9.869596283666767e-06
835,0,1,835,0.00314159136166182,0.00314159136166182,9.869596283668168e-06
836,0,0,836,0.0031415913616617067,0.0031415913616617067,9.869596283667458e-06
837,0,1,837,0.0031415913616617747,0.0031415913616617743,9.869596283667883e-06
838,0,0,838,0.0031415913616617587,0.0031415913616617574,9.869596283667785e-06
839,0,0,839,0.003141591361661529,0.003141591361661529,9.869596283666338e-06
840,0,0,840,0.0031415913616615627,0.0031415913616615627,9.86959628366655e-06
841,0,0,841,0.0031415913616617435,0.0031415913616617223,9.869596283667689e-06
842,0,1,842,0.0031415913616615414,0.0031415913616615414,9.869596283666416e-06
843,0,1,843,0.0031415913616616637,0.0031415913616616165,9.869596283667187e-06
844,0,1,844,0.003141591361661601,0.003141591361661601,9.86959628366679e-06
845,0,1,845,0.003141591361661847,0.0031415913616617904,9.86959628366834e-06
846,0,0,846,0.00314159136166157,0.00314159136166157,9.869596283666598e-06
847,0,1,847,0.0031415913616618086,0.0031415913616617704,9.869596283668099e-06
848,0,0,848,0.003141591361661833,0.0031415913616618316,9.869596283668243e-06
849,0,0,849,0.003141591361661898,0.0031415913616618966,9.869596283668651e-06
850,0,1,850,0.0031415913616618164,0.0031415913616618164,9.869596283668144e-06
851,0,0,851,0.0031415913616617886,0.0031415913616617878,9.869596283667966e-06
852,0,1,852,0.003141591361661664,0.003141591361661664,9.869596283667187e-06
853,0,0,853,0.0031415913616618537,0.0031415913616618537,9.869596283668382e-06
854,0,1,854,0.003141591361661775,0.0031415913616617353,9.869596283667887e-06
855,0,0,855,0.0031415913616618303,0.003141591361661792,9.869596283668232e-06
856,0,1,856,0.00314159136166178,0.003141591361661752,9.869596283667917e-06
857,0,1,857,0.0031415913616617843,0.0031415913616617843,9.869596283667944e-06
858,0,1,858,0.0031415913616618645,0.0031415913616617457,9.869596283668448e-06
859,0,0,859,0.0031415913616615627,0.0031415913616615627,9.869596283666552e-06
860,0,1,860,0.003141591361661636,0.0031415913616616355,9.869596283667011e-06
861,0,0,861,0.003141591361661856,0.003141591361661856,9.869596283668397e-06
862,0,1,862,0.003141591361661628,0.0031415913616616286,9.869596283666964e-06
863,0,0,863,0.0031415913616617552,0.003141591361661755,9.869596283667756e-06
864,0,0,864,0.0031415913616615544,0.003141591361661508,9.8695962836665e-06
865,0,1,865,0.0031415913616618407,0.0031415913616618407,9.869596283668298e-06
866,0,1,866,0.0031415913616616407,0.0031415913616615297,9.869596283667042e-06
867,0,1,867,0.003141591361661841,0.003141591361661841,9.869596283668302e-06
868,0,1,868,0.00314159136166162,0.0031415913616616195,9.86959628366691e-06
869,0,0,869,0.0031415913616617596,0.0031415913616617596,9.869596283667789e-06
870,0,0,870,0.003141591361661726,0.0031415913616617253,9.869596283667575e-06
871,0,0,871,0.0031415913616615614,0.0031415913616615614,9.869596283666542e-06
872,0,1,872,0.0031415913616616217,0.0031415913616616217,9.86959628366692e-06
873,0,0,873,0.0031415913616616455,0.0031415913616616455,9.869596283667072e-06
874,0,0,874,0.003141591361661834,0.003141591361661764,9.869596283668258e-06
875,0,0,875,0.0031415913616615514,0.0031415913616615505,9.869596283666476e-06
876,0,1,876,0.0031415913616618537,0.00314159136166179,9.86959628366838e-06
877,0,1,877,0.0031415913616617687,0.0031415913616617687,9.869596283667846e-06
878,0,1,878,0.003141591361661848,0.0031415913616617635,9.869596283668346e-06
879,0,1,879,0.00314159136166178,0.0031415913616617635,9.869596283667919e-06
880,0,1,880,0.0031415913616617917,0.0031415913616617917,9.86959628366799e-06
881,0,0,881,0.003141591361661631,0.003141591361661631,9.869596283666982e-06
882,0,0,882,0.0031415913616615345,0.0031415913616615345,9.869596283666376e-06
883,0,1,883,0.003141591361661648,0.003141591361661648,9.869596283667089e-06
884,0,0,884,0.00314159136166154,0.0031415913616614846,9.86959628366641e-06
885,0,1,885,0.0031415913616615505,0.0031415913616615215,9.869596283666476e-06
886,0,1,886,0.0031415913616617483,0.003141591361661748,9.869596283667716e-06
887,0,0,887,0.0031415913616617713,0.003141591361661765,9.869596283667863e-06
888,0,1,888,0.003141591361661862,0.0031415913616618493,9.869596283668432e-06
889,0,1,889,0.003141591361661772,0.0031415913616617717,9.869596283667867e-06
890,0,1,890,0.003141591361661727,0.003141591361661727,9.869596283667582e-06
891,0,0,891,0.0031415913616618415,0.0031415913616618415,9.869596283668302e-06
892,0,1,892,0.0031415913616618103,0.0031415913616618103,9.869596283668107e-06
893,0,0,893,0.0031415913616615605,0.0031415913616614777,9.869596283666538e-06
894,0,0,894,0.0031415913616618233,0.003141591361661823,9.869596283668187e-06
895,0,1,895,0.003141591361661643,0.0031415913616615774,9.869596283667055e-06
896,0,0,896,0.0031415913616618177,0.003141591361661806,9.869596283668153e-06
897,0,1,897,0.003141591361661581,0.003141591361661581,9.869596283666665e-06
898,0,1,898,0.0031415913616618186,0.0031415913616618177,9.869596283668156e-06
899,0,1,899,0.0031415913616618606,0.003141591361661754,9.869596283668422e-06
900,0,0,900,0.003141591361661753,0.003141591361661747,9.869596283667746e-06
901,0,0,901,0.0031415913616615362,0.0031415913616615362,9.869596283666386e-06
902,0,1,902,0.003141591361661697,0.003141591361661697,9.869596283667397e-06
903,0,1,903,0.0031415913616617886,0.0031415913616617765,9.86959628366797e-06
904,0,0,904,0.003141591361661799,0.003141591361661799,9.869596283668034e-06
905,0,0,905,0.003141591361661841,0.003141591361661841,9.869596283668298e-06
906,0,1,906,0.003141591361661733,0.0031415913616616984,9.869596283667623e-06
907,0,0,907,0.0031415913616617986,0.0031415913616617756,9.869596283668033e-06
908,0,0,908,0.0031415913616617257,0.0031415913616616733,9.869596283667575e-06
909,0,0,909,0.0031415913616618225,0.003141591361661803,9.869596283668185e-06
910,0,0,910,0.0031415913616618064,0.0031415913616618064,9.869596283668082e-06
911,0,0,911,0.0031415913616615393,0.0031415913616614755,9.869596283666403e-06
912,0,0,912,0.003141591361661789,0.0031415913616617422,9.869596283667973e-06
913,0,1,913,0.0031415913616619083,0.003141591361661908,9.86959628366872e-06
914,0,1,914,0.0031415913616618454,0.0031415913616618446,9.869596283668322e-06
915,0,0,915,0.0031415913616617934,0.0031415913616617934,9.869596283667999e-06
916,0,0,916,0.003141591361661567,0.003141591361661536,9.869596283666579e-06
917,0,1,917,0.0031415913616617648,0.0031415913616616928,9.86959628366782e-06
918,0,0,918,0.0031415913616617674,0.0031415913616617665,9.869596283667833e-06
919,0,1,919,0.0031415913616617856,0.0031415913616617847,9.869596283667944e-06
920,0,1,920,0.0031415913616617734,0.0031415913616617734,9.869596283667877e-06
921,0,0,921,0.0031415913616617956,0.003141591361661742,9.869596283668014e-06
922,0,0,922,0.003141591361661756,0.0031415913616617513,9.869596283667767e-06
923,0,1,923,0.003141591361661819,0.0031415913616618186,9.869596283668158e-06
924,0,0,924,0.003141591361661591,0.003141591361661591,9.869596283666728e-06
925,0,0,925,0.003141591361661854,0.003141591361661854,9.869596283668383e-06
926,0,1,926,0.0031415913616618415,0.0031415913616618415,9.869596283668304e-06
927,0,0,927,0.0031415913616618155,0.003141591361661815,9.86959628366814e-06
928,0,0,928,0.003141591361661611,0.003141591361661611,9.869596283666853e-06
929,0,1,929,0.003141591361661831,0.0031415913616618008,9.86959628366824e-06
930,0,1,930,0.003141591361661525,0.003141591361661476,9.869596283666315e-06
931,0,1,931,0.0031415913616618402,0.0031415913616618402,9.869596283668293e-06
932,0,1,932,0.003141591361661768,0.003141591361661767,9.869596283667834e-06
933,0,0,933,0.0031415913616618983,0.003141591361661789,9.869596283668661e-06
934,0,1,934,0.0031415913616615896,0.003141591361661585,9.86959628366672e-06
935,0,1,935,0.003141591361661738,0.0031415913616617375,9.86959628366765e-06
936,0,0,936,0.003141591361661792,0.003141591361661743,9.869596283667994e-06
937,0,1,937,0.0031415913616618207,0.0031415913616617275,9.869596283668173e-06
938,0,0,938,0.003141591361661825,0.003141591361661825,9.869596283668199e-06
939,0,0,939,0.0031415913616617596,0.0031415913616617596,9.86959628366779e-06
940,0,0,940,0.0031415913616616065,0.003141591361661597,9.869596283666826e-06
941,0,0,941,0.003141591361661799,0.0031415913616617986,9.869596283668033e-06
942,0,0,942,0.0031415913616616555,0.0031415913616616555,9.869596283667133e-06
943,0,0,943,0.003141591361661752,0.003141591361661752,9.869596283667743e-06
944,0,1,944,0.0031415913616617956,0.003141591361661795,9.86959628366801e-06
945,0,0,945,0.0031415913616617734,0.0031415913616617734,9.869596283667877e-06
946,0,0,946,0.003141591361661789,0.003141591361661789,9.869596283667975e-06
947,0,0,947,0.003141591361661769,0.0031415913616617535,9.86959628366785e-06
948,0,1,948,0.003141591361661573,0.0031415913616615583,9.869596283666616e-06
949,0,1,949,0.0031415913616615796,0.0031415913616615796,9.869596283666657e-06
950,0,0,950,0.003141591361661853,0.0031415913616617782,9.869596283668375e-06
951,0,1,951,0.0031415913616618003,0.0031415913616618003,9.869596283668043e-06
952,0,1,952,0.003141591361661785,0.003141591361661784,9.869596283667943e-06
953,0,1,953,0.003141591361661813,0.003141591361661813,9.869596283668126e-06
954,0,1,954,0.0031415913616617045,0.003141591361661704,9.86959628366744e-06
955,0,0,955,0.003141591361661778,0.0031415913616617726,9.869596283667902e-06
956,0,1,956,0.0031415913616615046,0.0031415913616615046,9.869596283666186e-06
957,0,1,957,0.0031415913616616,0.0031415913616615497,9.869596283666784e-06
958,0,0,958,0.003141591361661783,0.003141591361661726,9.869596283667938e-06
959,0,1,959,0.0031415913616618073,0.003141591361661799,9.86959628366809e-06
960,0,0,960,0.003141591361661801,0.0031415913616618,9.869596283668043e-06
961,0,0,961,0.0031415913616615735,0.0031415913616615735,9.86959628366662e-06
962,0,0,962,0.003141591361661615,0.003141591361661615,9.869596283666882e-06
963,0,0,963,0.0031415913616615787,0.0031415913616615787,9.86959628366665e-06
964,0,0,964,0.003141591361661884,0.003141591361661884,9.869596283668573e-06
965,0,1,965,0.003141591361661598,0.0031415913616615484,9.869596283666774e-06
966,0,0,966,0.0031415913616615887,0.0031415913616615458,9.869596283666715e-06
967,0,1,967,0.003141591361661792,0.003141591361661792,9.869596283667992e-06
968,0,0,968,0.003141591361661664,0.0031415913616616286,9.869596283667187e-06
969,0,1,969,0.0031415913616617856,0.0031415913616617526,9.869596283667953e-06
970,0,0,970,0.0031415913616618008,0.003141591361661801,9.869596283668048e-06
971,0,1,971,0.003141591361661748,0.0031415913616615688,9.869596283667716e-06
972,0,1,972,0.003141591361661798,0.003141591361661739,9.86959628366803e-06
973,0,0,973,0.003141591361661653,0.0031415913616616525,9.869596283667118e-06
974,0,1,974,0.0031415913616615466,0.0031415913616615397,9.86959628366645e-06
975,0,1,975,0.0031415913616617847,0.0031415913616617847,9.869596283667946e-06
976,0,1,976,0.0031415913616617747,0.0031415913616617713,9.869596283667883e-06
977,0,1,977,0.003141591361661481,0.003141591361661385,9.86959628366604e-06
978,0,0,978,0.003141591361661816,0.003141591361661816,9.869596283668144e-06
979,0,0,979,0.003141591361661441,0.0031415913616614404,9.869596283665785e-06
980,0,0,980,0.0031415913616615154,0.003141591361661515,9.869596283666252e-06
981,0,1,981,0.0031415913616617865,0.0031415913616617834,9.869596283667958e-06
982,0,1,982,0.003141591361661734,0.0031415913616617275,9.869596283667628e-06
983,0,0,983,0.0031415913616618164,0.0031415913616617973,9.869596283668146e-06
984,0,1,984,0.003141591361661748,0.003141591361661747,9.869596283667709e-06
985,0,1,985,0.003141591361661767,0.0031415913616617483,9.869596283667833e-06
986,0,1,986,0.0031415913616615124,0.0031415913616615124,9.869596283666235e-06
987,0,1,987,0.003141591361661603,0.003141591361661603,9.869596283666806e-06
988,0,0,988,0.003141591361661873,0.003141591361661873,9.869596283668502e-06
989,0,0,989,0.0031415913616616078,0.0031415913616615093,9.869596283666835e-06
990,0,1,990,0.0031415913616616247,0.0031415913616615458,9.869596283666942e-06
991,0,0,991,0.0031415913616618355,0.0031415913616617028,9.869596283668266e-06
992,0,0,992,0.0031415913616618515,0.003141591361661851,9.869596283668363e-06
993,0,0,993,0.003141591361661882,0.003141591361661882,9.869596283668558e-06
994,0,0,994,0.003141591361661778,0.003141591361661778,9.869596283667902e-06
995,0,1,995,0.0031415913616618116,0.003141591361661811,9.869596283668116e-06
996,0,0,996,0.003141591361661783,0.00314159136166177,9.869596283667936e-06
997,0,1,997,0.00314159136166183,0.00314159136166183,9.869596283668229e-06
998,0,0,998,0.0031415913616616086,0.0031415913616615757,9.869596283666842e-06
999,0,0,999,0.003141591361661566,0.003141591361661566,9.869596283666574e-06
