,Layer,Qubit,Run,2-Norm,Trace Norm,Diamond Norm
0,0,1,0,0.03141463462364138,0.0016545385876440832,0.0009868792685368867
1,0,0,1,0.03141463462364144,0.0685360411870719,0.0009868792685368908
2,0,0,2,0.0314146346236414,0.11739110570070699,0.0009868792685368871
3,0,1,3,0.031414634623641184,0.07628261497779798,0.0009868792685368754
4,0,1,4,0.03141463462364116,0.018862753737087123,0.000986879268536874
5,0,1,5,0.03141463462364115,0.047970875602350915,0.0009868792685368733
6,0,0,6,0.03141463462364113,0.052289478679406365,0.000986879268536872
7,0,1,7,0.03141463462364137,0.0922008339005771,0.0009868792685368874
8,0,1,8,0.03141463462364127,0.049992253982252155,0.0009868792685368791
9,0,0,9,0.031414634623641455,0.03172925229863072,0.0009868792685368926
10,0,0,10,0.03141463462364122,0.07647753405312319,0.0009868792685368774
11,0,0,11,0.03141463462364122,0.013061062044223748,0.0009868792685368778
12,0,0,12,0.03141463462364136,0.0231839170273348,0.0009868792685368865
13,0,1,13,0.03141463462364139,0.04286753790867856,0.000986879268536888
14,0,1,14,0.031414634623641344,0.03718096056410894,0.0009868792685368856
15,0,0,15,0.03141463462364122,0.02783166764508027,0.0009868792685368772
16,0,1,16,0.0314146346236412,0.005376572853261208,0.0009868792685368748
17,0,1,17,0.03141463462364144,0.08150330264070194,0.000986879268536891
18,0,0,18,0.031414634623641406,0.12116416244120037,0.0009868792685368893
19,0,1,19,0.03141463462364139,0.05490352504281215,0.0009868792685368884
20,0,1,20,0.03141463462364119,0.06088680007091307,0.000986879268536874
21,0,0,21,0.031414634623641524,0.07554905027081071,0.0009868792685368965
22,0,1,22,0.03141463462364134,0.04182725053789893,0.0009868792685368852
23,0,1,23,0.031414634623641406,0.1072804869792868,0.0009868792685368889
24,0,0,24,0.03141463462364112,0.021191908736695853,0.0009868792685368717
25,0,0,25,0.03141463462364138,0.07440441222774807,0.0009868792685368876
26,0,1,26,0.03141463462364115,0.05541244600893602,0.000986879268536873
27,0,1,27,0.03141463462364141,0.00550791787757976,0.000986879268536889
28,0,1,28,0.03141463462364118,0.07415078720946244,0.0009868792685368743
29,0,0,29,0.031414634623641365,0.06032426129788515,0.0009868792685368865
30,0,0,30,0.03141463462364118,0.003034959670607962,0.000986879268536875
31,0,0,31,0.031414634623641365,0.017003219857893104,0.000986879268536887
32,0,1,32,0.031414634623641434,0.03437032291551523,0.0009868792685368908
33,0,1,33,0.03141463462364117,0.004962013796890208,0.0009868792685368748
34,0,1,34,0.03141463462364137,0.04936786727388798,0.0009868792685368863
35,0,1,35,0.03141463462364113,0.008797426988803009,0.0009868792685368715
36,0,0,36,0.031414634623641205,0.0767849610263851,0.000986879268536874
37,0,0,37,0.03141463462364127,0.09965762614562657,0.0009868792685368806
38,0,0,38,0.03141463462364144,0.00580732570553797,0.0009868792685368913
39,0,1,39,0.03141463462364146,0.030323606287931293,0.0009868792685368926
40,0,1,40,0.031414634623641496,0.11529786723237745,0.0009868792685368947
41,0,0,41,0.031414634623641226,0.04105735675954314,0.0009868792685368765
42,0,1,42,0.03141463462364115,0.05731651653515568,0.0009868792685368717
43,0,0,43,0.031414634623641316,0.0538058048922716,0.000986879268536883
44,0,1,44,0.03141463462364136,0.017248145160977835,0.0009868792685368863
45,0,0,45,0.031414634623641406,0.013031089485279868,0.0009868792685368863
46,0,0,46,0.03141463462364134,0.08982442901433485,0.0009868792685368845
47,0,0,47,0.031414634623641344,0.11320518364447829,0.000986879268536885
48,0,1,48,0.031414634623641344,0.07897195416074165,0.0009868792685368854
49,0,0,49,0.03141463462364139,0.042661753517291956,0.000986879268536888
50,0,0,50,0.03141463462364114,0.03665879926734206,0.0009868792685368728
51,0,1,51,0.031414634623641434,0.07874362295595949,0.0009868792685368906
52,0,1,52,0.03141463462364137,0.06918321875582856,0.0009868792685368863
53,0,1,53,0.03141463462364145,0.019961577601404046,0.000986879268536892
54,0,1,54,0.031414634623641406,0.11725828995275167,0.0009868792685368887
55,0,1,55,0.031414634623641406,0.06934431371819502,0.0009868792685368893
56,0,0,56,0.031414634623641205,0.01284207067554155,0.0009868792685368767
57,0,0,57,0.03141463462364125,0.029503263565046955,0.000986879268536878
58,0,0,58,0.03141463462364148,0.07040745553816197,0.000986879268536888
59,0,1,59,0.03141463462364142,0.07592977526799988,0.0009868792685368895
60,0,0,60,0.03141463462364144,0.03819542973554313,0.0009868792685368915
61,0,1,61,0.03141463462364143,0.08125020590368803,0.0009868792685368897
62,0,0,62,0.03141463462364141,0.04370981287039226,0.0009868792685368884
63,0,1,63,0.0314146346236414,0.10746438712521,0.0009868792685368887
64,0,1,64,0.03141463462364141,0.0877889727477037,0.0009868792685368897
65,0,1,65,0.03141463462364153,0.08856970843379353,0.000986879268536897
66,0,1,66,0.031414634623641434,0.005263671052154063,0.0009868792685368904
67,0,1,67,0.03141463462364119,0.005986314951170524,0.0009868792685368754
68,0,1,68,0.03141463462364116,0.09107292941636835,0.0009868792685368746
69,0,0,69,0.031414634623641385,0.06625987622931184,0.0009868792685368876
70,0,0,70,0.031414634623641406,0.051506511457168225,0.0009868792685368893
71,0,1,71,0.03141463462364116,0.06441220666493708,0.0009868792685368733
72,0,1,72,0.0314146346236414,0.11542498485835373,0.0009868792685368884
73,0,1,73,0.03141463462364117,0.005950238454822454,0.000986879268536874
74,0,1,74,0.03141463462364114,0.06171268620643655,0.0009868792685368715
75,0,1,75,0.03141463462364147,0.06951682336816933,0.0009868792685368926
76,0,0,76,0.03141463462364144,0.08857694320511023,0.0009868792685368906
77,0,0,77,0.03141463462364119,0.05042061676986731,0.0009868792685368746
78,0,0,78,0.03141463462364139,0.026019058990395916,0.0009868792685368858
79,0,0,79,0.031414634623641205,0.01140997863485227,0.0009868792685368743
80,0,0,80,0.03141463462364145,0.005906363103902287,0.000986879268536892
81,0,0,81,0.031414634623641455,0.08920480845423118,0.000986879268536892
82,0,1,82,0.03141463462364135,0.013696050332546061,0.0009868792685368858
83,0,1,83,0.03141463462364141,0.07064808573904813,0.000986879268536889
84,0,1,84,0.03141463462364124,0.03389259439912995,0.000986879268536879
85,0,0,85,0.03141463462364137,0.032295544656987474,0.0009868792685368867
86,0,1,86,0.031414634623641254,0.022349143091002777,0.0009868792685368785
87,0,1,87,0.03141463462364118,0.008177512489356609,0.000986879268536875
88,0,1,88,0.03141463462364116,0.0037515527357091516,0.000986879268536874
89,0,1,89,1.9997532649633214,1.5089669761868025,0.0009868792685368826
90,0,1,90,0.03141463462364118,0.0038941675287489375,0.0009868792685368746
91,0,0,91,0.03141463462364119,0.06568118486327545,0.0009868792685368754
92,0,1,92,0.03141463462364133,0.03439284683366184,0.000986879268536885
93,0,1,93,0.031414634623641365,0.01164526357246709,0.0009868792685368858
94,0,0,94,0.031414634623641045,0.018800114158545878,0.0009868792685368665
95,0,0,95,0.031414634623641476,0.016231653938543145,0.0009868792685368936
96,0,1,96,0.03141463462364108,0.05806998530133134,0.0009868792685368674
97,0,1,97,0.03141463462364138,0.11516201030471285,0.0009868792685368876
98,0,0,98,0.03141463462364141,0.08363495511782115,0.0009868792685368884
99,0,0,99,0.031414634623641385,0.10616313483922202,0.0009868792685368878
100,0,0,100,0.03141463462364136,0.00911791854634858,0.000986879268536886
101,0,1,101,0.0314146346236414,0.1128712469420497,0.0009868792685368887
102,0,1,102,0.03141463462364121,0.09804028795228237,0.0009868792685368772
103,0,1,103,0.03141463462364139,0.03420980869632506,0.0009868792685368878
104,0,1,104,0.03141463462364142,0.11324600745110092,0.0009868792685368902
105,0,1,105,0.031414634623641385,0.008316602112151184,0.0009868792685368874
106,0,1,106,0.031414634623641434,0.05610490121265321,0.000986879268536889
107,0,1,107,0.03141463462364112,0.10992340011347412,0.000986879268536871
108,0,0,108,0.03141463462364136,0.09315741140748601,0.000986879268536886
109,0,0,109,0.03141463462364116,0.09018582821743282,0.000986879268536874
110,0,1,110,0.03141463462364147,0.09958281325347129,0.000986879268536892
111,0,1,111,0.03141463462364127,0.0836789443134438,0.00098687926853688
112,0,1,112,0.031414634623641406,0.05722022994793319,0.0009868792685368878
113,0,0,113,0.03141463462364138,0.09500048792677648,0.000986879268536888
114,0,0,114,0.031414634623641316,0.022611317482532645,0.0009868792685368835
115,0,1,115,0.03141463462364143,0.06810490566093286,0.0009868792685368908
116,0,0,116,0.03141463462364143,0.09084299472140067,0.000986879268536891
117,0,0,117,0.031414634623641136,0.05831780278818832,0.0009868792685368715
118,0,1,118,0.031414634623641184,0.05006110545219933,0.0009868792685368748
119,0,0,119,0.03141463462364135,0.11704160351099713,0.0009868792685368856
120,0,1,120,0.03141463462364137,0.03549290983100084,0.000986879268536886
121,0,1,121,0.03141463462364143,0.08378609624291133,0.0009868792685368884
122,0,1,122,0.031414634623641476,0.08575158147310669,0.0009868792685368928
123,0,0,123,0.031414634623641365,0.02895443411907661,0.0009868792685368863
124,0,0,124,0.031414634623641316,0.0782425251580352,0.0009868792685368837
125,0,0,125,0.03141463462364126,0.05997735965146678,0.000986879268536879
126,0,1,126,0.03141463462364137,0.012089528071514977,0.000986879268536887
127,0,1,127,0.031414634623641385,0.008016262612739355,0.0009868792685368867
128,0,1,128,0.031414634623641365,0.000135608090949162,0.0009868792685368871
129,0,0,129,0.031414634623641184,0.0023376360817981556,0.000986879268536875
130,0,1,130,0.03141463462364112,0.017522307100542034,0.00098687926853687
131,0,1,131,0.03141463462364134,0.0520057617120715,0.000986879268536885
132,0,0,132,0.031414634623641205,0.03433094582978535,0.0009868792685368756
133,0,1,133,0.03141463462364137,0.02801794131493951,0.0009868792685368865
134,0,1,134,0.03141463462364115,0.011744833765286788,0.0009868792685368733
135,0,1,135,0.03141463462364118,0.05716997135755486,0.0009868792685368743
136,0,1,136,0.03141463462364141,0.10810222476341359,0.0009868792685368889
137,0,0,137,0.031414634623641226,0.05627559709629737,0.0009868792685368776
138,0,0,138,0.03141463462364138,0.0017289975202241514,0.0009868792685368858
139,0,1,139,0.03141463462364119,0.007230410034611445,0.000986879268536876
140,0,1,140,0.03141463462364136,0.007584932703738945,0.0009868792685368848
141,0,1,141,0.0314146346236411,0.07373328553189085,0.0009868792685368702
142,0,1,142,0.03141463462364111,0.010241051376950278,0.0009868792685368704
143,0,0,143,0.03141463462364131,0.01006560523347444,0.0009868792685368839
144,0,0,144,0.03141463462364117,0.03883466428989246,0.0009868792685368735
145,0,1,145,0.031414634623641476,0.06073421704878701,0.0009868792685368934
146,0,1,146,0.03141463462364117,0.06241622378508893,0.0009868792685368748
147,0,1,147,0.03141463462364139,0.05190314373154847,0.0009868792685368889
148,0,0,148,1.9997532649633214,0.848418014205663,0.0009868792685368824
149,0,1,149,0.03141463462364144,0.07694889900017543,0.0009868792685368902
150,0,0,150,0.031414634623641226,0.019274554280113154,0.000986879268536876
151,0,1,151,0.0314146346236412,0.007333676203037154,0.0009868792685368746
152,0,1,152,0.0314146346236414,0.09058530299077638,0.0009868792685368887
153,0,0,153,0.0314146346236414,0.007171983643514249,0.0009868792685368882
154,0,1,154,0.03141463462364136,0.09170329581613346,0.000986879268536884
155,0,0,155,0.031414634623641254,0.06989746007768582,0.0009868792685368791
156,0,0,156,1.999753264963321,5.037490986107779,0.0009868792685368828
157,0,1,157,0.03141463462364142,0.02572279275546685,0.0009868792685368897
158,0,1,158,0.031414634623641406,0.0813667143867437,0.000986879268536889
159,0,0,159,0.03141463462364141,0.11309996181624227,0.000986879268536889
160,0,0,160,0.03141463462364119,0.0003887386195158826,0.000986879268536875
161,0,0,161,0.03141463462364143,0.06167563406888377,0.0009868792685368897
162,0,0,162,0.031414634623641184,0.07763508500218608,0.000986879268536875
163,0,1,163,0.03141463462364125,0.049089840103019755,0.000986879268536877
164,0,1,164,0.031414634623641385,0.05429239984509682,0.0009868792685368867
165,0,1,165,0.03141463462364148,0.06105415165404704,0.0009868792685368939
166,0,0,166,0.03141463462364123,0.01557514780854774,0.000986879268536878
167,0,1,167,0.031414634623641295,0.015106073728387681,0.0009868792685368824
168,0,0,168,0.031414634623641385,0.052322874160274147,0.0009868792685368878
169,0,0,169,0.03141463462364139,0.1181130878285368,0.0009868792685368867
170,0,1,170,0.031414634623641406,0.06138417654909312,0.0009868792685368884
171,0,0,171,0.03141463462364136,0.08967936412370414,0.000986879268536886
172,0,0,172,0.03141463462364141,0.0025725894299388763,0.0009868792685368858
173,0,1,173,0.031414634623641365,0.005972470976710387,0.0009868792685368867
174,0,1,174,0.03141463462364122,0.033143803845402386,0.0009868792685368767
175,0,1,175,0.03141463462364139,0.10168371612451788,0.0009868792685368884
176,0,1,176,0.03141463462364139,0.029896770390609895,0.0009868792685368887
177,0,1,177,0.03141463462364146,0.015487348076993868,0.0009868792685368928
178,0,1,178,0.03141463462364107,0.09770971305785281,0.000986879268536868
179,0,1,179,1.999753264963321,7.9948530158916356,0.0009868792685368824
180,0,1,180,0.03141463462364118,0.007348986770915555,0.000986879268536875
181,0,1,181,0.0314146346236413,0.05369504717129425,0.0009868792685368806
182,0,1,182,0.0314146346236414,0.06345878896717663,0.0009868792685368889
183,0,0,183,0.03141463462364141,0.1105270868346287,0.0009868792685368897
184,0,1,184,0.03141463462364142,0.04150804813166542,0.0009868792685368882
185,0,1,185,0.03141463462364141,0.08426728788919957,0.0009868792685368882
186,0,0,186,0.03141463462364115,0.038184620169201544,0.0009868792685368707
187,0,0,187,0.03141463462364118,0.009042047055149549,0.000986879268536875
188,0,1,188,0.03141463462364107,0.01156441965469951,0.0009868792685368676
189,0,0,189,0.03141463462364121,0.07666713951194204,0.0009868792685368754
190,0,0,190,0.031414634623641406,0.07889198122560037,0.0009868792685368893
191,0,1,191,0.03141463462364144,0.12221066216570975,0.0009868792685368908
192,0,1,192,0.0314146346236414,0.0958335436167007,0.0009868792685368889
193,0,0,193,0.031414634623641365,0.05519302971673168,0.0009868792685368863
194,0,1,194,0.03141463462364143,0.04318041012950791,0.0009868792685368906
195,0,1,195,0.03141463462364134,0.018944411758687996,0.000986879268536885
196,0,1,196,0.031414634623641476,0.07063901666227324,0.000986879268536892
197,0,1,197,0.03141463462364117,0.08046890554868291,0.000986879268536874
198,0,1,198,0.03141463462364123,0.027922163411178702,0.000986879268536878
199,0,0,199,0.03141463462364137,0.0044027392241556135,0.0009868792685368863
200,0,1,200,0.031414634623641365,0.0006359724979334569,0.0009868792685368865
201,0,1,201,0.03141463462364121,0.001532419737400037,0.000986879268536877
202,0,1,202,0.031414634623641406,0.032196193764963986,0.000986879268536889
203,0,0,203,0.03141463462364116,0.0019265642977323028,0.000986879268536874
204,0,1,204,0.03141463462364121,0.06644478925968134,0.0009868792685368767
205,0,0,205,0.03141463462364136,0.0605433888036182,0.0009868792685368863
206,0,1,206,0.03141463462364134,0.005288110099642751,0.0009868792685368848
207,0,1,207,0.03141463462364141,0.07475820616396134,0.0009868792685368897
208,0,1,208,0.03141463462364135,0.020589529841538834,0.0009868792685368858
209,0,0,209,0.031414634623641434,0.03344605705183401,0.0009868792685368906
210,0,1,210,0.03141463462364135,0.0456780567333408,0.000986879268536886
211,0,1,211,0.03141463462364121,0.001316610650159894,0.0009868792685368765
212,0,0,212,0.03141463462364134,0.041300415326447126,0.0009868792685368848
213,0,0,213,0.03141463462364118,0.010967401205216332,0.0009868792685368748
214,0,1,214,0.03141463462364137,0.08247929726117287,0.000986879268536887
215,0,1,215,0.03141463462364122,0.06073541358706214,0.0009868792685368776
216,0,1,216,0.03141463462364141,0.05636447152994195,0.0009868792685368893
217,0,0,217,0.03141463462364139,0.012522969317064703,0.0009868792685368882
218,0,1,218,0.03141463462364126,0.06943068453693702,0.0009868792685368785
219,0,0,219,0.03141463462364134,0.013390509368817805,0.0009868792685368852
220,0,1,220,0.03141463462364137,0.07525032967723755,0.0009868792685368871
221,0,1,221,0.031414634623641226,0.052925152771733375,0.0009868792685368774
222,0,0,222,0.03141463462364134,0.06319269589665,0.0009868792685368845
223,0,0,223,0.031414634623641434,0.047591063682075496,0.00098687926853689
224,0,0,224,0.0314146346236414,0.009972418647494208,0.000986879268536889
225,0,1,225,0.03141463462364136,0.05336627462112886,0.0009868792685368865
226,0,0,226,0.031414634623641205,0.03980312533854091,0.000986879268536874
227,0,1,227,0.031414634623641385,0.06826442078205064,0.0009868792685368876
228,0,1,228,0.031414634623641365,0.014446212809361425,0.0009868792685368865
229,0,0,229,0.031414634623641455,0.08091313843581305,0.000986879268536892
230,0,1,230,0.03141463462364138,0.03146760586390651,0.000986879268536887
231,0,0,231,0.03141463462364136,0.01383601522160438,0.0009868792685368863
232,0,1,232,0.03141463462364144,0.08252318066425335,0.000986879268536888
233,0,1,233,0.03141463462364142,0.11530320479764078,0.0009868792685368902
234,0,0,234,0.03141463462364141,0.09745661901347424,0.0009868792685368895
235,0,1,235,0.031414634623641406,0.10484186530569524,0.0009868792685368887
236,0,0,236,0.03141463462364137,0.06401552850556302,0.0009868792685368839
237,0,0,237,0.031414634623641385,0.042033835215783744,0.0009868792685368878
238,0,0,238,0.03141463462364136,0.02155547666223656,0.0009868792685368858
239,0,0,239,0.03141463462364116,0.07290731999052147,0.000986879268536873
240,0,1,240,0.03141463462364141,0.02558468221611898,0.0009868792685368897
241,0,0,241,0.03141463462364141,0.01903874810199277,0.0009868792685368889
242,0,1,242,0.03141463462364144,0.029005799773596908,0.0009868792685368902
243,0,0,243,0.031414634623641184,0.016809238617592204,0.0009868792685368746
244,0,1,244,0.03141463462364141,0.02077348224334452,0.0009868792685368878
245,0,1,245,0.03141463462364143,0.1114812140772019,0.0009868792685368902
246,0,1,246,0.03141463462364146,0.10633677505048644,0.0009868792685368915
247,0,0,247,0.03141463462364136,0.046805638451431264,0.0009868792685368865
248,0,0,248,0.031414634623641184,0.02426900466451598,0.0009868792685368737
249,0,0,249,0.03141463462364143,0.02251772787894668,0.0009868792685368904
250,0,0,250,0.0314146346236414,0.11268991035171433,0.0009868792685368867
251,0,0,251,0.0314146346236414,0.018303223283079983,0.000986879268536888
252,0,0,252,0.03141463462364112,0.06269932972540326,0.000986879268536871
253,0,1,253,0.03141463462364148,0.06537625103178613,0.000986879268536894
254,0,0,254,0.031414634623641184,0.005279592455182391,0.0009868792685368754
255,0,1,255,0.03141463462364126,0.04574027507004219,0.0009868792685368791
256,0,1,256,0.03141463462364118,0.0008960952615042483,0.000986879268536875
257,0,1,257,0.03141463462364134,0.0903920283794819,0.000986879268536884
258,0,1,258,0.03141463462364143,0.00476210981905828,0.0009868792685368904
259,0,0,259,0.031414634623641434,0.09306088721950867,0.0009868792685368908
260,0,1,260,0.03141463462364113,0.0887068307544947,0.00098687926853687
261,0,1,261,0.03141463462364109,0.1019865561116482,0.0009868792685368687
262,0,0,262,0.03141463462364117,0.0015243059282510352,0.0009868792685368746
263,0,0,263,0.03141463462364122,0.02602110069245933,0.000986879268536877
264,0,0,264,0.031414634623641115,0.006181019500007157,0.0009868792685368715
265,0,1,265,0.031414634623641365,0.07321705399615253,0.0009868792685368867
266,0,1,266,0.03141463462364139,0.1173242898113045,0.0009868792685368874
267,0,1,267,0.03141463462364129,0.04182196831915608,0.0009868792685368822
268,0,0,268,0.0314146346236412,0.04420056455195054,0.0009868792685368754
269,0,1,269,0.03141463462364132,0.052356778948464244,0.0009868792685368832
270,0,1,270,0.03141463462364142,0.02824671148222091,0.0009868792685368902
271,0,1,271,0.03141463462364143,0.06243599022439844,0.0009868792685368904
272,0,0,272,0.03141463462364117,0.011070207616128869,0.000986879268536874
273,0,1,273,0.03141463462364131,0.05175652234085337,0.0009868792685368824
274,0,0,274,0.031414634623641205,0.010534443151063111,0.0009868792685368756
275,0,0,275,0.031414634623641406,0.04529241777474652,0.0009868792685368874
276,0,0,276,0.0314146346236414,0.022646560467012994,0.0009868792685368889
277,0,0,277,0.03141463462364136,0.03390129906860451,0.0009868792685368865
278,0,0,278,0.031414634623641385,0.09628147745857318,0.0009868792685368878
279,0,0,279,0.03141463462364114,0.017810799060482996,0.0009868792685368728
280,0,1,280,0.0314146346236413,0.003980571040263392,0.000986879268536883
281,0,1,281,0.03141463462364137,0.07884539538040025,0.0009868792685368871
282,0,0,282,0.03141463462364138,0.1181725478843541,0.0009868792685368874
283,0,0,283,0.031414634623641136,0.04089358459690562,0.000986879268536871
284,0,1,284,0.0314146346236412,0.001411659508024854,0.0009868792685368756
285,0,1,285,0.03141463462364139,0.0688593071169823,0.0009868792685368882
286,0,1,286,0.031414634623641434,0.079200933554195,0.0009868792685368908
287,0,1,287,0.03141463462364119,0.006742036834188614,0.0009868792685368756
288,0,1,288,0.031414634623641385,0.04111511141369828,0.000986879268536887
289,0,0,289,0.03141463462364136,0.009808844838184783,0.000986879268536886
290,0,0,290,0.03141463462364111,0.03670326762886722,0.0009868792685368702
291,0,1,291,0.03141463462364145,0.12263180469216095,0.000986879268536892
292,0,0,292,0.031414634623641455,0.07138257000238402,0.0009868792685368895
293,0,0,293,0.03141463462364119,0.07505096958967283,0.0009868792685368737
294,0,1,294,0.031414634623641344,0.02501559737435377,0.0009868792685368856
295,0,1,295,0.031414634623641365,0.024286941737570178,0.0009868792685368854
296,0,1,296,0.0314146346236414,0.08134518778786215,0.0009868792685368878
297,0,0,297,0.03141463462364147,0.03600117870880726,0.0009868792685368932
298,0,0,298,0.03141463462364116,0.09910427276450218,0.000986879268536874
299,0,1,299,0.031414634623641156,0.021828078027271935,0.0009868792685368735
300,0,1,300,0.03141463462364117,0.0019953562747727638,0.0009868792685368748
301,0,0,301,0.03141463462364143,0.07211164530202363,0.0009868792685368906
302,0,1,302,0.03141463462364138,0.0015855572998291767,0.0009868792685368874
303,0,1,303,0.031414634623641344,0.018788895554537444,0.0009868792685368856
304,0,0,304,0.031414634623641365,0.008590124638677116,0.0009868792685368871
305,0,0,305,0.03141463462364113,0.0787236074460349,0.0009868792685368713
306,0,0,306,0.03141463462364142,0.007433729269125666,0.00098687926853689
307,0,1,307,0.03141463462364134,0.055836964439869075,0.0009868792685368854
308,0,1,308,1.9997532649633214,7.455097072092983,0.0009868792685369075
309,0,0,309,0.0314146346236414,0.11856527927082877,0.0009868792685368889
310,0,1,310,0.031414634623641274,0.08056168046070544,0.00098687926853688
311,0,1,311,0.031414634623641156,0.003923125760741053,0.0009868792685368735
312,0,1,312,0.03141463462364145,0.026825485040351094,0.0009868792685368921
313,0,1,313,0.031414634623641205,0.060464115598517054,0.0009868792685368763
314,0,0,314,0.03141463462364144,0.11505994615802084,0.000986879268536891
315,0,0,315,0.031414634623641365,0.06372172607584559,0.000986879268536887
316,0,0,316,0.031414634623641385,0.03330074935270977,0.0009868792685368878
317,0,1,317,0.0314146346236414,0.012318403261263586,0.0009868792685368889
318,0,1,318,0.0314146346236414,0.023636798025880063,0.000986879268536889
319,0,0,319,0.03141463462364122,0.013248294362335766,0.0009868792685368765
320,0,1,320,0.03141463462364135,0.040810860166466734,0.0009868792685368858
321,0,0,321,0.0314146346236414,0.0049662347752595926,0.0009868792685368889
322,0,0,322,0.031414634623641406,0.04024740336601185,0.0009868792685368895
323,0,1,323,0.03141463462364142,0.07114320781914119,0.0009868792685368884
324,0,1,324,0.03141463462364136,0.024337922790013344,0.000986879268536886
325,0,0,325,0.0314146346236414,0.0966194099888863,0.0009868792685368889
326,0,0,326,0.03141463462364141,0.05002837778290381,0.00098687926853689
327,0,1,327,0.03141463462364141,0.09023535057326701,0.0009868792685368893
328,0,1,328,0.03141463462364134,0.03692337868153439,0.0009868792685368852
329,0,0,329,0.03141463462364132,0.054837699113384986,0.0009868792685368839
330,0,0,330,0.03141463462364125,0.07070326695915918,0.0009868792685368772
331,0,1,331,0.031414634623641566,0.06756187544126924,0.000986879268536897
332,0,0,332,0.03141463462364132,0.050681807630064135,0.0009868792685368837
333,0,0,333,0.031414634623641365,0.12022534201054702,0.0009868792685368867
334,0,0,334,0.03141463462364107,0.012483528984113201,0.0009868792685368672
335,0,1,335,0.03141463462364136,0.04795179155846219,0.000986879268536886
336,0,0,336,0.03141463462364118,0.027744563997059157,0.0009868792685368748
337,0,1,337,0.03141463462364141,0.08904654867384576,0.00098687926853689
338,0,1,338,0.031414634623641365,0.08419267176331646,0.0009868792685368865
339,0,0,339,0.03141463462364139,0.03212926689670431,0.0009868792685368889
340,0,0,340,0.031414634623641365,0.02136760909712443,0.0009868792685368863
341,0,0,341,0.031414634623641316,0.004288381198389063,0.0009868792685368837
342,0,1,342,0.03141463462364101,0.021712277578041395,0.0009868792685368635
343,0,0,343,0.031414634623641365,0.0071525045704998735,0.000986879268536887
344,0,1,344,0.03141463462364136,0.06007187426402294,0.000986879268536885
345,0,0,345,0.031414634623641406,0.08697254537263843,0.000986879268536889
346,0,0,346,0.03141463462364128,0.02029132764048891,0.0009868792685368815
347,0,1,347,0.03141463462364127,0.08023581872869912,0.0009868792685368798
348,0,1,348,0.0314146346236414,0.01884267368376502,0.0009868792685368889
349,0,0,349,0.03141463462364119,0.029735243206994166,0.0009868792685368735
350,0,0,350,0.031414634623641365,0.040489362602149526,0.0009868792685368865
351,0,0,351,0.03141463462364141,0.12060162725400159,0.0009868792685368889
352,0,1,352,0.03141463462364117,0.011508576945256532,0.0009868792685368746
353,0,0,353,0.031414634623641184,0.04677847810645985,0.0009868792685368754
354,0,0,354,0.031414634623641455,0.04838492822267426,0.0009868792685368921
355,0,1,355,0.03141463462364135,0.037295492308102585,0.0009868792685368856
356,0,1,356,0.0314146346236414,0.07024352935913958,0.0009868792685368889
357,0,0,357,0.03141463462364115,0.0430892396344138,0.0009868792685368733
358,0,0,358,0.031414634623641344,0.014090326834739875,0.000986879268536885
359,0,1,359,0.0314146346236414,0.05628952670919185,0.0009868792685368887
360,0,1,360,0.031414634623641136,0.03333250176458602,0.0009868792685368715
361,0,1,361,0.031414634623641385,0.11580828231895723,0.0009868792685368874
362,0,1,362,0.0314146346236413,0.025245691468060105,0.0009868792685368828
363,0,0,363,0.03141463462364135,0.015360863272677383,0.0009868792685368858
364,0,1,364,0.03141463462364139,0.08218839270582246,0.000986879268536887
365,0,0,365,0.031414634623641434,0.11134636185278401,0.0009868792685368887
366,0,0,366,0.0314146346236412,0.007422799920473455,0.0009868792685368756
367,0,1,367,0.03141463462364132,0.07928209792097674,0.0009868792685368839
368,0,1,368,0.0314146346236414,0.0760397525069112,0.0009868792685368884
369,0,0,369,0.031414634623641316,0.015779334913835874,0.0009868792685368828
370,0,0,370,0.03141463462364123,0.03866158456777913,0.0009868792685368785
371,0,0,371,0.031414634623641434,0.007702643624801997,0.000986879268536887
372,0,0,372,0.031414634623641205,0.027490584587682942,0.0009868792685368748
373,0,0,373,0.03141463462364114,0.0282548094021271,0.0009868792685368724
374,0,0,374,0.03141463462364117,0.0019279071264563866,0.000986879268536874
375,0,0,375,0.03141463462364139,0.06642297633587058,0.0009868792685368882
376,0,1,376,0.03141463462364143,0.11754631164030738,0.0009868792685368906
377,0,0,377,0.031414634623641455,0.04391807919271762,0.0009868792685368923
378,0,0,378,0.03141463462364146,0.08956855945494713,0.0009868792685368932
379,0,1,379,0.031414634623641295,0.01777393333350974,0.0009868792685368822
380,0,0,380,0.031414634623641066,0.029587929053254136,0.000986879268536868
381,0,0,381,0.0314146346236414,0.12246865051616362,0.0009868792685368887
382,0,0,382,0.03141463462364144,0.08014066041572798,0.0009868792685368917
383,0,0,383,0.03141463462364145,0.04294551174257061,0.0009868792685368902
384,0,1,384,0.031414634623641115,0.03293165503774942,0.0009868792685368709
385,0,0,385,0.03141463462364133,0.06895387362028527,0.0009868792685368845
386,0,0,386,0.031414634623641344,0.11226292906099922,0.0009868792685368848
387,0,1,387,0.0314146346236414,0.07487924568907511,0.0009868792685368874
388,0,1,388,0.03141463462364114,0.07526355830313247,0.0009868792685368728
389,0,1,389,0.031414634623641136,0.04605170792269231,0.0009868792685368707
390,0,0,390,0.0314146346236414,0.006447409348027122,0.0009868792685368882
391,0,1,391,0.0314146346236414,0.017698899424945402,0.0009868792685368889
392,0,1,392,0.03141463462364144,0.00406226054306702,0.000986879268536891
393,0,0,393,0.0314146346236414,0.12137066107513977,0.0009868792685368884
394,0,1,394,0.03141463462364137,0.0002266798103111034,0.0009868792685368865
395,0,0,395,0.03141463462364137,0.11826998461553995,0.000986879268536886
396,0,1,396,0.031414634623641385,0.0027266309864076577,0.0009868792685368876
397,0,0,397,0.0314146346236414,0.01165661190786993,0.0009868792685368887
398,0,1,398,0.0314146346236414,0.12416405397910149,0.0009868792685368889
399,0,1,399,0.031414634623641274,0.05542786693865143,0.000986879268536879
400,0,0,400,0.031414634623641406,0.028520255806586126,0.0009868792685368895
401,0,1,401,0.031414634623641316,0.00040657169055757086,0.0009868792685368835
402,0,0,402,0.03141463462364114,0.02158136022537871,0.000986879268536873
403,0,0,403,0.031414634623641316,0.08249247798221448,0.0009868792685368832
404,0,1,404,0.031414634623641156,0.018410479049939088,0.0009868792685368733
405,0,0,405,0.031414634623641316,0.044666128307778497,0.0009868792685368835
406,0,1,406,0.03141463462364122,0.07774799821955725,0.0009868792685368772
407,0,0,407,0.03141463462364142,0.0954980777228287,0.0009868792685368893
408,0,1,408,0.03141463462364136,0.0026728608199273474,0.0009868792685368863
409,0,0,409,0.03141463462364121,0.0029060559201568026,0.000986879268536875
410,0,0,410,0.03141463462364141,0.06947364816556173,0.0009868792685368902
411,0,1,411,0.0314146346236414,0.09128009531528607,0.0009868792685368889
412,0,1,412,0.031414634623641205,0.08467475180419837,0.0009868792685368765
413,0,0,413,0.031414634623641205,0.10706135056182697,0.000986879268536876
414,0,1,414,0.031414634623641115,0.058166594560187246,0.00098687926853687
415,0,0,415,0.03141463462364139,0.08206574692867674,0.0009868792685368887
416,0,0,416,0.03141463462364141,0.0732895897987903,0.00098687926853689
417,0,0,417,0.03141463462364119,0.05395766324153617,0.0009868792685368754
418,0,1,418,0.031414634623641205,0.028396834222410128,0.0009868792685368767
419,0,0,419,0.03141463462364119,0.003134766472431494,0.0009868792685368746
420,0,1,420,0.03141463462364112,0.04150475647553453,0.0009868792685368707
421,0,0,421,0.03141463462364119,0.0038727308877699596,0.0009868792685368754
422,0,0,422,0.031414634623641365,0.02339084992355356,0.0009868792685368863
423,0,1,423,1.999753264963321,6.7389383315405125,0.0009868792685368828
424,0,1,424,0.03141463462364148,0.02858153446828915,0.000986879268536894
425,0,0,425,0.03141463462364115,0.021166256991592025,0.0009868792685368722
426,0,1,426,0.03141463462364117,0.06943002662772146,0.0009868792685368737
427,0,0,427,0.031414634623641434,0.04633656727781199,0.000986879268536891
428,0,0,428,0.03141463462364115,0.07558559346043303,0.000986879268536872
429,0,0,429,0.03141463462364142,0.055499153026821846,0.0009868792685368906
430,0,0,430,0.0314146346236414,0.1200204364973303,0.0009868792685368887
431,0,0,431,0.03141463462364131,0.034849279420234414,0.0009868792685368828
432,0,0,432,0.031414634623641434,0.048535748923233424,0.0009868792685368906
433,0,1,433,0.0314146346236411,0.007087272221207724,0.0009868792685368702
434,0,1,434,0.031414634623641406,0.05088298932342461,0.0009868792685368876
435,0,0,435,0.03141463462364141,0.12472021375353581,0.0009868792685368897
436,0,1,436,0.031414634623641156,0.09985443319505638,0.0009868792685368735
437,0,0,437,0.031414634623641365,0.002709053943564632,0.0009868792685368865
438,0,1,438,0.03141463462364143,0.06561101581145845,0.000986879268536889
439,0,0,439,0.031414634623641455,0.072041630924633,0.0009868792685368923
440,0,0,440,0.03141463462364113,0.026028948675126173,0.000986879268536872
441,0,1,441,0.03141463462364141,0.11996845386825339,0.0009868792685368897
442,0,1,442,0.031414634623641434,0.10519051001377888,0.0009868792685368902
443,0,1,443,0.03141463462364115,0.0977301234031891,0.0009868792685368733
444,0,1,444,1.9997532649633214,5.880982042346141,0.0009868792685368826
445,0,1,445,0.031414634623641136,0.050882508884329436,0.0009868792685368724
446,0,1,446,0.03141463462364127,0.09042557083836633,0.00098687926853688
447,0,0,447,0.03141463462364121,0.041717184446909084,0.000986879268536877
448,0,1,448,0.03141463462364121,0.021467345018691963,0.0009868792685368776
449,0,1,449,0.03141463462364139,0.051001003419520075,0.0009868792685368889
450,0,0,450,0.03141463462364117,0.10653773543071221,0.0009868792685368746
451,0,0,451,0.03141463462364134,0.01467920789636512,0.0009868792685368852
452,0,0,452,0.031414634623641434,0.041396158251164134,0.000986879268536891
453,0,1,453,0.031414634623641316,0.010252047226789296,0.0009868792685368835
454,0,1,454,0.0314146346236412,0.04016738094438743,0.0009868792685368763
455,0,1,455,0.031414634623641344,0.03829846040391516,0.0009868792685368854
456,0,0,456,0.03141463462364142,0.09015372836601587,0.0009868792685368904
457,0,0,457,0.03141463462364132,0.026906513928738995,0.0009868792685368839
458,0,1,458,0.03141463462364111,0.07163348626431798,0.0009868792685368702
459,0,1,459,0.03141463462364134,0.04366571618738868,0.0009868792685368845
460,0,1,460,0.0314146346236414,0.12520708475801567,0.0009868792685368887
461,0,1,461,0.0314146346236414,0.11577590068013288,0.0009868792685368889
462,0,0,462,0.03141463462364133,0.002072537112752043,0.000986879268536884
463,0,0,463,0.031414634623641406,0.08701765374399338,0.000986879268536889
464,0,0,464,0.03141463462364147,0.03441889639226725,0.00098687926853689
465,0,1,465,0.031414634623641136,0.0759954910626246,0.0009868792685368726
466,0,1,466,0.0314146346236414,0.09246173658921786,0.0009868792685368884
467,0,0,467,0.031414634623641156,0.044252118948406416,0.0009868792685368735
468,0,0,468,0.03141463462364129,0.004494524629242103,0.0009868792685368822
469,0,0,469,0.031414634623641184,0.02213957126789179,0.000986879268536875
470,0,1,470,0.0314146346236414,0.055545572177442715,0.0009868792685368889
471,0,1,471,0.0314146346236414,0.014892627242580045,0.0009868792685368884
472,0,0,472,0.0314146346236413,0.011433008344419626,0.0009868792685368826
473,0,1,473,0.031414634623641226,0.01908293764545821,0.0009868792685368778
474,0,1,474,0.03141463462364141,0.07420456368282413,0.00098687926853689
475,0,1,475,0.031414634623641385,0.12439983912027097,0.000986879268536888
476,0,0,476,0.031414634623641385,0.0913040164141079,0.0009868792685368874
477,0,0,477,0.031414634623641184,0.0034875175069438713,0.0009868792685368754
478,0,0,478,0.031414634623641316,0.039665192920179226,0.0009868792685368839
479,0,1,479,0.03141463462364153,0.06111845102401103,0.000986879268536896
480,0,0,480,0.03141463462364143,0.0718736433129481,0.0009868792685368897
481,0,0,481,0.03141463462364142,0.050687120538499386,0.0009868792685368882
482,0,0,482,0.0314146346236412,0.09929237161558402,0.0009868792685368759
483,0,1,483,0.03141463462364141,0.07177926517042321,0.0009868792685368897
484,0,0,484,0.031414634623641406,0.07373191608409702,0.0009868792685368893
485,0,0,485,0.03141463462364136,0.10495193849440754,0.0009868792685368858
486,0,0,486,0.03141463462364119,0.044359621515948966,0.0009868792685368748
487,0,1,487,0.03141463462364138,0.021494473837400718,0.0009868792685368878
488,0,1,488,0.03141463462364134,0.02894964013529311,0.000986879268536885
489,0,0,489,0.031414634623641156,0.03983576303859904,0.0009868792685368733
490,0,0,490,0.03141463462364118,0.00578719162513508,0.0009868792685368748
491,0,1,491,0.031414634623641344,0.11312330377108837,0.0009868792685368854
492,0,0,492,0.03141463462364126,0.018042324518149133,0.0009868792685368802
493,0,0,493,0.031414634623641115,0.03152783711403273,0.0009868792685368694
494,0,1,494,0.0314146346236414,0.07857126389053115,0.0009868792685368889
495,0,1,495,0.031414634623641385,0.007575978773735503,0.0009868792685368871
496,0,0,496,0.03141463462364143,0.05565305675152954,0.0009868792685368904
497,0,1,497,0.031414634623641274,0.0020283500167361107,0.0009868792685368809
498,0,0,498,0.03141463462364137,0.01841333842140641,0.0009868792685368867
499,0,1,499,0.0314146346236414,0.1238579207816567,0.0009868792685368889
500,0,0,500,0.031414634623641385,0.00908517245172824,0.0009868792685368878
501,0,1,501,0.03141463462364114,0.027243770102664655,0.000986879268536873
502,0,1,502,0.03141463462364137,0.03902905180345595,0.0009868792685368871
503,0,1,503,0.031414634623641316,0.046595142543226054,0.0009868792685368835
504,0,1,504,0.03141463462364124,0.002660638607805299,0.0009868792685368782
505,0,1,505,0.03141463462364143,0.11161370868063031,0.0009868792685368884
506,0,0,506,0.03141463462364139,7.834732733581328e-05,0.000986879268536888
507,0,0,507,0.03141463462364129,0.03524478281177301,0.000986879268536882
508,0,1,508,0.031414634623641365,0.0363979566803172,0.0009868792685368867
509,0,0,509,0.03141463462364135,0.09880711684150856,0.000986879268536886
510,0,0,510,0.031414634623641295,0.0003176586896808248,0.0009868792685368828
511,0,0,511,0.03141463462364142,0.124376879200361,0.0009868792685368895
512,0,1,512,0.03141463462364138,0.012862365670948783,0.0009868792685368843
513,0,0,513,0.031414634623641344,0.04678301669491214,0.0009868792685368854
514,0,0,514,0.031414634623641344,0.012535787098388929,0.0009868792685368854
515,0,0,515,0.03141463462364143,0.01426050676880361,0.0009868792685368908
516,0,0,516,0.0314146346236414,0.11837312709734871,0.0009868792685368889
517,0,1,517,0.03141463462364144,0.08101788681759814,0.0009868792685368908
518,0,1,518,0.03141463462364126,0.02478780994389096,0.0009868792685368802
519,0,1,519,0.03141463462364138,0.019929065516099548,0.000986879268536887
520,0,1,520,0.0314146346236414,0.02240660112636593,0.0009868792685368887
521,0,1,521,0.031414634623641365,0.012147597025144563,0.0009868792685368863
522,0,1,522,0.0314146346236414,0.04721677384235928,0.0009868792685368882
523,0,1,523,0.03141463462364139,0.11512937901172982,0.0009868792685368884
524,0,0,524,0.03141463462364119,0.032325987629209685,0.000986879268536876
525,0,1,525,0.03141463462364148,0.04222591282317456,0.0009868792685368926
526,0,0,526,0.03141463462364141,0.11925955465770521,0.0009868792685368895
527,0,1,527,0.03141463462364113,0.06315694546008244,0.000986879268536872
528,0,0,528,0.03141463462364141,0.09455702040923553,0.0009868792685368887
529,0,0,529,0.0314146346236411,0.05172421854768938,0.0009868792685368698
530,0,1,530,0.03141463462364125,0.03855492238629432,0.0009868792685368795
531,0,0,531,0.031414634623641385,0.1167395949113883,0.0009868792685368878
532,0,0,532,0.0314146346236412,0.0966728324196966,0.000986879268536876
533,0,1,533,0.03141463462364135,0.07000985248529346,0.000986879268536886
534,0,1,534,0.031414634623641406,0.1241032801420115,0.000986879268536889
535,0,0,535,0.031414634623641455,0.06645843262666287,0.0009868792685368904
536,0,1,536,0.03141463462364145,0.0392419293233659,0.0009868792685368913
537,0,1,537,0.03141463462364123,0.06535424415831725,0.000986879268536878
538,0,0,538,0.03141463462364138,0.12483444317443104,0.0009868792685368876
539,0,1,539,0.03141463462364136,0.05621896134489823,0.0009868792685368858
540,0,0,540,0.0314146346236412,0.005343650112358822,0.0009868792685368763
541,0,0,541,0.03141463462364122,0.033074848702888904,0.000986879268536877
542,0,0,542,0.03141463462364137,0.0025994145479213415,0.0009868792685368871
543,0,1,543,0.031414634623641184,0.002121902273569898,0.0009868792685368754
544,0,1,544,0.03141463462364138,0.12284161508939329,0.0009868792685368878
545,0,0,545,0.03141463462364144,0.06166043347314787,0.0009868792685368889
546,0,0,546,0.03141463462364136,0.010174171068682236,0.0009868792685368863
547,0,1,547,0.03141463462364115,0.09299573057591504,0.0009868792685368733
548,0,1,548,0.0314146346236412,0.0027298974832503653,0.0009868792685368748
549,0,0,549,0.03141463462364123,0.07288797952085457,0.0009868792685368785
550,0,1,550,0.03141463462364139,0.07280985001003781,0.0009868792685368884
551,0,0,551,0.03141463462364109,0.05643144603341277,0.0009868792685368696
552,0,1,552,0.03141463462364118,0.06395841852356199,0.0009868792685368748
553,0,0,553,0.03141463462364138,0.057595755874832566,0.0009868792685368876
554,0,0,554,0.03141463462364119,0.03414132051992258,0.0009868792685368748
555,0,0,555,0.031414634623641344,0.011098783039592774,0.0009868792685368848
556,0,1,556,0.031414634623641254,0.0836623188805723,0.0009868792685368748
557,0,0,557,0.031414634623641406,0.10911299363294402,0.0009868792685368889
558,0,1,558,0.03141463462364144,0.07797749368707807,0.0009868792685368915
559,0,1,559,0.03141463462364134,0.01364178962174556,0.0009868792685368852
560,0,0,560,0.03141463462364115,0.011842238969164753,0.000986879268536873
561,0,0,561,0.03141463462364142,0.10478104106501895,0.00098687926853689
562,0,1,562,0.031414634623641156,0.0944420304049598,0.0009868792685368728
563,0,0,563,0.0314146346236415,0.02313901422161785,0.000986879268536895
564,0,0,564,0.031414634623641156,0.012754098064628794,0.0009868792685368737
565,0,1,565,0.03141463462364139,0.09724340914555318,0.000986879268536888
566,0,1,566,0.03141463462364118,0.04373641238632464,0.0009868792685368748
567,0,0,567,0.03141463462364138,0.05581725720718972,0.000986879268536887
568,0,0,568,0.0314146346236415,0.05756293080645891,0.000986879268536895
569,0,0,569,0.03141463462364138,0.11874034058235283,0.0009868792685368867
570,0,0,570,0.03141463462364142,0.01096387714379729,0.0009868792685368902
571,0,0,571,0.03141463462364142,0.060101533188888334,0.00098687926853689
572,0,1,572,0.03141463462364131,0.017603937640958467,0.0009868792685368828
573,0,0,573,0.03141463462364141,0.0612655178866055,0.0009868792685368893
574,0,0,574,0.03141463462364138,0.1054284966030763,0.0009868792685368876
575,0,0,575,0.03141463462364136,0.0586919861115579,0.0009868792685368863
576,0,0,576,1.9997532649633214,0.8418170716809221,0.0009868792685368824
577,0,0,577,0.031414634623641406,0.056008997128581234,0.000986879268536888
578,0,0,578,0.03141463462364114,0.06813451043376473,0.000986879268536871
579,0,1,579,0.03141463462364124,0.009313990927197757,0.0009868792685368785
580,0,0,580,0.03141463462364122,0.06337583036639116,0.0009868792685368776
581,0,1,581,0.03141463462364116,0.056777177396166945,0.000986879268536874
582,0,0,582,0.03141463462364142,0.018600800773066223,0.0009868792685368893
583,0,0,583,0.03141463462364139,0.018682757933510666,0.0009868792685368884
584,0,0,584,0.0314146346236414,0.11067347214643214,0.0009868792685368893
585,0,0,585,0.0314146346236412,0.03442989861260903,0.0009868792685368752
586,0,1,586,0.03141463462364138,0.03912887861660952,0.0009868792685368871
587,0,0,587,0.031414634623641385,0.12339228139709502,0.0009868792685368878
588,0,1,588,0.03141463462364141,0.09878384598545253,0.0009868792685368884
589,0,1,589,1.9997532649633214,6.8217558257076725,0.0009868792685368828
590,0,1,590,0.031414634623641344,0.01245929847948224,0.000986879268536885
591,0,1,591,0.03141463462364147,0.036649511361032006,0.0009868792685368932
592,0,1,592,0.03141463462364114,0.04385978774121746,0.0009868792685368722
593,0,1,593,0.03141463462364123,0.01651502412161676,0.0009868792685368787
594,0,1,594,0.031414634623641254,0.048395751882055915,0.0009868792685368798
595,0,0,595,0.03141463462364119,0.011580352997275112,0.0009868792685368754
596,0,1,596,0.03141463462364115,0.026489525641773204,0.0009868792685368713
597,0,0,597,0.03141463462364115,0.03677264156826454,0.000986879268536873
598,0,0,598,0.0314146346236414,0.042156246942944064,0.0009868792685368884
599,0,1,599,0.03141463462364143,0.0493727668195022,0.00098687926853689
600,0,0,600,0.03141463462364141,0.09705073141797071,0.0009868792685368895
601,0,0,601,0.031414634623641385,0.09598285942441287,0.0009868792685368878
602,0,0,602,0.03141463462364114,0.09267140225461734,0.000986879268536872
603,0,0,603,0.03141463462364132,0.05726581609474013,0.000986879268536884
604,0,0,604,0.031414634623641365,0.007695161186532462,0.0009868792685368867
605,0,1,605,0.031414634623641136,0.024182228308746723,0.000986879268536872
606,0,1,606,0.031414634623641205,0.0927772449863471,0.0009868792685368767
607,0,0,607,0.031414634623641434,0.08893575054406855,0.0009868792685368906
608,0,0,608,0.03141463462364142,0.004504234843417915,0.0009868792685368904
609,0,0,609,0.03141463462364114,0.005022484788097081,0.0009868792685368717
610,0,1,610,0.03141463462364147,0.0378431282229903,0.0009868792685368934
611,0,1,611,0.03141463462364136,0.0380502642910403,0.0009868792685368863
612,0,1,612,0.03141463462364139,0.007843007809906294,0.000986879268536888
613,0,1,613,0.03141463462364135,0.004709608172861923,0.000986879268536886
614,0,1,614,0.03141463462364136,0.027867861616515,0.0009868792685368863
615,0,0,615,0.03141463462364115,0.055056988758186876,0.0009868792685368728
616,0,1,616,0.031414634623641385,0.003549918983939193,0.0009868792685368865
617,0,1,617,0.031414634623641344,0.012847413746970182,0.0009868792685368845
618,0,0,618,0.03141463462364129,0.05095283047146104,0.0009868792685368809
619,0,1,619,0.03141463462364113,0.04153725639172112,0.0009868792685368722
620,0,1,620,0.03141463462364139,0.12325443102215439,0.0009868792685368884
621,0,1,621,0.03141463462364115,0.0755048600236381,0.0009868792685368735
622,0,1,622,0.0314146346236414,0.045457613217423316,0.0009868792685368889
623,0,0,623,0.03141463462364123,0.04120904670144521,0.0009868792685368782
624,0,0,624,0.03141463462364136,0.002116075619864599,0.0009868792685368865
625,0,0,625,0.03141463462364139,0.09164182679725193,0.0009868792685368884
626,0,0,626,0.03141463462364115,0.03927447064959022,0.000986879268536872
627,0,0,627,0.03141463462364139,0.006288540731838044,0.0009868792685368867
628,0,0,628,0.03141463462364131,0.03342513917835943,0.0009868792685368832
629,0,1,629,0.0314146346236413,0.020821620077749126,0.000986879268536883
630,0,0,630,0.0314146346236412,0.012966484700723147,0.000986879268536875
631,0,1,631,0.031414634623641184,0.004937893921146408,0.0009868792685368756
632,0,1,632,0.03141463462364141,0.1103856136046697,0.0009868792685368895
633,0,1,633,0.031414634623641385,0.005232424710573835,0.000986879268536888
634,0,1,634,0.031414634623641385,0.0910505917129587,0.000986879268536887
635,0,1,635,0.031414634623641434,0.03202856370869478,0.0009868792685368904
636,0,0,636,0.031414634623641136,0.04225318016959889,0.0009868792685368722
637,0,0,637,0.03141463462364137,0.008779090804754919,0.0009868792685368865
638,0,1,638,0.03141463462364113,0.05097517265955043,0.0009868792685368715
639,0,1,639,0.031414634623641385,0.09013394689961773,0.000986879268536888
640,0,0,640,0.031414634623641434,0.11780790996504065,0.0009868792685368902
641,0,0,641,0.03141463462364137,0.11564606278660605,0.000986879268536887
642,0,0,642,0.031414634623641434,0.04803787568603557,0.0009868792685368908
643,0,0,643,0.031414634623641406,0.08221404511012527,0.000986879268536889
644,0,1,644,0.03141463462364133,0.04339846894806598,0.0009868792685368843
645,0,1,645,0.031414634623641406,0.036645071466304746,0.0009868792685368887
646,0,0,646,0.03141463462364136,0.01198419327975353,0.000986879268536886
647,0,1,647,0.031414634623641385,0.056630290794004945,0.0009868792685368876
648,0,1,648,0.03141463462364139,0.028229981244297653,0.000986879268536888
649,0,1,649,0.031414634623641184,0.037638706572677094,0.000986879268536875
650,0,1,650,0.0314146346236411,0.0830641558832732,0.0009868792685368691
651,0,0,651,0.031414634623641254,0.06599503839413412,0.0009868792685368798
652,0,1,652,0.03141463462364135,0.02492438433742622,0.000986879268536886
653,0,1,653,0.03141463462364112,0.08834611986175167,0.000986879268536871
654,0,0,654,0.031414634623641476,0.0005825921127816849,0.0009868792685368932
655,0,1,655,0.03141463462364118,0.10017030526973203,0.0009868792685368752
656,0,1,656,0.031414634623641205,0.047584686725781644,0.0009868792685368752
657,0,1,657,0.0314146346236411,0.09912219548528478,0.0009868792685368702
658,0,1,658,0.03141463462364141,0.12015830901093934,0.0009868792685368889
659,0,1,659,0.031414634623641406,0.09355866592346285,0.000986879268536889
660,0,0,660,0.03141463462364137,0.11575332395198656,0.0009868792685368871
661,0,0,661,0.03141463462364134,0.08389984262532124,0.0009868792685368845
662,0,1,662,0.03141463462364112,0.040435594860223745,0.0009868792685368707
663,0,0,663,0.03141463462364147,0.034296569159405266,0.000986879268536891
664,0,0,664,0.03141463462364118,0.00011248940664693174,0.0009868792685368748
665,0,0,665,0.03141463462364148,0.08258698793863095,0.0009868792685368943
666,0,1,666,0.03141463462364134,0.014714095573083341,0.0009868792685368852
667,0,1,667,1.9997532649633214,0.5466623511293519,0.0009868792685368978
668,0,0,668,0.03141463462364141,0.054969024518186194,0.00098687926853689
669,0,0,669,0.03141463462364132,0.026376111209091002,0.000986879268536883
670,0,0,670,0.031414634623641344,0.022792027708821383,0.0009868792685368856
671,0,1,671,0.031414634623641455,0.07635048014196744,0.0009868792685368928
672,0,1,672,0.0314146346236414,0.09423869307913818,0.0009868792685368889
673,0,0,673,0.03141463462364132,0.06536994491780534,0.0009868792685368843
674,0,0,674,0.03141463462364138,0.031031683936890264,0.0009868792685368871
675,0,1,675,0.03141463462364122,0.05258153903356999,0.000986879268536877
676,0,1,676,0.0314146346236413,0.05699385045634697,0.000986879268536883
677,0,1,677,0.03141463462364143,0.0284858076702445,0.00098687926853689
678,0,1,678,0.03141463462364136,0.017057704539401364,0.0009868792685368863
679,0,1,679,0.03141463462364115,0.02507357253548026,0.000986879268536873
680,0,0,680,0.03141463462364103,0.051967303293513734,0.0009868792685368657
681,0,0,681,0.031414634623641385,0.005942955055210149,0.0009868792685368882
682,0,0,682,0.0314146346236414,0.11375887282307212,0.0009868792685368887
683,0,1,683,0.031414634623641344,0.06341832352223209,0.0009868792685368856
684,0,0,684,0.03141463462364138,0.034299247093289686,0.000986879268536886
685,0,1,685,0.03141463462364139,0.010920528611422231,0.0009868792685368867
686,0,1,686,0.03141463462364122,0.03526396981330482,0.000986879268536874
687,0,0,687,0.031414634623641094,0.0631035302000642,0.000986879268536868
688,0,0,688,0.03141463462364143,0.06236247001178574,0.0009868792685368902
689,0,1,689,0.031414634623641184,0.008356425364853481,0.0009868792685368746
690,0,0,690,0.031414634623641365,0.016387640823262828,0.0009868792685368865
691,0,0,691,0.03141463462364141,0.016444914824806922,0.0009868792685368878
692,0,1,692,0.03141463462364139,0.027422497613672325,0.0009868792685368887
693,0,1,693,0.0314146346236414,0.058793502714127296,0.0009868792685368887
694,0,1,694,0.03141463462364118,0.004633790918114666,0.0009868792685368748
695,0,0,695,0.0314146346236414,0.07217064204718446,0.0009868792685368887
696,0,0,696,0.03141463462364115,0.06851575103774865,0.0009868792685368733
697,0,1,697,1.999753264963321,3.7025357233463625,0.000986879268536883
698,0,0,698,0.031414634623641496,0.011233045679555742,0.000986879268536895
699,0,0,699,0.031414634623641434,0.07771999854527945,0.0009868792685368882
700,0,0,700,0.031414634623641365,0.024529907758296804,0.0009868792685368863
701,0,0,701,0.031414634623641136,0.0029426317677389985,0.000986879268536872
702,0,0,702,0.031414634623641316,0.030257046495770545,0.0009868792685368837
703,0,0,703,0.03141463462364141,0.09518024744592488,0.000986879268536889
704,0,0,704,0.03141463462364113,0.08081413713745134,0.000986879268536872
705,0,0,705,0.031414634623641524,0.036355784632802424,0.0009868792685368952
706,0,0,706,0.03141463462364118,0.03867141732793655,0.0009868792685368737
707,0,1,707,0.0314146346236414,0.12426479576698798,0.0009868792685368889
708,0,1,708,0.03141463462364124,0.08100195978723601,0.0009868792685368787
709,0,0,709,0.031414634623641344,0.0011257380309199622,0.0009868792685368852
710,0,1,710,0.03141463462364145,0.11917373419906074,0.0009868792685368915
711,0,1,711,0.03141463462364145,0.0017916903698959527,0.0009868792685368915
712,0,1,712,0.03141463462364125,0.09348074024413178,0.0009868792685368791
713,0,0,713,0.0314146346236412,0.052229649541437606,0.000986879268536876
714,0,0,714,0.03141463462364112,0.002872532766734763,0.0009868792685368715
715,0,0,715,0.031414634623641406,0.1207084659686875,0.000986879268536889
716,0,0,716,0.03141463462364147,0.06323493680343928,0.0009868792685368928
717,0,0,717,0.03141463462364136,0.016003328857013166,0.0009868792685368867
718,0,0,718,0.03141463462364137,0.10953256823429958,0.0009868792685368863
719,0,0,719,0.031414634623641365,0.02894719258511813,0.0009868792685368863
720,0,1,720,0.03141463462364145,0.009205507813562303,0.000986879268536892
721,0,0,721,0.031414634623641226,0.00481597351571264,0.0009868792685368776
722,0,0,722,0.03141463462364141,0.038500234129724475,0.0009868792685368858
723,0,0,723,0.03141463462364139,0.07699056849933283,0.0009868792685368878
724,0,1,724,0.03141463462364151,0.06603403996756141,0.0009868792685368956
725,0,0,725,0.03141463462364134,0.04502420700290655,0.0009868792685368848
726,0,0,726,0.03141463462364118,0.11067083372213893,0.0009868792685368746
727,0,1,727,0.03141463462364136,0.04943146165005197,0.0009868792685368867
728,0,1,728,0.03141463462364118,0.0018939063947989165,0.0009868792685368752
729,0,0,729,0.03141463462364121,0.02576103082081449,0.0009868792685368748
730,0,1,730,0.03141463462364142,0.06105187762239295,0.00098687926853689
731,0,0,731,0.03141463462364143,0.06494636252233427,0.000986879268536889
732,0,1,732,0.03141463462364109,0.01510747948206781,0.0009868792685368691
733,0,0,733,0.03141463462364112,0.022012965016199537,0.0009868792685368715
734,0,1,734,0.03141463462364131,0.007624891043214621,0.0009868792685368826
735,0,0,735,0.03141463462364122,0.024269717562809046,0.0009868792685368759
736,0,1,736,0.03141463462364118,0.0008935993110328333,0.0009868792685368748
737,0,1,737,0.03141463462364137,0.04476730920643279,0.0009868792685368865
738,0,0,738,0.031414634623641274,0.06631909030649208,0.0009868792685368809
739,0,1,739,0.03141463462364141,0.10026433105587063,0.000986879268536886
740,0,1,740,0.0314146346236414,0.04432382117290046,0.0009868792685368889
741,0,0,741,0.0314146346236414,0.12520208818087586,0.0009868792685368889
742,0,1,742,0.03141463462364132,0.1079861616583071,0.0009868792685368843
743,0,0,743,0.031414634623641344,0.04671697294924093,0.0009868792685368854
744,0,0,744,0.031414634623641205,0.038436375882500595,0.0009868792685368767
745,0,0,745,0.03141463462364118,0.018502360134271534,0.0009868792685368746
746,0,1,746,0.031414634623641365,0.010649576724656884,0.000986879268536887
747,0,0,747,0.03141463462364139,0.12491949616082584,0.0009868792685368884
748,0,1,748,0.03141463462364118,0.08672884965159122,0.0009868792685368746
749,0,1,749,0.031414634623641385,0.10467474366001295,0.000986879268536888
750,0,1,750,0.03141463462364143,0.06267693865083501,0.0009868792685368897
751,0,1,751,0.0314146346236414,0.059682384679937917,0.0009868792685368884
752,0,1,752,0.03141463462364132,0.013349087438790541,0.0009868792685368832
753,0,0,753,0.03141463462364116,0.0723462303761142,0.000986879268536873
754,0,0,754,0.03141463462364139,0.03891765513266643,0.000986879268536888
755,0,1,755,0.03141463462364127,0.00614113574154368,0.0009868792685368809
756,0,0,756,0.031414634623641184,0.039518086204903824,0.000986879268536875
757,0,0,757,0.03141463462364137,0.0011458106179825789,0.0009868792685368867
758,0,0,758,0.03141463462364118,0.032721732163492945,0.0009868792685368722
759,0,1,759,0.03141463462364133,0.011317258374936134,0.0009868792685368845
760,0,0,760,0.03141463462364135,0.09921487308720689,0.0009868792685368858
761,0,0,761,0.03141463462364142,0.02380950071241371,0.0009868792685368902
762,0,1,762,0.03141463462364141,0.09769349340765587,0.0009868792685368876
763,0,1,763,0.0314146346236414,0.10851667327880032,0.0009868792685368889
764,0,0,764,0.031414634623641406,0.09416395083241458,0.0009868792685368878
765,0,0,765,0.03141463462364115,0.02250598153835437,0.0009868792685368726
766,0,1,766,0.03141463462364124,0.08940978009752776,0.0009868792685368767
767,0,0,767,0.031414634623641496,0.08440758810338256,0.0009868792685368936
768,0,0,768,0.031414634623641434,0.07041210872907039,0.0009868792685368889
769,0,1,769,0.031414634623641455,0.07714395766112947,0.0009868792685368928
770,0,0,770,0.031414634623641344,0.03716194807530071,0.0009868792685368848
771,0,0,771,0.03141463462364146,0.01926871643304584,0.0009868792685368923
772,0,1,772,0.0314146346236414,0.10105985504153078,0.0009868792685368884
773,0,0,773,0.03141463462364144,0.0450503573482573,0.000986879268536892
774,0,0,774,0.031414634623641385,0.03001685553065858,0.0009868792685368878
775,0,0,775,0.03141463462364135,0.0369481723382834,0.0009868792685368858
776,0,1,776,0.03141463462364144,0.02056544220308376,0.0009868792685368906
777,0,1,777,0.031414634623641385,0.056806147342851165,0.0009868792685368884
778,0,1,778,0.03141463462364141,0.09341160332205378,0.0009868792685368897
779,0,1,779,0.03141463462364141,0.010213063383246457,0.000986879268536888
780,0,0,780,0.03141463462364138,0.019012959644538974,0.0009868792685368874
781,0,0,781,0.03141463462364114,0.05782958468086852,0.0009868792685368724
782,0,0,782,0.03141463462364135,0.02481050460487344,0.0009868792685368858
783,0,0,783,0.031414634623641344,0.010476752679547285,0.000986879268536885
784,0,0,784,0.031414634623641385,0.012086235940492518,0.0009868792685368874
785,0,0,785,0.03141463462364113,0.05531240017318262,0.0009868792685368691
786,0,0,786,0.03141463462364136,0.03253095118837124,0.0009868792685368839
787,0,0,787,0.03141463462364113,0.07947357500618146,0.000986879268536872
788,0,0,788,0.031414634623641365,0.08695753112191484,0.0009868792685368867
789,0,1,789,0.03141463462364126,0.046533045767672476,0.0009868792685368791
790,0,1,790,0.031414634623641406,0.10881454480704789,0.0009868792685368889
791,0,1,791,0.03141463462364119,0.000448695616447628,0.0009868792685368754
792,0,1,792,0.031414634623641385,0.002619367750479981,0.0009868792685368878
793,0,0,793,0.031414634623641434,0.06548142327819828,0.0009868792685368906
794,0,0,794,0.03141463462364136,0.03673590023895068,0.0009868792685368863
795,0,0,795,0.03141463462364142,0.02254045258627821,0.0009868792685368895
796,0,0,796,0.03141463462364125,0.05379340208997707,0.000986879268536878
797,0,1,797,0.031414634623641205,0.06676815995271368,0.000986879268536875
798,0,1,798,0.03141463462364147,0.09165907512458316,0.000986879268536892
799,0,1,799,0.03141463462364119,0.022051667993273183,0.000986879268536876
800,0,1,800,0.031414634623641406,0.029828316207194172,0.0009868792685368887
801,0,0,801,0.03141463462364112,0.10398823715338201,0.000986879268536871
802,0,0,802,0.031414634623641316,0.0030225079989658343,0.0009868792685368832
803,0,1,803,0.031414634623641184,0.07032052600819849,0.000986879268536875
804,0,0,804,0.03141463462364133,0.010808520117160492,0.0009868792685368843
805,0,1,805,0.03141463462364105,0.020847485332012416,0.0009868792685368672
806,0,0,806,0.03141463462364149,0.08521366084831905,0.000986879268536891
807,0,0,807,0.03141463462364124,0.06528462562685267,0.000986879268536879
808,0,0,808,0.03141463462364138,0.055327877672041836,0.0009868792685368876
809,0,0,809,0.03141463462364147,0.10601055599313214,0.0009868792685368932
810,0,1,810,0.031414634623641406,0.10080247639202722,0.0009868792685368884
811,0,1,811,0.03141463462364117,0.05018575997556063,0.0009868792685368733
812,0,1,812,0.031414634623641365,0.0015977557978577028,0.000986879268536886
813,0,0,813,0.031414634623641295,0.04563568958906661,0.0009868792685368815
814,0,1,814,0.031414634623641136,0.08793589869066087,0.0009868792685368717
815,0,1,815,0.03141463462364141,0.037279339348866486,0.0009868792685368889
816,0,1,816,0.03141463462364122,0.05766180573642865,0.000986879268536876
817,0,1,817,0.03141463462364141,0.122670039851833,0.000986879268536889
818,0,0,818,0.03141463462364143,0.029683365077421753,0.0009868792685368906
819,0,1,819,0.03141463462364122,0.09089750667694885,0.0009868792685368774
820,0,0,820,0.03141463462364126,0.025512783243528903,0.0009868792685368804
821,0,0,821,0.03141463462364136,0.04118551262101189,0.0009868792685368856
822,0,1,822,0.03141463462364117,0.0016193166729074893,0.0009868792685368746
823,0,0,823,0.031414634623641434,0.05782553500013743,0.0009868792685368904
824,0,0,824,0.031414634623641365,0.03881015737361482,0.0009868792685368843
825,0,0,825,0.031414634623641434,0.05021738179771029,0.000986879268536891
826,0,0,826,0.03141463462364119,0.011866635236095657,0.0009868792685368733
827,0,1,827,0.0314146346236412,0.019113015512250975,0.0009868792685368763
828,0,0,828,0.03141463462364128,0.0371126056360398,0.0009868792685368806
829,0,1,829,0.03141463462364121,0.0026359029161531766,0.0009868792685368774
830,0,1,830,0.03141463462364144,0.052485188499761914,0.0009868792685368876
831,0,1,831,0.03141463462364142,0.008316387063329433,0.0009868792685368902
832,0,1,832,0.031414634623641385,0.001053614626057242,0.000986879268536888
833,0,1,833,0.0314146346236414,0.02999663570264289,0.0009868792685368893
834,0,0,834,0.031414634623641406,0.03519708235683819,0.000986879268536889
835,0,1,835,0.03141463462364138,0.1177063319088072,0.0009868792685368878
836,0,1,836,0.03141463462364142,0.06704390511358493,0.0009868792685368882
837,0,0,837,0.03141463462364135,0.08915354573464951,0.0009868792685368852
838,0,0,838,0.031414634623641406,0.11309640724615577,0.0009868792685368895
839,0,0,839,0.031414634623641316,0.060940671944319735,0.000986879268536881
840,0,1,840,0.03141463462364123,0.014162908520104711,0.0009868792685368748
841,0,1,841,0.03141463462364114,0.023907590105965326,0.0009868792685368733
842,0,0,842,0.03141463462364134,0.03166702878963301,0.000986879268536885
843,0,1,843,0.031414634623641184,8.854563949890499e-05,0.0009868792685368756
844,0,1,844,0.031414634623641156,0.03157137120333986,0.0009868792685368733
845,0,1,845,0.031414634623641455,0.11854238805104034,0.0009868792685368926
846,0,1,846,0.031414634623641385,0.05665070736815778,0.000986879268536888
847,0,1,847,0.0314146346236412,0.016173328552984145,0.0009868792685368759
848,0,0,848,0.031414634623641434,0.06894691687834786,0.000986879268536891
849,0,1,849,0.03141463462364132,0.05116376372514342,0.0009868792685368837
850,0,1,850,0.03141463462364139,0.11041832510224481,0.0009868792685368884
851,0,1,851,0.03141463462364114,0.013340589122472934,0.000986879268536873
852,0,1,852,0.031414634623641184,0.0009964766456261875,0.0009868792685368756
853,0,0,853,0.03141463462364144,0.053118013545512266,0.000986879268536891
854,0,1,854,0.03141463462364138,0.01961707904118315,0.0009868792685368852
855,0,1,855,0.03141463462364129,0.003572560918031653,0.0009868792685368815
856,0,1,856,0.031414634623641184,0.00345416864605419,0.0009868792685368752
857,0,1,857,0.03141463462364144,0.0031173771326055977,0.0009868792685368915
858,0,0,858,0.03141463462364139,0.12500264360875124,0.0009868792685368878
859,0,0,859,0.03141463462364131,0.04622446256394719,0.000986879268536883
860,0,1,860,0.031414634623641316,0.032763859978715004,0.0009868792685368839
861,0,1,861,0.03141463462364137,0.021442706905645093,0.000986879268536887
862,0,0,862,0.031414634623641344,0.05180081758567745,0.000986879268536884
863,0,0,863,0.0314146346236411,0.07291758509274082,0.00098687926853687
864,0,1,864,0.031414634623641344,0.00033663502968256376,0.0009868792685368854
865,0,1,865,0.031414634623641184,0.030823252531510192,0.0009868792685368752
866,0,1,866,0.03141463462364122,0.019719416787959965,0.0009868792685368746
867,0,0,867,0.03141463462364133,0.062480804441271576,0.0009868792685368848
868,0,1,868,0.03141463462364139,0.12159033457823665,0.0009868792685368884
869,0,1,869,0.031414634623641365,0.04261250715079479,0.0009868792685368867
870,0,1,870,0.0314146346236414,0.11146372978020047,0.0009868792685368884
871,0,0,871,0.031414634623641365,0.07168238181068415,0.000986879268536887
872,0,1,872,0.031414634623641156,0.013042513100381292,0.0009868792685368737
873,0,0,873,0.031414634623641274,0.05479033698451463,0.0009868792685368809
874,0,0,874,0.03141463462364144,0.010339577713955994,0.0009868792685368913
875,0,0,875,0.03141463462364121,0.08125135527162586,0.0009868792685368767
876,0,1,876,0.031414634623641274,0.03332234878008844,0.000986879268536879
877,0,0,877,0.03141463462364139,0.05219601513256267,0.0009868792685368884
878,0,1,878,0.031414634623641205,0.0022429268723898055,0.0009868792685368748
879,0,1,879,0.03141463462364116,0.0065864138137453065,0.0009868792685368743
880,0,1,880,0.0314146346236414,0.046802823830610615,0.0009868792685368887
881,0,0,881,0.03141463462364119,0.04553115719637679,0.0009868792685368763
882,0,0,882,0.03141463462364136,0.007469746532854593,0.0009868792685368863
883,0,1,883,0.031414634623641156,0.030857781521191452,0.0009868792685368733
884,0,0,884,0.031414634623641476,0.07363566097880803,0.000986879268536893
885,0,0,885,0.03141463462364111,0.017490237697952438,0.0009868792685368709
886,0,0,886,0.031414634623641365,0.11921686825881406,0.0009868792685368865
887,0,0,887,0.03141463462364127,0.06670431536093879,0.000986879268536881
888,0,1,888,0.03141463462364143,0.09003675106076336,0.0009868792685368904
889,0,0,889,0.031414634623641205,0.0022441735094591297,0.0009868792685368765
890,0,1,890,0.03141463462364146,0.0904682502817804,0.0009868792685368906
891,0,0,891,0.03141463462364115,0.024615860645740728,0.0009868792685368735
892,0,1,892,0.03141463462364137,0.025996800374668894,0.0009868792685368863
893,0,0,893,0.03141463462364134,0.025710989250054883,0.000986879268536884
894,0,1,894,0.031414634623641365,0.11143638804646516,0.0009868792685368867
895,0,0,895,0.03141463462364114,0.09423954789570832,0.000986879268536873
896,0,0,896,0.031414634623641455,0.03960989890170041,0.0009868792685368923
897,0,1,897,0.03141463462364119,0.0555925245595803,0.0009868792685368756
898,0,0,898,0.03141463462364117,0.021093316877982993,0.0009868792685368746
899,0,0,899,0.03141463462364131,0.1148971098779612,0.0009868792685368824
900,0,0,900,0.031414634623641254,0.0006054555000558244,0.0009868792685368791
901,0,1,901,0.0314146346236412,0.031152980795330798,0.0009868792685368759
902,0,0,902,0.0314146346236414,0.03211396881564544,0.0009868792685368889
903,0,0,903,0.031414634623641344,0.03582750895655229,0.0009868792685368852
904,0,0,904,0.03141463462364109,0.00911391960662522,0.0009868792685368696
905,0,0,905,0.03141463462364125,0.11314359552704656,0.000986879268536879
906,0,0,906,0.031414634623641184,0.018655191594246112,0.0009868792685368748
907,0,1,907,0.03141463462364146,0.10130751495565482,0.000986879268536892
908,0,1,908,0.03141463462364149,0.0649056128549792,0.0009868792685368945
909,0,0,909,0.031414634623641115,0.07663055974758004,0.0009868792685368707
910,0,1,910,0.03141463462364138,0.015236601983278808,0.0009868792685368878
911,0,0,911,0.03141463462364142,0.11353572704419246,0.00098687926853689
912,0,1,912,0.03141463462364141,0.09983414830147189,0.000986879268536889
913,0,1,913,0.031414634623641156,0.024878286405156658,0.0009868792685368735
914,0,0,914,0.03141463462364139,0.03456843100961926,0.0009868792685368852
915,0,1,915,0.031414634623641434,0.03007809465389144,0.0009868792685368902
916,0,0,916,0.03141463462364136,0.07755447232928736,0.0009868792685368863
917,0,1,917,0.03141463462364135,0.06533327593599825,0.0009868792685368854
918,0,1,918,0.03141463462364119,0.001201910007376683,0.0009868792685368756
919,0,1,919,0.03141463462364143,0.03906069189806638,0.0009868792685368889
920,0,0,920,0.03141463462364135,0.023198413653396227,0.0009868792685368858
921,0,1,921,0.03141463462364117,0.014244171711661924,0.0009868792685368737
922,0,0,922,0.0314146346236414,0.09722122673977862,0.0009868792685368871
923,0,0,923,0.031414634623641385,0.12140406453556118,0.0009868792685368878
924,0,0,924,0.03141463462364129,0.07943290770033329,0.000986879268536881
925,0,0,925,0.03141463462364119,0.0027567529187415563,0.0009868792685368754
926,0,1,926,0.03141463462364136,0.09211809156038164,0.000986879268536885
927,0,1,927,0.031414634623641365,0.017681805063492817,0.0009868792685368865
928,0,1,928,0.031414634623641385,0.04443982176958276,0.000986879268536888
929,0,0,929,0.031414634623641205,0.035841182940100635,0.0009868792685368767
930,0,0,930,0.03141463462364122,0.04265638755855017,0.0009868792685368754
931,0,1,931,0.03141463462364113,0.006284475010984836,0.0009868792685368722
932,0,1,932,0.03141463462364132,0.023196671067227115,0.0009868792685368835
933,0,0,933,0.03141463462364141,0.08294447097834651,0.0009868792685368895
934,0,1,934,0.03141463462364139,0.09739044637682193,0.0009868792685368884
935,0,1,935,0.03141463462364143,0.06904504042150128,0.0009868792685368895
936,0,1,936,0.031414634623641406,0.10748318988668872,0.000986879268536889
937,0,0,937,0.03141463462364116,0.01460062241402138,0.0009868792685368726
938,0,1,938,0.03141463462364132,0.014110050381568762,0.0009868792685368837
939,0,1,939,0.03141463462364118,0.01140024697798303,0.000986879268536875
940,0,0,940,0.031414634623641136,0.004305647512187205,0.0009868792685368724
941,0,0,941,0.03141463462364147,0.09913271587613237,0.000986879268536893
942,0,1,942,0.03141463462364148,0.07285227616094936,0.0009868792685368945
943,0,1,943,0.03141463462364112,0.04705184737682022,0.0009868792685368715
944,0,1,944,0.0314146346236414,0.11560716869995769,0.0009868792685368882
945,0,0,945,0.03141463462364136,0.0021898235094335305,0.000986879268536886
946,0,0,946,0.03141463462364139,0.10488462611935345,0.000986879268536888
947,0,0,947,0.0314146346236412,0.0406241743929141,0.0009868792685368754
948,0,1,948,0.03141463462364143,0.08015008206207641,0.0009868792685368908
949,0,1,949,0.031414634623641406,0.018519881000994054,0.0009868792685368895
950,0,1,950,0.03141463462364154,0.08558274416981959,0.0009868792685368971
951,0,0,951,0.031414634623641115,0.028431249271818837,0.0009868792685368707
952,0,0,952,0.03141463462364116,0.0037711710025509215,0.000986879268536874
953,0,0,953,0.0314146346236414,0.07613778638165777,0.0009868792685368889
954,0,1,954,1.999753264963321,1.2629556386637724,0.0009868792685368824
955,0,0,955,0.03141463462364145,0.09532374935327592,0.000986879268536892
956,0,1,956,0.031414634623641365,0.019315781657498032,0.0009868792685368867
957,0,1,957,0.03141463462364132,0.02696814967927086,0.0009868792685368837
958,0,0,958,0.03141463462364119,0.04987550569545551,0.000986879268536875
959,0,0,959,0.031414634623641406,0.02194321644143241,0.0009868792685368889
960,0,0,960,0.031414634623641156,0.036426988890933654,0.0009868792685368737
961,0,1,961,0.03141463462364134,0.027634422123664848,0.000986879268536885
962,0,1,962,0.03141463462364116,0.01666954253772479,0.0009868792685368746
963,0,0,963,0.03141463462364144,0.0973458315998077,0.0009868792685368904
964,0,0,964,0.03141463462364143,0.007201906797430317,0.0009868792685368906
965,0,1,965,0.031414634623641344,0.05044373320950202,0.0009868792685368852
966,0,1,966,1.9997532649633214,7.9968694333997465,0.0009868792685368839
967,0,0,967,0.03141463462364119,0.004242034065738198,0.0009868792685368748
968,0,0,968,0.031414634623641254,0.017859906085100352,0.0009868792685368798
969,0,1,969,0.03141463462364139,0.10877124577972186,0.0009868792685368887
970,0,0,970,0.03141463462364135,0.06725589657134323,0.0009868792685368856
971,0,1,971,0.03141463462364114,0.009899205507689884,0.0009868792685368724
972,0,1,972,0.031414634623641455,0.029029322138232838,0.0009868792685368923
973,0,1,973,0.03141463462364141,0.04895360409816696,0.0009868792685368895
974,0,1,974,0.03141463462364143,0.003855410877347032,0.00098687926853689
975,0,1,975,0.03141463462364143,0.09126752919663095,0.0009868792685368906
976,0,1,976,0.03141463462364119,0.03327058451530185,0.0009868792685368765
977,0,0,977,0.03141463462364117,0.02213323308792381,0.0009868792685368735
978,0,1,978,0.03141463462364117,0.04214382820894702,0.0009868792685368722
979,0,1,979,0.03141463462364145,0.06955656537324417,0.000986879268536892
980,0,1,980,0.03141463462364142,0.10855033055784968,0.0009868792685368893
981,0,0,981,0.03141463462364115,0.05429671384495549,0.000986879268536873
982,0,0,982,0.03141463462364115,0.026121929753972317,0.0009868792685368733
983,0,1,983,0.03141463462364138,0.0043733022662528764,0.0009868792685368874
984,0,0,984,0.03141463462364143,0.062338723972219956,0.0009868792685368908
985,0,1,985,0.03141463462364117,0.011983482360449882,0.0009868792685368746
986,0,1,986,0.031414634623641344,0.10490251923595895,0.0009868792685368839
987,0,1,987,0.0314146346236414,0.015035647813428404,0.0009868792685368887
988,0,0,988,0.03141463462364129,0.09193368088253484,0.0009868792685368824
989,0,0,989,0.03141463462364148,0.05515896531368081,0.0009868792685368943
990,0,0,990,0.031414634623641205,0.010346350710889296,0.0009868792685368765
991,0,0,991,0.03141463462364142,0.057398238950654434,0.0009868792685368884
992,0,1,992,0.03141463462364136,0.010942645130844975,0.0009868792685368858
993,0,0,993,0.03141463462364126,0.07589879607032546,0.000986879268536876
994,0,1,994,0.031414634623641406,0.10751876472151989,0.0009868792685368895
995,0,1,995,0.031414634623641205,0.05871776778976079,0.0009868792685368752
996,0,1,996,0.031414634623641406,0.12066592176457747,0.0009868792685368889
997,0,1,997,0.031414634623641156,0.07975692284472746,0.0009868792685368737
998,0,0,998,0.03141463462364143,0.0722514178629825,0.0009868792685368904
999,0,1,999,0.03141463462364112,0.006527015976070971,0.0009868792685368713
