,Layer,Qubit,Run,2-Norm,Trace Norm,Diamond Norm
0,0,0,0,0.031414634623641274,0.06145580043319149,0.000986879268536881
1,0,0,1,0.03141463462364151,0.05944396779867822,0.0009868792685368958
2,0,0,2,0.031414634623641295,0.040894156832762596,0.0009868792685368826
3,0,0,3,0.0314146346236414,0.046369412667941735,0.0009868792685368889
4,0,1,4,0.03141463462364112,0.056659573397187746,0.0009868792685368717
5,0,1,5,0.03141463462364134,0.057656349273035784,0.0009868792685368852
6,0,1,6,0.0314146346236412,0.04285312769201083,0.0009868792685368776
7,0,1,7,0.03141463462364117,0.049650614084397623,0.0009868792685368746
8,0,0,8,0.03141463462364138,0.04174711928748124,0.0009868792685368871
9,0,1,9,0.03141463462364137,0.0551999502745093,0.0009868792685368867
10,0,1,10,0.031414634623641254,0.06129360823240193,0.0009868792685368767
11,0,0,11,0.03141463462364117,0.04653445102197248,0.000986879268536874
12,0,0,12,0.03141463462364138,0.051885491974546324,0.0009868792685368874
13,0,1,13,0.031414634623641385,0.03805350860655152,0.0009868792685368882
14,0,0,14,0.03141463462364114,0.05556990086262889,0.0009868792685368724
15,0,0,15,0.031414634623641365,0.0591888217447592,0.0009868792685368876
16,0,0,16,0.031414634623641434,0.04785862334975885,0.0009868792685368906
17,0,1,17,0.031414634623641184,0.061624891104302915,0.000986879268536875
18,0,0,18,0.0314146346236414,0.06213315935479291,0.0009868792685368889
19,0,0,19,0.03141463462364119,0.0545469232772213,0.0009868792685368754
20,0,1,20,0.031414634623641365,0.035199733640207134,0.0009868792685368865
21,0,1,21,0.03141463462364136,0.052555503325504405,0.0009868792685368854
22,0,1,22,0.031414634623641455,0.049822729022137746,0.0009868792685368926
23,0,1,23,0.03141463462364119,0.05572157121000723,0.0009868792685368759
24,0,0,24,0.03141463462364142,0.046819900514553994,0.00098687926853689
25,0,0,25,0.03141463462364118,0.058324973903476074,0.0009868792685368748
26,0,0,26,0.03141463462364134,0.06144331648559487,0.0009868792685368852
27,0,0,27,0.03141463462364122,0.04958499685652981,0.0009868792685368774
28,0,0,28,0.03141463462364138,0.059460581012733604,0.000986879268536888
29,0,1,29,0.03141463462364135,0.05980881379974479,0.0009868792685368858
30,0,0,30,0.03141463462364141,0.05411592226623255,0.00098687926853689
31,0,1,31,0.03141463462364117,0.06118188250118789,0.0009868792685368746
32,0,1,32,0.03141463462364137,0.04442259924174744,0.0009868792685368871
33,0,0,33,0.03141463462364119,0.050590447314296766,0.0009868792685368759
34,0,0,34,0.03141463462364126,0.05782619340283332,0.0009868792685368802
35,0,1,35,0.03141463462364141,0.04965530556848917,0.0009868792685368895
36,0,0,36,0.03141463462364151,0.05744845813673016,0.0009868792685368956
37,0,0,37,0.03141463462364143,0.0610947826923966,0.0009868792685368889
38,0,0,38,0.031414634623641385,0.05158952649042156,0.000986879268536888
39,0,1,39,0.031414634623641385,0.053769695697979875,0.0009868792685368854
40,0,0,40,0.03141463462364143,0.061850892422130155,0.0009868792685368908
41,0,1,41,0.03141463462364142,0.05310613046009488,0.0009868792685368897
42,0,1,42,0.031414634623641365,0.04853176437280103,0.0009868792685368867
43,0,1,43,0.03141463462364115,0.06113382495623604,0.0009868792685368728
44,0,0,44,0.03141463462364117,0.04485443944375634,0.0009868792685368748
45,0,0,45,0.031414634623641184,0.039221647633946,0.0009868792685368765
46,0,0,46,0.031414634623641434,0.051491445229790295,0.0009868792685368908
47,0,1,47,0.03141463462364132,0.053966913656718546,0.000986879268536884
48,0,1,48,0.03141463462364144,0.04938875594449499,0.000986879268536892
49,0,1,49,0.0314146346236412,0.0554950349920216,0.0009868792685368735
50,0,1,50,0.031414634623641295,0.05948041825599565,0.0009868792685368817
51,0,0,51,0.03141463462364143,0.05314507070017213,0.0009868792685368908
52,0,1,52,0.031414634623641406,0.05175446323784548,0.000986879268536889
53,0,1,53,0.03141463462364136,0.04191341111889374,0.0009868792685368863
54,0,0,54,0.031414634623641205,0.061282448681108326,0.000986879268536876
55,0,1,55,0.03141463462364131,0.04831009749518385,0.000986879268536883
56,0,1,56,0.03141463462364121,0.03705864932081245,0.0009868792685368772
57,0,1,57,0.03141463462364139,0.062026647060679674,0.0009868792685368884
58,0,1,58,0.031414634623641455,0.04622481648625534,0.0009868792685368926
59,0,0,59,0.031414634623641205,0.06042540319529999,0.0009868792685368765
60,0,1,60,0.031414634623641226,0.05670496710182707,0.0009868792685368785
61,0,0,61,0.03141463462364118,0.044903890851886584,0.000986879268536875
62,0,0,62,0.03141463462364141,0.04791070057278965,0.0009868792685368913
63,0,0,63,0.0314146346236414,0.04451725717285948,0.0009868792685368906
64,0,0,64,0.031414634623641156,0.05793796350576452,0.0009868792685368735
65,0,1,65,0.031414634623641136,0.05660180312328919,0.0009868792685368722
66,0,1,66,0.03141463462364115,0.054839671393963035,0.0009868792685368728
67,0,1,67,0.03141463462364139,0.05294363040137792,0.0009868792685368884
68,0,0,68,0.031414634623641274,0.04964272757148855,0.0009868792685368809
69,0,1,69,0.03141463462364126,0.06282340723278657,0.0009868792685368802
70,0,0,70,0.031414634623641344,0.03665010471309819,0.0009868792685368858
71,0,0,71,0.03141463462364137,0.05260807487171695,0.0009868792685368858
72,0,1,72,0.03141463462364118,0.061208856058768746,0.000986879268536875
73,0,0,73,0.031414634623641184,0.053694160508660854,0.0009868792685368752
74,0,1,74,0.03141463462364121,0.04632308140338729,0.0009868792685368767
75,0,0,75,0.03141463462364107,0.0626624670001133,0.0009868792685368665
76,0,1,76,0.031414634623641136,0.05036879674369146,0.0009868792685368726
77,0,1,77,0.031414634623641184,0.05473232670118239,0.000986879268536875
78,0,1,78,0.031414634623641316,0.060726501077340844,0.0009868792685368832
79,0,0,79,0.03141463462364144,0.043156076153989295,0.0009868792685368917
80,0,1,80,0.03141463462364118,0.054825570922601874,0.0009868792685368735
81,0,0,81,0.03141463462364129,0.04278924281881685,0.0009868792685368822
82,0,0,82,0.03141463462364124,0.05323938831338709,0.0009868792685368787
83,0,0,83,0.03141463462364132,0.046247167542080816,0.000986879268536884
84,0,1,84,0.031414634623641365,0.05229752186554082,0.0009868792685368867
85,0,0,85,0.03141463462364141,0.05119078763638861,0.0009868792685368893
86,0,1,86,0.03141463462364134,0.044079904101620375,0.0009868792685368843
87,0,0,87,0.03141463462364114,0.06043524051074356,0.0009868792685368728
88,0,0,88,0.03141463462364139,0.046170738421079896,0.0009868792685368887
89,0,0,89,0.0314146346236414,0.0589383049032603,0.000986879268536889
90,0,0,90,0.03141463462364141,0.042921865667579384,0.0009868792685368889
91,0,0,91,0.03141463462364141,0.0564422756593084,0.0009868792685368895
92,0,0,92,0.031414634623641385,0.05207977411793471,0.000986879268536888
93,0,0,93,0.031414634623641406,0.05746043191568401,0.0009868792685368893
94,0,0,94,0.031414634623641524,0.0620686330390558,0.000986879268536896
95,0,1,95,0.03141463462364144,0.053723640223308694,0.0009868792685368915
96,0,0,96,0.03141463462364141,0.05185820429014386,0.0009868792685368897
97,0,0,97,0.03141463462364113,0.04715426533533534,0.0009868792685368717
98,0,0,98,0.03141463462364118,0.04421382304950166,0.000986879268536875
99,0,1,99,0.03141463462364136,0.0463947926909713,0.000986879268536886
100,0,0,100,0.03141463462364125,0.0604165115143685,0.0009868792685368791
101,0,1,101,0.0314146346236414,0.05295593553220229,0.000986879268536889
102,0,0,102,0.031414634623641136,0.05568024963903703,0.0009868792685368724
103,0,1,103,0.031414634623641365,0.05402475788119587,0.000986879268536887
104,0,0,104,0.031414634623641115,0.06275041239434398,0.000986879268536871
105,0,1,105,0.031414634623641184,0.04792152090914208,0.0009868792685368754
106,0,1,106,0.031414634623641184,0.04242983206680541,0.000986879268536876
107,0,1,107,0.031414634623641344,0.04243884463679762,0.0009868792685368854
108,0,1,108,0.03141463462364138,0.04475255147892919,0.0009868792685368865
109,0,0,109,0.031414634623641156,0.05188434613708917,0.000986879268536874
110,0,0,110,0.03141463462364135,0.03929877446227152,0.000986879268536887
111,0,1,111,0.03141463462364143,0.05385649773013315,0.0009868792685368897
112,0,1,112,0.03141463462364144,0.06011276296358131,0.0009868792685368908
113,0,1,113,0.0314146346236413,0.06154854928743847,0.0009868792685368824
114,0,1,114,0.0314146346236414,0.03768251848948678,0.0009868792685368884
115,0,0,115,1.9997532649633214,2.523067381856671,0.0009868792685369067
116,0,1,116,0.03141463462364137,0.05937908410422227,0.0009868792685368867
117,0,1,117,0.03141463462364141,0.05302585887602013,0.0009868792685368887
118,0,1,118,0.03141463462364136,0.04497785319277882,0.0009868792685368856
119,0,1,119,0.0314146346236414,0.04047783030591728,0.000986879268536889
120,0,0,120,0.031414634623641184,0.06093400988116676,0.0009868792685368752
121,0,0,121,0.031414634623641406,0.04697188781245001,0.0009868792685368895
122,0,1,122,0.03141463462364141,0.05493147191953529,0.0009868792685368893
123,0,0,123,0.03141463462364146,0.05846760173819893,0.000986879268536893
124,0,1,124,0.031414634623641434,0.05519473711379552,0.000986879268536891
125,0,0,125,0.03141463462364135,0.04065008053565421,0.000986879268536886
126,0,1,126,0.031414634623641344,0.06249521622812915,0.0009868792685368845
127,0,0,127,0.03141463462364115,0.04816325303085327,0.000986879268536873
128,0,1,128,0.03141463462364143,0.054173349850091174,0.0009868792685368908
129,0,1,129,0.031414634623641434,0.060784036849129974,0.0009868792685368902
130,0,1,130,0.031414634623641434,0.04720208112055532,0.00098687926853689
131,0,1,131,0.03141463462364118,0.04299936769994107,0.0009868792685368748
132,0,0,132,0.03141463462364155,0.058758199748848106,0.0009868792685368986
133,0,0,133,0.0314146346236412,0.04885836364978198,0.0009868792685368759
134,0,1,134,0.031414634623641385,0.050632250224784806,0.0009868792685368882
135,0,1,135,0.03141463462364132,0.05649306843709681,0.000986879268536884
136,0,0,136,0.03141463462364115,0.04527253237524492,0.0009868792685368728
137,0,0,137,0.031414634623641406,0.03743878942367451,0.0009868792685368895
138,0,0,138,0.03141463462364136,0.043818594889908136,0.000986879268536886
139,0,1,139,0.03141463462364139,0.04934459814877237,0.0009868792685368878
140,0,0,140,0.03141463462364138,0.05396827734800602,0.0009868792685368874
141,0,1,141,0.0314146346236414,0.056305147093822394,0.0009868792685368889
142,0,0,142,0.031414634623641434,0.05667146715397389,0.0009868792685368897
143,0,0,143,0.03141463462364124,0.057471647554648175,0.000986879268536879
144,0,1,144,0.031414634623641455,0.045364946782150875,0.0009868792685368923
145,0,0,145,0.031414634623641136,0.05738952589166815,0.0009868792685368722
146,0,1,146,0.031414634623641156,0.06048862872784205,0.0009868792685368737
147,0,1,147,0.0314146346236414,0.052911432381211765,0.0009868792685368882
148,0,1,148,0.03141463462364134,0.060775124687875104,0.0009868792685368848
149,0,0,149,0.03141463462364115,0.04889655171837197,0.0009868792685368733
150,0,1,150,0.03141463462364138,0.04471810484368917,0.0009868792685368878
151,0,1,151,0.0314146346236414,0.032049079247670156,0.0009868792685368889
152,0,0,152,0.03141463462364137,0.04731399520744912,0.0009868792685368856
153,0,1,153,0.031414634623641226,0.05421378408063007,0.0009868792685368778
154,0,0,154,0.03141463462364135,0.03705310894957658,0.0009868792685368856
155,0,0,155,0.0314146346236414,0.03834594766209907,0.0009868792685368887
156,0,1,156,0.03141463462364145,0.05206079072919359,0.0009868792685368921
157,0,0,157,0.031414634623641455,0.05259239868815818,0.000986879268536891
158,0,0,158,0.03141463462364143,0.05558238412602998,0.0009868792685368902
159,0,1,159,0.03141463462364129,0.060026362618601725,0.0009868792685368813
160,0,0,160,0.03141463462364141,0.03641751896357434,0.0009868792685368902
161,0,0,161,0.03141463462364142,0.047959693852513106,0.00098687926853689
162,0,1,162,0.0314146346236412,0.05093900233477468,0.0009868792685368763
163,0,0,163,0.0314146346236414,0.05345719917768982,0.000986879268536889
164,0,1,164,0.03141463462364115,0.06245992357359098,0.000986879268536873
165,0,1,165,0.031414634623641136,0.05957209443551653,0.000986879268536872
166,0,0,166,0.0314146346236412,0.05710528607085785,0.0009868792685368772
167,0,0,167,0.0314146346236414,0.0473858122130083,0.0009868792685368887
168,0,0,168,0.03141463462364143,0.05501802671527756,0.0009868792685368906
169,0,1,169,0.03141463462364117,0.04645727547424936,0.0009868792685368746
170,0,0,170,0.03141463462364136,0.04567283311888538,0.0009868792685368867
171,0,1,171,0.03141463462364141,0.05654451300060562,0.000986879268536888
172,0,1,172,0.031414634623641274,0.052039380999045134,0.0009868792685368809
173,0,0,173,0.03141463462364135,0.04552614698751555,0.0009868792685368858
174,0,1,174,0.03141463462364116,0.059575246583544905,0.0009868792685368743
175,0,1,175,0.0314146346236412,0.0408100357372019,0.0009868792685368763
176,0,0,176,0.031414634623641406,0.044412393342511465,0.000986879268536889
177,0,1,177,0.03141463462364107,0.049727935843409246,0.000986879268536868
178,0,1,178,0.031414634623641274,0.05766712035557958,0.0009868792685368809
179,0,1,179,0.03141463462364137,0.04262482300959845,0.0009868792685368871
180,0,1,180,0.031414634623641434,0.04689164718816725,0.000986879268536891
181,0,1,181,0.031414634623641094,0.062275631875422066,0.0009868792685368694
182,0,0,182,0.03141463462364142,0.0541276767190402,0.0009868792685368904
183,0,1,183,1.9997532649633218,2.661890261816189,0.0009868792685368826
184,0,1,184,0.03141463462364119,0.054190367511448984,0.0009868792685368759
185,0,0,185,0.03141463462364117,0.050637127732066176,0.0009868792685368748
186,0,1,186,0.03141463462364142,0.05171468101922082,0.0009868792685368906
187,0,0,187,0.031414634623641365,0.05711270354538109,0.0009868792685368865
188,0,1,188,0.0314146346236414,0.04541086999423201,0.000986879268536889
189,0,1,189,0.03141463462364118,0.04247365696156974,0.0009868792685368754
190,0,1,190,0.03141463462364144,0.05202524623182411,0.0009868792685368908
191,0,1,191,0.031414634623641434,0.05002270444279831,0.0009868792685368908
192,0,1,192,0.03141463462364118,0.062132778412910095,0.0009868792685368743
193,0,1,193,0.03141463462364139,0.04408557353385591,0.0009868792685368884
194,0,0,194,0.03141463462364143,0.04809682679541266,0.0009868792685368917
195,0,0,195,0.03141463462364138,0.039837739374168374,0.0009868792685368871
196,0,1,196,0.0314146346236414,0.05397528584675812,0.000986879268536887
197,0,0,197,0.03141463462364139,0.03762939620895392,0.0009868792685368889
198,0,0,198,0.03141463462364143,0.061761185735676405,0.0009868792685368906
199,0,1,199,0.03141463462364148,0.055251392708031505,0.0009868792685368936
200,0,1,200,0.0314146346236412,0.05820109358959186,0.0009868792685368763
201,0,0,201,0.0314146346236412,0.059738948474342746,0.0009868792685368754
202,0,1,202,0.031414634623641385,0.05771856396746747,0.0009868792685368887
203,0,0,203,0.03141463462364111,0.057364154237133064,0.00098687926853687
204,0,1,204,0.03141463462364139,0.03993115061759468,0.000986879268536889
205,0,0,205,0.03141463462364119,0.06254770658867997,0.000986879268536875
206,0,1,206,0.03141463462364139,0.05621169135475548,0.0009868792685368889
207,0,1,207,0.03141463462364143,0.047996122017576054,0.0009868792685368904
208,0,0,208,0.03141463462364141,0.04260875805842283,0.0009868792685368902
209,0,0,209,0.031414634623641406,0.04729511467973124,0.0009868792685368884
210,0,0,210,0.03141463462364118,0.06044803709471369,0.0009868792685368737
211,0,1,211,0.031414634623641344,0.0460701575062676,0.0009868792685368856
212,0,0,212,0.03141463462364148,0.06256523970295474,0.000986879268536894
213,0,0,213,0.031414634623641385,0.05164246062564386,0.000986879268536888
214,0,1,214,0.0314146346236412,0.058876355700643035,0.0009868792685368765
215,0,1,215,0.0314146346236413,0.04473748137812168,0.0009868792685368832
216,0,0,216,0.03141463462364116,0.047042921502670226,0.0009868792685368743
217,0,0,217,0.03141463462364122,0.046854327253462426,0.000986879268536878
218,0,0,218,0.031414634623641434,0.0407070834590793,0.000986879268536891
219,0,0,219,0.0314146346236412,0.049120948356132635,0.000986879268536875
220,0,1,220,0.03141463462364139,0.04270437762492837,0.0009868792685368887
221,0,0,221,0.03141463462364142,0.04757817780498008,0.0009868792685368895
222,0,0,222,0.03141463462364118,0.036356879218775416,0.000986879268536875
223,0,0,223,0.031414634623641434,0.05522668402518155,0.0009868792685368906
224,0,0,224,0.03141463462364135,0.04854701500600627,0.0009868792685368863
225,0,1,225,0.03141463462364144,0.044606036094388735,0.0009868792685368915
226,0,1,226,0.031414634623641434,0.04169227291289294,0.0009868792685368908
227,0,1,227,0.031414634623641406,0.04510360691736867,0.0009868792685368887
228,0,0,228,0.03141463462364117,0.04670265874816315,0.0009868792685368759
229,0,0,229,0.031414634623641156,0.05469509144555362,0.0009868792685368735
230,0,0,230,0.03141463462364117,0.03904353515614721,0.000986879268536874
231,0,1,231,0.0314146346236414,0.04195557198952331,0.0009868792685368887
232,0,0,232,0.031414634623641385,0.04534865857487555,0.0009868792685368865
233,0,0,233,0.031414634623641385,0.050617088948318664,0.000986879268536888
234,0,0,234,0.03141463462364142,0.04208009151362551,0.0009868792685368902
235,0,1,235,0.031414634623641406,0.05836545817208444,0.0009868792685368895
236,0,0,236,0.03141463462364133,0.04844332828778379,0.000986879268536884
237,0,0,237,0.03141463462364139,0.05076897088885465,0.000986879268536889
238,0,0,238,0.031414634623641365,0.05858459698005605,0.0009868792685368871
239,0,0,239,0.031414634623641226,0.060159428071187904,0.0009868792685368772
240,0,1,240,0.031414634623641205,0.04980607314311608,0.0009868792685368767
241,0,0,241,0.031414634623641094,0.05111227160370775,0.0009868792685368698
242,0,0,242,0.03141463462364141,0.048616367295198554,0.0009868792685368897
243,0,1,243,0.0314146346236414,0.04874964377120388,0.0009868792685368882
244,0,0,244,0.03141463462364123,0.060219177113875755,0.0009868792685368782
245,0,1,245,0.03141463462364137,0.05601852872863883,0.0009868792685368871
246,0,1,246,0.031414634623641344,0.06045564616199023,0.0009868792685368854
247,0,1,247,1.9997532649633218,2.310804342902484,0.0009868792685368826
248,0,0,248,0.031414634623641156,0.06004026022559339,0.000986879268536873
249,0,0,249,0.03141463462364138,0.04075231191295214,0.000986879268536888
250,0,0,250,0.031414634623641344,0.056008836047343746,0.0009868792685368854
251,0,1,251,0.03141463462364145,0.0606418112943124,0.000986879268536892
252,0,1,252,0.03141463462364118,0.056746719519921385,0.0009868792685368746
253,0,0,253,0.03141463462364142,0.038458604018353604,0.00098687926853689
254,0,0,254,0.0314146346236413,0.06217918028634817,0.0009868792685368828
255,0,1,255,0.031414634623641406,0.04655979304404469,0.0009868792685368884
256,0,0,256,0.03141463462364134,0.05643897181417809,0.0009868792685368835
257,0,1,257,0.03141463462364131,0.06192215197017098,0.0009868792685368835
258,0,0,258,0.03141463462364121,0.049492071409655225,0.0009868792685368776
259,0,1,259,0.031414634623641295,0.060799002917166056,0.0009868792685368826
260,0,0,260,0.03141463462364125,0.0627191385180938,0.0009868792685368791
261,0,1,261,0.03141463462364118,0.04870778221338922,0.000986879268536875
262,0,0,262,0.03141463462364144,0.06009901606777179,0.0009868792685368917
263,0,1,263,0.031414634623641385,0.04890537773721241,0.000986879268536888
264,0,0,264,0.03141463462364139,0.040161750726017846,0.0009868792685368893
265,0,0,265,0.03141463462364119,0.04098148217776911,0.0009868792685368756
266,0,1,266,0.031414634623641045,0.06071904890780233,0.0009868792685368668
267,0,1,267,0.031414634623641094,0.0618878577429523,0.0009868792685368694
268,0,0,268,0.031414634623641406,0.044852880465632086,0.000986879268536893
269,0,0,269,0.031414634623641434,0.054349494391672665,0.000986879268536891
270,0,1,270,0.031414634623641295,0.04942803850418191,0.0009868792685368828
271,0,0,271,0.03141463462364111,0.04646405636349097,0.0009868792685368707
272,0,0,272,0.031414634623641094,0.05825430952490837,0.0009868792685368702
273,0,0,273,0.03141463462364144,0.05900586830364263,0.0009868792685368915
274,0,0,274,0.031414634623641316,0.05595858004368906,0.000986879268536883
275,0,1,275,0.03141463462364145,0.056647812337689785,0.0009868792685368895
276,0,1,276,0.031414634623641496,0.04455670067795085,0.0009868792685368952
277,0,0,277,0.03141463462364139,0.03971108997385597,0.0009868792685368884
278,0,0,278,0.03141463462364115,0.055660637302093835,0.0009868792685368728
279,0,0,279,0.03141463462364143,0.03808110998900706,0.0009868792685368906
280,0,1,280,0.03141463462364118,0.06147081862890624,0.0009868792685368746
281,0,0,281,0.03141463462364132,0.049201165006357184,0.0009868792685368843
282,0,1,282,0.03141463462364145,0.06197589055050623,0.000986879268536892
283,0,1,283,0.03141463462364144,0.05090035914089876,0.000986879268536891
284,0,0,284,0.031414634623641406,0.053813739048979486,0.0009868792685368895
285,0,0,285,0.03141463462364139,0.041636970297349724,0.0009868792685368889
286,0,0,286,0.03141463462364141,0.049062924108864675,0.0009868792685368889
287,0,1,287,0.031414634623641156,0.057069099231602305,0.0009868792685368735
288,0,1,288,0.03141463462364141,0.044814398762914064,0.0009868792685368895
289,0,1,289,0.03141463462364137,0.06098199363569207,0.0009868792685368863
290,0,0,290,0.03141463462364135,0.05092557644960477,0.0009868792685368863
291,0,1,291,0.031414634623641406,0.048120357679475936,0.000986879268536889
292,0,1,292,0.0314146346236414,0.042573766748415245,0.0009868792685368889
293,0,0,293,0.031414634623641385,0.045515517566516575,0.0009868792685368871
294,0,1,294,0.03141463462364113,0.04886403390434697,0.0009868792685368733
295,0,0,295,0.031414634623641406,0.0368764001774209,0.0009868792685368893
296,0,1,296,0.03141463462364143,0.04649646980257581,0.0009868792685368908
297,0,0,297,0.031414634623641365,0.06218223443888804,0.000986879268536884
298,0,1,298,0.03141463462364139,0.05374405640920335,0.0009868792685368887
299,0,1,299,0.03141463462364137,0.06061269913354539,0.000986879268536887
300,0,1,300,0.03141463462364138,0.05269955155554501,0.0009868792685368876
301,0,0,301,0.03141463462364117,0.051638383774955096,0.000986879268536874
302,0,0,302,0.031414634623641365,0.04018940414376898,0.000986879268536887
303,0,0,303,0.03141463462364139,0.04079249372454391,0.0009868792685368895
304,0,0,304,0.031414634623641156,0.04591180992863175,0.0009868792685368748
305,0,0,305,0.03141463462364139,0.03315012073077323,0.0009868792685368884
306,0,0,306,0.0314146346236414,0.05709581421598117,0.0009868792685368882
307,0,0,307,0.03141463462364117,0.04922614684616139,0.000986879268536874
308,0,1,308,0.031414634623641184,0.0561450969087412,0.0009868792685368748
309,0,0,309,0.03141463462364123,0.05416051435892455,0.0009868792685368791
310,0,0,310,0.03141463462364138,0.046632200368239396,0.0009868792685368878
311,0,1,311,0.03141463462364134,0.04370521099718035,0.000986879268536885
312,0,1,312,0.03141463462364144,0.05494337458074777,0.000986879268536891
313,0,0,313,1.9997532649633214,2.739175180206437,0.0009868792685368915
314,0,0,314,0.03141463462364136,0.056802395011657125,0.0009868792685368863
315,0,1,315,0.03141463462364145,0.0521539200548526,0.0009868792685368913
316,0,0,316,0.03141463462364135,0.04617828248697052,0.000986879268536886
317,0,0,317,0.03141463462364138,0.05431064125702992,0.0009868792685368867
318,0,0,318,0.0314146346236414,0.04915860931060169,0.0009868792685368884
319,0,1,319,0.03141463462364136,0.048013969957551285,0.0009868792685368865
320,0,0,320,0.03141463462364143,0.05076141523875709,0.0009868792685368906
321,0,1,321,0.03141463462364142,0.051103066427240024,0.0009868792685368906
322,0,0,322,0.031414634623641385,0.03428695288384394,0.0009868792685368882
323,0,1,323,0.031414634623641406,0.04012270756422197,0.000986879268536889
324,0,0,324,0.03141463462364123,0.048289559311583456,0.0009868792685368785
325,0,1,325,0.03141463462364128,0.04390851691788919,0.0009868792685368815
326,0,1,326,0.03141463462364119,0.0438237364776434,0.000986879268536876
327,0,0,327,0.03141463462364136,0.0364576435663054,0.0009868792685368865
328,0,0,328,0.03141463462364129,0.062475628302114505,0.0009868792685368815
329,0,1,329,0.03141463462364142,0.06270257047749683,0.00098687926853689
330,0,1,330,0.03141463462364138,0.052347055920672084,0.000986879268536887
331,0,1,331,0.03141463462364115,0.05604894886964509,0.0009868792685368733
332,0,0,332,0.03141463462364114,0.05435430012351025,0.0009868792685368724
333,0,1,333,0.031414634623641316,0.055581781670834635,0.000986879268536884
334,0,0,334,0.03141463462364138,0.056550101506099404,0.000986879268536888
335,0,1,335,0.03141463462364135,0.04732441812365586,0.000986879268536886
336,0,0,336,0.03141463462364121,0.05718976443539103,0.0009868792685368785
337,0,0,337,0.03141463462364137,0.050255004069407014,0.0009868792685368876
338,0,0,338,0.03141463462364122,0.04452777649008655,0.0009868792685368776
339,0,1,339,0.03141463462364142,0.06014471488802975,0.00098687926853689
340,0,1,340,0.03141463462364132,0.05245134242252217,0.0009868792685368839
341,0,1,341,0.031414634623641406,0.04560523951043897,0.0009868792685368897
342,0,0,342,0.0314146346236414,0.04839024751529809,0.0009868792685368882
343,0,1,343,0.031414634623641385,0.04118768506042227,0.000986879268536888
344,0,0,344,0.03141463462364139,0.047440794122389156,0.0009868792685368884
345,0,0,345,0.03141463462364137,0.04393937865513906,0.0009868792685368858
346,0,1,346,0.03141463462364138,0.04664207622140459,0.0009868792685368867
347,0,1,347,0.03141463462364141,0.057387262982268206,0.0009868792685368887
348,0,1,348,0.0314146346236414,0.05563607611523497,0.0009868792685368874
349,0,0,349,0.03141463462364116,0.044538124171799254,0.0009868792685368737
350,0,0,350,0.03141463462364119,0.05659669203139167,0.0009868792685368756
351,0,0,351,0.03141463462364117,0.05853009078899929,0.000986879268536874
352,0,1,352,0.03141463462364134,0.0382993217382964,0.0009868792685368852
353,0,0,353,0.03141463462364116,0.045115643589338054,0.000986879268536874
354,0,1,354,0.03141463462364141,0.047360016097954954,0.0009868792685368897
355,0,0,355,0.03141463462364133,0.04378471557871054,0.0009868792685368845
356,0,1,356,0.03141463462364136,0.045360157073262485,0.0009868792685368863
357,0,1,357,0.03141463462364133,0.04772690563836264,0.000986879268536884
358,0,1,358,0.03141463462364115,0.06265192346866133,0.0009868792685368726
359,0,0,359,0.031414634623641385,0.04008702801629811,0.000986879268536888
360,0,0,360,0.03141463462364127,0.060945033918255564,0.0009868792685368806
361,0,0,361,0.03141463462364116,0.057501457914779314,0.0009868792685368737
362,0,0,362,0.031414634623641226,0.053618375921709205,0.0009868792685368787
363,0,1,363,0.03141463462364145,0.052342843553155285,0.000986879268536889
364,0,1,364,0.0314146346236414,0.05622685637507702,0.000986879268536889
365,0,0,365,0.031414634623641434,0.04350374347572048,0.0009868792685368915
366,0,1,366,0.03141463462364143,0.05763673394283336,0.0009868792685368906
367,0,1,367,0.031414634623641156,0.05086550370985901,0.000986879268536874
368,0,0,368,0.031414634623641385,0.05791861276334204,0.000986879268536887
369,0,1,369,0.031414634623641496,0.0575635011882871,0.000986879268536893
370,0,0,370,0.031414634623641385,0.04549423007236659,0.0009868792685368887
371,0,1,371,0.03141463462364136,0.046700559824043496,0.0009868792685368858
372,0,0,372,0.03141463462364116,0.05270460182271927,0.0009868792685368735
373,0,0,373,1.999753264963321,2.845113123429478,0.0009868792685368826
374,0,1,374,0.03141463462364148,0.054261284983884134,0.0009868792685368943
375,0,1,375,0.0314146346236414,0.05725606336041278,0.0009868792685368882
376,0,1,376,0.03141463462364124,0.04748666211413467,0.000986879268536879
377,0,0,377,0.03141463462364141,0.0563699465717348,0.0009868792685368893
378,0,0,378,0.031414634623641205,0.04090401634805544,0.0009868792685368756
379,0,0,379,0.03141463462364135,0.05189679880681046,0.0009868792685368854
380,0,0,380,0.03141463462364138,0.05244812706407091,0.0009868792685368878
381,0,0,381,0.031414634623641434,0.044717554553719424,0.0009868792685368913
382,0,1,382,0.031414634623641136,0.0403429601578572,0.0009868792685368722
383,0,1,383,0.031414634623641136,0.043952337544393774,0.0009868792685368722
384,0,1,384,0.031414634623641274,0.05880615959065655,0.0009868792685368809
385,0,1,385,0.031414634623641136,0.05540237431297357,0.000986879268536872
386,0,1,386,0.03141463462364118,0.04916235710002102,0.0009868792685368752
387,0,0,387,0.03141463462364139,0.04792793821975741,0.0009868792685368882
388,0,1,388,0.0314146346236414,0.04550488347604672,0.0009868792685368887
389,0,1,389,0.03141463462364141,0.04636919654307576,0.000986879268536889
390,0,0,390,0.03141463462364117,0.043202027647959246,0.000986879268536874
391,0,1,391,0.031414634623641184,0.045235466224848524,0.0009868792685368748
392,0,1,392,0.03141463462364123,0.048415084446777876,0.000986879268536879
393,0,1,393,0.031414634623641136,0.06114234428126264,0.0009868792685368724
394,0,1,394,0.03141463462364144,0.052871787194165965,0.000986879268536892
395,0,0,395,0.03141463462364139,0.04493126873266262,0.0009868792685368884
396,0,0,396,0.03141463462364139,0.052861127460887114,0.0009868792685368884
397,0,1,397,0.03141463462364111,0.05016477196387788,0.0009868792685368707
398,0,0,398,0.03141463462364139,0.04509004530297743,0.0009868792685368884
399,0,1,399,0.03141463462364139,0.048290793139056605,0.000986879268536888
400,0,1,400,0.03141463462364138,0.05292446925732838,0.0009868792685368871
401,0,1,401,0.03141463462364118,0.05480343501370205,0.000986879268536874
402,0,1,402,0.0314146346236414,0.04404981898555523,0.0009868792685368897
403,0,0,403,0.03141463462364143,0.03811869728883937,0.0009868792685368913
404,0,1,404,0.03141463462364116,0.05807232858292097,0.0009868792685368737
405,0,1,405,0.03141463462364132,0.04868089901000254,0.000986879268536884
406,0,1,406,0.0314146346236414,0.05153428561299046,0.000986879268536887
407,0,0,407,0.031414634623641455,0.05870430455451886,0.0009868792685368926
408,0,1,408,0.03141463462364121,0.050151730413768345,0.0009868792685368774
409,0,0,409,0.031414634623641434,0.06230820991127539,0.000986879268536891
410,0,0,410,0.03141463462364132,0.05499999061275346,0.0009868792685368843
411,0,0,411,0.03141463462364114,0.05600014341964116,0.0009868792685368735
412,0,0,412,0.03141463462364118,0.04961301822558985,0.0009868792685368746
413,0,1,413,0.031414634623641156,0.06188615933620617,0.0009868792685368735
414,0,1,414,0.031414634623641184,0.05575583111293142,0.0009868792685368752
415,0,0,415,0.031414634623641295,0.04836649491824399,0.0009868792685368824
416,0,1,416,0.031414634623641365,0.040471602481393025,0.0009868792685368871
417,0,1,417,0.031414634623641184,0.061487433755305576,0.0009868792685368754
418,0,1,418,1.999753264963321,2.5545925457738337,0.0009868792685368824
419,0,1,419,0.031414634623641365,0.048590274043226994,0.000986879268536887
420,0,1,420,0.03141463462364131,0.052427135996340204,0.0009868792685368835
421,0,0,421,0.03141463462364117,0.05716683784373139,0.0009868792685368735
422,0,1,422,0.031414634623641156,0.060659184242513875,0.0009868792685368735
423,0,0,423,0.03141463462364116,0.045752226644720034,0.0009868792685368748
424,0,1,424,0.03141463462364141,0.04773309392959745,0.0009868792685368893
425,0,1,425,0.03141463462364142,0.04477508884769786,0.0009868792685368895
426,0,1,426,0.03141463462364141,0.04913694346453795,0.0009868792685368895
427,0,0,427,0.03141463462364119,0.059264842412238006,0.0009868792685368756
428,0,1,428,0.031414634623641406,0.03797263211442985,0.0009868792685368889
429,0,0,429,0.031414634623641254,0.053307515876444334,0.0009868792685368798
430,0,0,430,0.03141463462364111,0.058893408497442346,0.0009868792685368707
431,0,1,431,0.031414634623641365,0.05120368625509206,0.0009868792685368871
432,0,0,432,0.03141463462364139,0.05634845564411364,0.0009868792685368884
433,0,1,433,0.03141463462364142,0.04432436351608268,0.0009868792685368906
434,0,1,434,0.03141463462364143,0.05137719695475759,0.0009868792685368893
435,0,0,435,0.03141463462364139,0.04350035927640553,0.000986879268536889
436,0,1,436,0.031414634623641406,0.04055810901235006,0.0009868792685368887
437,0,0,437,0.03141463462364109,0.05376149626031723,0.0009868792685368694
438,0,0,438,0.03141463462364144,0.058744565413507754,0.0009868792685368915
439,0,1,439,0.03141463462364143,0.04367982140181688,0.00098687926853689
440,0,1,440,0.03141463462364116,0.06218030235114125,0.0009868792685368737
441,0,1,441,0.03141463462364119,0.05935093054724444,0.0009868792685368728
442,0,0,442,0.031414634623641385,0.05277752239046443,0.0009868792685368884
443,0,0,443,0.03141463462364121,0.05421067763284787,0.000986879268536876
444,0,0,444,0.031414634623641365,0.05427391158485076,0.0009868792685368867
445,0,0,445,0.03141463462364114,0.05338157886889322,0.000986879268536872
446,0,1,446,0.03141463462364142,0.053969208584829176,0.0009868792685368897
447,0,0,447,0.03141463462364144,0.04199067012493522,0.0009868792685368913
448,0,0,448,0.03141463462364118,0.06008819718083597,0.0009868792685368748
449,0,1,449,0.03141463462364137,0.05601608345534273,0.0009868792685368865
450,0,0,450,0.031414634623641184,0.050496098213225024,0.0009868792685368748
451,0,1,451,0.03141463462364113,0.0580048012616404,0.0009868792685368715
452,0,0,452,0.03141463462364142,0.053087460676928294,0.0009868792685368921
453,0,1,453,0.03141463462364135,0.05727695608828212,0.0009868792685368856
454,0,0,454,0.03141463462364141,0.048521696392547164,0.00098687926853689
455,0,0,455,0.031414634623641045,0.05601315398682519,0.0009868792685368668
456,0,0,456,0.03141463462364138,0.04833796596795456,0.000986879268536888
457,0,1,457,0.03141463462364141,0.045437380171259915,0.0009868792685368897
458,0,1,458,0.031414634623641274,0.050661749510073475,0.0009868792685368813
459,0,1,459,0.03141463462364136,0.05386179820502113,0.000986879268536886
460,0,1,460,0.031414634623641406,0.04309660705945298,0.0009868792685368895
461,0,0,461,0.031414634623641365,0.04722289392668677,0.0009868792685368867
462,0,1,462,0.03141463462364118,0.03861767684551231,0.0009868792685368743
463,0,0,463,0.031414634623641385,0.04620603571713053,0.0009868792685368876
464,0,1,464,0.03141463462364118,0.055666992221952205,0.000986879268536875
465,0,1,465,0.03141463462364138,0.05270099191803322,0.0009868792685368865
466,0,1,466,0.031414634623641365,0.054736495437943095,0.000986879268536887
467,0,1,467,0.031414634623641434,0.05579551294861948,0.0009868792685368915
468,0,1,468,0.031414634623641406,0.03515817176550455,0.000986879268536889
469,0,1,469,0.031414634623641385,0.057017063619317354,0.0009868792685368876
470,0,1,470,0.03141463462364145,0.05524813865147096,0.0009868792685368893
471,0,0,471,0.031414634623641385,0.05215624755892938,0.0009868792685368878
472,0,1,472,0.03141463462364144,0.04293762381239584,0.0009868792685368906
473,0,1,473,0.03141463462364143,0.04939438625048295,0.0009868792685368902
474,0,0,474,1.9997532649633214,2.647575138755181,0.0009868792685368804
475,0,1,475,0.0314146346236414,0.044183354011178635,0.0009868792685368884
476,0,1,476,0.03141463462364143,0.06121782427760791,0.0009868792685368908
477,0,1,477,0.031414634623641406,0.0509615834696691,0.000986879268536889
478,0,0,478,0.03141463462364116,0.04813714393676545,0.0009868792685368743
479,0,0,479,0.031414634623641156,0.06193159074400029,0.0009868792685368737
480,0,0,480,0.031414634623641226,0.046726284248901795,0.0009868792685368782
481,0,0,481,0.031414634623641184,0.03834469119012827,0.0009868792685368752
482,0,0,482,0.0314146346236414,0.05099774361884922,0.0009868792685368889
483,0,1,483,0.0314146346236414,0.042388108941890955,0.0009868792685368889
484,0,0,484,0.031414634623641316,0.05661880920299284,0.0009868792685368835
485,0,0,485,0.03141463462364126,0.04929233896538572,0.00098687926853688
486,0,1,486,0.031414634623641094,0.06040389361148957,0.0009868792685368698
487,0,1,487,0.031414634623641156,0.05045155342845556,0.000986879268536874
488,0,0,488,0.03141463462364139,0.045910686202385406,0.00098687926853689
489,0,0,489,0.03141463462364115,0.05404201006733822,0.0009868792685368722
490,0,0,490,0.03141463462364122,0.04800842465722137,0.0009868792685368778
491,0,0,491,0.03141463462364138,0.047895588218188415,0.0009868792685368854
492,0,0,492,0.03141463462364117,0.04871416772731939,0.0009868792685368737
493,0,1,493,0.031414634623641115,0.05780098887469798,0.0009868792685368702
494,0,0,494,0.031414634623641385,0.05128728963669596,0.000986879268536888
495,0,1,495,0.0314146346236413,0.050318236658914814,0.0009868792685368824
496,0,0,496,0.031414634623641385,0.05384131482734039,0.0009868792685368878
497,0,0,497,0.03141463462364119,0.04827480728703839,0.0009868792685368756
498,0,0,498,0.031414634623641385,0.03741147237792735,0.0009868792685368878
499,0,0,499,0.031414634623641385,0.0455259932618579,0.0009868792685368882
500,0,1,500,0.03141463462364106,0.06076134449361975,0.0009868792685368674
501,0,1,501,0.031414634623641156,0.05920185085733809,0.0009868792685368735
502,0,0,502,0.03141463462364131,0.05342988965225087,0.0009868792685368828
503,0,0,503,0.03141463462364116,0.05377811925297776,0.0009868792685368746
504,0,0,504,0.03141463462364122,0.05279570263756969,0.000986879268536877
505,0,0,505,0.03141463462364142,0.05800340183802705,0.0009868792685368904
506,0,1,506,0.031414634623641344,0.057178110516257014,0.0009868792685368854
507,0,0,507,0.03141463462364119,0.055087017838138214,0.0009868792685368737
508,0,0,508,0.03141463462364132,0.04497194471843153,0.0009868792685368837
509,0,0,509,0.03141463462364122,0.0607265949262879,0.0009868792685368774
510,0,0,510,0.031414634623641184,0.05296465206461268,0.0009868792685368754
511,0,0,511,0.03141463462364137,0.046844206167427814,0.0009868792685368874
512,0,1,512,0.031414634623641434,0.04665552552500268,0.0009868792685368921
513,0,1,513,0.03141463462364115,0.06257197199357789,0.0009868792685368728
514,0,1,514,0.03141463462364138,0.05808871808255159,0.0009868792685368858
515,0,0,515,0.03141463462364112,0.0594367598059955,0.0009868792685368713
516,0,1,516,0.03141463462364121,0.04870635569202162,0.0009868792685368754
517,0,0,517,0.0314146346236414,0.044682157412784515,0.0009868792685368895
518,0,1,518,0.03141463462364123,0.057855227163233325,0.0009868792685368785
519,0,1,519,0.0314146346236414,0.05423994934715995,0.0009868792685368884
520,0,1,520,0.03141463462364114,0.06076426426037845,0.0009868792685368724
521,0,0,521,0.03141463462364151,0.05347649569288809,0.000986879268536896
522,0,0,522,0.03141463462364111,0.05771176419171961,0.0009868792685368707
523,0,1,523,0.03141463462364132,0.0506592390198721,0.0009868792685368845
524,0,0,524,0.03141463462364137,0.05864345567716622,0.0009868792685368876
525,0,0,525,0.03141463462364135,0.062269556615795085,0.0009868792685368854
526,0,1,526,0.0314146346236414,0.03908756269642204,0.0009868792685368895
527,0,1,527,0.03141463462364139,0.04314148275219888,0.0009868792685368884
528,0,1,528,0.031414634623641205,0.060396136356786256,0.0009868792685368765
529,0,0,529,0.03141463462364141,0.044214802633729566,0.0009868792685368902
530,0,1,530,0.031414634623641434,0.041737208440645095,0.0009868792685368913
531,0,0,531,0.03141463462364139,0.043698558187049,0.0009868792685368889
532,0,1,532,0.031414634623641406,0.051285331880582694,0.0009868792685368889
533,0,1,533,0.03141463462364116,0.05821626129510077,0.000986879268536874
534,0,1,534,0.03141463462364142,0.0478056420254591,0.0009868792685368904
535,0,0,535,0.03141463462364145,0.04933199893095415,0.0009868792685368921
536,0,1,536,0.03141463462364117,0.04975152020817861,0.0009868792685368746
537,0,0,537,0.031414634623641406,0.050318503635238335,0.0009868792685368893
538,0,0,538,0.03141463462364118,0.03643826632349141,0.000986879268536875
539,0,1,539,0.03141463462364128,0.04263468000950718,0.000986879268536882
540,0,1,540,0.031414634623641045,0.05085581889067771,0.0009868792685368668
541,0,1,541,0.03141463462364122,0.046218786350720166,0.000986879268536878
542,0,1,542,0.03141463462364129,0.05859945320813342,0.0009868792685368826
543,0,0,543,0.03141463462364117,0.046042389265075916,0.000986879268536875
544,0,0,544,0.03141463462364115,0.047805118838378236,0.0009868792685368735
545,0,0,545,0.031414634623641434,0.05794290193031673,0.0009868792685368906
546,0,0,546,0.03141463462364136,0.045248116430181465,0.000986879268536886
547,0,0,547,0.031414634623641365,0.0383029264120647,0.000986879268536887
548,0,0,548,0.03141463462364139,0.04662000123902649,0.0009868792685368893
549,0,1,549,0.03141463462364113,0.05788680061572912,0.0009868792685368722
550,0,1,550,0.03141463462364142,0.039698897336675025,0.0009868792685368897
551,0,0,551,0.03141463462364116,0.05057145594029587,0.000986879268536874
552,0,1,552,0.031414634623641406,0.03354995170748782,0.000986879268536889
553,0,1,553,0.0314146346236414,0.05031388217379526,0.0009868792685368889
554,0,1,554,0.03141463462364123,0.04607066589361102,0.0009868792685368778
555,0,0,555,0.031414634623641524,0.06249269161658061,0.0009868792685368962
556,0,1,556,0.03141463462364128,0.052712418388675436,0.0009868792685368813
557,0,0,557,0.031414634623641156,0.05942314895075407,0.0009868792685368737
558,0,0,558,0.03141463462364146,0.056195026259699854,0.0009868792685368908
559,0,0,559,0.031414634623641406,0.04774156136970835,0.0009868792685368889
560,0,1,560,0.03141463462364142,0.04222802646192256,0.0009868792685368897
561,0,1,561,0.031414634623641205,0.04517129966178717,0.000986879268536877
562,0,0,562,0.03141463462364119,0.03549100888707571,0.0009868792685368754
563,0,1,563,0.03141463462364115,0.058775138972031515,0.0009868792685368735
564,0,0,564,0.03141463462364138,0.05110617581405465,0.000986879268536887
565,0,0,565,0.03141463462364138,0.05597040569628825,0.0009868792685368865
566,0,1,566,0.031414634623641184,0.06133474057268046,0.000986879268536875
567,0,0,567,0.03141463462364122,0.05657194803505855,0.0009868792685368737
568,0,1,568,0.0314146346236414,0.050167636612098235,0.0009868792685368887
569,0,0,569,0.03141463462364144,0.050029813581773025,0.0009868792685368895
570,0,1,570,0.03141463462364143,0.06069369651955875,0.0009868792685368897
571,0,1,571,0.031414634623641205,0.05163794231471815,0.0009868792685368767
572,0,1,572,0.031414634623641156,0.06145436009886779,0.0009868792685368735
573,0,1,573,0.0314146346236414,0.045805964716889525,0.0009868792685368887
574,0,1,574,0.031414634623641365,0.040404059151686676,0.0009868792685368867
575,0,1,575,0.03141463462364117,0.06084679403561433,0.000986879268536874
576,0,1,576,0.0314146346236412,0.046759034619667454,0.000986879268536876
577,0,1,577,0.03141463462364144,0.05128780839225143,0.0009868792685368913
578,0,1,578,0.03141463462364136,0.0583591217987105,0.0009868792685368863
579,0,1,579,0.03141463462364136,0.05349265768572298,0.0009868792685368858
580,0,1,580,0.03141463462364125,0.051137950705212376,0.0009868792685368787
581,0,1,581,0.03141463462364123,0.060672552279496916,0.0009868792685368782
582,0,0,582,0.03141463462364147,0.05608651209706769,0.0009868792685368878
583,0,0,583,0.03141463462364138,0.03366953759113463,0.0009868792685368876
584,0,0,584,0.03141463462364133,0.05512922313093491,0.0009868792685368845
585,0,0,585,0.03141463462364136,0.05529586818156432,0.000986879268536886
586,0,0,586,0.0314146346236414,0.039094592519424466,0.0009868792685368887
587,0,1,587,0.03141463462364137,0.041087489422011264,0.0009868792685368865
588,0,1,588,0.0314146346236414,0.061816571788071095,0.000986879268536888
589,0,0,589,0.031414634623641385,0.04398921581986157,0.0009868792685368882
590,0,1,590,0.031414634623641205,0.05125536798417982,0.0009868792685368765
591,0,1,591,0.031414634623641455,0.04223816476320871,0.0009868792685368928
592,0,1,592,0.031414634623641406,0.04901178139663191,0.000986879268536889
593,0,0,593,1.999753264963321,2.6168327993780993,0.0009868792685369023
594,0,1,594,0.03141463462364111,0.05709652095517814,0.0009868792685368694
595,0,0,595,0.03141463462364114,0.05383217861947576,0.0009868792685368728
596,0,0,596,0.03141463462364137,0.06055237011159609,0.0009868792685368852
597,0,0,597,0.03141463462364141,0.04651188027517385,0.0009868792685368863
598,0,1,598,0.03141463462364137,0.06222645999610199,0.000986879268536887
599,0,1,599,0.03141463462364129,0.05879424271902872,0.0009868792685368822
600,0,1,600,0.03141463462364135,0.03666144108425201,0.0009868792685368863
601,0,0,601,0.03141463462364124,0.05958629336333365,0.000986879268536878
602,0,1,602,0.0314146346236412,0.04399031590543292,0.0009868792685368767
603,0,0,603,0.031414634623641476,0.05660226483995484,0.0009868792685368932
604,0,0,604,0.03141463462364124,0.05993801046585784,0.0009868792685368791
605,0,0,605,0.031414634623641385,0.04706364712306512,0.000986879268536888
606,0,0,606,0.031414634623641406,0.03996618605843701,0.0009868792685368889
607,0,1,607,0.031414634623641205,0.05690028714958134,0.0009868792685368767
608,0,1,608,0.03141463462364144,0.04749191250991239,0.0009868792685368923
609,0,1,609,0.03141463462364136,0.037600905242399056,0.0009868792685368867
610,0,1,610,0.03141463462364125,0.04870017684529343,0.000986879268536879
611,0,1,611,0.03141463462364116,0.04287261483593126,0.000986879268536874
612,0,1,612,0.0314146346236414,0.04839133241910769,0.0009868792685368889
613,0,1,613,0.03141463462364119,0.060303311772921364,0.000986879268536875
614,0,1,614,0.031414634623641344,0.056429227963395195,0.000986879268536885
615,0,0,615,0.03141463462364141,0.0515384495266898,0.00098687926853689
616,0,1,616,0.03141463462364119,0.059837256128786376,0.0009868792685368746
617,0,0,617,0.03141463462364132,0.04817725524863389,0.0009868792685368848
618,0,1,618,0.03141463462364119,0.05462731832714626,0.000986879268536876
619,0,0,619,1.9997532649633214,2.5690903618077106,0.0009868792685368967
620,0,0,620,0.031414634623641406,0.05570834992090923,0.000986879268536889
621,0,1,621,0.03141463462364111,0.049329025440758886,0.0009868792685368702
622,0,1,622,0.031414634623641094,0.058329253777657325,0.0009868792685368702
623,0,1,623,0.031414634623641184,0.046213761096495214,0.000986879268536875
624,0,0,624,0.03141463462364117,0.055963207900337514,0.000986879268536875
625,0,1,625,0.0314146346236413,0.057815777365325505,0.0009868792685368828
626,0,0,626,0.03141463462364118,0.05855373305085271,0.000986879268536875
627,0,0,627,0.031414634623641184,0.06256736047482814,0.0009868792685368724
628,0,1,628,0.03141463462364138,0.04248023046055105,0.000986879268536888
629,0,1,629,0.03141463462364116,0.042449169038841106,0.0009868792685368746
630,0,0,630,0.03141463462364122,0.053266427168914526,0.0009868792685368774
631,0,1,631,1.9997532649633218,2.79895479606033,0.0009868792685368852
632,0,0,632,0.031414634623641066,0.049044563996401724,0.000986879268536868
633,0,0,633,0.031414634623641184,0.046099492899615985,0.0009868792685368756
634,0,1,634,0.031414634623641184,0.052715129986902115,0.0009868792685368756
635,0,0,635,0.03141463462364143,0.05857228827550942,0.00098687926853689
636,0,0,636,0.03141463462364141,0.044886739104601954,0.0009868792685368893
637,0,1,637,0.031414634623641406,0.060927244337772635,0.0009868792685368884
638,0,0,638,0.03141463462364118,0.06126526953633371,0.0009868792685368733
639,0,0,639,0.03141463462364114,0.05004062524583075,0.0009868792685368724
640,0,1,640,0.03141463462364139,0.045700457074285286,0.0009868792685368882
641,0,0,641,0.03141463462364143,0.053464639695357696,0.0009868792685368906
642,0,1,642,0.03141463462364147,0.05228005016206341,0.0009868792685368921
643,0,1,643,0.0314146346236414,0.03831782128430697,0.0009868792685368887
644,0,1,644,0.03141463462364115,0.05363283113504491,0.000986879268536873
645,0,1,645,0.03141463462364135,0.045682412835839674,0.0009868792685368863
646,0,0,646,0.031414634623641365,0.0585857776022084,0.0009868792685368858
647,0,1,647,0.03141463462364118,0.03706098362181993,0.000986879268536875
648,0,0,648,0.031414634623641365,0.04513434769152144,0.000986879268536886
649,0,1,649,0.03141463462364119,0.04685321702325243,0.0009868792685368752
650,0,0,650,0.03141463462364122,0.043394888702899176,0.0009868792685368772
651,0,0,651,0.031414634623641406,0.05397167261578123,0.0009868792685368887
652,0,1,652,1.9997532649633214,2.8151795738266836,0.0009868792685369043
653,0,0,653,0.03141463462364139,0.059443465735774526,0.0009868792685368884
654,0,0,654,0.03141463462364121,0.0505764793342849,0.0009868792685368774
655,0,0,655,0.031414634623641406,0.06149988003248469,0.0009868792685368893
656,0,1,656,0.0314146346236413,0.055715116636745776,0.0009868792685368828
657,0,0,657,0.031414634623641434,0.06079291462287456,0.0009868792685368893
658,0,0,658,0.03141463462364119,0.044659466448303105,0.0009868792685368754
659,0,1,659,0.03141463462364144,0.050416512768548694,0.0009868792685368913
660,0,1,660,0.03141463462364126,0.05213539997628654,0.0009868792685368802
661,0,1,661,0.031414634623641344,0.06259647325554552,0.0009868792685368854
662,0,1,662,0.031414634623641344,0.05547343819207376,0.000986879268536885
663,0,1,663,0.031414634623641385,0.049602401362855236,0.0009868792685368878
664,0,1,664,0.03141463462364141,0.04230257872990669,0.0009868792685368895
665,0,0,665,0.03141463462364112,0.05271715936285995,0.0009868792685368717
666,0,1,666,0.03141463462364119,0.05344591221582737,0.0009868792685368759
667,0,1,667,0.0314146346236412,0.0586871928648483,0.0009868792685368752
668,0,0,668,0.0314146346236414,0.04498686707049697,0.0009868792685368882
669,0,0,669,0.03141463462364133,0.06112842211519037,0.0009868792685368839
670,0,0,670,0.03141463462364118,0.061832316506213236,0.0009868792685368737
671,0,0,671,0.031414634623641344,0.05200008024102036,0.0009868792685368856
672,0,1,672,0.03141463462364142,0.05196460404534228,0.000986879268536889
673,0,0,673,0.031414634623641136,0.05642117026812454,0.000986879268536874
674,0,0,674,0.03141463462364141,0.053640042031189994,0.000986879268536891
675,0,1,675,0.03141463462364115,0.03999293050870668,0.000986879268536873
676,0,1,676,0.031414634623641476,0.06225727705828188,0.000986879268536893
677,0,1,677,0.031414634623641406,0.04254611772916411,0.000986879268536889
678,0,0,678,0.031414634623641274,0.06050359788436882,0.000986879268536881
679,0,1,679,0.031414634623641274,0.05369783622968696,0.0009868792685368817
680,0,0,680,0.03141463462364117,0.06188704038533688,0.000986879268536874
681,0,1,681,0.031414634623641254,0.058475422952781686,0.0009868792685368791
682,0,1,682,0.031414634623641184,0.043401397190817065,0.0009868792685368754
683,0,1,683,0.03141463462364132,0.05119038061288858,0.000986879268536884
684,0,0,684,0.03141463462364139,0.05475817894028184,0.0009868792685368884
685,0,0,685,0.03141463462364129,0.05610934473220794,0.000986879268536882
686,0,1,686,0.03141463462364135,0.05816571210915994,0.0009868792685368848
687,0,0,687,0.03141463462364116,0.04824675785679985,0.000986879268536874
688,0,0,688,0.0314146346236413,0.04616899084697218,0.000986879268536883
689,0,1,689,0.031414634623641365,0.05431609141174598,0.0009868792685368871
690,0,1,690,0.03141463462364116,0.05417710444361579,0.000986879268536874
691,0,0,691,0.03141463462364138,0.049774459698524495,0.0009868792685368876
692,0,1,692,0.03141463462364131,0.05081302299753561,0.000986879268536883
693,0,0,693,0.031414634623641476,0.04798327727304512,0.0009868792685368934
694,0,1,694,0.031414634623641344,0.062124618680536425,0.0009868792685368852
695,0,1,695,0.03141463462364146,0.05202212679778387,0.0009868792685368934
696,0,0,696,0.03141463462364139,0.044447680118541236,0.0009868792685368878
697,0,1,697,0.03141463462364133,0.06155141493540478,0.0009868792685368845
698,0,1,698,0.03141463462364142,0.047182306192589896,0.0009868792685368904
699,0,1,699,0.031414634623641524,0.04765428868365334,0.0009868792685368962
700,0,1,700,0.03141463462364117,0.06177566219922809,0.0009868792685368743
701,0,1,701,0.03141463462364142,0.04268818101063272,0.0009868792685368904
702,0,0,702,0.031414634623641184,0.06120168308077967,0.0009868792685368752
703,0,0,703,0.03141463462364115,0.05679427907694298,0.0009868792685368728
704,0,0,704,0.031414634623641365,0.055542717995994,0.0009868792685368865
705,0,1,705,0.0314146346236413,0.04914909255324383,0.0009868792685368822
706,0,0,706,0.03141463462364121,0.062263617858039244,0.0009868792685368759
707,0,1,707,0.031414634623641406,0.049473548782145785,0.0009868792685368893
708,0,1,708,0.03141463462364139,0.048408772111836945,0.0009868792685368887
709,0,1,709,1.999753264963321,2.537851247759645,0.0009868792685368837
710,0,0,710,0.031414634623641316,0.062097639011266414,0.0009868792685368832
711,0,1,711,0.03141463462364115,0.048965151291436554,0.0009868792685368724
712,0,1,712,0.03141463462364143,0.05670280512389428,0.0009868792685368902
713,0,1,713,0.031414634623641406,0.05777654255133097,0.0009868792685368893
714,0,1,714,0.03141463462364117,0.045072412551727795,0.0009868792685368752
715,0,1,715,0.0314146346236414,0.048425780095222956,0.000986879268536889
716,0,1,716,0.0314146346236414,0.04121718227875284,0.0009868792685368889
717,0,1,717,0.031414634623641455,0.04502711912045949,0.0009868792685368923
718,0,1,718,0.031414634623641434,0.05399640155358529,0.0009868792685368915
719,0,1,719,0.031414634623641455,0.058238892261636394,0.0009868792685368917
720,0,1,720,0.03141463462364132,0.054269822846455734,0.0009868792685368843
721,0,1,721,0.031414634623641115,0.06154165607986806,0.0009868792685368698
722,0,1,722,0.031414634623641406,0.04658141993470915,0.0009868792685368893
723,0,0,723,0.031414634623641,0.05042732494665143,0.0009868792685368635
724,0,1,724,0.031414634623641156,0.06197831108392221,0.0009868792685368737
725,0,1,725,0.0314146346236412,0.060368563956141985,0.000986879268536876
726,0,1,726,0.03141463462364136,0.051977149028296324,0.0009868792685368858
727,0,0,727,0.0314146346236412,0.06022416937679048,0.000986879268536874
728,0,1,728,0.03141463462364135,0.04628983591362128,0.0009868792685368863
729,0,1,729,0.0314146346236412,0.058782055742101214,0.0009868792685368765
730,0,0,730,0.03141463462364115,0.05774791666310203,0.0009868792685368735
731,0,0,731,0.0314146346236414,0.056287730968396316,0.0009868792685368889
732,0,0,732,0.03141463462364116,0.04631822696521482,0.000986879268536874
733,0,1,733,0.0314146346236414,0.05375200166312341,0.0009868792685368874
734,0,0,734,0.031414634623641385,0.05582457448058248,0.0009868792685368882
735,0,0,735,0.03141463462364137,0.06161437970726785,0.0009868792685368865
736,0,0,736,0.03141463462364133,0.048310780615137106,0.0009868792685368845
737,0,1,737,0.031414634623641115,0.039085688549667194,0.0009868792685368713
738,0,1,738,0.0314146346236414,0.04913588368414147,0.000986879268536889
739,0,1,739,0.03141463462364135,0.060655509751174064,0.0009868792685368858
740,0,1,740,0.03141463462364124,0.06256260370640043,0.0009868792685368776
741,0,1,741,0.03141463462364141,0.06113081392143255,0.0009868792685368897
742,0,0,742,0.03141463462364139,0.05015405834153154,0.000986879268536888
743,0,1,743,0.03141463462364139,0.03935647421167037,0.0009868792685368889
744,0,1,744,0.03141463462364143,0.05133970040745198,0.0009868792685368904
745,0,1,745,0.031414634623641184,0.03623792813904884,0.0009868792685368752
746,0,1,746,0.0314146346236414,0.035567396074571385,0.0009868792685368884
747,0,0,747,0.031414634623641156,0.05352227730508391,0.0009868792685368733
748,0,0,748,0.03141463462364132,0.053219310444808265,0.000986879268536884
749,0,1,749,0.03141463462364115,0.05342479906517911,0.0009868792685368733
750,0,1,750,0.03141463462364111,0.044296941146963795,0.0009868792685368707
751,0,0,751,0.0314146346236414,0.05496018814347206,0.0009868792685368887
752,0,0,752,0.03141463462364135,0.0564350004781447,0.0009868792685368856
753,0,1,753,0.03141463462364117,0.05984331059103615,0.0009868792685368743
754,0,1,754,0.031414634623641385,0.04519910915522431,0.0009868792685368878
755,0,1,755,0.03141463462364131,0.05264838628269215,0.0009868792685368832
756,0,1,756,0.031414634623641406,0.046659160552625714,0.0009868792685368893
757,0,1,757,0.03141463462364137,0.060280545846279565,0.000986879268536887
758,0,0,758,0.031414634623641184,0.055927879094235716,0.000986879268536875
759,0,1,759,0.03141463462364135,0.060633462918653735,0.0009868792685368858
760,0,1,760,0.031414634623641205,0.05660170762618991,0.0009868792685368765
761,0,0,761,0.03141463462364118,0.05175877410216152,0.000986879268536875
762,0,0,762,0.03141463462364115,0.052150776323423007,0.000986879268536873
763,0,0,763,0.031414634623641205,0.06262965194212033,0.0009868792685368743
764,0,0,764,0.03141463462364137,0.05144872446941384,0.0009868792685368874
765,0,1,765,0.031414634623641365,0.05861038997887669,0.0009868792685368863
766,0,0,766,1.9997532649633214,2.5754603556390263,0.0009868792685368828
767,0,0,767,0.03141463462364132,0.05474780651079564,0.0009868792685368839
768,0,0,768,0.031414634623641184,0.05472191444893856,0.0009868792685368754
769,0,0,769,0.03141463462364115,0.062397363849659604,0.0009868792685368709
770,0,1,770,0.03141463462364143,0.05105535210339757,0.0009868792685368906
771,0,0,771,0.031414634623641205,0.046429987537535675,0.0009868792685368763
772,0,1,772,0.03141463462364134,0.053628639956604246,0.0009868792685368845
773,0,1,773,0.0314146346236413,0.047254353661593224,0.0009868792685368828
774,0,1,774,0.03141463462364142,0.05505906184914888,0.0009868792685368904
775,0,1,775,0.03141463462364132,0.06116968603127093,0.0009868792685368837
776,0,1,776,0.0314146346236414,0.06257109650877601,0.0009868792685368876
777,0,0,777,0.0314146346236414,0.050941154166808,0.0009868792685368887
778,0,0,778,0.03141463462364143,0.06226559525323139,0.0009868792685368908
779,0,0,779,0.031414634623641205,0.04468636619596461,0.0009868792685368759
780,0,0,780,0.031414634623641184,0.05453319242254637,0.0009868792685368752
781,0,0,781,0.03141463462364143,0.04105745626427425,0.0009868792685368902
782,0,0,782,0.031414634623641316,0.04283547745496444,0.000986879268536883
783,0,1,783,0.031414634623641406,0.04636683938435819,0.0009868792685368887
784,0,0,784,0.03141463462364122,0.047934543422765666,0.0009868792685368767
785,0,0,785,0.031414634623641385,0.04617006971947664,0.0009868792685368876
786,0,1,786,0.031414634623641136,0.060586131589685066,0.0009868792685368722
787,0,0,787,0.03141463462364138,0.057329291241606795,0.0009868792685368863
788,0,1,788,0.031414634623641406,0.0444748810475756,0.0009868792685368889
789,0,1,789,0.0314146346236412,0.04515035776380903,0.000986879268536876
790,0,1,790,0.031414634623641406,0.048636938300796545,0.0009868792685368863
791,0,0,791,0.03141463462364142,0.05755484621582824,0.00098687926853689
792,0,1,792,0.03141463462364141,0.04979685690575755,0.0009868792685368915
793,0,1,793,0.0314146346236413,0.045527699365280824,0.000986879268536883
794,0,1,794,0.03141463462364138,0.03787544299942203,0.0009868792685368874
795,0,1,795,0.031414634623641455,0.05879426934772847,0.000986879268536892
796,0,0,796,0.03141463462364111,0.05594218889745259,0.00098687926853687
797,0,0,797,0.03141463462364133,0.04993113908344639,0.0009868792685368845
798,0,0,798,0.03141463462364138,0.0479791258346914,0.0009868792685368878
799,0,0,799,0.031414634623641156,0.04992825429944392,0.000986879268536874
800,0,1,800,0.0314146346236411,0.058640195994648425,0.0009868792685368702
801,0,0,801,0.03141463462364116,0.05082226806325789,0.0009868792685368737
802,0,1,802,0.031414634623641406,0.057825419988246834,0.0009868792685368887
803,0,1,803,0.03141463462364121,0.04543079206435232,0.0009868792685368772
804,0,1,804,0.03141463462364138,0.049093877601119135,0.0009868792685368876
805,0,0,805,0.03141463462364134,0.05264069755324896,0.0009868792685368837
806,0,0,806,0.0314146346236412,0.051848880866116664,0.0009868792685368765
807,0,1,807,0.03141463462364132,0.04505635835927931,0.000986879268536884
808,0,0,808,0.03141463462364132,0.0607077257006442,0.000986879268536884
809,0,0,809,0.031414634623641496,0.049306527955463766,0.0009868792685368945
810,0,0,810,0.03141463462364139,0.05209280380808848,0.000986879268536888
811,0,0,811,0.03141463462364137,0.06166826509084483,0.0009868792685368848
812,0,0,812,0.03141463462364134,0.05571303525406382,0.000986879268536885
813,0,1,813,0.03141463462364139,0.03928212531455256,0.0009868792685368893
814,0,0,814,0.03141463462364106,0.04776193453740779,0.0009868792685368683
815,0,1,815,0.031414634623641406,0.04416776956988208,0.0009868792685368897
816,0,0,816,0.031414634623641434,0.047981881710921694,0.0009868792685368908
817,0,0,817,0.03141463462364133,0.0494391070525161,0.0009868792685368848
818,0,1,818,0.031414634623641365,0.05247058230899937,0.0009868792685368867
819,0,0,819,0.03141463462364142,0.06128202725410259,0.0009868792685368889
820,0,0,820,0.03141463462364133,0.04424453450433407,0.0009868792685368837
821,0,1,821,0.03141463462364117,0.061825210436476985,0.000986879268536874
822,0,0,822,0.031414634623641406,0.04688148242395407,0.0009868792685368893
823,0,1,823,0.03141463462364141,0.05607912655666422,0.0009868792685368897
824,0,1,824,0.03141463462364118,0.039026958258638646,0.0009868792685368754
825,0,0,825,0.0314146346236414,0.04736881669054363,0.000986879268536889
826,0,0,826,0.0314146346236414,0.045402931281326844,0.000986879268536889
827,0,0,827,0.03141463462364142,0.05788351882985443,0.0009868792685368897
828,0,0,828,0.031414634623641094,0.04446537623426387,0.0009868792685368698
829,0,1,829,0.031414634623641205,0.04829609886922229,0.0009868792685368767
830,0,1,830,0.0314146346236413,0.05284394510477308,0.0009868792685368837
831,0,0,831,0.03141463462364143,0.05865225109988548,0.0009868792685368878
832,0,0,832,0.03141463462364135,0.05523830941319269,0.0009868792685368858
833,0,1,833,0.03141463462364116,0.06022546745810775,0.0009868792685368743
834,0,0,834,0.03141463462364141,0.050935682457088724,0.0009868792685368893
835,0,1,835,0.031414634623641226,0.05631221749295448,0.0009868792685368778
836,0,0,836,0.031414634623641205,0.051814821261823366,0.0009868792685368763
837,0,1,837,0.031414634623641316,0.05256705819854207,0.0009868792685368835
838,0,0,838,0.03141463462364137,0.054553728438994975,0.0009868792685368871
839,0,1,839,0.03141463462364114,0.06268759743948776,0.000986879268536871
840,0,0,840,0.03141463462364141,0.04020324688792281,0.0009868792685368897
841,0,1,841,0.03141463462364136,0.059593991901716714,0.0009868792685368858
842,0,0,842,0.03141463462364118,0.04564052540979091,0.0009868792685368748
843,0,0,843,0.03141463462364126,0.059901678373731115,0.0009868792685368795
844,0,0,844,0.0314146346236414,0.038745793567834724,0.000986879268536889
845,0,0,845,0.031414634623641205,0.043720544298493896,0.0009868792685368763
846,0,0,846,0.03141463462364139,0.05353828981635059,0.0009868792685368889
847,0,0,847,0.031414634623641136,0.05912328526567029,0.0009868792685368709
848,0,1,848,0.03141463462364142,0.051135769644553894,0.0009868792685368897
849,0,0,849,0.03141463462364126,0.05872774861504487,0.0009868792685368802
850,0,1,850,0.03141463462364118,0.04660687328305115,0.0009868792685368754
851,0,0,851,0.03141463462364118,0.03512017843204545,0.0009868792685368748
852,0,0,852,0.03141463462364144,0.04579341818317641,0.0009868792685368913
853,0,0,853,0.031414634623641385,0.04015480224045534,0.0009868792685368884
854,0,0,854,0.031414634623641184,0.04009752099578417,0.0009868792685368754
855,0,0,855,0.031414634623641115,0.04512767015876867,0.000986879268536871
856,0,0,856,0.031414634623641295,0.03937777654358654,0.0009868792685368826
857,0,0,857,0.031414634623641184,0.040846934877764945,0.0009868792685368759
858,0,0,858,0.031414634623641344,0.037108137800167765,0.0009868792685368856
859,0,0,859,0.03141463462364122,0.04826384602265768,0.0009868792685368776
860,0,0,860,0.031414634623641406,0.057211848867765286,0.0009868792685368893
861,0,0,861,0.031414634623641094,0.05700337610608058,0.00098687926853687
862,0,0,862,0.03141463462364135,0.05152053445071664,0.0009868792685368863
863,0,1,863,0.031414634623641434,0.04267826360662823,0.000986879268536891
864,0,1,864,0.03141463462364136,0.052448049763147334,0.0009868792685368867
865,0,0,865,0.031414634623641385,0.04466336249910104,0.0009868792685368882
866,0,1,866,0.03141463462364133,0.05816382887852195,0.0009868792685368848
867,0,1,867,0.031414634623641406,0.047176146003875576,0.0009868792685368884
868,0,1,868,0.0314146346236412,0.04746532315173865,0.0009868792685368767
869,0,1,869,0.0314146346236414,0.05677391743578494,0.0009868792685368884
870,0,1,870,0.03141463462364135,0.04234412623212065,0.000986879268536886
871,0,1,871,0.03141463462364138,0.04951853376882784,0.0009868792685368871
872,0,0,872,1.9997532649633214,2.4313972347335193,0.0009868792685368824
873,0,1,873,0.0314146346236411,0.052535832755595424,0.0009868792685368704
874,0,0,874,0.03141463462364127,0.04370027663309372,0.0009868792685368809
875,0,0,875,0.0314146346236412,0.05186213815837469,0.0009868792685368763
876,0,0,876,0.03141463462364139,0.04035220292237581,0.0009868792685368882
877,0,1,877,0.03141463462364131,0.05591672520740967,0.0009868792685368826
878,0,1,878,0.031414634623641385,0.052515624379023226,0.0009868792685368884
879,0,1,879,0.031414634623641316,0.055590191599167865,0.0009868792685368837
880,0,1,880,0.03141463462364143,0.049078677075994406,0.0009868792685368884
881,0,1,881,0.03141463462364144,0.044006192226012444,0.0009868792685368917
882,0,1,882,0.0314146346236414,0.04502333743144504,0.0009868792685368889
883,0,1,883,0.03141463462364132,0.03548736813585224,0.0009868792685368843
884,0,1,884,0.03141463462364121,0.0498051100656212,0.0009868792685368767
885,0,1,885,0.031414634623641385,0.050966460132961536,0.000986879268536888
886,0,1,886,0.0314146346236414,0.041713029386825376,0.0009868792685368887
887,0,1,887,0.03141463462364134,0.05343094858478625,0.0009868792685368845
888,0,1,888,0.03141463462364136,0.037572646728850995,0.000986879268536887
889,0,0,889,0.03141463462364128,0.0467010694804441,0.0009868792685368813
890,0,0,890,0.031414634623641184,0.05266005789684926,0.0009868792685368756
891,0,0,891,0.03141463462364119,0.04287972121524397,0.0009868792685368752
892,0,0,892,0.03141463462364135,0.050116120180931104,0.0009868792685368863
893,0,0,893,0.03141463462364139,0.047714157178540675,0.0009868792685368887
894,0,0,894,0.031414634623641136,0.05687779860194975,0.0009868792685368717
895,0,1,895,0.03141463462364138,0.061477500844230815,0.0009868792685368876
896,0,1,896,0.03141463462364137,0.0516910651605967,0.0009868792685368867
897,0,0,897,0.03141463462364145,0.061592640093722784,0.000986879268536892
898,0,0,898,0.031414634623641476,0.05811366538739088,0.000986879268536893
899,0,0,899,0.03141463462364135,0.05664316365257613,0.000986879268536886
900,0,0,900,0.031414634623641434,0.05108844657889548,0.0009868792685368895
901,0,0,901,0.031414634623641385,0.057844575585000196,0.0009868792685368882
902,0,0,902,0.031414634623641385,0.04965492041700907,0.0009868792685368895
903,0,1,903,0.0314146346236414,0.0542788952880372,0.0009868792685368889
904,0,1,904,0.03141463462364117,0.056354823096303686,0.0009868792685368746
905,0,1,905,0.031414634623641156,0.045994821692483846,0.000986879268536874
906,0,1,906,0.031414634623641156,0.05837726649853661,0.000986879268536871
907,0,0,907,0.031414634623641184,0.04440353054006814,0.0009868792685368748
908,0,1,908,0.031414634623641184,0.053760536643612106,0.0009868792685368754
909,0,1,909,0.0314146346236414,0.042374074139162735,0.0009868792685368889
910,0,1,910,0.03141463462364138,0.05657395821192604,0.0009868792685368878
911,0,1,911,0.03141463462364134,0.0521019268659995,0.0009868792685368852
912,0,1,912,0.031414634623641406,0.05358335453572219,0.000986879268536888
913,0,0,913,0.03141463462364118,0.04883453620988086,0.0009868792685368743
914,0,0,914,0.03141463462364119,0.042111490049299455,0.0009868792685368752
915,0,0,915,0.031414634623641385,0.0572462875485292,0.0009868792685368874
916,0,1,916,0.031414634623641156,0.05123715467266751,0.000986879268536874
917,0,1,917,0.03141463462364142,0.05494588666611022,0.0009868792685368897
918,0,0,918,0.031414634623641205,0.058777769436796634,0.0009868792685368767
919,0,0,919,0.03141463462364137,0.059433510268660616,0.0009868792685368856
920,0,0,920,0.03141463462364139,0.05296301741691137,0.0009868792685368887
921,0,1,921,1.999753264963321,2.604332923848162,0.0009868792685368882
922,0,1,922,0.03141463462364119,0.06162830896900978,0.0009868792685368754
923,0,0,923,0.03141463462364149,0.05474390015570835,0.0009868792685368958
924,0,1,924,0.031414634623641385,0.04770386846936513,0.000986879268536888
925,0,1,925,0.031414634623641184,0.06242760969560668,0.0009868792685368754
926,0,1,926,0.031414634623641406,0.05450806959322191,0.0009868792685368845
927,0,1,927,0.03141463462364137,0.04041026215610244,0.0009868792685368871
928,0,0,928,0.03141463462364143,0.045294262750760816,0.000986879268536891
929,0,0,929,0.031414634623641434,0.053905944497774944,0.0009868792685368906
930,0,1,930,0.03141463462364144,0.05915394662063439,0.0009868792685368913
931,0,1,931,0.031414634623641385,0.05659830110784103,0.000986879268536888
932,0,0,932,0.03141463462364136,0.043331056568181404,0.0009868792685368865
933,0,1,933,0.03141463462364116,0.045190232790939866,0.000986879268536874
934,0,0,934,0.031414634623641344,0.053865902430519,0.000986879268536885
935,0,0,935,0.0314146346236414,0.05595998539632399,0.000986879268536889
936,0,0,936,0.031414634623641184,0.036523950321272425,0.0009868792685368756
937,0,1,937,0.0314146346236414,0.05274402441662973,0.0009868792685368889
938,0,0,938,0.03141463462364149,0.058805941217874746,0.0009868792685368943
939,0,1,939,0.031414634623641344,0.05251640451203218,0.0009868792685368854
940,0,0,940,0.031414634623641226,0.061668944817120264,0.0009868792685368778
941,0,1,941,0.03141463462364117,0.051534834539541816,0.000986879268536874
942,0,1,942,0.03141463462364138,0.06242885520029001,0.0009868792685368871
943,0,0,943,0.03141463462364141,0.05382958597504814,0.0009868792685368895
944,0,0,944,0.03141463462364117,0.049538147247173384,0.000986879268536874
945,0,1,945,0.031414634623641184,0.06113813912780314,0.0009868792685368735
946,0,1,946,0.03141463462364139,0.04506943794160273,0.0009868792685368913
947,0,0,947,0.03141463462364134,0.05692316422286009,0.0009868792685368854
948,0,1,948,0.03141463462364121,0.0526840030609876,0.0009868792685368765
949,0,1,949,0.03141463462364137,0.05577785054081272,0.0009868792685368874
950,0,0,950,0.031414634623641385,0.05881252257493569,0.000986879268536888
951,0,0,951,0.03141463462364137,0.04364974207512866,0.000986879268536887
952,0,0,952,0.031414634623641184,0.035307996734320536,0.000986879268536875
953,0,1,953,0.03141463462364138,0.05593947516865408,0.0009868792685368874
954,0,0,954,0.03141463462364144,0.046604112955958184,0.0009868792685368917
955,0,0,955,0.031414634623641205,0.037336373867908876,0.000986879268536876
956,0,1,956,0.031414634623641295,0.05543364014165139,0.0009868792685368824
957,0,1,957,0.03141463462364137,0.05851935672285541,0.0009868792685368878
958,0,0,958,0.03141463462364142,0.055194683701459774,0.0009868792685368897
959,0,0,959,0.03141463462364117,0.045444674371038524,0.0009868792685368737
960,0,1,960,0.03141463462364135,0.038351064991334324,0.0009868792685368856
961,0,1,961,0.03141463462364142,0.0489530186610839,0.00098687926853689
962,0,0,962,0.03141463462364143,0.0560422513400837,0.0009868792685368895
963,0,1,963,0.03141463462364118,0.04863013559455494,0.0009868792685368752
964,0,0,964,0.03141463462364143,0.05566790039170724,0.000986879268536891
965,0,1,965,0.031414634623641406,0.05734893251465417,0.0009868792685368895
966,0,1,966,0.03141463462364127,0.051582347406264606,0.0009868792685368813
967,0,0,967,0.03141463462364142,0.049409852283511566,0.0009868792685368897
968,0,1,968,0.03141463462364142,0.06184441962181797,0.0009868792685368897
969,0,0,969,0.031414634623641156,0.06023219635624355,0.0009868792685368733
970,0,1,970,0.031414634623641365,0.0605028035896526,0.0009868792685368867
971,0,0,971,0.03141463462364117,0.059768844214235894,0.0009868792685368743
972,0,1,972,0.03141463462364135,0.053580618267222324,0.0009868792685368867
973,0,0,973,0.03141463462364114,0.0543255977501271,0.0009868792685368724
974,0,1,974,0.03141463462364127,0.06009309376485544,0.0009868792685368787
975,0,0,975,0.03141463462364137,0.057361189685945724,0.000986879268536887
976,0,1,976,0.03141463462364118,0.05469155533764389,0.0009868792685368754
977,0,1,977,0.03141463462364142,0.060356986147063474,0.0009868792685368902
978,0,0,978,0.03141463462364114,0.05427274449476377,0.000986879268536872
979,0,0,979,0.03141463462364114,0.05808267617186555,0.0009868792685368722
980,0,1,980,0.03141463462364141,0.04511806806960447,0.0009868792685368897
981,0,0,981,0.03141463462364113,0.052581866074306594,0.000986879268536872
982,0,1,982,0.031414634623641496,0.057585564359324604,0.0009868792685368928
983,0,1,983,0.031414634623641254,0.04985922700524423,0.0009868792685368798
984,0,1,984,0.031414634623641205,0.04881140025299972,0.0009868792685368763
985,0,1,985,0.03141463462364126,0.053023889227783894,0.0009868792685368806
986,0,1,986,0.031414634623641406,0.04583806079750742,0.0009868792685368895
987,0,1,987,0.03141463462364111,0.050197048173028766,0.0009868792685368707
988,0,1,988,0.031414634623641434,0.05814256207912133,0.0009868792685368893
989,0,1,989,0.031414634623641406,0.04151436719332015,0.000986879268536889
990,0,1,990,0.03141463462364115,0.05626376538707584,0.0009868792685368735
991,0,0,991,0.03141463462364139,0.04128950607862163,0.0009868792685368876
992,0,0,992,0.03141463462364151,0.05218260243190617,0.000986879268536896
993,0,0,993,0.03141463462364139,0.04901825045082017,0.0009868792685368882
994,0,1,994,0.03141463462364149,0.05847123945294075,0.0009868792685368934
995,0,0,995,0.031414634623641344,0.04728493076167156,0.0009868792685368856
996,0,1,996,0.03141463462364127,0.045407140610713576,0.0009868792685368806
997,0,1,997,0.031414634623641156,0.041576695012414865,0.0009868792685368733
998,0,1,998,0.03141463462364135,0.044937854817825765,0.0009868792685368856
999,0,1,999,0.031414634623641545,0.06031540654934259,0.0009868792685368975
