,Layer,Qubit,Run,2-Norm,Trace Norm,Diamond Norm
0,0,2,0,0.06282151815625647,0.022267203867328944,0.003946543143456862
1,0,1,1,0.06282151815625671,0.07043040249102958,0.00394654314345689
2,0,2,2,0.06282151815625674,0.31902102989830483,0.003946543143456897
3,0,0,3,0.0628215181562562,0.19116715307836252,0.003946543143456828
4,0,0,4,0.06282151815625651,0.044164538156011846,0.003946543143456865
5,0,1,5,0.06282151815625622,0.13254056470816922,0.003946543143456836
6,0,1,6,0.0628215181562562,0.18997079165289854,0.003946543143456828
7,0,1,7,0.0,0.0,0.0
8,0,1,8,0.06282151815625665,0.003421496919353062,0.0039465431434568855
9,0,2,9,0.06282151815625647,0.004393020660421507,0.003946543143456862
10,0,1,10,0.06282151815625651,0.16750024521585283,0.003946543143456866
11,0,1,11,0.06282151815625664,0.21438895255940427,0.0039465431434568795
12,0,2,12,0.0628215181562566,0.14904005826132893,0.003946543143456875
13,0,0,13,0.06282151815625656,0.021103841726395345,0.003946543143456868
14,0,2,14,0.06282151815625626,0.0036951766925790164,0.0039465431434568335
15,0,0,15,0.06282151815625664,0.22338042088654264,0.003946543143456881
16,0,1,16,0.06282151815625606,0.06147509873605683,0.003946543143456807
17,0,0,17,0.06282151815625667,0.024192620966900114,0.0039465431434568855
18,0,2,18,0.06282151815625657,0.1869911718738262,0.003946543143456873
19,0,2,19,0.06282151815625643,0.14170691009016245,0.003946543143456853
20,0,2,20,0.0628215181562566,0.22863426017601451,0.003946543143456875
21,0,2,21,0.06282151815625643,0.16238836055342354,0.003946543143456856
22,0,0,22,0.0,0.0,0.0
23,0,1,23,0.06282151815625621,0.020259917047844578,0.003946543143456828
24,0,0,24,0.06282151815625653,0.08832102597092226,0.003946543143456865
25,0,1,25,0.06282151815625675,0.04633197568442474,0.003946543143456897
26,0,1,26,0.0,0.0,0.0
27,0,2,27,0.06282151815625661,0.1365495549945962,0.003946543143456878
28,0,1,28,0.06282151815625624,0.09092903254389406,0.0039465431434568335
29,0,1,29,0.06282151815625646,0.23192291177655244,0.003946543143456858
30,0,2,30,0.06282151815625665,0.18354271042640224,0.003946543143456884
31,0,0,31,0.06282151815625674,0.03028007352167484,0.003946543143456891
32,0,2,32,0.06282151815625647,0.06636995514977148,0.00394654314345686
33,0,1,33,0.06282151815625646,0.20521039577777733,0.00394654314345686
34,0,2,34,0.06282151815625621,0.18627930674838655,0.003946543143456827
35,0,2,35,0.06282151815625642,0.10175852015268944,0.0039465431434568534
36,0,2,36,0.06282151815625668,0.42193766043571834,0.003946543143456886
37,0,0,37,0.06282151815625645,0.23492191743815272,0.003946543143456858
38,0,0,38,0.06282151815625638,0.20613949042473578,0.003946543143456851
39,0,0,39,0.06282151815625649,0.03306717543000548,0.0039465431434568595
40,0,1,40,0.06282151815625667,0.21725582319437464,0.003946543143456884
41,0,1,41,0.06282151815625674,0.0254236727264769,0.0039465431434568925
42,0,1,42,0.06282151815625665,0.0377129831429901,0.003946543143456885
43,0,1,43,0.0628215181562566,0.11284890009981713,0.003946543143456876
44,0,0,44,0.06282151815625676,0.0034379168702254326,0.003946543143456896
45,0,0,45,0.06282151815625654,0.1742502890923623,0.003946543143456877
46,0,2,46,0.06282151815625668,0.08949715251740642,0.0039465431434568855
47,0,0,47,0.06282151815625643,0.05995654313955112,0.003946543143456855
48,0,1,48,0.06282151815625642,0.14659819869430324,0.0039465431434568534
49,0,0,49,0.06282151815625649,0.03551247468431584,0.003946543143456863
50,0,2,50,0.0,0.0,0.0
51,0,0,51,0.06282151815625646,0.18040309267284527,0.003946543143456862
52,0,1,52,0.06282151815625661,0.1085574125858553,0.003946543143456881
53,0,2,53,0.06282151815625672,0.13469831405029975,0.00394654314345689
54,0,2,54,0.06282151815625639,0.08310658931214121,0.003946543143456847
55,0,0,55,0.06282151815625649,0.10488609712801922,0.003946543143456867
56,0,0,56,0.06282151815625668,0.012233323701799748,0.003946543143456886
57,0,1,57,0.06282151815625643,0.032242533752090186,0.0039465431434568534
58,0,2,58,0.06282151815625668,0.04661847265618102,0.0039465431434568855
59,0,2,59,0.0,0.0,0.0
60,0,1,60,0.06282151815625613,0.05236878032238801,0.003946543143456816
61,0,1,61,0.0,0.0,0.0
62,0,2,62,2.0,0.3684621253795185,0.003946543143456879
63,0,2,63,0.06282151815625658,0.15593362863591054,0.003946543143456875
64,0,0,64,0.06282151815625632,0.053769180241917125,0.003946543143456842
65,0,0,65,0.06282151815625668,0.12619384414929413,0.003946543143456888
66,0,1,66,0.06282151815625649,0.10789166707441256,0.003946543143456862
67,0,2,67,0.0628215181562561,0.35816885804824317,0.003946543143456816
68,0,1,68,0.0,0.0,0.0
69,0,1,69,0.0,0.0,0.0
70,0,1,70,0.06282151815625622,0.12357133669514564,0.00394654314345683
71,0,2,71,0.0628215181562564,0.23199431374030155,0.00394654314345685
72,0,1,72,0.06282151815625632,0.023580374921299163,0.003946543143456843
73,0,0,73,0.0628215181562564,0.1569573718247348,0.00394654314345685
74,0,0,74,0.0628215181562565,0.021880745648106603,0.003946543143456866
75,0,0,75,0.06282151815625671,0.037924804806039464,0.003946543143456886
76,0,1,76,2.9870348626594506e-16,0.0,8.922377270742969e-32
77,0,2,77,0.06282151815625608,0.0030304012493989896,0.003946543143456811
78,0,1,78,0.06282151815625621,0.03668089507097072,0.003946543143456835
79,0,1,79,0.06282151815625657,0.2013321986186032,0.003946543143456874
80,0,0,80,0.06282151815625626,0.07041733300112307,0.003946543143456837
81,0,0,81,0.06282151815625643,0.11661870403285013,0.003946543143456856
82,0,1,82,0.0628215181562565,0.011862334793520862,0.003946543143456867
83,0,2,83,0.06282151815625628,0.09539734426015212,0.003946543143456835
84,0,2,84,0.06282151815625658,0.14948197225636495,0.003946543143456874
85,0,1,85,0.06282151815625671,0.18778417187298965,0.003946543143456891
86,0,0,86,0.0628215181562564,0.00019760227403597952,0.003946543143456853
87,0,0,87,0.06282151815625646,0.19303064664536346,0.0039465431434568595
88,0,2,88,0.06282151815625664,0.20842124502510995,0.003946543143456879
89,0,1,89,0.06282151815625672,0.1190595333135368,0.003946543143456892
90,0,0,90,0.06282151815625651,0.21167418578247232,0.003946543143456859
91,0,0,91,0.06282151815625621,0.15971014795088934,0.003946543143456829
92,0,1,92,0.0,0.0,0.0
93,0,0,93,0.06282151815625628,0.09675800385466182,0.0039465431434568396
94,0,1,94,0.06282151815625625,0.09236362958236999,0.003946543143456832
95,0,2,95,0.06282151815625647,0.014830800823663282,0.003946543143456861
96,0,2,96,0.06282151815625672,0.2028810919495707,0.003946543143456892
97,0,0,97,0.0,0.0,0.0
98,0,2,98,0.0,0.0,0.0
99,0,0,99,0.06282151815625658,0.019743974622279947,0.003946543143456875
100,0,2,100,0.0,0.0,0.0
101,0,1,101,0.06282151815625663,0.1661621281991934,0.003946543143456882
102,0,0,102,0.06282151815625645,0.1826960504572983,0.003946543143456857
103,0,0,103,0.0628215181562567,0.002468634164253752,0.003946543143456891
104,0,2,104,0.06282151815625646,0.16018348653542724,0.003946543143456865
105,0,2,105,0.06282151815625638,0.04274405795850256,0.003946543143456848
106,0,1,106,0.06282151815625651,0.18465616566669119,0.0039465431434568665
107,0,2,107,0.0628215181562566,0.17056133112931127,0.003946543143456877
108,0,1,108,0.06282151815625633,0.08972723377260539,0.003946543143456844
109,0,2,109,0.06282151815625638,0.01591899387640172,0.00394654314345685
110,0,0,110,0.06282151815625629,0.09744355263847693,0.003946543143456837
111,0,2,111,0.06282151815625624,0.007630421903160989,0.00394654314345683
112,0,1,112,0.06282151815625667,0.2304363551585893,0.003946543143456883
113,0,0,113,0.0,0.0,0.0
114,0,1,114,0.06282151815625643,0.2484614989634477,0.003946543143456857
115,0,1,115,0.06282151815625625,0.03750975745135077,0.003946543143456834
116,0,1,116,0.06282151815625629,0.24079901544927784,0.003946543143456837
117,0,1,117,0.06282151815625675,0.0932522485819951,0.003946543143456894
118,0,1,118,0.0,0.0,0.0
119,0,1,119,0.06282151815625663,0.01910139513959841,0.00394654314345688
120,0,0,120,0.06282151815625664,0.07379299729483879,0.003946543143456886
121,0,0,121,0.06282151815625671,0.09436253671680983,0.003946543143456891
122,0,1,122,0.0,0.0,0.0
123,0,0,123,0.06282151815625668,0.07436975157018698,0.003946543143456885
124,0,0,124,0.0628215181562567,0.19311121066149617,0.003946543143456889
125,0,1,125,0.06282151815625649,0.1195901861642028,0.003946543143456863
126,0,2,126,0.06282151815625646,0.0738086880253413,0.003946543143456861
127,0,1,127,0.0,0.0,0.0
128,0,0,128,0.0628215181562569,0.12240951845893011,0.003946543143456897
129,0,1,129,0.06282151815625647,0.08315828488076749,0.003946543143456858
130,0,1,130,0.06282151815625668,0.15276125525287976,0.003946543143456888
131,0,2,131,0.06282151815625642,0.02874817410812902,0.003946543143456853
132,0,0,132,0.06282151815625622,0.04025591877096468,0.003946543143456832
133,0,0,133,0.06282151815625672,0.14876178574524856,0.003946543143456888
134,0,1,134,0.06282151815625632,0.24875606372299064,0.00394654314345684
135,0,1,135,0.0628215181562565,0.029701396688229353,0.003946543143456865
136,0,1,136,0.06282151815625645,0.16066448122958957,0.003946543143456855
137,0,0,137,0.06282151815625667,0.23240503145961067,0.003946543143456882
138,0,0,138,0.06282151815625664,0.1690530910218071,0.003946543143456878
139,0,1,139,0.06282151815625658,0.17735636521725118,0.003946543143456874
140,0,2,140,0.06282151815625663,0.010232544977661684,0.003946543143456879
141,0,2,141,0.0628215181562565,0.04450969334259991,0.003946543143456863
142,0,1,142,0.06282151815625658,0.0008442294662358019,0.003946543143456875
143,0,1,143,0.06282151815625674,0.016690919583675922,0.003946543143456896
144,0,1,144,0.0,0.0,0.0
145,0,1,145,0.06282151815625622,0.21117081866391718,0.00394654314345683
146,0,2,146,0.06282151815625665,0.19835776189842758,0.003946543143456885
147,0,2,147,0.06282151815625661,0.24745338004693318,0.003946543143456879
148,0,2,148,0.06282151815625622,0.0923478965502671,0.003946543143456828
149,0,1,149,0.0,0.0,0.0
150,0,0,150,0.0,0.0,0.0
151,0,0,151,2.0000000000000004,10.76998464574,0.003946543143456867
152,0,2,152,0.06282151815625671,0.007879792287914397,0.003946543143456889
153,0,0,153,0.0,0.0,0.0
154,0,2,154,0.06282151815625672,0.24413181124018246,0.003946543143456891
155,0,0,155,0.06282151815625635,0.30574414624394564,0.003946543143456847
156,0,2,156,0.06282151815625663,0.08116295759905878,0.003946543143456879
157,0,2,157,0.0,0.0,0.0
158,0,1,158,0.0,0.0,0.0
159,0,0,159,0.06282151815625675,0.11322611033564112,0.00394654314345689
160,0,1,160,0.06282151815625617,0.029942752985419485,0.003946543143456822
161,0,0,161,0.06282151815625674,0.09515481803566356,0.003946543143456886
162,0,0,162,0.0,0.0,0.0
163,0,1,163,1.3329179921125026e-16,4.440892098500626e-16,1.7766703736972256e-32
164,0,1,164,0.0,0.0,0.0
165,0,0,165,0.06282151815625635,0.06692447059080653,0.0039465431434568396
166,0,2,166,0.06282151815625642,0.02741359019722356,0.003946543143456855
167,0,1,167,0.06282151815625649,0.018065234619971005,0.003946543143456864
168,0,0,168,0.06282151815625636,0.22520861743503318,0.003946543143456846
169,0,0,169,0.06282151815625647,0.09752327965310092,0.003946543143456866
170,0,0,170,0.06282151815625645,0.11902889348877377,0.003946543143456859
171,0,2,171,0.06282151815625672,0.02292187343890517,0.0039465431434568925
172,0,1,172,0.0,0.0,0.0
173,0,1,173,0.06282151815625661,0.1404255251922295,0.003946543143456877
174,0,2,174,0.06282151815625683,0.08921380128268164,0.003946543143456906
175,0,2,175,0.06282151815625642,0.0597928832758538,0.003946543143456848
176,0,1,176,0.06282151815625672,0.03268615908415684,0.003946543143456892
177,0,2,177,0.0,0.0,0.0
178,0,2,178,0.06282151815625654,0.13238632098397396,0.003946543143456871
179,0,0,179,0.0,0.0,0.0
180,0,2,180,0.06282151815625651,0.1574869123880561,0.003946543143456866
181,0,2,181,0.0,0.0,0.0
182,0,0,182,0.06282151815625628,0.09858607594948232,0.003946543143456833
183,0,2,183,0.06282151815625657,0.20478858916026343,0.003946543143456874
184,0,0,184,0.06282151815625668,0.05534796959217125,0.003946543143456882
185,0,0,185,0.0628215181562564,0.1635184501537137,0.003946543143456852
186,0,1,186,0.06282151815625661,0.11023434923282105,0.003946543143456876
187,0,2,187,0.0,0.0,0.0
188,0,1,188,0.0,0.0,0.0
189,0,2,189,0.0,0.0,0.0
190,0,0,190,0.06282151815625658,0.0031068984330347993,0.003946543143456877
191,0,1,191,0.06282151815625622,0.014959610026692716,0.00394654314345683
192,0,2,192,0.06282151815625633,0.17716487912305823,0.003946543143456844
193,0,0,193,0.06282151815625663,0.06140924220428834,0.003946543143456878
194,0,1,194,0.06282151815625643,0.098413042862801,0.003946543143456856
195,0,0,195,0.0628215181562563,0.020354100909660056,0.003946543143456842
196,0,2,196,0.06282151815625668,0.1425830986309662,0.003946543143456887
197,0,0,197,0.0628215181562562,0.17504805598650686,0.003946543143456823
198,0,2,198,0.06282151815625671,0.04238282377541758,0.00394654314345689
199,0,2,199,0.06282151815625675,0.014939554184239076,0.003946543143456901
200,0,2,200,0.0,0.0,0.0
201,0,2,201,0.06282151815625651,0.12371696918377673,0.0039465431434568665
202,0,2,202,0.0628215181562565,0.0914954712658177,0.003946543143456863
203,0,0,203,0.06282151815625626,0.0846880595899906,0.003946543143456838
204,0,1,204,0.06282151815625671,0.4034098006348037,0.0039465431434568925
205,0,0,205,0.0628215181562563,0.058167720567818826,0.0039465431434568396
206,0,2,206,0.06282151815625646,0.016019593626357798,0.0039465431434568595
207,0,2,207,0.06282151815625649,0.2170414557925131,0.003946543143456864
208,0,0,208,0.06282151815625622,0.0036367389063423072,0.003946543143456829
209,0,0,209,0.06282151815625649,0.1242565805382505,0.003946543143456863
210,0,0,210,0.0628215181562565,0.14144811336862273,0.003946543143456863
211,0,0,211,0.06282151815625643,0.17957949220296365,0.003946543143456855
212,0,0,212,0.06282151815625667,0.016234015803928747,0.003946543143456888
213,0,2,213,0.0,0.0,0.0
214,0,0,214,0.0,0.0,0.0
215,0,0,215,0.06282151815625624,0.17461180677385713,0.003946543143456832
216,0,0,216,0.06282151815625674,0.04717305040967679,0.003946543143456896
217,0,2,217,0.06282151815625629,0.01624381318806556,0.003946543143456837
218,0,0,218,0.0628215181562564,0.19131251448632192,0.003946543143456853
219,0,0,219,0.06282151815625664,0.1619117476089904,0.003946543143456881
220,0,1,220,0.06282151815625642,0.11540392051097204,0.003946543143456852
221,0,0,221,0.06282151815625676,0.10767223310342897,0.0039465431434568985
222,0,0,222,0.06282151815625657,0.06959174611934493,0.003946543143456877
223,0,1,223,0.0,0.0,0.0
224,0,2,224,0.06282151815625674,0.007613378901498172,0.003946543143456895
225,0,1,225,0.06282151815625638,0.11164015324364351,0.003946543143456844
226,0,1,226,0.06282151815625628,0.055420704636620854,0.003946543143456839
227,0,1,227,0.06282151815625664,0.21843094585232925,0.003946543143456884
228,0,1,228,0.06282151815625635,0.01098668477627096,0.003946543143456847
229,0,1,229,0.06282151815625665,0.053978597801785766,0.00394654314345688
230,0,1,230,0.06282151815625646,0.03370993908593128,0.0039465431434568595
231,0,1,231,0.0,0.0,0.0
232,0,2,232,0.06282151815625674,0.0841071544813389,0.0039465431434568925
233,0,1,233,0.0,0.0,0.0
234,0,0,234,0.06282151815625665,0.08858867319409836,0.003946543143456881
235,0,0,235,0.06282151815625665,0.008629065852762352,0.003946543143456887
236,0,2,236,0.06282151815625664,0.150860463348927,0.003946543143456882
237,0,2,237,2.0000000000000004,0.02343150175460919,0.003946543143456873
238,0,0,238,0.06282151815625628,0.05173325851954669,0.0039465431434568396
239,0,0,239,0.06282151815625664,0.06542509949509015,0.00394654314345688
240,0,2,240,0.0628215181562564,0.06108990984380531,0.003946543143456855
241,0,1,241,0.06282151815625654,0.028027956142657517,0.00394654314345687
242,0,1,242,0.0628215181562564,0.06380597932370291,0.0039465431434568534
243,0,0,243,0.06282151815625664,0.13211678274229,0.003946543143456874
244,0,1,244,0.06282151815625653,0.01807466794839163,0.003946543143456868
245,0,0,245,0.0,0.0,0.0
246,0,0,246,0.06282151815625672,0.13297972543005487,0.003946543143456893
247,0,1,247,0.06282151815625633,0.054496369575168346,0.003946543143456846
248,0,1,248,0.06282151815625642,0.004197816543412489,0.003946543143456854
249,0,1,249,0.06282151815625663,0.12871529489385009,0.003946543143456881
250,0,1,250,0.0,0.0,0.0
251,0,0,251,0.06282151815625651,0.10355702606152749,0.003946543143456869
252,0,2,252,0.0628215181562566,0.19965253032088914,0.003946543143456876
253,0,1,253,0.06282151815625624,0.07641261495241425,0.003946543143456833
254,0,1,254,0.06282151815625671,0.347317965606337,0.003946543143456891
255,0,0,255,0.06282151815625614,0.1520793433317973,0.003946543143456818
256,0,0,256,0.06282151815625661,0.07210329536120774,0.0039465431434568795
257,0,0,257,0.0628215181562567,0.3856238952982327,0.003946543143456889
258,0,1,258,0.06282151815625664,0.019990628757020512,0.0039465431434568855
259,0,0,259,0.06282151815625668,0.21973509223244064,0.003946543143456886
260,0,0,260,0.0628215181562566,0.10946599368555088,0.003946543143456876
261,0,1,261,0.06282151815625671,0.18750548818824114,0.003946543143456891
262,0,0,262,0.06282151815625664,0.2438438855116724,0.003946543143456881
263,0,1,263,0.0628215181562567,0.0028281197591586427,0.00394654314345689
264,0,1,264,0.0,0.0,0.0
265,0,0,265,0.06282151815625658,0.028306974446499877,0.003946543143456876
266,0,1,266,0.06282151815625682,0.1319740174055346,0.003946543143456903
267,0,0,267,0.06282151815625663,0.00018238636008011122,0.003946543143456879
268,0,1,268,0.06282151815625624,0.13998477289290046,0.003946543143456831
269,0,0,269,0.06282151815625638,0.05636408599335008,0.003946543143456852
270,0,1,270,0.06282151815625663,0.19002452475276133,0.003946543143456881
271,0,0,271,0.06282151815625672,0.013568299177203246,0.003946543143456888
272,0,2,272,0.06282151815625664,0.16077909993339812,0.003946543143456882
273,0,1,273,0.06282151815625671,0.004332482152456837,0.003946543143456886
274,0,2,274,0.06282151815625667,0.11734325410537605,0.003946543143456887
275,0,1,275,0.0,0.0,0.0
276,0,2,276,0.0,0.0,0.0
277,0,2,277,0.06282151815625665,0.23541570157518998,0.003946543143456885
278,0,2,278,0.0628215181562566,0.24464519754619551,0.003946543143456877
279,0,0,279,0.06282151815625656,0.13695286318801791,0.003946543143456872
280,0,1,280,0.06282151815625661,0.11350379134533276,0.003946543143456875
281,0,0,281,0.0,0.0,0.0
282,0,2,282,0.06282151815625628,0.03128156166783436,0.00394654314345684
283,0,2,283,0.06282151815625626,0.0642269929193171,0.003946543143456838
284,0,2,284,0.06282151815625642,0.017768249378715018,0.003946543143456856
285,0,2,285,0.06282151815625672,0.003913062233293657,0.003946543143456891
286,0,2,286,0.0628215181562567,0.013702944231213099,0.003946543143456879
287,0,0,287,0.06282151815625646,0.24674579832932952,0.003946543143456859
288,0,0,288,0.0628215181562563,0.07409968079353169,0.003946543143456838
289,0,1,289,0.0628215181562566,0.18312221883801127,0.003946543143456875
290,0,1,290,0.0,0.0,0.0
291,0,0,291,2.0,11.901774623601757,0.003946543143456854
292,0,2,292,0.06282151815625639,0.21464251450339367,0.003946543143456851
293,0,1,293,0.06282151815625625,0.16711700404654906,0.003946543143456833
294,0,2,294,0.06282151815625671,0.07590039256174741,0.00394654314345689
295,0,0,295,0.06282151815625626,0.21283188154656418,0.003946543143456837
296,0,1,296,0.0628215181562567,0.044861631880256714,0.003946543143456889
297,0,2,297,0.06282151815625682,0.19815614311080676,0.003946543143456903
298,0,0,298,0.0628215181562565,0.039263943792107625,0.003946543143456866
299,0,1,299,0.06282151815625653,0.0003370890554679866,0.00394654314345687
300,0,0,300,0.06282151815625625,0.10493145912534985,0.003946543143456834
301,0,0,301,0.0,0.0,0.0
302,0,1,302,0.06282151815625661,0.09716619377739732,0.003946543143456876
303,0,0,303,0.06282151815625661,0.2367191751691633,0.0039465431434568795
304,0,2,304,0.06282151815625667,0.10068475349994488,0.0039465431434568855
305,0,1,305,2.0000000000000004,9.617203959133157,0.003946543143456837
306,0,1,306,0.0,0.0,0.0
307,0,0,307,0.06282151815625656,0.04832840524478588,0.0039465431434568725
308,0,1,308,0.06282151815625626,0.12135139192413424,0.003946543143456837
309,0,2,309,0.0628215181562564,0.03887483394260706,0.003946543143456852
310,0,2,310,0.0,0.0,0.0
311,0,1,311,0.0628215181562567,0.0022745394783813683,0.003946543143456889
312,0,2,312,0.06282151815625622,0.022844098431689552,0.003946543143456831
313,0,2,313,0.0,0.0,0.0
314,0,0,314,0.06282151815625628,0.1343756985493143,0.003946543143456833
315,0,2,315,0.0628215181562564,0.13863605866890083,0.003946543143456853
316,0,2,316,0.0,0.0,0.0
317,0,0,317,0.06282151815625663,0.1415030545686009,0.003946543143456878
318,0,2,318,0.0,0.0,0.0
319,0,1,319,0.06282151815625624,0.08250151128457128,0.003946543143456836
320,0,1,320,0.06282151815625656,0.019946817198036315,0.003946543143456868
321,0,2,321,0.06282151815625668,0.2814138853507502,0.003946543143456889
322,0,2,322,0.06282151815625622,0.024927591085666112,0.003946543143456831
323,0,2,323,0.06282151815625668,0.15728069926279886,0.003946543143456888
324,0,2,324,2.0000000000000004,10.039786596088655,0.003946543143456858
325,0,1,325,0.06282151815625608,0.04174646993779785,0.003946543143456814
326,0,1,326,0.0,0.0,0.0
327,0,0,327,0.0,0.0,0.0
328,0,2,328,0.06282151815625642,0.1908395226778712,0.003946543143456856
329,0,0,329,0.0,0.0,0.0
330,0,0,330,0.06282151815625651,0.003502085902773254,0.0039465431434568665
331,0,1,331,0.06282151815625665,0.04992137125579532,0.003946543143456885
332,0,0,332,0.06282151815625656,0.07618657821522934,0.00394654314345687
333,0,2,333,0.06282151815625618,0.20432480682196807,0.003946543143456825
334,0,2,334,0.0,0.0,0.0
335,0,0,335,0.06282151815625675,0.060174305234741265,0.00394654314345689
336,0,1,336,0.06282151815625643,0.0597112789258506,0.00394654314345686
337,0,0,337,0.06282151815625626,0.05521569552662131,0.0039465431434568335
338,0,1,338,0.06282151815625665,0.07176307756539213,0.003946543143456882
339,0,1,339,0.06282151815625682,0.022408639617584075,0.003946543143456905
340,0,2,340,0.06282151815625668,0.3395705546233128,0.003946543143456895
341,0,1,341,0.06282151815625626,0.24770247640267162,0.003946543143456834
342,0,0,342,0.06282151815625658,0.0799004400332608,0.003946543143456877
343,0,2,343,0.06282151815625624,0.20042360480267707,0.003946543143456831
344,0,2,344,0.06282151815625625,0.018711448398975428,0.0039465431434568335
345,0,0,345,0.06282151815625671,0.15936037741436337,0.003946543143456892
346,0,2,346,0.06282151815625625,0.14242743974617023,0.003946543143456832
347,0,2,347,0.0,0.0,0.0
348,0,2,348,0.06282151815625653,0.20789715217824933,0.003946543143456865
349,0,0,349,0.06282151815625639,0.06881772534165709,0.003946543143456847
350,0,0,350,0.06282151815625651,0.17422329849956952,0.003946543143456864
351,0,2,351,0.06282151815625629,0.18431694029630474,0.0039465431434568396
352,0,0,352,0.0,0.0,0.0
353,0,0,353,0.0,0.0,0.0
354,0,1,354,0.06282151815625632,0.07892191755997935,0.003946543143456843
355,0,0,355,0.0628215181562567,0.12385701564810662,0.00394654314345689
356,0,2,356,0.0,0.0,0.0
357,0,0,357,0.06282151815625622,0.16168238006740854,0.003946543143456833
358,0,2,358,0.06282151815625651,0.006860562017827476,0.0039465431434568665
359,0,2,359,0.06282151815625667,0.4227032340987751,0.003946543143456886
360,0,1,360,0.06282151815625647,0.001906310233892268,0.00394654314345686
361,0,2,361,0.06282151815625643,0.010025594650833192,0.003946543143456862
362,0,1,362,0.06282151815625678,0.3231765889850875,0.003946543143456901
363,0,0,363,0.06282151815625654,0.1571577267838169,0.003946543143456874
364,0,1,364,0.0628215181562565,0.2041685043316157,0.003946543143456862
365,0,1,365,0.06282151815625642,0.10722465382621227,0.003946543143456854
366,0,2,366,0.06282151815625661,0.004385330666391463,0.00394654314345688
367,0,1,367,0.0,0.0,0.0
368,0,2,368,0.06282151815625621,0.009378871107725506,0.003946543143456828
369,0,1,369,0.06282151815625624,0.045058052458065934,0.003946543143456829
370,0,0,370,0.06282151815625651,0.019800782966518937,0.003946543143456865
371,0,1,371,0.06282151815625649,0.11406077135884285,0.003946543143456861
372,0,0,372,0.06282151815625636,0.1057191754015781,0.0039465431434568465
373,0,0,373,0.06282151815625639,0.09177826897307151,0.003946543143456851
374,0,1,374,0.06282151815625646,0.2365007641500951,0.0039465431434568595
375,0,1,375,0.0,0.0,0.0
376,0,2,376,0.06282151815625667,0.0431268210254907,0.0039465431434568855
377,0,1,377,0.0,0.0,0.0
378,0,1,378,0.0,0.0,0.0
379,0,0,379,0.06282151815625615,0.05256666366333018,0.003946543143456824
380,0,2,380,0.0,0.0,0.0
381,0,1,381,0.06282151815625656,0.09541170724851344,0.00394654314345686
382,0,0,382,0.06282151815625642,0.07382103844285601,0.003946543143456861
383,0,2,383,0.06282151815625675,0.1454524766023617,0.003946543143456894
384,0,1,384,0.06282151815625647,0.15645168812822652,0.003946543143456863
385,0,0,385,0.06282151815625625,0.07437245006827786,0.0039465431434568266
386,0,2,386,0.06282151815625625,0.07931937142519097,0.003946543143456834
387,0,0,387,0.0,0.0,0.0
388,0,0,388,0.06282151815625665,0.023675617597430476,0.003946543143456884
389,0,1,389,0.06282151815625638,0.11298740843615462,0.0039465431434568534
390,0,0,390,0.06282151815625667,0.030513893986204188,0.0039465431434568855
391,0,1,391,0.06282151815625642,0.0875824079827141,0.003946543143456851
392,0,0,392,0.06282151815625651,0.06233562731248431,0.0039465431434568665
393,0,1,393,0.0,0.0,0.0
394,0,1,394,0.06282151815625621,0.09050003701532638,0.00394654314345683
395,0,2,395,0.06282151815625664,0.23678800618136586,0.003946543143456883
396,0,1,396,0.06282151815625665,0.05798410983906846,0.003946543143456884
397,0,1,397,0.06282151815625647,0.2425883760033396,0.003946543143456861
398,0,2,398,0.0628215181562563,0.08732994955785767,0.003946543143456838
399,0,0,399,0.06282151815625675,0.09673868502376792,0.003946543143456896
400,0,1,400,0.0,0.0,0.0
401,0,2,401,0.0,0.0,0.0
402,0,1,402,0.06282151815625646,0.06382336836568148,0.003946543143456861
403,0,2,403,0.06282151815625668,0.11501038808304975,0.003946543143456887
404,0,0,404,0.06282151815625668,0.39534997264001914,0.003946543143456888
405,0,1,405,0.06282151815625663,0.13778696937161872,0.003946543143456882
406,0,1,406,0.06282151815625667,0.24332832863915418,0.003946543143456888
407,0,0,407,0.06282151815625639,0.013499909876616867,0.003946543143456848
408,0,1,408,0.06282151815625656,0.14399289264969362,0.003946543143456872
409,0,2,409,0.06282151815625628,0.01237540261749448,0.003946543143456835
410,0,2,410,0.06282151815625646,0.010912623112109887,0.003946543143456859
411,0,2,411,0.0,0.0,0.0
412,0,2,412,0.06282151815625656,0.11207617886422039,0.003946543143456871
413,0,1,413,0.0,0.0,0.0
414,0,1,414,0.06282151815625658,0.09415642622396833,0.003946543143456871
415,0,2,415,0.06282151815625639,0.1751723245976624,0.003946543143456851
416,0,1,416,0.06282151815625663,0.14880214927179153,0.003946543143456878
417,0,1,417,0.06282151815625636,0.22930961756728996,0.0039465431434568465
418,0,0,418,0.06282151815625657,0.10122504161436363,0.0039465431434568725
419,0,0,419,0.06282151815625656,0.23197472384055384,0.003946543143456875
420,0,1,420,0.0628215181562567,0.0741234300172593,0.003946543143456894
421,0,0,421,0.06282151815625668,0.020111314381627388,0.003946543143456886
422,0,2,422,0.06282151815625639,0.16898526902253863,0.00394654314345685
423,0,2,423,0.0628215181562565,0.22582914548804955,0.003946543143456865
424,0,0,424,0.06282151815625649,0.0007288431066073261,0.003946543143456862
425,0,0,425,0.06282151815625643,0.12093843808921023,0.003946543143456854
426,0,0,426,0.0,0.0,0.0
427,0,1,427,0.0628215181562563,0.14830979077615503,0.00394654314345684
428,0,1,428,0.06282151815625657,0.05897977922742004,0.0039465431434568725
429,0,1,429,0.06282151815625629,0.0033782188129959922,0.003946543143456838
430,0,2,430,0.06282151815625639,0.07127701274118725,0.003946543143456851
431,0,0,431,0.06282151815625678,0.1324016813342418,0.003946543143456897
432,0,0,432,0.0,0.0,0.0
433,0,0,433,0.06282151815625645,0.08768194032083487,0.003946543143456859
434,0,0,434,0.06282151815625668,0.18089245619833205,0.003946543143456887
435,0,0,435,0.0628215181562564,0.00202958665039793,0.003946543143456853
436,0,0,436,0.0628215181562566,0.18609031172142476,0.003946543143456875
437,0,0,437,0.0628215181562568,0.10522250732954586,0.003946543143456903
438,0,1,438,0.06282151815625668,0.03441923824145077,0.0039465431434568855
439,0,1,439,0.06282151815625647,0.18434630246358485,0.0039465431434568595
440,0,1,440,0.06282151815625653,0.23104856524637718,0.003946543143456867
441,0,1,441,0.0628215181562567,0.17090003087162087,0.003946543143456891
442,0,2,442,0.06282151815625672,0.16394563598048362,0.003946543143456892
443,0,2,443,0.06282151815625682,0.02234813490080423,0.003946543143456906
444,0,0,444,0.06282151815625678,0.008718766643930259,0.003946543143456898
445,0,0,445,0.06282151815625665,0.24992245237475239,0.003946543143456883
446,0,2,446,0.06282151815625664,0.054592289907700486,0.003946543143456884
447,0,1,447,0.06282151815625635,0.247353117468887,0.0039465431434568465
448,0,2,448,0.06282151815625674,0.2751718338305851,0.003946543143456895
449,0,0,449,0.06282151815625658,0.10753310807789729,0.003946543143456875
450,0,2,450,0.06282151815625661,0.02462147874297882,0.003946543143456878
451,0,2,451,0.06282151815625678,0.04427632344029672,0.003946543143456897
452,0,1,452,0.06282151815625658,0.06133964155469418,0.003946543143456876
453,0,1,453,0.06282151815625667,0.11143208796187615,0.003946543143456877
454,0,2,454,0.0,0.0,0.0
455,0,1,455,0.06282151815625639,0.02772276802947407,0.003946543143456848
456,0,2,456,0.06282151815625653,0.030094743128635054,0.003946543143456867
457,0,0,457,0.06282151815625663,0.20305538453630945,0.0039465431434568795
458,0,0,458,0.0628215181562564,0.10399767298493268,0.0039465431434568534
459,0,1,459,0.06282151815625639,0.20547005113666206,0.003946543143456852
460,0,0,460,0.06282151815625651,0.06541247909556347,0.003946543143456866
461,0,0,461,0.06282151815625638,0.017639025196759528,0.003946543143456848
462,0,0,462,0.06282151815625668,0.05938138728356712,0.003946543143456887
463,0,1,463,0.06282151815625618,0.2013528270945537,0.003946543143456825
464,0,1,464,0.06282151815625664,0.09729930757672361,0.003946543143456882
465,0,1,465,0.0,0.0,0.0
466,0,0,466,0.0628215181562566,0.18191513906399914,0.003946543143456878
467,0,1,467,0.06282151815625663,0.1822444398283014,0.003946543143456882
468,0,0,468,0.0628215181562563,0.14215964438830575,0.0039465431434568396
469,0,1,469,0.06282151815625622,0.018267090321380408,0.003946543143456831
470,0,0,470,0.06282151815625657,0.06926419236621051,0.003946543143456865
471,0,1,471,0.06282151815625671,0.020127838291302602,0.003946543143456884
472,0,2,472,0.06282151815625671,0.1773543573953571,0.00394654314345689
473,0,2,473,0.0,0.0,0.0
474,0,1,474,0.0,0.0,0.0
475,0,1,475,0.06282151815625663,0.1439879676247453,0.003946543143456878
476,0,1,476,0.06282151815625622,0.008933098450180421,0.00394654314345683
477,0,2,477,0.06282151815625682,0.022115874516256184,0.003946543143456905
478,0,0,478,0.06282151815625657,0.019448158391220383,0.003946543143456873
479,0,0,479,0.06282151815625646,0.10957446609163712,0.003946543143456851
480,0,2,480,0.0,0.0,0.0
481,0,1,481,0.06282151815625661,0.11667129439016088,0.003946543143456879
482,0,2,482,0.06282151815625675,0.003292233630277209,0.003946543143456896
483,0,1,483,0.0,0.0,0.0
484,0,1,484,0.0628215181562567,0.20926972421465867,0.003946543143456888
485,0,1,485,0.06282151815625639,0.20973357670190085,0.003946543143456851
486,0,1,486,0.0628215181562566,0.18909310545891245,0.003946543143456877
487,0,0,487,0.06282151815625621,0.2273832417048105,0.003946543143456822
488,0,2,488,0.06282151815625624,0.10740507769554952,0.003946543143456831
489,0,2,489,0.0,0.0,0.0
490,0,1,490,0.0,0.0,0.0
491,0,2,491,0.0,0.0,0.0
492,0,1,492,0.06282151815625646,0.09514947223380354,0.003946543143456858
493,0,1,493,0.0,0.0,0.0
494,0,2,494,0.0,0.0,0.0
495,0,1,495,0.06282151815625663,0.01686461492856517,0.00394654314345688
496,0,1,496,0.0,0.0,0.0
497,0,2,497,0.06282151815625674,0.12785701225076068,0.003946543143456896
498,0,0,498,0.06282151815625642,0.10538548744598092,0.003946543143456853
499,0,1,499,0.06282151815625643,0.04864594719442816,0.003946543143456858
500,0,0,500,0.0,0.0,0.0
501,0,1,501,0.06282151815625642,0.15116680920739967,0.003946543143456853
502,0,1,502,0.0628215181562564,0.025100779183358624,0.003946543143456852
503,0,2,503,0.06282151815625626,0.004461141424418703,0.003946543143456836
504,0,0,504,0.0,0.0,0.0
505,0,1,505,0.06282151815625664,0.07375376597331013,0.003946543143456877
506,0,2,506,0.06282151815625672,0.32801119955952074,0.003946543143456891
507,0,1,507,0.06282151815625626,0.07817501026018991,0.003946543143456837
508,0,1,508,0.06282151815625661,0.0026692208946956786,0.003946543143456877
509,0,2,509,0.06282151815625661,0.025830198425408568,0.003946543143456879
510,0,2,510,0.06282151815625639,0.05922195412003983,0.003946543143456848
511,0,1,511,0.06282151815625678,0.12948954367975785,0.003946543143456901
512,0,1,512,0.06282151815625674,0.1902763720729821,0.0039465431434568925
513,0,1,513,0.0,0.0,0.0
514,0,1,514,0.06282151815625624,0.0008181901925667368,0.0039465431434568335
515,0,1,515,0.06282151815625633,0.06096989546231257,0.003946543143456846
516,0,2,516,0.06282151815625665,0.2413928699443293,0.003946543143456884
517,0,0,517,0.0628215181562562,0.0024377508175913998,0.0039465431434568266
518,0,1,518,0.0628215181562564,0.07655000403367618,0.0039465431434568534
519,0,2,519,0.06282151815625654,0.05302830449225748,0.003946543143456872
520,0,0,520,0.06282151815625635,0.09239004631087289,0.003946543143456845
521,0,1,521,0.06282151815625632,0.035614357562142374,0.003946543143456842
522,0,2,522,0.06282151815625671,0.024396602323237697,0.003946543143456887
523,0,1,523,0.0,0.0,0.0
524,0,2,524,0.0,0.0,0.0
525,0,0,525,0.06282151815625622,0.164096496972145,0.003946543143456834
526,0,1,526,0.0628215181562567,0.08623080610245099,0.003946543143456885
527,0,1,527,0.0628215181562567,0.05748807310639048,0.003946543143456885
528,0,0,528,0.06282151815625664,0.007159731438654948,0.003946543143456877
529,0,1,529,0.0628215181562566,0.047699048956864026,0.003946543143456869
530,0,1,530,0.06282151815625656,0.17922938537962096,0.003946543143456872
531,0,1,531,0.0,0.0,0.0
532,0,2,532,0.0,0.0,0.0
533,0,2,533,0.06282151815625672,0.40865807968294066,0.003946543143456896
534,0,0,534,0.0628215181562563,0.023967015872838004,0.003946543143456839
535,0,0,535,0.06282151815625629,0.0014937799532437346,0.003946543143456838
536,0,0,536,0.06282151815625672,0.045707066707529,0.003946543143456895
537,0,0,537,0.06282151815625626,0.326802815598894,0.003946543143456835
538,0,2,538,0.06282151815625651,0.11704240567202273,0.0039465431434568665
539,0,2,539,0.06282151815625647,0.06448430297223257,0.00394654314345686
540,0,0,540,0.06282151815625671,0.23545433795164694,0.003946543143456892
541,0,0,541,0.0628215181562566,0.05890976161245165,0.003946543143456878
542,0,0,542,0.06282151815625645,0.07494580745507928,0.003946543143456854
543,0,1,543,0.06282151815625682,0.23725224607462292,0.003946543143456903
544,0,0,544,0.06282151815625649,0.11266134263503935,0.003946543143456862
545,0,1,545,0.06282151815625661,0.19869332526766598,0.003946543143456879
546,0,1,546,0.06282151815625649,0.18513181970852965,0.003946543143456863
547,0,1,547,0.06282151815625646,0.17530029376430956,0.003946543143456861
548,0,0,548,0.0,0.0,0.0
549,0,2,549,0.06282151815625656,0.19017229104210864,0.003946543143456864
550,0,1,550,0.0628215181562564,0.0007350361706963682,0.003946543143456851
551,0,1,551,0.0,0.0,0.0
552,0,0,552,0.06282151815625649,0.13321790997842642,0.003946543143456861
553,0,0,553,0.06282151815625622,0.06930023378241357,0.003946543143456831
554,0,1,554,0.06282151815625665,0.12669424835138576,0.003946543143456883
555,0,2,555,0.06282151815625671,0.2678460404422842,0.003946543143456892
556,0,0,556,0.06282151815625654,0.11721981593180453,0.003946543143456871
557,0,0,557,0.06282151815625649,0.20959626132545361,0.00394654314345686
558,0,0,558,0.0,0.0,0.0
559,0,2,559,0.0,0.0,0.0
560,0,1,560,0.06282151815625639,0.05924635242660514,0.003946543143456851
561,0,2,561,0.06282151815625672,0.19414687093519056,0.003946543143456893
562,0,2,562,0.06282151815625668,0.10584442600172772,0.003946543143456888
563,0,1,563,0.06282151815625622,0.03164432052623489,0.003946543143456832
564,0,1,564,0.06282151815625621,0.051949456684914574,0.003946543143456827
565,0,1,565,0.0628215181562567,0.026714969808907668,0.00394654314345689
566,0,1,566,0.0,0.0,0.0
567,0,2,567,0.0628215181562562,0.0838688319764499,0.003946543143456826
568,0,2,568,0.06282151815625661,0.0013636480176031363,0.003946543143456878
569,0,2,569,0.06282151815625645,0.240733666349493,0.00394654314345686
570,0,2,570,0.06282151815625636,0.1406729853947999,0.0039465431434568465
571,0,0,571,0.0,0.0,0.0
572,0,2,572,0.0,0.0,0.0
573,0,2,573,0.06282151815625626,0.08891037258628476,0.003946543143456835
574,0,1,574,0.06282151815625626,0.12382341888624082,0.003946543143456835
575,0,1,575,0.06282151815625649,0.19872083036137633,0.003946543143456865
576,0,1,576,0.06282151815625639,0.14352992146525345,0.003946543143456847
577,0,0,577,0.06282151815625651,0.15355124221563998,0.003946543143456867
578,0,0,578,0.06282151815625643,0.006247715340452209,0.003946543143456855
579,0,2,579,0.0628215181562567,0.06807048800051085,0.003946543143456892
580,0,2,580,0.06282151815625674,0.07219042885019158,0.003946543143456899
581,0,1,581,0.06282151815625624,0.036357918991160254,0.00394654314345683
582,0,0,582,0.06282151815625618,0.18366117604959697,0.003946543143456826
583,0,2,583,0.06282151815625668,0.11454437493313874,0.003946543143456886
584,0,1,584,0.06282151815625625,0.005604076614917686,0.0039465431434568335
585,0,1,585,0.06282151815625636,0.14322845522518812,0.003946543143456848
586,0,0,586,0.06282151815625664,0.1323592725205187,0.003946543143456882
587,0,1,587,0.06282151815625629,0.0939141608631422,0.003946543143456839
588,0,2,588,0.06282151815625658,0.09780935949414671,0.0039465431434568725
589,0,1,589,0.06282151815625643,0.23729731123697473,0.003946543143456858
590,0,1,590,0.06282151815625656,0.12271935806953749,0.003946543143456869
591,0,0,591,0.0,0.0,0.0
592,0,1,592,0.0,0.0,0.0
593,0,0,593,0.06282151815625672,0.009176311601997795,0.003946543143456893
594,0,2,594,0.06282151815625654,0.1764488312731447,0.003946543143456869
595,0,1,595,0.0,0.0,0.0
596,0,2,596,0.0,0.0,0.0
597,0,2,597,0.0,0.0,0.0
598,0,0,598,0.06282151815625668,0.011634114613169363,0.003946543143456887
599,0,0,599,0.06282151815625657,0.22461307049296098,0.00394654314345687
600,0,1,600,0.0,0.0,0.0
601,0,0,601,0.0,0.0,0.0
602,0,0,602,0.0,0.0,0.0
603,0,1,603,0.06282151815625647,0.041868551058074965,0.003946543143456864
604,0,1,604,0.06282151815625658,0.012771587738784673,0.003946543143456873
605,0,1,605,0.0628215181562566,0.08755969190032609,0.003946543143456876
606,0,2,606,0.06282151815625633,0.1437125565154016,0.003946543143456844
607,0,2,607,0.06282151815625642,0.25023989670912794,0.0039465431434568534
608,0,0,608,0.06282151815625663,0.06296912049370107,0.00394654314345688
609,0,1,609,0.06282151815625645,0.21958362506361762,0.003946543143456859
610,0,0,610,0.06282151815625626,0.14638646928804455,0.003946543143456836
611,0,1,611,0.0,0.0,0.0
612,0,2,612,0.0628215181562567,0.24728753753090538,0.003946543143456891
613,0,2,613,0.06282151815625646,0.0041893214055841455,0.00394654314345686
614,0,1,614,0.06282151815625671,0.15753495126829603,0.003946543143456893
615,0,0,615,0.06282151815625632,0.1697582153477626,0.003946543143456846
616,0,1,616,0.06282151815625657,0.06928610006653957,0.003946543143456868
617,0,0,617,0.06282151815625646,0.2360011016421355,0.00394654314345686
618,0,1,618,0.0,0.0,0.0
619,0,1,619,0.06282151815625636,0.2257603216349311,0.003946543143456846
620,0,1,620,0.06282151815625645,0.2191616278852394,0.003946543143456859
621,0,1,621,0.06282151815625654,0.22046599254874755,0.003946543143456872
622,0,2,622,0.06282151815625628,0.008895512987878856,0.003946543143456835
623,0,0,623,0.0628215181562564,0.015541765319975531,0.003946543143456853
624,0,0,624,0.06282151815625639,0.027055712511899976,0.003946543143456851
625,0,0,625,0.06282151815625668,0.3607194468161371,0.003946543143456886
626,0,0,626,0.06282151815625668,0.2414257343570707,0.003946543143456887
627,0,0,627,0.06282151815625638,0.1897556239772138,0.003946543143456849
628,0,1,628,0.06282151815625649,0.0948168467579753,0.003946543143456865
629,0,2,629,0.0628215181562567,0.10010249584610686,0.00394654314345689
630,0,1,630,0.06282151815625671,0.0065778697258092045,0.00394654314345689
631,0,1,631,0.06282151815625668,0.16531119250279325,0.003946543143456886
632,0,1,632,0.06282151815625657,0.07675363368649624,0.003946543143456871
633,0,1,633,0.06282151815625668,0.025923515479282067,0.003946543143456889
634,0,1,634,0.06282151815625656,0.023100905353726775,0.00394654314345687
635,0,1,635,0.06282151815625672,0.1050836306614078,0.003946543143456895
636,0,0,636,0.06282151815625628,0.043631865674888415,0.0039465431434568396
637,0,0,637,0.0628215181562566,0.14907980158648532,0.003946543143456878
638,0,1,638,0.06282151815625667,0.22326072334436353,0.003946543143456888
639,0,2,639,0.06282151815625676,0.2049112310020038,0.003946543143456896
640,0,2,640,0.06282151815625639,0.22949240767893997,0.003946543143456852
641,0,2,641,0.06282151815625665,0.030803569633090666,0.003946543143456884
642,0,2,642,0.06282151815625664,0.01006494012001933,0.003946543143456883
643,0,2,643,0.06282151815625668,0.2421530083169936,0.003946543143456886
644,0,1,644,0.06282151815625674,0.020342014408652527,0.003946543143456895
645,0,1,645,0.06282151815625624,0.0585677910944824,0.003946543143456833
646,0,0,646,0.06282151815625668,0.006458849385010852,0.003946543143456888
647,0,0,647,0.06282151815625646,0.1199765187595292,0.003946543143456861
648,0,1,648,0.0628215181562566,0.02082999654903439,0.003946543143456875
649,0,1,649,0.06282151815625622,0.09671793003800122,0.003946543143456829
650,0,2,650,0.06282151815625658,0.15114485339196948,0.003946543143456875
651,0,1,651,0.06282151815625661,0.08313890129375234,0.003946543143456879
652,0,0,652,0.06282151815625647,0.20544922837478102,0.003946543143456862
653,0,1,653,0.06282151815625638,0.12128753230373701,0.003946543143456849
654,0,1,654,0.06282151815625649,0.028590256676339187,0.003946543143456858
655,0,1,655,0.0,0.0,0.0
656,0,1,656,0.06282151815625645,0.18660607018435993,0.0039465431434568595
657,0,2,657,0.0628215181562563,0.045809713483190295,0.003946543143456835
658,0,2,658,0.06282151815625645,0.13156206132421713,0.003946543143456857
659,0,1,659,0.06282151815625646,0.17373007879123414,0.0039465431434568595
660,0,2,660,0.0,0.0,0.0
661,0,0,661,0.06282151815625654,0.03904180515410394,0.003946543143456868
662,0,0,662,0.06282151815625671,0.31061514661745826,0.003946543143456892
663,0,0,663,0.06282151815625621,0.048385703394125734,0.00394654314345683
664,0,2,664,0.06282151815625618,0.009050131101137199,0.003946543143456826
665,0,1,665,0.06282151815625682,0.23993440856619852,0.003946543143456903
666,0,0,666,0.06282151815625626,0.14224487173843992,0.0039465431434568335
667,0,0,667,0.06282151815625665,0.20527432817473334,0.003946543143456885
668,0,1,668,0.06282151815625665,0.10675096094893982,0.003946543143456883
669,0,1,669,0.06282151815625656,0.1639022355496591,0.003946543143456871
670,0,1,670,0.06282151815625664,0.021789594026189518,0.003946543143456879
671,0,2,671,2.0000000000000004,2.5323880984079907,0.003946543143456847
672,0,0,672,0.0,0.0,0.0
673,0,2,673,0.06282151815625621,0.22044355257627135,0.003946543143456828
674,0,1,674,0.06282151815625625,0.03477866992619649,0.003946543143456833
675,0,2,675,0.0,0.0,0.0
676,0,0,676,0.06282151815625643,0.019478893162408806,0.003946543143456859
677,0,0,677,0.0,0.0,0.0
678,0,0,678,0.06282151815625615,0.12532879020232013,0.003946543143456823
679,0,2,679,0.0628215181562563,0.0821708526431304,0.003946543143456838
680,0,0,680,0.06282151815625672,0.03163919554891764,0.003946543143456893
681,0,0,681,0.06282151815625675,0.06598500075518277,0.003946543143456895
682,0,0,682,0.06282151815625672,0.03806114925835463,0.00394654314345689
683,0,0,683,0.06282151815625668,0.19597820220502699,0.003946543143456884
684,0,2,684,0.0,0.0,0.0
685,0,2,685,0.06282151815625664,0.042186527344169555,0.003946543143456885
686,0,1,686,0.0628215181562562,0.003100018154717027,0.003946543143456828
687,0,1,687,0.0,0.0,0.0
688,0,1,688,0.06282151815625671,0.0008976434500056269,0.003946543143456892
689,0,1,689,0.06282151815625625,0.021372986766290014,0.003946543143456832
690,0,1,690,0.06282151815625663,0.11824247566299384,0.00394654314345688
691,0,0,691,0.06282151815625646,0.15189596364348312,0.00394654314345686
692,0,0,692,0.0,0.0,0.0
693,0,1,693,0.0628215181562567,0.031007824141710216,0.003946543143456887
694,0,1,694,0.0628215181562565,0.04003854329262335,0.003946543143456864
695,0,0,695,0.06282151815625661,0.050738117812599626,0.00394654314345688
696,0,0,696,0.0,0.0,0.0
697,0,2,697,0.06282151815625672,0.035632557870312276,0.003946543143456892
698,0,2,698,0.06282151815625663,0.026628369637734295,0.003946543143456883
699,0,2,699,0.06282151815625668,0.10613239770609884,0.003946543143456885
700,0,0,700,0.0,0.0,0.0
701,0,0,701,0.06282151815625626,0.13717969337842373,0.003946543143456835
702,0,1,702,0.06282151815625668,0.008377450503647133,0.003946543143456886
703,0,0,703,0.0,0.0,0.0
704,0,2,704,0.06282151815625663,0.24185608935457914,0.00394654314345688
705,0,1,705,0.0,0.0,0.0
706,0,2,706,0.06282151815625632,0.09472872445717329,0.00394654314345684
707,0,0,707,0.06282151815625645,0.23807950485049734,0.003946543143456857
708,0,0,708,0.06282151815625646,0.019912073176381107,0.003946543143456859
709,0,0,709,0.06282151815625656,0.0248899520614399,0.00394654314345687
710,0,0,710,0.06282151815625632,0.2801239233750632,0.003946543143456841
711,0,2,711,0.06282151815625668,0.08204935092626867,0.003946543143456889
712,0,0,712,0.06282151815625668,0.18180152546051187,0.003946543143456889
713,0,0,713,0.06282151815625674,0.18350781562311602,0.003946543143456894
714,0,1,714,0.06282151815625622,0.12742955528457234,0.00394654314345683
715,0,2,715,0.06282151815625663,0.01445260246176433,0.0039465431434568795
716,0,2,716,0.0,0.0,0.0
717,0,0,717,0.0628215181562564,0.21801721768188953,0.003946543143456852
718,0,0,718,2.0000000000000004,0.013177889462632016,0.003946543143456876
719,0,1,719,0.06282151815625661,0.03651131149459008,0.003946543143456878
720,0,2,720,0.06282151815625667,0.17219351563223473,0.003946543143456885
721,0,2,721,0.06282151815625639,0.0650764653829663,0.003946543143456851
722,0,1,722,0.06282151815625636,0.02465363231671791,0.0039465431434568465
723,0,2,723,0.06282151815625671,0.32953708141924154,0.003946543143456895
724,0,1,724,0.0,0.0,0.0
725,0,1,725,0.06282151815625635,0.0043017980416495405,0.003946543143456832
726,0,0,726,0.06282151815625625,0.10176934385844305,0.0039465431434568335
727,0,1,727,0.06282151815625653,0.09879809604891587,0.003946543143456862
728,0,0,728,0.06282151815625646,0.007116954841652312,0.003946543143456866
729,0,2,729,0.0,0.0,0.0
730,0,0,730,0.0,0.0,0.0
731,0,1,731,1.9990131207314634,15.183356042325556,0.003946543143456924
732,0,0,732,0.06282151815625675,0.12126930852302409,0.003946543143456895
733,0,0,733,0.0,0.0,0.0
734,0,2,734,0.06282151815625625,0.012813423260194412,0.0039465431434568335
735,0,2,735,0.06282151815625629,0.20993391109522164,0.003946543143456837
736,0,2,736,0.0,0.0,0.0
737,0,0,737,0.0,0.0,0.0
738,0,0,738,0.06282151815625643,0.19059249852349325,0.003946543143456859
739,0,1,739,0.0,0.0,0.0
740,0,2,740,0.06282151815625642,0.131205989509656,0.0039465431434568534
741,0,2,741,0.06282151815625642,0.0012150235925552089,0.003946543143456856
742,0,2,742,0.0,0.0,0.0
743,0,2,743,0.06282151815625633,0.09216239577346386,0.0039465431434568465
744,0,0,744,0.06282151815625674,0.06423224813044359,0.003946543143456894
745,0,2,745,0.06282151815625667,0.061037828381540954,0.00394654314345689
746,0,2,746,0.06282151815625658,0.02431481101114885,0.003946543143456875
747,0,2,747,0.0,0.0,0.0
748,0,0,748,0.06282151815625667,0.1600009163649142,0.003946543143456882
749,0,0,749,0.06282151815625646,0.15750456856557093,0.0039465431434568595
750,0,1,750,0.06282151815625639,0.13713628309264259,0.003946543143456855
751,0,0,751,0.06282151815625621,0.045003717892813544,0.003946543143456827
752,0,0,752,0.06282151815625646,0.181479859738504,0.003946543143456868
753,0,1,753,0.06282151815625647,0.2096817227883565,0.003946543143456861
754,0,2,754,0.06282151815625665,0.13805115330656015,0.003946543143456882
755,0,2,755,0.06282151815625645,0.09932686054392836,0.0039465431434568595
756,0,0,756,0.06282151815625643,0.006995760432324971,0.0039465431434568534
757,0,1,757,0.06282151815625642,0.22382676496696918,0.003946543143456854
758,0,2,758,0.0628215181562565,0.1179449015420504,0.003946543143456866
759,0,0,759,0.06282151815625664,0.01807731348544006,0.0039465431434568795
760,0,2,760,0.06282151815625661,0.02522622280770792,0.0039465431434568795
761,0,2,761,0.0,0.0,0.0
762,0,1,762,0.06282151815625626,0.0013285911431993869,0.003946543143456832
763,0,0,763,0.06282151815625647,0.022292064039847355,0.003946543143456863
764,0,0,764,0.0,0.0,0.0
765,0,0,765,0.0,0.0,0.0
766,0,0,766,0.0628215181562565,0.21832636358211355,0.003946543143456863
767,0,1,767,0.06282151815625635,0.051358544191976385,0.003946543143456843
768,0,0,768,0.06282151815625653,0.009081487206891392,0.003946543143456867
769,0,1,769,0.06282151815625665,0.00017081058750933326,0.003946543143456885
770,0,0,770,0.0,0.0,0.0
771,0,2,771,0.0,0.0,0.0
772,0,1,772,0.06282151815625647,0.11057803347076867,0.003946543143456861
773,0,2,773,0.06282151815625626,0.09778969897589773,0.003946543143456833
774,0,1,774,0.06282151815625678,0.1466724503298198,0.003946543143456898
775,0,2,775,0.06282151815625654,0.040998930897174324,0.00394654314345687
776,0,0,776,0.06282151815625647,0.19685403863241935,0.0039465431434568595
777,0,0,777,0.06282151815625649,0.04716704997139092,0.003946543143456862
778,0,2,778,0.06282151815625651,0.08704237433235784,0.003946543143456865
779,0,2,779,0.06282151815625663,0.139087275408959,0.003946543143456881
780,0,0,780,0.06282151815625672,0.1322150774216675,0.003946543143456895
781,0,1,781,0.06282151815625625,0.04443019799242043,0.003946543143456836
782,0,2,782,0.06282151815625618,0.048722636880538905,0.003946543143456822
783,0,0,783,0.06282151815625671,0.1509544499091901,0.003946543143456889
784,0,1,784,0.0,0.0,0.0
785,0,0,785,0.06282151815625617,0.26251178344032056,0.003946543143456821
786,0,1,786,0.0628215181562567,0.22416841466274606,0.003946543143456889
787,0,1,787,0.06282151815625649,0.23590431524182404,0.0039465431434568595
788,0,2,788,0.06282151815625646,0.20786651325168837,0.0039465431434568595
789,0,2,789,0.06282151815625675,0.03714413016728317,0.003946543143456897
790,0,0,790,0.0,0.0,0.0
791,0,1,791,0.06282151815625638,0.14881040043352622,0.003946543143456846
792,0,2,792,0.06282151815625668,0.03510109498464653,0.0039465431434568855
793,0,0,793,0.0628215181562567,0.21867505951719202,0.003946543143456889
794,0,2,794,0.06282151815625663,0.012519015006696499,0.003946543143456879
795,0,0,795,0.0628215181562563,0.19832152548181758,0.003946543143456839
796,0,0,796,0.0628215181562562,0.007195206753659339,0.003946543143456826
797,0,2,797,0.06282151815625638,0.12522728232057556,0.00394654314345685
798,0,0,798,0.0,0.0,0.0
799,0,0,799,0.06282151815625632,0.20327311983392607,0.003946543143456842
800,0,2,800,0.0628215181562564,0.029934307870057353,0.003946543143456852
801,0,2,801,0.0628215181562567,0.1828965486771054,0.003946543143456889
802,0,0,802,0.06282151815625664,0.02293194167854662,0.003946543143456882
803,0,0,803,0.06282151815625663,0.39580412402717213,0.003946543143456881
804,0,0,804,0.06282151815625642,0.10509496914517824,0.003946543143456854
805,0,1,805,0.0,0.0,0.0
806,0,0,806,0.06282151815625646,0.17603048817131872,0.0039465431434568595
807,0,0,807,0.06282151815625624,0.060074498798816656,0.00394654314345683
808,0,1,808,0.06282151815625642,0.23359468693372376,0.003946543143456855
809,0,0,809,0.0628215181562567,0.050776564140463665,0.003946543143456888
810,0,0,810,0.06282151815625665,0.07258782044056034,0.003946543143456883
811,0,2,811,0.0628215181562567,0.0985347693952624,0.003946543143456888
812,0,0,812,0.06282151815625628,0.04744779873787275,0.003946543143456838
813,0,2,813,0.06282151815625643,0.24500993640192537,0.0039465431434568595
814,0,0,814,0.06282151815625661,0.005713917652970454,0.00394654314345688
815,0,2,815,0.06282151815625661,0.0827029959875265,0.003946543143456878
816,0,2,816,0.06282151815625672,0.1857489966168414,0.003946543143456895
817,0,2,817,0.06282151815625661,0.30195382333802545,0.003946543143456877
818,0,2,818,0.06282151815625632,0.1941118411369267,0.003946543143456842
819,0,1,819,0.06282151815625647,0.06729444529591078,0.0039465431434568595
820,0,1,820,1.1443916996305594e-16,0.0,1.3096323621833204e-32
821,0,1,821,0.06282151815625675,0.05383453673479367,0.003946543143456891
822,0,0,822,0.0,0.0,0.0
823,0,1,823,0.0,0.0,0.0
824,0,2,824,0.06282151815625682,0.04246905487109119,0.003946543143456906
825,0,1,825,0.06282151815625625,0.006178018153924769,0.003946543143456836
826,0,1,826,0.06282151815625643,0.13330923485355184,0.003946543143456861
827,0,1,827,0.0628215181562565,0.015626170695908825,0.003946543143456865
828,0,1,828,0.06282151815625663,0.16984724808649898,0.003946543143456879
829,0,1,829,0.06282151815625653,0.11525035143353168,0.003946543143456869
830,0,1,830,0.0,0.0,0.0
831,0,0,831,0.06282151815625661,0.0024418928469170376,0.003946543143456878
832,0,2,832,0.0628215181562567,0.1827149448118235,0.003946543143456891
833,0,1,833,0.06282151815625668,0.08725243703029162,0.003946543143456888
834,0,1,834,0.06282151815625624,0.13117999832769112,0.003946543143456834
835,0,0,835,0.06282151815625635,0.1316824550632716,0.003946543143456851
836,0,2,836,0.06282151815625653,0.02388548824993179,0.003946543143456867
837,0,1,837,0.0,0.0,0.0
838,0,1,838,0.06282151815625643,0.12362441352466291,0.003946543143456856
839,0,0,839,0.06282151815625668,0.017208136363536797,0.003946543143456888
840,0,2,840,2.0,13.47148847168859,0.003946543143456866
841,0,2,841,0.06282151815625625,0.059794941372574684,0.0039465431434568335
842,0,1,842,0.06282151815625636,0.1462440505171081,0.003946543143456845
843,0,2,843,0.0628215181562567,0.011385671102533204,0.003946543143456886
844,0,1,844,0.06282151815625668,0.06184037957621724,0.00394654314345689
845,0,1,845,0.06282151815625626,0.002509351670303861,0.003946543143456832
846,0,0,846,0.06282151815625664,0.014821543665124837,0.003946543143456882
847,0,0,847,0.06282151815625633,0.00247934899564424,0.003946543143456844
848,0,2,848,0.0,0.0,0.0
849,0,2,849,0.0,0.0,0.0
850,0,0,850,0.06282151815625663,0.0715709392418179,0.0039465431434568795
851,0,2,851,0.0628215181562564,0.006170220384008829,0.003946543143456853
852,0,1,852,0.06282151815625679,0.11410905150216544,0.003946543143456893
853,0,1,853,0.06282151815625622,0.07932717568102277,0.003946543143456827
854,0,0,854,0.06282151815625618,0.08685101076306534,0.003946543143456825
855,0,1,855,0.0628215181562565,0.18361093794726502,0.003946543143456865
856,0,1,856,0.06282151815625646,0.10635585575298889,0.003946543143456858
857,0,1,857,0.06282151815625653,0.012198360640675254,0.003946543143456869
858,0,1,858,0.06282151815625679,0.23861851785495558,0.003946543143456902
859,0,0,859,0.0,0.0,0.0
860,0,1,860,0.06282151815625647,0.07902217486852736,0.003946543143456861
861,0,2,861,0.06282151815625624,0.07268812801789348,0.003946543143456833
862,0,0,862,0.06282151815625647,0.006938832675836996,0.003946543143456863
863,0,1,863,0.06282151815625674,0.2307534092893544,0.003946543143456894
864,0,2,864,0.0,0.0,0.0
865,0,1,865,0.06282151815625651,0.01870618233667254,0.003946543143456866
866,0,2,866,0.06282151815625646,0.0025048963662006526,0.003946543143456859
867,0,1,867,0.06282151815625664,0.02188966656159036,0.0039465431434568795
868,0,2,868,0.06282151815625671,0.24106469793714735,0.00394654314345689
869,0,1,869,0.06282151815625674,0.14623065674000996,0.0039465431434568925
870,0,1,870,0.06282151815625663,0.04117625420947846,0.003946543143456881
871,0,0,871,0.06282151815625639,0.00037837759298310625,0.003946543143456852
872,0,1,872,0.06282151815625663,0.00036329562417519723,0.003946543143456879
873,0,0,873,0.06282151815625653,0.036090234550568034,0.003946543143456868
874,0,2,874,0.06282151815625638,0.03153951860970716,0.003946543143456848
875,0,0,875,0.06282151815625671,0.12479351331324118,0.003946543143456891
876,0,0,876,0.06282151815625626,0.0007912292690446555,0.003946543143456833
877,0,0,877,0.0,0.0,0.0
878,0,2,878,0.0,0.0,0.0
879,0,0,879,0.06282151815625664,0.10461863365649715,0.003946543143456881
880,0,1,880,0.06282151815625636,0.0654042245219899,0.0039465431434568465
881,0,1,881,0.06282151815625663,0.18667934370325934,0.003946543143456878
882,0,2,882,0.06282151815625664,0.14885626681868214,0.003946543143456882
883,0,1,883,0.06282151815625656,0.07977256398808175,0.003946543143456871
884,0,2,884,0.0,0.0,0.0
885,0,1,885,0.06282151815625654,0.17707239993132184,0.003946543143456867
886,0,2,886,0.06282151815625651,0.0957391837241921,0.00394654314345686
887,0,2,887,0.06282151815625632,0.09342298114221315,0.003946543143456841
888,0,0,888,0.06282151815625633,0.06318732414450556,0.003946543143456844
889,0,1,889,0.06282151815625647,0.1049754230555704,0.003946543143456857
890,0,2,890,0.06282151815625667,0.22896759943759026,0.003946543143456885
891,0,2,891,0.0628215181562568,0.23899165022059865,0.003946543143456904
892,0,0,892,0.0628215181562566,0.24943854044470104,0.003946543143456879
893,0,0,893,0.06282151815625647,0.03450435322145212,0.003946543143456862
894,0,1,894,0.06282151815625664,0.11575912122110919,0.003946543143456882
895,0,1,895,0.06282151815625665,0.07777506719082772,0.003946543143456884
896,0,2,896,0.0,0.0,0.0
897,0,1,897,0.06282151815625664,0.13335762222752157,0.003946543143456881
898,0,0,898,0.0,0.0,0.0
899,0,1,899,0.0,0.0,0.0
900,0,2,900,0.06282151815625667,0.22891304915698418,0.003946543143456882
901,0,1,901,0.06282151815625671,0.028171160224370828,0.003946543143456889
902,0,2,902,0.06282151815625639,0.08786013403048909,0.003946543143456853
903,0,2,903,0.06282151815625632,0.12558436296655728,0.0039465431434568396
904,0,0,904,0.06282151815625642,0.007959071330149836,0.003946543143456855
905,0,1,905,0.06282151815625625,0.01607357220537331,0.003946543143456832
906,0,0,906,0.06282151815625674,0.37308081994178544,0.003946543143456894
907,0,2,907,0.06282151815625643,0.15203424344410443,0.003946543143456856
908,0,0,908,0.06282151815625643,0.21019065226049102,0.0039465431434568595
909,0,1,909,0.06282151815625679,0.023110472765312334,0.003946543143456901
910,0,0,910,0.0628215181562565,0.11538862225658997,0.003946543143456873
911,0,1,911,0.06282151815625633,0.14245338644903027,0.003946543143456846
912,0,0,912,0.0,0.0,0.0
913,0,1,913,0.0,0.0,0.0
914,0,2,914,0.06282151815625621,0.2072334742382771,0.0039465431434568266
915,0,1,915,0.06282151815625651,0.03743503149106642,0.003946543143456867
916,0,2,916,0.06282151815625665,0.18360303766727526,0.0039465431434568855
917,0,1,917,0.06282151815625658,0.08077778621033271,0.003946543143456875
918,0,1,918,0.06282151815625649,0.0013084297592486638,0.003946543143456863
919,0,1,919,0.06282151815625683,0.05093022853222873,0.003946543143456903
920,0,1,920,0.06282151815625639,0.22267398930532822,0.00394654314345685
921,0,0,921,0.06282151815625654,0.04852540191374288,0.003946543143456863
922,0,2,922,0.0,0.0,0.0
923,0,1,923,0.06282151815625622,0.1359960400813769,0.00394654314345683
924,0,2,924,0.06282151815625671,0.14695279789571458,0.003946543143456892
925,0,1,925,0.06282151815625658,0.04787773045453769,0.003946543143456876
926,0,2,926,0.0628215181562565,0.09935039081434294,0.003946543143456865
927,0,2,927,0.0,0.0,0.0
928,0,1,928,0.06282151815625629,0.2736667219370932,0.003946543143456836
929,0,0,929,0.06282151815625629,0.06718879787255272,0.003946543143456836
930,0,1,930,0.0,0.0,0.0
931,0,2,931,0.0,0.0,0.0
932,0,0,932,0.06282151815625678,0.0013466764598861758,0.003946543143456899
933,0,1,933,0.0,0.0,0.0
934,0,1,934,0.06282151815625622,0.20411072380473527,0.003946543143456831
935,0,0,935,0.06282151815625649,0.22143554300017976,0.003946543143456864
936,0,1,936,0.06282151815625611,0.19702213647646172,0.003946543143456814
937,0,2,937,0.06282151815625661,0.20731649278697217,0.003946543143456879
938,0,1,938,0.06282151815625638,0.1951215420731307,0.003946543143456847
939,0,0,939,0.06282151815625664,0.05880102563618232,0.003946543143456883
940,0,0,940,0.06282151815625658,0.04929980768120901,0.00394654314345688
941,0,0,941,0.0628215181562564,0.22160280838336677,0.003946543143456851
942,0,0,942,0.06282151815625658,0.17309100887272066,0.003946543143456875
943,0,1,943,0.0,0.0,0.0
944,0,1,944,0.06282151815625658,0.059627717407439995,0.003946543143456877
945,0,1,945,0.06282151815625658,0.027508614997772574,0.003946543143456876
946,0,1,946,0.06282151815625663,0.02427259525330827,0.003946543143456879
947,0,1,947,0.0628215181562567,0.0640636799468669,0.00394654314345689
948,0,1,948,0.06282151815625624,0.04115240679080778,0.003946543143456831
949,0,2,949,0.06282151815625661,0.05379005528441172,0.003946543143456867
950,0,1,950,0.06282151815625629,0.004041553999771935,0.00394654314345684
951,0,0,951,0.06282151815625638,0.049506855747311285,0.003946543143456848
952,0,1,952,0.06282151815625629,0.11561757294467867,0.00394654314345684
953,0,1,953,0.06282151815625668,0.35791836163415724,0.0039465431434568925
954,0,0,954,0.0,0.0,0.0
955,0,2,955,0.0628215181562562,0.032126261346077545,0.003946543143456828
956,0,0,956,0.06282151815625626,0.008734578655057224,0.003946543143456837
957,0,2,957,0.06282151815625629,0.1541813366748519,0.003946543143456839
958,0,2,958,0.06282151815625636,0.05344964655027895,0.003946543143456846
959,0,1,959,0.06282151815625647,0.004969294790359312,0.003946543143456864
960,0,2,960,0.06282151815625643,0.20798125663953765,0.003946543143456854
961,0,2,961,0.0628215181562563,0.0779020490334632,0.003946543143456839
962,0,0,962,0.06282151815625639,0.014932743159852713,0.00394654314345685
963,0,2,963,0.06282151815625658,0.020963467485409115,0.003946543143456875
964,0,2,964,0.0,0.0,0.0
965,0,0,965,0.06282151815625671,0.4632415322987794,0.003946543143456892
966,0,2,966,0.06282151815625639,0.0403999184998374,0.00394654314345685
967,0,2,967,0.06282151815625679,0.17124511577528345,0.0039465431434569
968,0,0,968,0.06282151815625672,0.014553276439857016,0.00394654314345689
969,0,2,969,0.0628215181562566,0.1989538613986377,0.003946543143456875
970,0,2,970,0.06282151815625639,0.13886941236401995,0.003946543143456853
971,0,2,971,0.06282151815625671,0.07901292162349177,0.003946543143456889
972,0,0,972,0.0628215181562564,0.2019880828172056,0.003946543143456853
973,0,0,973,0.06282151815625647,0.2309923175809092,0.003946543143456861
974,0,0,974,0.0,0.0,0.0
975,0,0,975,0.06282151815625668,0.07536863884022166,0.003946543143456886
976,0,0,976,0.06282151815625657,0.08115834532910027,0.00394654314345687
977,0,2,977,0.06282151815625667,0.018975948589516352,0.003946543143456888
978,0,1,978,0.0,0.0,0.0
979,0,2,979,0.06282151815625642,0.048232380750839465,0.003946543143456855
980,0,2,980,0.06282151815625626,0.0984052192551248,0.003946543143456834
981,0,0,981,0.06282151815625657,0.12843367084928933,0.003946543143456874
982,0,2,982,0.0,0.0,0.0
983,0,2,983,0.06282151815625645,0.003842217782710877,0.003946543143456857
984,0,1,984,0.06282151815625663,0.09587544388933011,0.003946543143456878
985,0,0,985,0.06282151815625664,0.05465698570645994,0.003946543143456881
986,0,1,986,0.06282151815625635,0.17641274607919577,0.003946543143456846
987,0,0,987,0.06282151815625664,0.213907657191295,0.003946543143456878
988,0,0,988,0.06282151815625636,0.2700281563802438,0.0039465431434568465
989,0,1,989,0.0,0.0,0.0
990,0,1,990,0.0,0.0,0.0
991,0,2,991,0.06282151815625646,0.20930308442670853,0.003946543143456859
992,0,1,992,0.0,0.0,0.0
993,0,2,993,0.0628215181562567,0.0246699320794153,0.003946543143456889
994,0,1,994,0.06282151815625657,0.13603764632500803,0.0039465431434568725
995,0,2,995,0.06282151815625674,0.06303901415418484,0.003946543143456896
996,0,1,996,0.06282151815625629,0.20861224215383078,0.003946543143456839
997,0,0,997,0.0,0.0,0.0
998,0,0,998,0.06282151815625665,0.18851980504254043,0.003946543143456882
999,0,2,999,0.06282151815625675,0.0380558963947113,0.003946543143456896
1000,0,1,1000,0.06282151815625628,0.006898194343890968,0.003946543143456836
1001,0,0,1001,0.06282151815625639,0.04152415538603016,0.003946543143456853
1002,0,2,1002,0.06282151815625663,0.06964837869917329,0.0039465431434568795
1003,0,1,1003,0.06282151815625672,0.15468034934800623,0.003946543143456895
1004,0,0,1004,0.06282151815625667,0.02088520464246435,0.003946543143456887
1005,0,1,1005,0.0,0.0,0.0
1006,0,1,1006,0.06282151815625661,0.01855551142177192,0.003946543143456878
1007,0,2,1007,0.0628215181562563,0.07670346764407387,0.003946543143456837
1008,0,1,1008,0.06282151815625624,0.05708393891244867,0.003946543143456828
1009,0,0,1009,0.06282151815625638,0.04575696972632948,0.003946543143456851
1010,0,2,1010,0.06282151815625658,0.18250298089024586,0.003946543143456877
1011,0,0,1011,0.06282151815625651,0.09840254997997726,0.003946543143456867
1012,0,0,1012,0.06282151815625654,0.03129879122241325,0.003946543143456867
1013,0,1,1013,0.06282151815625614,0.04790041328701944,0.00394654314345682
1014,0,2,1014,0.06282151815625675,0.3747019995245645,0.003946543143456898
1015,0,1,1015,0.0,0.0,0.0
1016,0,2,1016,0.06282151815625621,0.23025128911051418,0.003946543143456829
1017,0,0,1017,0.06282151815625636,0.07680765858669503,0.0039465431434568465
1018,0,1,1018,0.06282151815625665,0.15740709201779124,0.003946543143456884
1019,0,1,1019,0.0628215181562565,0.1467789705419893,0.003946543143456863
1020,0,2,1020,0.06282151815625685,0.04776751009370894,0.003946543143456904
1021,0,0,1021,0.0628215181562567,0.10968004420376005,0.00394654314345689
1022,0,1,1022,0.06282151815625657,0.20843180895859748,0.003946543143456873
1023,0,0,1023,0.06282151815625657,0.03359520315756104,0.003946543143456873
1024,0,1,1024,0.06282151815625653,0.006237122061974382,0.003946543143456869
1025,0,1,1025,0.06282151815625626,0.060122289263205175,0.003946543143456832
1026,0,0,1026,0.06282151815625651,0.05706454339035724,0.003946543143456868
1027,0,0,1027,0.06282151815625632,0.1631343404912733,0.00394654314345684
1028,0,0,1028,0.06282151815625647,0.14233045928817334,0.00394654314345686
1029,0,0,1029,0.0628215181562568,0.01514710041315448,0.003946543143456905
1030,0,1,1030,0.06282151815625654,0.1294973424530852,0.003946543143456864
1031,0,0,1031,0.06282151815625682,0.21587656152816326,0.003946543143456903
1032,0,0,1032,0.06282151815625629,0.08964469395546759,0.003946543143456839
1033,0,1,1033,0.06282151815625625,0.22010639809111687,0.003946543143456833
1034,0,1,1034,0.0,0.0,0.0
1035,0,2,1035,0.0,0.0,0.0
1036,0,2,1036,0.06282151815625661,0.07664555181122967,0.003946543143456879
1037,0,1,1037,0.0,0.0,0.0
1038,0,1,1038,0.06282151815625629,0.04587640858149111,0.003946543143456838
1039,0,0,1039,0.06282151815625638,0.23008641942658947,0.003946543143456849
1040,0,0,1040,0.0,0.0,0.0
1041,0,2,1041,0.06282151815625636,0.14397321688735332,0.00394654314345685
1042,0,2,1042,0.0628215181562565,0.15300686399648722,0.003946543143456865
1043,0,2,1043,0.06282151815625661,0.009159064774139747,0.003946543143456877
1044,0,2,1044,0.0628215181562563,0.05481795571196746,0.0039465431434568396
1045,0,0,1045,0.06282151815625638,0.01482869457842284,0.00394654314345685
1046,0,1,1046,0.06282151815625665,0.14391549100255308,0.003946543143456886
1047,0,2,1047,0.06282151815625651,0.08948490037026469,0.003946543143456866
1048,0,1,1048,0.06282151815625649,0.1846002878278874,0.003946543143456858
1049,0,0,1049,0.0,0.0,0.0
1050,0,2,1050,0.0,0.0,0.0
1051,0,1,1051,0.06282151815625653,0.12613171349652796,0.003946543143456868
1052,0,0,1052,0.06282151815625661,0.04717044620201066,0.003946543143456877
1053,0,1,1053,0.0628215181562565,0.09090819092940428,0.003946543143456864
1054,0,2,1054,0.0,0.0,0.0
1055,0,2,1055,0.0628215181562566,0.10102135977924753,0.003946543143456876
1056,0,2,1056,0.06282151815625663,0.02839168005863879,0.0039465431434568725
1057,0,2,1057,0.0628215181562563,0.028782860942717203,0.003946543143456841
1058,0,1,1058,0.06282151815625651,0.00904459913689698,0.003946543143456867
1059,0,2,1059,0.06282151815625672,0.20052091966421326,0.003946543143456893
1060,0,0,1060,0.06282151815625647,0.25016149304831004,0.003946543143456861
1061,0,1,1061,0.06282151815625682,0.006928023987692877,0.0039465431434569055
1062,0,2,1062,0.06282151815625661,0.021995949861351116,0.00394654314345688
1063,0,1,1063,0.0,0.0,0.0
1064,0,1,1064,0.0628215181562567,0.12278981476471396,0.003946543143456888
1065,0,0,1065,0.06282151815625642,0.045362755162295265,0.003946543143456853
1066,0,1,1066,0.06282151815625618,0.14264346576206766,0.003946543143456823
1067,0,2,1067,0.06282151815625645,0.0951007816215137,0.0039465431434568534
1068,0,1,1068,0.06282151815625642,0.06630502899513602,0.003946543143456854
1069,0,0,1069,0.06282151815625646,0.031098614951206083,0.003946543143456858
1070,0,1,1070,0.0,0.0,0.0
1071,0,1,1071,0.06282151815625636,0.10537197026327672,0.003946543143456845
1072,0,0,1072,0.06282151815625618,0.10560919100105837,0.003946543143456824
1073,0,0,1073,0.06282151815625617,0.19514304100085278,0.003946543143456821
1074,0,0,1074,0.06282151815625654,0.057465046303936784,0.003946543143456866
1075,0,2,1075,0.06282151815625665,0.1981606580552544,0.003946543143456884
1076,0,2,1076,0.06282151815625629,0.005149596037459125,0.003946543143456836
1077,0,1,1077,0.06282151815625676,0.21920836340941374,0.003946543143456898
1078,0,1,1078,0.06282151815625675,0.1801659973511709,0.003946543143456896
1079,0,2,1079,0.06282151815625676,0.1393941302135162,0.003946543143456897
1080,0,0,1080,0.0,0.0,0.0
1081,0,0,1081,0.06282151815625667,0.20061493640070704,0.003946543143456881
1082,0,2,1082,0.06282151815625658,0.21570416034053208,0.003946543143456871
1083,0,2,1083,0.06282151815625657,0.06562657628816516,0.003946543143456875
1084,0,1,1084,0.06282151815625638,0.03991967058968671,0.003946543143456851
1085,0,1,1085,0.06282151815625643,0.1376939433203761,0.003946543143456857
1086,0,2,1086,0.0628215181562566,0.14336674409266514,0.003946543143456877
1087,0,0,1087,0.06282151815625649,0.16262766138921103,0.003946543143456862
1088,0,1,1088,0.06282151815625645,0.0655616271071167,0.003946543143456855
1089,0,1,1089,0.0,0.0,0.0
1090,0,0,1090,0.06282151815625621,0.023830544477019044,0.003946543143456826
1091,0,2,1091,0.06282151815625628,0.18344658470760322,0.003946543143456835
1092,0,0,1092,0.0,0.0,0.0
1093,0,0,1093,0.0628215181562562,0.001067460742119497,0.0039465431434568266
1094,0,1,1094,0.06282151815625663,0.24873001161108999,0.003946543143456877
1095,0,1,1095,0.06282151815625645,0.0010122162616212904,0.003946543143456859
1096,0,1,1096,0.06282151815625651,0.09051127084316177,0.003946543143456862
1097,0,1,1097,0.06282151815625671,0.14712724480882167,0.0039465431434568925
1098,0,2,1098,0.06282151815625643,0.2055277104790929,0.003946543143456855
1099,0,2,1099,0.0,0.0,0.0
1100,0,1,1100,0.06282151815625658,0.010331146418157328,0.003946543143456874
1101,0,1,1101,0.0628215181562565,0.026545958140375525,0.003946543143456866
1102,0,0,1102,0.0,0.0,0.0
1103,0,2,1103,0.06282151815625671,0.14070845722719527,0.003946543143456885
1104,0,2,1104,0.0628215181562564,0.11317778330703021,0.003946543143456851
1105,0,0,1105,0.06282151815625636,0.13665648348403248,0.003946543143456846
1106,0,1,1106,0.06282151815625674,0.053153019477029995,0.003946543143456895
1107,0,0,1107,0.0628215181562564,0.0017661690988501066,0.003946543143456851
1108,0,1,1108,0.0,0.0,0.0
1109,0,1,1109,0.0,0.0,0.0
1110,0,2,1110,0.06282151815625674,0.09941038695617732,0.003946543143456893
1111,0,2,1111,0.0628215181562565,0.21398707052133814,0.003946543143456866
1112,0,0,1112,0.0,0.0,0.0
1113,0,2,1113,0.06282151815625671,0.15612176453363272,0.0039465431434568925
1114,0,2,1114,0.06282151815625643,0.01380699157984111,0.0039465431434568534
1115,0,2,1115,0.06282151815625628,0.21849701999469273,0.003946543143456836
1116,0,2,1116,0.0,0.0,0.0
1117,0,2,1117,0.0,0.0,0.0
1118,0,2,1118,0.06282151815625624,0.23934518125820148,0.00394654314345683
1119,0,1,1119,0.06282151815625678,0.14883186350824307,0.003946543143456898
1120,0,1,1120,0.06282151815625649,0.1593594973073693,0.003946543143456866
1121,0,1,1121,0.06282151815625668,0.21841520847137375,0.003946543143456887
1122,0,2,1122,0.06282151815625654,0.20639105148995274,0.003946543143456871
1123,0,2,1123,0.06282151815625639,0.0190373024337539,0.003946543143456851
1124,0,0,1124,0.06282151815625667,0.020446403984473838,0.0039465431434568855
1125,0,1,1125,0.0628215181562567,0.20847432143066646,0.003946543143456888
1126,0,1,1126,0.0,0.0,0.0
1127,0,2,1127,0.0628215181562565,0.14393935819351644,0.003946543143456864
1128,0,1,1128,0.0,0.0,0.0
1129,0,0,1129,0.0,0.0,0.0
1130,0,2,1130,0.0,0.0,0.0
1131,0,0,1131,0.06282151815625661,0.21198361591458575,0.003946543143456877
1132,0,1,1132,0.06282151815625671,0.0012373604272163368,0.003946543143456888
1133,0,0,1133,0.06282151815625667,0.06758246469859513,0.0039465431434568855
1134,0,1,1134,0.0,0.0,0.0
1135,0,1,1135,0.06282151815625656,0.0004277167910031344,0.003946543143456871
1136,0,1,1136,0.06282151815625664,0.19416500778516577,0.003946543143456883
1137,0,2,1137,0.0,0.0,0.0
1138,0,0,1138,0.06282151815625671,0.2595468493486037,0.0039465431434568925
1139,0,0,1139,0.06282151815625663,0.003839822611279242,0.003946543143456883
1140,0,2,1140,0.06282151815625654,0.09170506084436303,0.00394654314345687
1141,0,1,1141,0.0,0.0,0.0
1142,0,0,1142,0.0,0.0,0.0
1143,0,0,1143,0.0628215181562565,0.10978562116920143,0.003946543143456864
1144,0,0,1144,0.06282151815625642,0.0195374974923795,0.003946543143456858
1145,0,1,1145,0.06282151815625661,0.033459303669034934,0.003946543143456879
1146,0,0,1146,0.06282151815625624,0.02941053796981219,0.003946543143456832
1147,0,0,1147,0.06282151815625672,0.16774584733501174,0.003946543143456892
1148,0,1,1148,0.0,0.0,0.0
1149,0,2,1149,0.06282151815625668,0.2020668829514718,0.003946543143456886
1150,0,2,1150,0.0,0.0,0.0
1151,0,2,1151,0.06282151815625645,0.21328259548980721,0.003946543143456856
1152,0,1,1152,0.06282151815625667,0.022761965779927687,0.003946543143456887
1153,0,1,1153,0.06282151815625645,0.24864239881663086,0.003946543143456856
1154,0,1,1154,0.06282151815625625,0.2428879001842308,0.003946543143456834
1155,0,0,1155,0.0,0.0,0.0
1156,0,2,1156,0.06282151815625657,0.12648262316278824,0.003946543143456872
1157,0,1,1157,0.06282151815625639,0.05967246315044772,0.003946543143456851
1158,0,1,1158,0.0628215181562567,0.10422578364327273,0.0039465431434568855
1159,0,2,1159,0.0628215181562565,0.17627547990123715,0.003946543143456865
1160,0,0,1160,0.06282151815625664,0.0036507043126991767,0.003946543143456884
1161,0,2,1161,0.06282151815625622,0.22572522706476272,0.00394654314345683
1162,0,1,1162,0.06282151815625626,0.09750773569287485,0.003946543143456837
1163,0,1,1163,0.06282151815625639,0.13405967240763472,0.00394654314345685
1164,0,1,1164,0.0,0.0,0.0
1165,0,1,1165,0.06282151815625645,0.23734402139206523,0.003946543143456859
1166,0,2,1166,0.0,0.0,0.0
1167,0,2,1167,0.0,0.0,0.0
1168,0,2,1168,0.06282151815625625,0.1479612623402966,0.0039465431434568335
1169,0,2,1169,0.06282151815625645,0.18170562804263835,0.003946543143456856
1170,0,1,1170,0.06282151815625672,0.0023058149433701873,0.0039465431434568925
1171,0,0,1171,0.0,0.0,0.0
1172,0,0,1172,0.06282151815625678,0.11661299819048881,0.0039465431434568985
1173,0,0,1173,0.06282151815625674,0.00745355839789541,0.003946543143456893
1174,0,0,1174,0.06282151815625646,0.23617231796467641,0.003946543143456859
1175,0,2,1175,0.0628215181562564,0.02644537776309641,0.003946543143456849
1176,0,0,1176,0.06282151815625657,0.15439262673580478,0.0039465431434568725
1177,0,2,1177,0.06282151815625676,0.10850598729622729,0.0039465431434568985
1178,0,0,1178,0.06282151815625675,0.13665754324353313,0.00394654314345689
1179,0,0,1179,0.06282151815625661,0.23709303533277604,0.003946543143456879
1180,0,0,1180,0.06282151815625672,0.08588760669970696,0.003946543143456889
1181,0,0,1181,0.06282151815625656,0.05303976601275018,0.003946543143456874
1182,0,2,1182,0.06282151815625693,0.02070537994945343,0.003946543143456919
1183,0,2,1183,0.06282151815625625,0.10527820626655782,0.003946543143456834
1184,0,0,1184,0.06282151815625639,0.20852598644704212,0.0039465431434568465
1185,0,0,1185,0.06282151815625653,0.07024914261029469,0.003946543143456865
1186,0,2,1186,0.0628215181562566,0.2455636367813483,0.003946543143456877
1187,0,2,1187,0.06282151815625667,0.14674104585309766,0.0039465431434568855
1188,0,1,1188,0.06282151815625668,0.18154007238876613,0.00394654314345689
1189,0,2,1189,0.0,0.0,0.0
1190,0,2,1190,0.0628215181562562,0.01218688420905556,0.003946543143456829
1191,0,0,1191,0.0628215181562565,0.22989831420376738,0.003946543143456862
1192,0,1,1192,0.06282151815625656,0.17805441289106216,0.003946543143456873
1193,0,0,1193,0.0628215181562567,0.07167663650852626,0.003946543143456887
1194,0,1,1194,0.06282151815625675,0.12345866409381234,0.003946543143456896
1195,0,2,1195,0.06282151815625649,0.07977695403692592,0.00394654314345686
1196,0,2,1196,0.06282151815625672,0.0011231103590005898,0.0039465431434568925
1197,0,0,1197,0.06282151815625646,0.01437615283629512,0.003946543143456858
1198,0,0,1198,0.06282151815625647,0.12670477283216952,0.003946543143456858
1199,0,2,1199,0.06282151815625649,0.034717533256918315,0.003946543143456861
1200,0,0,1200,0.06282151815625668,0.08437391410018846,0.003946543143456887
1201,0,1,1201,0.06282151815625664,0.08847362148181048,0.003946543143456881
1202,0,2,1202,2.000000000000001,0.6027515708963372,0.003946543143456916
1203,0,0,1203,0.0,0.0,0.0
1204,0,1,1204,0.0,0.0,0.0
1205,0,1,1205,0.06282151815625665,0.17988667140393622,0.0039465431434568855
1206,0,2,1206,0.0628215181562565,0.1390389257114698,0.00394654314345686
1207,0,0,1207,0.0,0.0,0.0
1208,0,2,1208,0.06282151815625622,0.11367999471072898,0.003946543143456832
1209,0,2,1209,0.06282151815625639,0.06966061632305465,0.003946543143456851
1210,0,1,1210,0.0628215181562567,0.11569482978584467,0.0039465431434568855
1211,0,1,1211,0.06282151815625672,0.08201475761081134,0.0039465431434568925
1212,0,2,1212,0.06282151815625674,0.17181085287997222,0.003946543143456894
1213,0,1,1213,0.06282151815625665,0.015529231873213867,0.0039465431434568795
1214,0,0,1214,0.06282151815625622,0.1003213299990885,0.00394654314345683
1215,0,2,1215,0.0,0.0,0.0
1216,0,1,1216,0.06282151815625668,0.12570469854444655,0.003946543143456887
1217,0,0,1217,0.06282151815625672,0.12296616837178964,0.003946543143456893
1218,0,0,1218,0.06282151815625636,0.24202939119195088,0.003946543143456848
1219,0,1,1219,0.06282151815625671,0.06866193254124764,0.00394654314345689
1220,0,0,1220,0.06282151815625664,0.13036841425802725,0.003946543143456884
1221,0,1,1221,0.06282151815625642,0.0049239203240942775,0.003946543143456856
1222,0,2,1222,0.06282151815625658,0.07240375574217817,0.003946543143456875
1223,0,1,1223,0.0628215181562567,0.0018285317263461165,0.00394654314345689
1224,0,2,1224,0.06282151815625668,0.11106504668980499,0.003946543143456889
1225,0,2,1225,1.9990131207314634,6.536434524920134,0.00394654314345685
1226,0,2,1226,0.06282151815625661,0.02057654010582821,0.003946543143456879
1227,0,0,1227,0.06282151815625621,0.08160023848707088,0.003946543143456831
1228,0,0,1228,0.0,0.0,0.0
1229,0,2,1229,0.06282151815625647,0.18678337868220574,0.003946543143456872
1230,0,2,1230,0.06282151815625638,0.17615074965131594,0.003946543143456849
1231,0,0,1231,0.0628215181562567,0.1248546887983224,0.003946543143456891
1232,0,2,1232,0.06282151815625646,0.24147790892386256,0.0039465431434568595
1233,0,0,1233,0.06282151815625649,0.17561094139901945,0.003946543143456864
1234,0,0,1234,0.0628215181562567,0.02421677366556978,0.003946543143456889
1235,0,0,1235,0.06282151815625642,0.012127466534038733,0.003946543143456855
1236,0,1,1236,0.0,0.0,0.0
1237,0,0,1237,0.06282151815625661,0.001076837892430564,0.00394654314345688
1238,0,2,1238,0.06282151815625665,0.18863343164121532,0.0039465431434568855
1239,0,2,1239,0.06282151815625622,0.09447258605521691,0.00394654314345683
1240,0,2,1240,0.06282151815625646,0.03281099173838986,0.00394654314345686
1241,0,1,1241,0.06282151815625633,0.07061769970045773,0.003946543143456843
1242,0,0,1242,0.0628215181562564,0.059941534578205946,0.003946543143456841
1243,0,1,1243,0.06282151815625651,0.013810945663661249,0.003946543143456867
1244,0,0,1244,0.06282151815625654,0.19541044836443344,0.00394654314345687
1245,0,2,1245,0.06282151815625656,0.16622677275315567,0.003946543143456871
1246,0,2,1246,0.06282151815625664,0.05021744962929775,0.003946543143456879
1247,0,0,1247,0.06282151815625663,0.059624349899541684,0.0039465431434568795
1248,0,1,1248,0.0628215181562563,0.11798737122109149,0.00394654314345684
1249,0,0,1249,0.06282151815625667,0.1107896120339853,0.0039465431434568855
1250,0,1,1250,0.06282151815625667,0.21297262740477785,0.0039465431434568855
1251,0,2,1251,0.06282151815625647,0.12984012549568003,0.003946543143456858
1252,0,1,1252,0.06282151815625658,0.10966369518022834,0.0039465431434568725
1253,0,1,1253,0.06282151815625647,0.028047004079818638,0.003946543143456859
1254,0,1,1254,0.06282151815625672,0.007739135355136279,0.003946543143456892
1255,0,1,1255,0.06282151815625654,0.04953061227812028,0.003946543143456866
1256,0,0,1256,0.0628215181562565,0.003512932882543174,0.003946543143456864
1257,0,2,1257,0.06282151815625645,0.010243701699004348,0.003946543143456858
1258,0,0,1258,0.06282151815625658,0.2505164314316879,0.003946543143456875
1259,0,2,1259,0.06282151815625645,0.14529587167080096,0.003946543143456857
1260,0,0,1260,0.06282151815625628,0.012217116215064161,0.003946543143456837
1261,0,2,1261,0.06282151815625664,0.3895982866919563,0.003946543143456883
1262,0,0,1262,0.06282151815625667,0.2364609211838311,0.003946543143456883
1263,0,1,1263,0.0628215181562567,0.3737291690009188,0.003946543143456894
1264,0,0,1264,0.06282151815625642,0.14234117363051535,0.0039465431434568534
1265,0,0,1265,0.06282151815625626,0.021904731684545764,0.003946543143456834
1266,0,0,1266,0.0628215181562566,0.04062364839709076,0.003946543143456871
1267,0,2,1267,0.0,0.0,0.0
1268,0,1,1268,0.06282151815625625,0.09080349669753751,0.003946543143456834
1269,0,2,1269,0.06282151815625656,0.09676503123462932,0.003946543143456873
1270,0,0,1270,0.06282151815625645,0.1415692557165391,0.003946543143456855
1271,0,1,1271,0.0,0.0,0.0
1272,0,0,1272,0.06282151815625657,0.046888639998021675,0.003946543143456873
1273,0,2,1273,0.06282151815625657,0.0229278441457047,0.0039465431434568725
1274,0,0,1274,1.9999999999999998,1.0160108008455622,0.003946543143456896
1275,0,0,1275,0.06282151815625678,0.07305300762411227,0.003946543143456898
1276,0,2,1276,0.0628215181562566,0.08970264858945676,0.003946543143456882
1277,0,1,1277,0.0,0.0,0.0
1278,0,1,1278,0.06282151815625635,0.041020981041632876,0.003946543143456839
1279,0,0,1279,0.0628215181562568,0.2158778003176991,0.003946543143456903
1280,0,2,1280,2.0000000000000004,12.971145757606475,0.003946543143456879
1281,0,2,1281,0.06282151815625678,0.13504193561766176,0.003946543143456894
1282,0,0,1282,0.06282151815625646,0.03245840007785672,0.003946543143456858
1283,0,1,1283,0.0,0.0,0.0
1284,0,0,1284,0.06282151815625642,0.041630096851228426,0.003946543143456856
1285,0,0,1285,0.06282151815625676,0.11318475669947703,0.003946543143456899
1286,0,0,1286,0.06282151815625668,0.13324785528390937,0.003946543143456888
1287,0,2,1287,0.06282151815625642,0.21288886438673282,0.003946543143456853
1288,0,2,1288,0.06282151815625671,0.1437458769585631,0.003946543143456892
1289,0,0,1289,0.06282151815625646,0.10033521089713027,0.00394654314345686
1290,0,2,1290,0.0,0.0,0.0
1291,0,0,1291,0.0628215181562564,0.08375905932869365,0.003946543143456851
1292,0,1,1292,0.06282151815625642,0.1317977026224625,0.003946543143456855
1293,0,1,1293,0.06282151815625654,0.1979161249089023,0.0039465431434568665
1294,0,2,1294,0.06282151815625665,0.0005665574903539385,0.003946543143456884
1295,0,2,1295,0.06282151815625646,0.15774183085144888,0.0039465431434568595
1296,0,1,1296,0.06282151815625638,0.09596093226855551,0.00394654314345685
1297,0,2,1297,0.06282151815625674,0.09646443045620667,0.003946543143456895
1298,0,1,1298,0.0,0.0,0.0
1299,0,2,1299,0.0,0.0,0.0
1300,0,0,1300,3.538155541877298e-17,0.0,1.2518544638517031e-33
1301,0,2,1301,0.06282151815625674,0.040044359102597155,0.003946543143456893
1302,0,2,1302,0.0628215181562565,0.10062079611991992,0.003946543143456865
1303,0,0,1303,0.0,0.0,0.0
1304,0,1,1304,0.0,0.0,0.0
1305,0,1,1305,0.0,0.0,0.0
1306,0,1,1306,0.06282151815625635,0.1008099336555911,0.003946543143456844
1307,0,2,1307,0.06282151815625656,0.07736173237338217,0.003946543143456874
1308,0,2,1308,0.06282151815625643,0.026631299250606477,0.003946543143456858
1309,0,0,1309,0.06282151815625664,0.06913664479906378,0.00394654314345688
1310,0,2,1310,0.0,0.0,0.0
1311,0,0,1311,0.06282151815625653,0.07068003897213515,0.003946543143456867
1312,0,1,1312,0.06282151815625624,0.037670561396333846,0.003946543143456829
1313,0,0,1313,0.06282151815625664,0.07750146893788025,0.003946543143456881
1314,0,2,1314,0.0628215181562567,0.2818821972268246,0.003946543143456891
1315,0,2,1315,0.06282151815625668,0.07737047222101935,0.003946543143456883
1316,0,1,1316,0.06282151815625638,0.19350628783011814,0.003946543143456848
1317,0,1,1317,0.06282151815625671,0.14316069140253662,0.003946543143456893
1318,0,1,1318,0.06282151815625624,0.13590647408462697,0.003946543143456829
1319,0,1,1319,0.06282151815625674,0.1804791172383846,0.003946543143456894
1320,0,1,1320,0.06282151815625625,0.1369482512268263,0.003946543143456831
1321,0,2,1321,0.06282151815625661,0.10637302441421603,0.003946543143456883
1322,0,2,1322,0.06282151815625674,0.16883239886681944,0.003946543143456893
1323,0,0,1323,0.06282151815625682,0.04910814127355323,0.003946543143456901
1324,0,0,1324,0.06282151815625622,0.15060599738342706,0.003946543143456835
1325,0,1,1325,0.06282151815625658,0.0006791921965145775,0.003946543143456875
1326,0,1,1326,0.0628215181562563,0.08578384211356549,0.003946543143456839
1327,0,1,1327,0.0,0.0,0.0
1328,0,0,1328,0.06282151815625674,0.07507861740149407,0.00394654314345689
1329,0,1,1329,0.0,0.0,0.0
1330,0,0,1330,0.0628215181562566,0.18859698093786648,0.003946543143456876
1331,0,2,1331,0.06282151815625649,0.060210891219092844,0.003946543143456865
1332,0,2,1332,0.0,0.0,0.0
1333,0,2,1333,0.06282151815625649,0.176705505754982,0.0039465431434568595
1334,0,0,1334,0.06282151815625656,0.179558051211335,0.003946543143456874
1335,0,0,1335,0.06282151815625671,0.24534540460742704,0.00394654314345689
1336,0,2,1336,0.0628215181562566,0.2512464734780693,0.003946543143456874
1337,0,1,1337,0.06282151815625643,0.0035643080241972713,0.003946543143456854
1338,0,0,1338,0.06282151815625643,0.18107899077578793,0.003946543143456857
1339,0,0,1339,0.06282151815625663,0.08066723349418256,0.00394654314345688
1340,0,1,1340,0.0,0.0,0.0
1341,0,1,1341,0.06282151815625632,0.1000827000762552,0.003946543143456841
1342,0,0,1342,0.06282151815625667,0.07907841245465341,0.003946543143456882
1343,0,1,1343,0.06282151815625675,0.08126040856608086,0.003946543143456894
1344,0,0,1344,0.06282151815625671,0.43457784262812993,0.00394654314345689
1345,0,0,1345,0.06282151815625679,0.16226910942239536,0.0039465431434569
1346,0,1,1346,0.06282151815625618,0.12845492999215846,0.0039465431434568205
1347,0,0,1347,0.06282151815625615,0.035885267453800385,0.003946543143456822
1348,0,2,1348,0.06282151815625646,0.126281549969675,0.003946543143456862
1349,0,0,1349,0.0,0.0,0.0
1350,0,2,1350,0.06282151815625643,0.13044494780497523,0.003946543143456857
1351,0,2,1351,0.06282151815625656,0.1758696251820222,0.003946543143456869
1352,0,2,1352,0.06282151815625654,0.047822473686211175,0.0039465431434568725
1353,0,2,1353,0.06282151815625658,0.011362026951559856,0.003946543143456879
1354,0,0,1354,0.0628215181562567,0.01186208403364105,0.003946543143456889
1355,0,0,1355,0.06282151815625618,0.1386074758891087,0.003946543143456826
1356,0,0,1356,0.06282151815625668,0.09283661590044964,0.003946543143456882
1357,0,0,1357,2.0000000000000004,3.264665514146172,0.00394654314345689
1358,0,2,1358,0.06282151815625647,0.06429031758654435,0.003946543143456859
1359,0,1,1359,0.0,0.0,0.0
1360,0,0,1360,0.06282151815625626,0.021088392138865375,0.003946543143456834
1361,0,2,1361,0.06282151815625668,0.17318050881107938,0.003946543143456889
1362,0,2,1362,0.0628215181562564,0.08141858991350581,0.00394654314345685
1363,0,1,1363,0.06282151815625676,0.001032683028882004,0.003946543143456899
1364,0,2,1364,0.0628215181562567,0.2293650316245972,0.00394654314345689
1365,0,1,1365,0.06282151815625643,0.13316301505024963,0.003946543143456858
1366,0,2,1366,0.06282151815625657,0.21851830007314232,0.003946543143456874
1367,0,0,1367,0.06282151815625645,0.24244893191337835,0.003946543143456859
1368,0,1,1368,0.06282151815625647,0.017641634675627405,0.003946543143456861
1369,0,2,1369,0.06282151815625649,0.17761241102935066,0.003946543143456863
1370,0,1,1370,0.0,0.0,0.0
1371,0,0,1371,0.06282151815625639,0.1545022019094473,0.003946543143456851
1372,0,0,1372,0.06282151815625643,0.17760613639990508,0.003946543143456852
1373,0,2,1373,0.06282151815625678,0.003153985555317762,0.003946543143456897
1374,0,1,1374,0.06282151815625649,0.01317261758650265,0.003946543143456861
1375,0,2,1375,0.06282151815625671,0.05017508023261552,0.003946543143456889
1376,0,1,1376,0.06282151815625635,0.20729096014979298,0.003946543143456844
1377,0,0,1377,0.0628215181562567,0.05759783397900009,0.003946543143456884
1378,0,1,1378,0.06282151815625671,0.07971386073607073,0.003946543143456892
1379,0,2,1379,0.0628215181562565,0.10338915648865088,0.00394654314345686
1380,0,1,1380,0.06282151815625663,0.22042389212150804,0.00394654314345688
1381,0,0,1381,0.06282151815625632,0.13831655420596434,0.003946543143456841
1382,0,1,1382,0.06282151815625676,0.10268840428152615,0.003946543143456897
1383,0,1,1383,0.0,0.0,0.0
1384,0,0,1384,0.06282151815625656,0.21361504333846426,0.0039465431434568665
1385,0,2,1385,0.06282151815625657,0.21029028738613764,0.003946543143456872
1386,0,0,1386,0.0628215181562565,0.05009334714249203,0.003946543143456861
1387,0,2,1387,0.06282151815625671,0.3364755648951653,0.003946543143456893
1388,0,0,1388,0.06282151815625654,0.23108831759337622,0.0039465431434568665
1389,0,2,1389,0.06282151815625639,0.01417263555007886,0.003946543143456853
1390,0,2,1390,0.0,0.0,0.0
1391,0,1,1391,0.06282151815625674,0.09557438328750784,0.003946543143456894
1392,0,2,1392,0.06282151815625654,0.014852282252383775,0.003946543143456869
1393,0,1,1393,0.0628215181562567,0.08717068322180982,0.003946543143456885
1394,0,0,1394,0.0,0.0,0.0
1395,0,0,1395,0.0628215181562563,0.0029578661420142927,0.0039465431434568396
1396,0,2,1396,0.06282151815625646,0.10827690685481983,0.003946543143456859
1397,0,1,1397,0.06282151815625676,0.06517784040419494,0.003946543143456897
1398,0,0,1398,0.06282151815625635,0.137817804946736,0.003946543143456847
1399,0,1,1399,0.06282151815625632,0.17470027131702226,0.003946543143456839
1400,0,1,1400,0.06282151815625642,0.12963595323052868,0.003946543143456852
1401,0,1,1401,0.06282151815625653,0.11136789587994467,0.0039465431434568665
1402,0,0,1402,0.0628215181562567,0.20892397776638422,0.003946543143456889
1403,0,1,1403,0.06282151815625654,0.014614796173258338,0.003946543143456869
1404,0,0,1404,0.06282151815625671,0.1191803081929641,0.00394654314345689
1405,0,2,1405,0.06282151815625674,0.11132649405227779,0.003946543143456889
1406,0,0,1406,0.0,0.0,0.0
1407,0,1,1407,0.06282151815625664,0.07919963151326143,0.003946543143456884
1408,0,2,1408,0.06282151815625629,0.12759970470726323,0.0039465431434568396
1409,0,2,1409,0.0,0.0,0.0
1410,0,0,1410,0.06282151815625642,0.002927320366986841,0.003946543143456856
1411,0,2,1411,0.06282151815625645,0.21383505208688347,0.003946543143456856
1412,0,2,1412,0.06282151815625647,0.21481136628281608,0.003946543143456863
1413,0,2,1413,0.0628215181562566,0.1177739649763554,0.003946543143456875
1414,0,1,1414,0.0,0.0,0.0
1415,0,1,1415,0.06282151815625654,0.08376349517600623,0.003946543143456868
1416,0,0,1416,0.0,0.0,0.0
1417,0,2,1417,0.06282151815625645,0.23369161332924326,0.003946543143456858
1418,0,0,1418,0.06282151815625651,0.19274186211418565,0.003946543143456866
1419,0,0,1419,0.06282151815625663,0.1737373361582657,0.003946543143456878
1420,0,1,1420,0.06282151815625657,0.039068198622741024,0.003946543143456873
1421,0,1,1421,0.0,0.0,0.0
1422,0,0,1422,0.06282151815625656,0.0017387916795859049,0.003946543143456872
1423,0,1,1423,0.06282151815625674,0.02756510044495722,0.003946543143456896
1424,0,0,1424,0.06282151815625651,0.22355505234218165,0.003946543143456867
1425,0,1,1425,0.06282151815625676,0.20377976040430035,0.003946543143456904
1426,0,0,1426,0.0,0.0,0.0
1427,0,1,1427,0.06282151815625664,0.08174062829671147,0.003946543143456883
1428,0,1,1428,0.06282151815625667,0.4287159697703353,0.003946543143456888
1429,0,1,1429,0.06282151815625647,0.17283838272205454,0.003946543143456862
1430,0,0,1430,0.06282151815625661,0.09991581726801169,0.0039465431434568795
1431,0,1,1431,0.06282151815625642,0.23145947524635768,0.003946543143456853
1432,0,1,1432,0.06282151815625664,0.2003919820519997,0.00394654314345688
1433,0,2,1433,0.0,0.0,0.0
1434,0,1,1434,0.06282151815625647,0.11768023408319195,0.003946543143456859
1435,0,0,1435,0.0,0.0,0.0
1436,0,2,1436,0.0628215181562564,0.002471820344455339,0.0039465431434568534
1437,0,2,1437,0.06282151815625651,0.030226598720702907,0.003946543143456867
1438,0,0,1438,0.06282151815625653,0.18245836807939142,0.003946543143456865
1439,0,0,1439,0.06282151815625658,0.15568718294051387,0.003946543143456877
1440,0,0,1440,0.06282151815625642,0.09609750027107289,0.003946543143456856
1441,0,0,1441,0.06282151815625649,0.2068977249920947,0.003946543143456859
1442,0,2,1442,0.06282151815625661,0.15794919343528369,0.003946543143456878
1443,0,0,1443,2.0,10.10693490040777,0.003946543143456871
1444,0,0,1444,0.06282151815625661,0.056861989262791054,0.003946543143456878
1445,0,2,1445,0.06282151815625676,0.02449626614477733,0.003946543143456894
1446,0,2,1446,0.06282151815625649,0.09978680648913762,0.003946543143456857
1447,0,1,1447,0.06282151815625628,0.05043971338572106,0.003946543143456837
1448,0,2,1448,0.06282151815625635,0.01690271354827244,0.00394654314345684
1449,0,1,1449,0.06282151815625667,0.011710138133017106,0.0039465431434568855
1450,0,1,1450,0.06282151815625632,0.06386786046591197,0.003946543143456844
1451,0,1,1451,0.06282151815625665,0.19707945931272342,0.00394654314345688
1452,0,2,1452,0.06282151815625636,0.15505565208850847,0.0039465431434568465
1453,0,2,1453,0.06282151815625663,0.16646719030236667,0.003946543143456879
1454,0,1,1454,0.06282151815625626,0.00021391027589126588,0.003946543143456839
1455,0,2,1455,0.06282151815625658,0.038548057880485986,0.003946543143456875
1456,0,2,1456,0.0628215181562566,0.10163887764522006,0.003946543143456877
1457,0,2,1457,1.2509268882771006e-16,8.881784197001252e-16,1.564818079814629e-32
1458,0,2,1458,0.0,0.0,0.0
1459,0,2,1459,0.0628215181562563,0.06545263627093278,0.003946543143456841
1460,0,1,1460,0.06282151815625668,0.17121150702934934,0.003946543143456891
1461,0,1,1461,0.06282151815625628,0.13182897051531572,0.003946543143456838
1462,0,2,1462,0.06282151815625668,0.1318398307953228,0.0039465431434568795
1463,0,2,1463,0.06282151815625647,0.13412633538400587,0.0039465431434568595
1464,0,0,1464,0.0628215181562567,0.21990720847340883,0.003946543143456886
1465,0,2,1465,0.0,0.0,0.0
1466,0,0,1466,0.06282151815625638,0.10893718021291943,0.003946543143456852
1467,0,1,1467,0.06282151815625664,0.2062070585031618,0.003946543143456883
1468,0,0,1468,0.06282151815625636,0.010803514755408944,0.003946543143456848
1469,0,1,1469,0.06282151815625663,0.03303878099730895,0.003946543143456874
1470,0,2,1470,0.0,0.0,0.0
1471,0,2,1471,0.06282151815625635,0.1334244511618468,0.003946543143456845
1472,0,1,1472,0.06282151815625667,0.0995429860100514,0.003946543143456886
1473,0,1,1473,0.06282151815625635,0.045634500051719984,0.003946543143456846
1474,0,2,1474,0.0628215181562565,0.07710613615641693,0.003946543143456863
1475,0,2,1475,0.06282151815625676,0.07184633081730499,0.003946543143456896
1476,0,2,1476,0.06282151815625639,0.05614060480164462,0.003946543143456854
1477,0,2,1477,0.06282151815625642,0.08237536370565768,0.003946543143456855
1478,0,2,1478,2.000000000000001,8.322483759523866,0.003946543143456894
1479,0,1,1479,0.06282151815625657,0.01868929666242458,0.003946543143456874
1480,0,2,1480,0.0628215181562567,0.06824137853177592,0.003946543143456889
1481,0,2,1481,0.06282151815625636,0.004455923885069102,0.003946543143456846
1482,0,2,1482,0.06282151815625647,2.3410546732272053e-05,0.003946543143456862
1483,0,2,1483,0.06282151815625664,0.049860380430623685,0.003946543143456877
1484,0,0,1484,0.06282151815625625,0.24992939953294346,0.003946543143456832
1485,0,2,1485,0.0,0.0,0.0
1486,0,1,1486,2.0,1.2275924430212,0.003946543143456868
1487,0,1,1487,0.06282151815625664,9.834798396021109e-05,0.003946543143456883
1488,0,1,1488,0.06282151815625658,0.233211491763484,0.003946543143456874
1489,0,0,1489,0.06282151815625671,0.011217450851723139,0.00394654314345689
1490,0,1,1490,0.06282151815625656,0.08359182619513428,0.003946543143456867
1491,0,0,1491,0.0,0.0,0.0
1492,0,2,1492,1.9990131207314634,11.538191272052275,0.003946543143456878
1493,0,2,1493,0.06282151815625645,0.011405226028910143,0.003946543143456858
1494,0,0,1494,0.06282151815625654,0.11624740976001158,0.00394654314345687
1495,0,0,1495,0.0628215181562564,0.011255250036647846,0.003946543143456856
1496,0,2,1496,0.0,0.0,0.0
1497,0,2,1497,0.06282151815625649,0.1403335261137233,0.003946543143456864
1498,0,2,1498,0.0,0.0,0.0
1499,0,0,1499,0.06282151815625635,0.17319955416674748,0.003946543143456846
