,Layer,Qubit,Run,2-Norm,Trace Norm,Diamond Norm
0,0,2,0,0.03141463462364152,0.11611284139222722,0.0009868792685368956
1,0,1,1,0.03141463462364111,0.08158331979288214,0.000986879268536872
2,0,0,2,0.03141463462364129,0.003983091238977082,0.000986879268536882
3,0,2,3,0.0314146346236413,0.010447813886552582,0.0009868792685368822
4,0,1,4,0.03141463462364117,0.0030143994371814586,0.0009868792685368748
5,0,0,5,0.03141463462364128,0.10039085095289701,0.0009868792685368802
6,0,2,6,0.03141463462364132,0.0854297863047076,0.0009868792685368837
7,0,2,7,0.03141463462364142,0.08569419328269312,0.0009868792685368904
8,0,0,8,0.03141463462364123,0.0310977449634115,0.0009868792685368778
9,0,2,9,0.031414634623641205,0.04902279571955592,0.0009868792685368772
10,0,2,10,0.03141463462364125,0.004742301993357428,0.0009868792685368791
11,0,2,11,0.03141463462364117,0.23139492030314113,0.0009868792685368748
12,0,2,12,0.03141463462364119,0.09458833984128923,0.000986879268536876
13,0,2,13,0.03141463462364122,0.03208013565146821,0.000986879268536876
14,0,0,14,0.03141463462364133,0.033049636363448265,0.0009868792685368845
15,0,1,15,0.031414634623641226,0.04385431489366631,0.0009868792685368778
16,0,1,16,0.031414634623641184,0.010862901700158911,0.0009868792685368754
17,0,2,17,0.03141463462364117,0.07331278274159514,0.0009868792685368735
18,0,2,18,0.0,0.0,0.0
19,0,2,19,0.03141463462364121,0.05373522925520957,0.0009868792685368754
20,0,0,20,0.03141463462364114,0.010113816901723933,0.0009868792685368728
21,0,0,21,0.03141463462364132,0.002145921238462911,0.0009868792685368809
22,0,0,22,0.03141463462364127,0.009403395821629523,0.0009868792685368804
23,0,1,23,0.0,0.0,0.0
24,0,1,24,0.03141463462364116,0.030743972061423985,0.000986879268536874
25,0,1,25,0.0314146346236412,0.03638531162267386,0.0009868792685368748
26,0,0,26,0.03141463462364154,0.06683038471653191,0.0009868792685368934
27,0,2,27,0.031414634623641205,0.08657042133271942,0.000986879268536873
28,0,2,28,0.0314146346236414,0.08944925609864995,0.0009868792685368893
29,0,1,29,0.031414634623641365,0.05705106882835009,0.0009868792685368863
30,0,2,30,0.031414634623641156,0.013167681536609521,0.0009868792685368737
31,0,1,31,0.03141463462364125,0.0030798554919644894,0.000986879268536879
32,0,0,32,0.0314146346236412,0.07553237543734403,0.0009868792685368765
33,0,0,33,0.0,0.0,0.0
34,0,2,34,0.03141463462364112,0.11841524875809561,0.0009868792685368717
35,0,2,35,0.0,0.0,0.0
36,0,2,36,0.03141463462364126,0.10030500282658661,0.0009868792685368791
37,0,1,37,0.0,0.0,0.0
38,0,0,38,0.031414634623641115,0.006473473295340315,0.0009868792685368715
39,0,2,39,0.03141463462364136,0.08463810063302413,0.0009868792685368876
40,0,0,40,0.0,0.0,0.0
41,0,0,41,0.03141463462364117,0.07904133989405082,0.0009868792685368791
42,0,0,42,0.03141463462364127,0.07947727672890781,0.0009868792685368782
43,0,0,43,0.0,0.0,0.0
44,0,0,44,0.0,0.0,0.0
45,0,2,45,0.031414634623641254,0.18998785602561075,0.0009868792685368798
46,0,1,46,0.03141463462364134,0.0755535112375374,0.0009868792685368848
47,0,0,47,0.03141463462364144,0.015612903407471457,0.0009868792685368917
48,0,0,48,0.03141463462364123,0.005981526716043739,0.0009868792685368785
49,0,0,49,0.0,0.0,0.0
50,0,2,50,0.03141463462364121,0.11424450200347636,0.0009868792685368785
51,0,2,51,0.031414634623641115,0.006896574129932637,0.0009868792685368715
52,0,2,52,0.03141463462364122,0.10912945588490075,0.0009868792685368767
53,0,1,53,0.0,0.0,0.0
54,0,0,54,0.031414634623641344,0.014005915657659074,0.0009868792685368856
55,0,2,55,0.0314146346236412,0.046638328623571146,0.0009868792685368763
56,0,2,56,0.03141463462364121,0.03337469913214122,0.0009868792685368774
57,0,0,57,0.03141463462364135,0.10272613550515164,0.0009868792685368856
58,0,0,58,1.7179894178292952e-16,2.220446049250313e-16,2.9514876397734395e-32
59,0,1,59,0.031414634623641254,0.04294251027532103,0.0009868792685368791
60,0,1,60,0.03141463462364133,0.07157454192155388,0.0009868792685368848
61,0,2,61,0.0,0.0,0.0
62,0,1,62,0.0,0.0,0.0
63,0,1,63,0.03141463462364112,0.055670170616865855,0.0009868792685368717
64,0,2,64,0.0314146346236412,0.10353492648661788,0.0009868792685368759
65,0,2,65,0.031414634623641316,0.09349404156625463,0.000986879268536883
66,0,2,66,0.031414634623641524,0.006483380039389974,0.0009868792685368971
67,0,0,67,0.03141463462364129,0.07369358692322736,0.0009868792685368837
68,0,1,68,0.031414634623641205,0.03891255706456733,0.000986879268536877
69,0,2,69,0.03141463462364119,0.24033472513148735,0.0009868792685368756
70,0,1,70,0.031414634623641344,0.09351646920656309,0.000986879268536885
71,0,1,71,0.03141463462364148,0.1236928434426785,0.0009868792685368945
72,0,0,72,0.0,0.0,0.0
73,0,2,73,0.03141463462364129,0.04286970193257801,0.0009868792685368806
74,0,2,74,0.03141463462364124,0.01382019049622496,0.0009868792685368767
75,0,2,75,0.0,0.0,0.0
76,0,1,76,0.03141463462364124,0.05728865343397249,0.0009868792685368787
77,0,2,77,0.03141463462364131,0.009268222852195862,0.0009868792685368782
78,0,2,78,0.031414634623641156,0.06081857784804262,0.0009868792685368737
79,0,0,79,0.03141463462364116,0.0702282029637229,0.000986879268536871
80,0,1,80,0.03141463462364132,0.036474614182347764,0.000986879268536884
81,0,1,81,0.0,0.0,0.0
82,0,1,82,0.031414634623641205,0.0076780981857903306,0.0009868792685368772
83,0,1,83,0.03141463462364107,0.08022453183766931,0.0009868792685368687
84,0,1,84,0.031414634623641226,0.052252850576488985,0.0009868792685368717
85,0,2,85,0.03141463462364139,0.09040218004772127,0.0009868792685368887
86,0,0,86,0.031414634623641365,0.004936975810593047,0.0009868792685368813
87,0,2,87,0.03141463462364119,0.03585693911485688,0.0009868792685368754
88,0,1,88,0.03141463462364123,0.035972154874669204,0.0009868792685368782
89,0,1,89,0.0314146346236411,0.07994303619023935,0.0009868792685368702
90,0,1,90,0.03141463462364117,0.07697629805158057,0.0009868792685368743
91,0,1,91,0.0,0.0,0.0
92,0,2,92,0.0,0.0,0.0
93,0,0,93,0.03141463462364118,0.01401118986717731,0.0009868792685368748
94,0,0,94,0.03141463462364121,0.19122329128850746,0.0009868792685368774
95,0,0,95,0.03141463462364135,0.028036769892728408,0.0009868792685368858
96,0,2,96,0.03141463462364136,0.05788243420384198,0.0009868792685368843
97,0,1,97,0.031414634623641385,0.04055496491357857,0.0009868792685368878
98,0,0,98,0.03141463462364111,0.012183342774543165,0.0009868792685368707
99,0,2,99,0.03141463462364117,0.12359984495881449,0.0009868792685368754
100,0,0,100,0.03141463462364128,0.008688904875825187,0.000986879268536881
101,0,1,101,0.031414634623641254,0.006461728978858439,0.0009868792685368793
102,0,0,102,0.03141463462364129,0.032798951875243065,0.0009868792685368826
103,0,0,103,0.0314146346236413,0.076146841790796,0.0009868792685368832
104,0,1,104,0.0314146346236412,0.13756295943583563,0.0009868792685368765
105,0,0,105,0.031414634623641295,0.03535084322659021,0.000986879268536882
106,0,1,106,0.0,0.0,0.0
107,0,2,107,0.03141463462364141,0.08548660488364312,0.0009868792685368893
108,0,0,108,0.0314146346236411,0.04830002289644075,0.0009868792685368696
109,0,1,109,0.03141463462364134,0.036803880530141275,0.0009868792685368848
110,0,0,110,0.03141463462364103,0.002751966901361952,0.000986879268536866
111,0,0,111,0.031414634623641184,0.016037377545330397,0.0009868792685368772
112,0,2,112,0.031414634623641184,0.014294482520153196,0.0009868792685368752
113,0,1,113,0.03141463462364126,0.0058592782377454335,0.0009868792685368804
114,0,0,114,0.03141463462364126,3.1117773152924055e-06,0.0009868792685368804
115,0,1,115,0.03141463462364129,0.07875079434802101,0.0009868792685368822
116,0,2,116,0.031414634623641295,0.037109376345790146,0.0009868792685368824
117,0,0,117,0.0,0.0,0.0
118,0,1,118,0.03141463462364112,0.009461240148739822,0.000986879268536872
119,0,0,119,0.031414634623641365,0.049327246972763916,0.0009868792685368871
120,0,1,120,0.03141463462364145,0.002906937127549525,0.00098687926853689
121,0,0,121,0.03141463462364115,0.006692360196655867,0.0009868792685368741
122,0,2,122,0.03141463462364127,0.08951474990126085,0.000986879268536881
123,0,1,123,0.031414634623641094,0.11984915513379191,0.0009868792685368702
124,0,0,124,0.03141463462364137,0.0833182948211455,0.0009868792685368865
125,0,0,125,0.031414634623641385,0.02998368700555476,0.0009868792685368887
126,0,2,126,0.03141463462364113,0.02766994462879868,0.000986879268536872
127,0,1,127,0.031414634623641115,0.10801311528074997,0.0009868792685368704
128,0,2,128,0.031414634623641274,0.021050980231691163,0.0009868792685368804
129,0,1,129,0.0,0.0,0.0
130,0,1,130,0.03141463462364124,0.1380507221685381,0.0009868792685368791
131,0,0,131,0.0,0.0,0.0
132,0,0,132,0.031414634623641254,0.005827445501635609,0.0009868792685368798
133,0,1,133,0.0,0.0,0.0
134,0,2,134,0.031414634623641566,0.04141091510972905,0.0009868792685369015
135,0,2,135,0.03141463462364132,0.069844087699795,0.000986879268536884
136,0,0,136,0.03141463462364119,0.07773852579188434,0.0009868792685368759
137,0,0,137,0.03141463462364119,0.005268779040862093,0.0009868792685368756
138,0,1,138,0.031414634623641205,0.07460611351178603,0.0009868792685368765
139,0,2,139,0.03141463462364137,4.4508359350176746e-05,0.0009868792685368863
140,0,0,140,0.03141463462364127,0.013870728840487918,0.0009868792685368785
141,0,0,141,0.0,0.0,0.0
142,0,1,142,0.0,0.0,0.0
143,0,1,143,0.03141463462364121,0.04197288874702143,0.000986879268536877
144,0,1,144,0.03141463462364131,0.023890835887176998,0.0009868792685368815
145,0,1,145,0.0314146346236412,0.003940228236323326,0.000986879268536876
146,0,0,146,0.03141463462364139,0.06458538729042029,0.0009868792685368895
147,0,2,147,0.031414634623641205,0.001381713791066129,0.0009868792685368776
148,0,1,148,0.031414634623641274,0.01687056161370759,0.0009868792685368806
149,0,2,149,0.031414634623641344,0.018689449795258994,0.000986879268536885
150,0,2,150,0.03141463462364122,0.11206319919266639,0.0009868792685368772
151,0,0,151,0.0,0.0,0.0
152,0,0,152,0.031414634623641184,0.0012464167412078245,0.0009868792685368748
153,0,0,153,0.031414634623641205,0.08730781511377972,0.0009868792685368778
154,0,0,154,0.031414634623641205,0.02514755788983125,0.0009868792685368765
155,0,1,155,0.03141463462364137,0.1533115645621197,0.0009868792685368871
156,0,0,156,0.03141463462364128,0.05284992109824488,0.000986879268536879
157,0,2,157,0.03141463462364146,0.051230082633763274,0.0009868792685368858
158,0,2,158,0.03141463462364137,0.005721012763793193,0.0009868792685368871
159,0,0,159,0.03141463462364133,0.01738672835161781,0.0009868792685368856
160,0,0,160,0.03141463462364123,0.014951161321003159,0.000986879268536879
161,0,0,161,0.031414634623641365,0.00018247640875163756,0.0009868792685368874
162,0,2,162,0.031414634623641184,0.033608105254437776,0.0009868792685368754
163,0,2,163,0.03141463462364133,0.042826360142765196,0.0009868792685368845
164,0,2,164,0.03141463462364122,0.10497655318287524,0.0009868792685368776
165,0,1,165,0.0,0.0,0.0
166,0,1,166,0.03141463462364124,0.03672769655173175,0.0009868792685368782
167,0,2,167,0.031414634623641274,0.09605125801128,0.00098687926853688
168,0,0,168,0.031414634623641156,0.02361531623213864,0.000986879268536874
169,0,0,169,0.0,0.0,0.0
170,0,1,170,0.0,0.0,0.0
171,0,2,171,0.031414634623641316,0.054267398364230335,0.000986879268536883
172,0,1,172,0.0,0.0,0.0
173,0,1,173,0.03141463462364121,0.10188379402724634,0.0009868792685368774
174,0,1,174,0.031414634623641496,0.017864563090245422,0.000986879268536893
175,0,2,175,0.03141463462364114,0.03344521081841095,0.0009868792685368722
176,0,1,176,0.031414634623641136,0.10019139540493405,0.0009868792685368733
177,0,2,177,0.031414634623641295,0.0048280824500768205,0.0009868792685368793
178,0,1,178,0.03141463462364121,0.008088333532637465,0.0009868792685368772
179,0,1,179,0.031414634623641274,0.05035133839345529,0.0009868792685368793
180,0,0,180,0.0314146346236411,0.03031676733230515,0.0009868792685368709
181,0,2,181,0.03141463462364121,0.024786228504157473,0.000986879268536877
182,0,1,182,0.03141463462364107,0.09312066829448451,0.0009868792685368676
183,0,2,183,0.03141463462364129,0.08585280557621244,0.000986879268536882
184,0,2,184,0.0,0.0,0.0
185,0,0,185,0.03141463462364112,0.050056138779455805,0.0009868792685368717
186,0,0,186,0.03141463462364123,0.008012089011767642,0.000986879268536879
187,0,2,187,0.03141463462364148,0.10861095892265649,0.0009868792685368934
188,0,1,188,0.03141463462364129,0.10917065370718154,0.0009868792685368806
189,0,2,189,0.03141463462364135,0.11614246050502355,0.000986879268536885
190,0,2,190,0.0314146346236414,0.01742567360095304,0.0009868792685368884
191,0,1,191,0.0,0.0,0.0
192,0,0,192,0.0,0.0,0.0
193,0,1,193,0.03141463462364116,0.1201403722640837,0.000986879268536874
194,0,0,194,0.03141463462364119,0.04785427142728205,0.0009868792685368746
195,0,2,195,0.031414634623641254,0.05888396071161206,0.00098687926853688
196,0,1,196,0.031414634623641295,0.05669633286689413,0.0009868792685368824
197,0,2,197,0.031414634623641524,0.07222681183392154,0.0009868792685368965
198,0,2,198,0.03141463462364116,0.020690862630897477,0.0009868792685368735
199,0,1,199,2.0000000000000004,11.71287497103862,0.0009868792685368926
200,0,1,200,0.0314146346236414,0.0020605438211007687,0.0009868792685368897
201,0,0,201,0.031414634623641476,0.002671099993173165,0.0009868792685368917
202,0,2,202,0.03141463462364137,0.018025682957905964,0.0009868792685368874
203,0,0,203,0.0,0.0,0.0
204,0,0,204,0.03141463462364132,0.07358478203159713,0.000986879268536884
205,0,1,205,0.0,0.0,0.0
206,0,1,206,0.03141463462364115,0.015418943314760292,0.0009868792685368728
207,0,0,207,0.03141463462364144,0.004598029430121109,0.0009868792685368897
208,0,1,208,0.0314146346236412,0.10648939301080662,0.0009868792685368763
209,0,1,209,0.03141463462364141,0.08917438613340616,0.0009868792685368897
210,0,2,210,0.0314146346236412,0.019521000310033537,0.0009868792685368759
211,0,0,211,0.031414634623641156,0.12165933103047655,0.0009868792685368733
212,0,1,212,0.03141463462364137,0.07286216815171231,0.0009868792685368871
213,0,2,213,0.031414634623641295,0.05693428738282247,0.0009868792685368795
214,0,2,214,0.03141463462364117,0.04246252525370908,0.000986879268536874
215,0,0,215,0.03141463462364124,0.08036875305811475,0.0009868792685368791
216,0,0,216,0.03141463462364135,0.06559183244430145,0.0009868792685368845
217,0,1,217,0.03141463462364136,0.06498194995311701,0.0009868792685368865
218,0,1,218,0.031414634623641344,0.0018990433685260877,0.0009868792685368845
219,0,0,219,0.03141463462364117,0.007984162710209297,0.0009868792685368748
220,0,0,220,2.000000000000001,0.3416779173517154,0.0009868792685368826
221,0,2,221,0.0,0.0,0.0
222,0,2,222,0.031414634623641316,0.06305419650090371,0.0009868792685368832
223,0,1,223,0.03141463462364131,0.03785269904643762,0.0009868792685368828
224,0,0,224,0.0,0.0,0.0
225,0,0,225,0.0,0.0,0.0
226,0,1,226,0.031414634623641254,0.09249797991581044,0.0009868792685368798
227,0,0,227,0.031414634623641254,0.004248842845667733,0.0009868792685368798
228,0,2,228,0.03141463462364134,0.0008299648124628634,0.000986879268536885
229,0,2,229,0.031414634623641316,0.08572307349203645,0.0009868792685368845
230,0,2,230,0.03141463462364118,0.1160020150819614,0.0009868792685368746
231,0,1,231,0.03141463462364122,0.0018325009476915788,0.0009868792685368778
232,0,0,232,0.0,0.0,0.0
233,0,1,233,0.0,0.0,0.0
234,0,2,234,0.0314146346236413,0.05225376450811936,0.0009868792685368798
235,0,2,235,0.0,0.0,0.0
236,0,2,236,0.0,0.0,0.0
237,0,1,237,0.0314146346236413,0.05864676942886593,0.0009868792685368813
238,0,1,238,0.0,0.0,0.0
239,0,0,239,0.031414634623641274,0.015499076139106518,0.0009868792685368813
240,0,1,240,0.031414634623641066,0.07235943187508309,0.0009868792685368687
241,0,2,241,0.03141463462364127,0.053359480952705596,0.0009868792685368802
242,0,1,242,0.03141463462364132,0.1190246017116734,0.0009868792685368835
243,0,1,243,0.031414634623641226,0.1201606790354448,0.0009868792685368787
244,0,1,244,0.03141463462364127,0.018068246603877403,0.000986879268536881
245,0,0,245,0.0,0.0,0.0
246,0,0,246,2.0000000000000004,15.68188984320125,0.0009868792685368947
247,0,1,247,0.0,0.0,0.0
248,0,0,248,0.03141463462364117,0.05896389995008541,0.0009868792685368748
249,0,1,249,0.03141463462364121,0.0748769036972361,0.0009868792685368765
250,0,2,250,0.03141463462364137,0.01563319449082634,0.000986879268536888
251,0,0,251,0.03141463462364124,0.01524697153997323,0.0009868792685368785
252,0,2,252,0.03141463462364135,0.009747598456981588,0.000986879268536886
253,0,0,253,0.03141463462364133,0.006157487849852705,0.0009868792685368845
254,0,2,254,0.03141463462364122,0.044674300409475676,0.0009868792685368774
255,0,1,255,0.03141463462364118,0.013736005439010435,0.000986879268536875
256,0,1,256,0.0314146346236412,0.0664602344895156,0.000986879268536876
257,0,0,257,0.031414634623641226,0.0443336527147713,0.000986879268536878
258,0,2,258,0.03141463462364115,0.002439422095967869,0.0009868792685368733
259,0,1,259,0.03141463462364117,0.02576924958719312,0.0009868792685368737
260,0,2,260,0.031414634623641434,0.026804992412036377,0.000986879268536891
261,0,2,261,0.0,0.0,0.0
262,0,1,262,0.03141463462364126,0.01359847517712573,0.0009868792685368809
263,0,1,263,0.03141463462364124,0.04306893784535415,0.0009868792685368793
264,0,2,264,0.0,0.0,0.0
265,0,2,265,0.0,0.0,0.0
266,0,0,266,0.03141463462364122,0.046104891840400015,0.0009868792685368787
267,0,1,267,0.03141463462364127,0.09830818150327025,0.0009868792685368804
268,0,1,268,0.03141463462364136,0.03781954592655046,0.0009868792685368835
269,0,0,269,0.0,0.0,0.0
270,0,2,270,0.0314146346236412,0.08272632747085573,0.0009868792685368754
271,0,1,271,0.03141463462364135,0.08273496643534006,0.0009868792685368852
272,0,1,272,0.0,0.0,0.0
273,0,1,273,0.03141463462364113,0.03509572671016592,0.0009868792685368717
274,0,2,274,0.031414634623641205,0.05987680662474171,0.0009868792685368765
275,0,0,275,0.03141463462364125,0.03059188599167273,0.0009868792685368791
276,0,1,276,0.03141463462364105,0.06860986753876142,0.0009868792685368674
277,0,2,277,0.03141463462364122,0.025066552502078343,0.0009868792685368774
278,0,2,278,0.031414634623641205,0.006953164360563591,0.0009868792685368765
279,0,0,279,0.0,0.0,0.0
280,0,2,280,0.03141463462364119,0.06787368254793308,0.0009868792685368754
281,0,1,281,0.03141463462364118,1.041796877832013e-05,0.0009868792685368748
282,0,2,282,0.03141463462364127,0.12315381028712213,0.0009868792685368809
283,0,0,283,0.0,0.0,0.0
284,0,1,284,0.03141463462364121,0.011533966023966946,0.0009868792685368776
285,0,0,285,0.031414634623641226,0.006380109151333857,0.0009868792685368787
286,0,0,286,0.031414634623641205,0.06957635282732255,0.0009868792685368767
287,0,0,287,0.03141463462364111,0.10289804320506213,0.0009868792685368707
288,0,1,288,0.031414634623641254,0.05904526740267663,0.0009868792685368782
289,0,1,289,0.0,0.0,0.0
290,0,0,290,0.03141463462364134,0.11904398611010869,0.0009868792685368843
291,0,0,291,0.0,0.0,0.0
292,0,2,292,0.031414634623641205,0.2198860166744534,0.000986879268536877
293,0,1,293,0.031414634623641045,0.16880237477252935,0.0009868792685368668
294,0,2,294,0.03141463462364151,0.03949929672744945,0.0009868792685368962
295,0,1,295,0.03141463462364125,0.02006701551833956,0.0009868792685368795
296,0,0,296,0.03141463462364117,0.0026286691073200696,0.000986879268536874
297,0,2,297,0.03141463462364136,0.01784537738767622,0.0009868792685368863
298,0,0,298,0.031414634623641156,0.10797882975373918,0.0009868792685368733
299,0,2,299,0.03141463462364121,0.019757556303023942,0.0009868792685368754
300,0,0,300,0.03141463462364119,0.042842937735793785,0.0009868792685368763
301,0,2,301,0.03141463462364115,0.018390624818252377,0.0009868792685368728
302,0,1,302,0.03141463462364131,0.007506044307353604,0.000986879268536883
303,0,2,303,0.03141463462364123,0.003290536829354332,0.0009868792685368787
304,0,2,304,0.031414634623641254,0.06826540121648028,0.0009868792685368798
305,0,1,305,0.0314146346236412,0.02259738824312703,0.0009868792685368774
306,0,0,306,0.03141463462364126,0.030179651846244826,0.00098687926853688
307,0,2,307,0.031414634623641184,0.004623707635026175,0.000986879268536875
308,0,0,308,0.03141463462364134,0.0011511278956028367,0.0009868792685368843
309,0,2,309,0.03141463462364127,0.04169272687990233,0.0009868792685368809
310,0,2,310,0.03141463462364135,0.075576716533863,0.0009868792685368848
311,0,0,311,0.031414634623641385,0.05132397790725163,0.0009868792685368882
312,0,2,312,0.03141463462364122,0.05875538955028148,0.0009868792685368776
313,0,2,313,0.031414634623641184,0.0036740421359667064,0.0009868792685368743
314,0,2,314,0.03141463462364126,0.03205503532455023,0.0009868792685368802
315,0,0,315,0.03141463462364113,0.030488116171330848,0.0009868792685368717
316,0,1,316,0.03141463462364136,0.06489270263908731,0.0009868792685368856
317,0,1,317,0.03141463462364129,0.016582478775326766,0.000986879268536881
318,0,1,318,0.0,0.0,0.0
319,0,0,319,0.03141463462364127,0.013173401928148254,0.0009868792685368806
320,0,1,320,0.0,0.0,0.0
321,0,0,321,0.0314146346236414,0.049488544838740545,0.00098687926853689
322,0,0,322,0.03141463462364134,0.06381597135512296,0.0009868792685368858
323,0,1,323,0.031414634623641115,0.020609969129859337,0.0009868792685368709
324,0,0,324,0.0,0.0,0.0
325,0,0,325,0.0,0.0,0.0
326,0,2,326,0.031414634623641385,0.007063738923561047,0.000986879268536888
327,0,2,327,0.03141463462364119,0.0874821579833025,0.0009868792685368756
328,0,0,328,0.0,0.0,0.0
329,0,1,329,0.03141463462364134,0.07798766731415996,0.0009868792685368835
330,0,2,330,0.03141463462364115,0.027624854220951817,0.000986879268536873
331,0,0,331,0.0,0.0,0.0
332,0,1,332,0.03141463462364128,0.1402856285350964,0.0009868792685368839
333,0,2,333,0.03141463462364121,0.15391754507520738,0.0009868792685368772
334,0,2,334,0.031414634623641205,0.0005559370822676747,0.0009868792685368767
335,0,2,335,0.03141463462364139,0.07870968397267752,0.0009868792685368887
336,0,0,336,0.031414634623641254,0.10617590009546285,0.000986879268536879
337,0,2,337,0.0,0.0,0.0
338,0,2,338,0.03141463462364124,0.06616597677857518,0.0009868792685368782
339,0,0,339,0.03141463462364128,0.10314692143974535,0.0009868792685368806
340,0,0,340,0.03141463462364118,0.11229147925398686,0.0009868792685368754
341,0,0,341,0.03141463462364146,0.07633484875236984,0.0009868792685368934
342,0,1,342,0.0,0.0,0.0
343,0,2,343,0.031414634623641316,0.08527719431469438,0.0009868792685368837
344,0,0,344,0.031414634623641344,0.004043427731357019,0.000986879268536887
345,0,2,345,0.03141463462364121,0.03413026694135274,0.0009868792685368767
346,0,2,346,0.031414634623641184,0.06371092538083423,0.0009868792685368748
347,0,0,347,0.0,0.0,0.0
348,0,2,348,0.03141463462364145,0.11651552494373574,0.0009868792685368915
349,0,2,349,0.03141463462364117,0.0341735393108753,0.0009868792685368746
350,0,2,350,0.03141463462364124,0.00027998350362028884,0.0009868792685368787
351,0,1,351,0.0,0.0,0.0
352,0,0,352,0.0314146346236413,0.023078250934659206,0.000986879268536885
353,0,1,353,0.03141463462364114,0.00852882485980569,0.0009868792685368733
354,0,2,354,0.03141463462364137,0.050944784963480316,0.0009868792685368871
355,0,0,355,0.0,0.0,0.0
356,0,1,356,0.03141463462364122,0.016962607718465805,0.000986879268536878
357,0,2,357,0.03141463462364114,0.019627607434982597,0.0009868792685368726
358,0,2,358,0.031414634623641184,0.024429359534258843,0.000986879268536879
359,0,2,359,0.03141463462364123,0.04675186699418621,0.0009868792685368785
360,0,0,360,0.03141463462364127,0.035149562366637355,0.0009868792685368804
361,0,0,361,0.03141463462364125,0.07274130390821093,0.0009868792685368795
362,0,1,362,0.03141463462364134,0.002259351814966927,0.0009868792685368848
363,0,0,363,0.03141463462364121,0.06605126763106167,0.0009868792685368754
364,0,0,364,0.03141463462364126,0.07847260970960868,0.0009868792685368809
365,0,2,365,0.031414634623641365,0.09072217868870713,0.0009868792685368863
366,0,0,366,0.031414634623641156,0.04604413300395693,0.0009868792685368722
367,0,2,367,0.031414634623641184,0.0337645622247954,0.0009868792685368746
368,0,0,368,0.0,0.0,0.0
369,0,1,369,0.0314146346236414,0.03401907352556832,0.0009868792685368889
370,0,1,370,0.03141463462364141,0.12513584931753474,0.00098687926853689
371,0,1,371,0.0314146346236414,0.09443957094377664,0.0009868792685368884
372,0,0,372,0.031414634623641184,0.00947486947329601,0.0009868792685368759
373,0,2,373,0.0,0.0,0.0
374,0,0,374,0.031414634623641385,0.04789735502129355,0.0009868792685368863
375,0,0,375,0.03141463462364115,0.0010152610361119363,0.000986879268536873
376,0,1,376,0.031414634623641274,0.027425652270284928,0.0009868792685368813
377,0,0,377,0.031414634623641316,0.004663425886224815,0.0009868792685368798
378,0,2,378,0.0,0.0,0.0
379,0,2,379,0.03141463462364132,0.08210701557115785,0.0009868792685368843
380,0,1,380,0.031414634623641226,0.07339388068551395,0.0009868792685368774
381,0,1,381,0.0,0.0,0.0
382,0,1,382,0.03141463462364121,0.0550221937009967,0.000986879268536877
383,0,1,383,0.031414634623641205,0.06307315792370127,0.000986879268536877
384,0,0,384,0.031414634623641184,0.07925669033313198,0.0009868792685368752
385,0,2,385,0.031414634623641274,0.04663852591605222,0.0009868792685368815
386,0,1,386,0.0,0.0,0.0
387,0,0,387,0.03141463462364108,0.016715478668383854,0.0009868792685368687
388,0,2,388,0.031414634623641254,0.0006933930674619393,0.0009868792685368813
389,0,2,389,0.031414634623641184,0.012403693693720103,0.0009868792685368752
390,0,0,390,0.0,0.0,0.0
391,0,2,391,0.0314146346236413,0.038127956871585766,0.0009868792685368835
392,0,2,392,0.0,0.0,0.0
393,0,0,393,0.0,0.0,0.0
394,0,1,394,0.03141463462364129,0.05814758119289998,0.0009868792685368822
395,0,0,395,2.0000000000000004,8.602960784872344,0.0009868792685368995
396,0,2,396,0.0,0.0,0.0
397,0,1,397,0.03141463462364145,0.0021557900683136094,0.0009868792685368913
398,0,1,398,0.03141463462364122,0.03875623938439188,0.0009868792685368778
399,0,1,399,0.0,0.0,0.0
400,0,0,400,0.031414634623641385,0.052302482940098205,0.0009868792685368878
401,0,1,401,0.03141463462364126,0.07823629869905635,0.0009868792685368822
402,0,0,402,0.0,0.0,0.0
403,0,2,403,0.03141463462364111,0.05683055448483498,0.00098687926853687
404,0,2,404,0.03141463462364126,0.11815862114894282,0.0009868792685368806
405,0,2,405,0.031414634623641274,0.004497790893496223,0.0009868792685368817
406,0,0,406,0.03141463462364128,0.06806737547015707,0.0009868792685368822
407,0,0,407,0.03141463462364131,0.03215407553918881,0.0009868792685368832
408,0,1,408,0.03141463462364116,0.011507692505560465,0.0009868792685368741
409,0,1,409,0.0,0.0,0.0
410,0,1,410,0.03141463462364132,0.05188448840420834,0.000986879268536883
411,0,2,411,0.031414634623641226,0.002426786816373455,0.0009868792685368778
412,0,1,412,0.0314146346236412,0.09734839989137756,0.000986879268536877
413,0,2,413,0.0314146346236412,0.10074127875514227,0.0009868792685368754
414,0,0,414,0.031414634623641205,0.149103895046665,0.0009868792685368778
415,0,1,415,0.031414634623641344,0.06768656803208062,0.000986879268536885
416,0,2,416,0.03141463462364114,0.006880997407243183,0.0009868792685368726
417,0,2,417,0.03141463462364119,0.10738893849621034,0.0009868792685368754
418,0,0,418,0.0,0.0,0.0
419,0,1,419,0.03141463462364114,0.019511832590946243,0.0009868792685368737
420,0,1,420,0.0,0.0,0.0
421,0,2,421,0.031414634623641226,0.008179550569726204,0.0009868792685368787
422,0,0,422,0.031414634623641316,0.07829562904912857,0.0009868792685368835
423,0,1,423,0.031414634623641136,0.07883945639204626,0.000986879268536872
424,0,1,424,0.0,0.0,0.0
425,0,2,425,0.03141463462364131,0.07471572532744375,0.0009868792685368835
426,0,1,426,0.03141463462364135,0.026093762132358034,0.0009868792685368845
427,0,2,427,0.03141463462364122,0.06279401052920841,0.0009868792685368765
428,0,2,428,0.03141463462364141,0.0026772718793319217,0.0009868792685368906
429,0,0,429,0.031414634623641205,0.012826650633476488,0.0009868792685368767
430,0,0,430,0.031414634623641184,0.04978948473759637,0.0009868792685368754
431,0,2,431,0.03141463462364127,0.014229339699790455,0.0009868792685368802
432,0,2,432,0.03141463462364124,0.07683045472165073,0.0009868792685368791
433,0,2,433,0.03141463462364125,0.12040845528025823,0.0009868792685368793
434,0,0,434,0.03141463462364126,0.007147910672316002,0.0009868792685368806
435,0,0,435,0.03141463462364136,0.019704592534041332,0.0009868792685368867
436,0,2,436,0.03141463462364143,0.09702346215340096,0.000986879268536891
437,0,2,437,0.03141463462364133,0.01124300343633533,0.0009868792685368845
438,0,0,438,0.03141463462364133,0.0170309901192367,0.0009868792685368843
439,0,1,439,0.031414634623641184,0.05619643864875723,0.0009868792685368754
440,0,0,440,0.031414634623641316,0.004660237948125867,0.0009868792685368839
441,0,1,441,0.03141463462364116,0.03094418467953268,0.0009868792685368737
442,0,1,442,0.03141463462364119,0.08333943919541476,0.0009868792685368759
443,0,0,443,0.0,0.0,0.0
444,0,1,444,0.031414634623641365,0.005619443266484808,0.0009868792685368871
445,0,2,445,0.031414634623641254,0.01789973631382366,0.0009868792685368815
446,0,2,446,0.03141463462364121,0.00044050635087670986,0.0009868792685368776
447,0,0,447,0.0,0.0,0.0
448,0,0,448,0.03141463462364113,0.05534727106004045,0.0009868792685368717
449,0,2,449,0.031414634623641184,0.11887405285094554,0.0009868792685368748
450,0,0,450,0.0,0.0,0.0
451,0,2,451,0.03141463462364122,0.024561612943561073,0.0009868792685368763
452,0,1,452,0.031414634623641205,0.009717284955413187,0.000986879268536875
453,0,1,453,0.031414634623641205,0.025405803369212554,0.0009868792685368774
454,0,1,454,0.03141463462364121,0.09601341234066618,0.0009868792685368774
455,0,1,455,0.03141463462364124,0.018736949240074526,0.000986879268536879
456,0,1,456,0.031414634623641434,0.023245913385459893,0.0009868792685368915
457,0,0,457,0.031414634623641156,0.083141949701242,0.0009868792685368726
458,0,0,458,0.03141463462364118,0.0570529522046872,0.0009868792685368746
459,0,0,459,0.03141463462364118,0.011112986107518543,0.0009868792685368752
460,0,1,460,0.0,0.0,0.0
461,0,2,461,0.03141463462364117,0.012084635430771984,0.0009868792685368746
462,0,0,462,0.03141463462364123,0.12362357511549904,0.0009868792685368785
463,0,0,463,0.031414634623641274,0.05907118726119487,0.0009868792685368754
464,0,2,464,0.03141463462364124,0.09010662172797756,0.000986879268536879
465,0,1,465,0.03141463462364139,0.09151963065602686,0.0009868792685368882
466,0,1,466,0.03141463462364146,0.0011512406684791587,0.000986879268536893
467,0,2,467,0.031414634623641295,0.050624177217758415,0.0009868792685368837
468,0,2,468,0.031414634623641274,0.004601126465561434,0.0009868792685368809
469,0,1,469,0.0314146346236413,0.03735837271812992,0.0009868792685368822
470,0,1,470,0.0,0.0,0.0
471,0,0,471,0.031414634623641344,0.09157079818128899,0.0009868792685368854
472,0,0,472,0.03141463462364124,0.047854553375034053,0.0009868792685368782
473,0,0,473,0.031414634623641184,0.006383202500253482,0.0009868792685368752
474,0,2,474,0.0,0.0,0.0
475,0,2,475,0.0314146346236412,0.02728773759283304,0.0009868792685368754
476,0,0,476,0.031414634623641205,0.12054400297818724,0.0009868792685368767
477,0,0,477,0.0314146346236414,0.05650923888676762,0.0009868792685368887
478,0,1,478,0.03141463462364128,0.06021453403197552,0.00098687926853688
479,0,1,479,0.0314146346236413,0.06853958411352268,0.0009868792685368793
480,0,2,480,0.031414634623641385,0.10530988789001228,0.000986879268536888
481,0,2,481,0.03141463462364134,0.12247895747549875,0.0009868792685368852
482,0,1,482,0.03141463462364114,0.002358918571175095,0.000986879268536873
483,0,1,483,0.031414634623641136,0.02443103100171129,0.0009868792685368726
484,0,0,484,0.03141463462364139,0.08629408419398032,0.000986879268536888
485,0,2,485,0.03141463462364107,0.041847365061503716,0.000986879268536869
486,0,1,486,0.03141463462364116,0.21909359689915964,0.0009868792685368735
487,0,1,487,0.03141463462364115,0.025369737710257856,0.0009868792685368733
488,0,0,488,0.0314146346236412,0.02158260526557232,0.000986879268536877
489,0,0,489,0.031414634623641274,0.08896575759012904,0.0009868792685368809
490,0,2,490,0.0,0.0,0.0
491,0,2,491,0.031414634623641344,0.2026989854298411,0.0009868792685368858
492,0,2,492,0.03141463462364134,0.10191519394813109,0.000986879268536885
493,0,2,493,0.0,0.0,0.0
494,0,0,494,0.03141463462364147,0.08632123791599167,0.0009868792685368945
495,0,0,495,0.03141463462364115,0.05651550529661409,0.0009868792685368737
496,0,1,496,0.03141463462364135,0.014806760194912894,0.0009868792685368858
497,0,1,497,0.0,0.0,0.0
498,0,2,498,0.03141463462364138,0.07506870281603767,0.000986879268536886
499,0,1,499,0.03141463462364119,0.02629909076938259,0.0009868792685368756
500,0,0,500,0.0,0.0,0.0
501,0,2,501,0.031414634623641455,0.11145045082128657,0.0009868792685368893
502,0,0,502,0.03141463462364125,0.07430216158013958,0.0009868792685368798
503,0,0,503,0.0,0.0,0.0
504,0,0,504,0.0314146346236411,0.0745891992510187,0.0009868792685368702
505,0,2,505,0.03141463462364131,0.09127228966503154,0.000986879268536883
506,0,2,506,0.03141463462364122,0.06866931656271191,0.000986879268536878
507,0,2,507,0.03141463462364126,0.0065369730989930375,0.0009868792685368806
508,0,1,508,0.03141463462364134,0.053609735217575505,0.0009868792685368835
509,0,2,509,0.0,0.0,0.0
510,0,2,510,0.0,0.0,0.0
511,0,1,511,0.0,0.0,0.0
512,0,2,512,0.0,0.0,0.0
513,0,1,513,0.031414634623641156,0.09545982048609103,0.000986879268536874
514,0,2,514,0.031414634623641434,0.0032970692038585547,0.0009868792685368913
515,0,2,515,0.03141463462364112,0.11110584924195166,0.0009868792685368741
516,0,2,516,0.031414634623641295,0.049802530971802206,0.0009868792685368824
517,0,0,517,0.03141463462364147,0.004604678770492754,0.0009868792685368913
518,0,2,518,0.031414634623641045,0.09162143407269752,0.0009868792685368665
519,0,2,519,0.031414634623641226,0.0599389581037697,0.0009868792685368782
520,0,2,520,0.03141463462364118,0.007287120363138333,0.000986879268536875
521,0,2,521,0.0314146346236412,0.00373272968922235,0.0009868792685368756
522,0,0,522,0.0,0.0,0.0
523,0,2,523,0.03141463462364124,0.21225169923785092,0.0009868792685368795
524,0,0,524,0.03141463462364149,0.039700863730556035,0.0009868792685368945
525,0,2,525,0.03141463462364125,0.024231082987176633,0.0009868792685368785
526,0,0,526,0.031414634623641226,0.11974251950746406,0.0009868792685368776
527,0,0,527,0.0314146346236414,0.08193792216990814,0.0009868792685368871
528,0,1,528,0.031414634623641316,0.08857304470131222,0.0009868792685368835
529,0,1,529,2.0,3.407116978352394,0.000986879268536902
530,0,1,530,0.03141463462364148,0.05235223109059994,0.0009868792685368958
531,0,2,531,0.03141463462364142,0.0011844663973343827,0.0009868792685368904
532,0,2,532,0.031414634623641295,0.11191183411048661,0.000986879268536881
533,0,2,533,0.031414634623641344,0.07771589149447555,0.0009868792685368854
534,0,1,534,0.031414634623641365,0.12033170331297915,0.0009868792685368865
535,0,1,535,0.031414634623641136,0.010308650222596409,0.0009868792685368726
536,0,1,536,0.031414634623641254,0.008328520746550445,0.0009868792685368795
537,0,1,537,0.03141463462364129,0.1611775252711043,0.0009868792685368817
538,0,1,538,2.0,1.1724393769860368,0.0009868792685368975
539,0,1,539,0.03141463462364145,0.09095340276224917,0.0009868792685368915
540,0,2,540,0.03141463462364117,0.011208389339215585,0.000986879268536875
541,0,1,541,0.031414634623641184,0.10131697085101399,0.0009868792685368754
542,0,2,542,0.03141463462364117,0.06102939707766586,0.000986879268536872
543,0,0,543,0.03141463462364119,0.12236134221231154,0.0009868792685368756
544,0,2,544,0.03141463462364131,0.06715134923078647,0.000986879268536883
545,0,2,545,0.03141463462364145,0.023587954711261627,0.000986879268536892
546,0,1,546,0.0,0.0,0.0
547,0,1,547,0.031414634623641115,0.0627595141718329,0.0009868792685368707
548,0,2,548,0.03141463462364114,0.11963705027857285,0.000986879268536873
549,0,1,549,0.031414634623641254,0.00978302562313349,0.0009868792685368798
550,0,0,550,0.03141463462364118,0.02637273381535109,0.0009868792685368748
551,0,0,551,0.031414634623641226,0.03980754609619175,0.0009868792685368787
552,0,1,552,0.03141463462364131,0.023592362186732885,0.0009868792685368824
553,0,1,553,0.03141463462364117,0.006879137786127032,0.000986879268536874
554,0,1,554,0.03141463462364115,0.0011967678186758923,0.000986879268536874
555,0,1,555,0.03141463462364123,0.08368393696837506,0.0009868792685368774
556,0,1,556,2.000000000000001,8.463997686777097,0.0009868792685368926
557,0,2,557,0.0,0.0,0.0
558,0,0,558,0.031414634623641344,0.10891356129002927,0.0009868792685368839
559,0,0,559,0.03141463462364129,0.0016406807626909298,0.000986879268536882
560,0,2,560,0.0,0.0,0.0
561,0,2,561,0.03141463462364141,0.0063052441705764295,0.0009868792685368874
562,0,2,562,0.03141463462364144,0.03690065326824654,0.000986879268536891
563,0,1,563,0.0314146346236414,0.019828619074263365,0.0009868792685368884
564,0,2,564,0.03141463462364127,0.04743642828327732,0.0009868792685368804
565,0,1,565,0.031414634623641226,0.023760257928278405,0.0009868792685368782
566,0,2,566,0.031414634623641184,0.007064736752472878,0.000986879268536876
567,0,1,567,0.0,0.0,0.0
568,0,0,568,1.9997532649633218,15.347553372553747,0.000986879268536894
569,0,1,569,0.03141463462364152,0.04052957538400159,0.0009868792685368962
570,0,1,570,0.03141463462364131,0.03400862564932916,0.000986879268536882
571,0,2,571,0.03141463462364128,0.04681057815101153,0.0009868792685368815
572,0,0,572,0.0,0.0,0.0
573,0,1,573,0.0,0.0,0.0
574,0,2,574,0.03141463462364135,0.009868539764481599,0.0009868792685368856
575,0,0,575,0.0,0.0,0.0
576,0,0,576,0.03141463462364113,0.052628444587708934,0.0009868792685368724
577,0,0,577,0.03141463462364133,0.03764216261427278,0.0009868792685368839
578,0,2,578,0.03141463462364118,0.09960407449900521,0.000986879268536875
579,0,0,579,0.03141463462364118,0.12180367573276651,0.0009868792685368752
580,0,2,580,0.03141463462364122,0.050952935502116325,0.000986879268536879
581,0,0,581,0.03141463462364115,0.015528013456568512,0.0009868792685368724
582,0,2,582,0.03141463462364103,0.11172052363223983,0.0009868792685368646
583,0,1,583,0.03141463462364118,0.23334572854925895,0.0009868792685368752
584,0,2,584,0.031414634623641344,0.04428237342564034,0.0009868792685368854
585,0,0,585,0.0,0.0,0.0
586,0,2,586,0.03141463462364126,0.09165741143971129,0.0009868792685368782
587,0,2,587,0.031414634623641406,0.13512580070001423,0.0009868792685368897
588,0,1,588,0.03141463462364129,0.03606109181838968,0.000986879268536882
589,0,0,589,0.03141463462364124,0.053389042139017705,0.0009868792685368793
590,0,1,590,0.03141463462364129,0.032221260495847476,0.0009868792685368778
591,0,0,591,0.031414634623641316,0.06461432808584755,0.0009868792685368837
592,0,2,592,0.03141463462364129,0.0012354719988394436,0.0009868792685368817
593,0,2,593,0.0,0.0,0.0
594,0,2,594,0.0,0.0,0.0
595,0,1,595,0.0,0.0,0.0
596,0,0,596,0.031414634623641184,0.006549889213125937,0.0009868792685368765
597,0,1,597,0.03141463462364134,0.013025327564633926,0.0009868792685368845
598,0,1,598,0.0,0.0,0.0
599,0,2,599,0.03141463462364128,0.1094873664756495,0.000986879268536881
600,0,0,600,0.03141463462364121,0.17918647303139001,0.0009868792685368776
601,0,2,601,1.7347234759768074e-17,0.0,3.009265538105056e-34
602,0,2,602,0.03141463462364121,0.06689322370761985,0.000986879268536877
603,0,2,603,0.0,0.0,0.0
604,0,1,604,0.03141463462364124,0.0978827466702055,0.000986879268536879
605,0,2,605,0.03141463462364125,0.06115328447736914,0.0009868792685368795
606,0,1,606,0.03141463462364117,0.06131310951555058,0.0009868792685368741
607,0,2,607,0.03141463462364119,0.10749815342644009,0.0009868792685368754
608,0,0,608,0.03141463462364129,0.10298365742425863,0.0009868792685368822
609,0,0,609,0.031414634623641406,0.02961079294622948,0.000986879268536889
610,0,2,610,0.03141463462364133,0.0016971888921037959,0.0009868792685368843
611,0,2,611,0.03141463462364143,0.0027237410490688063,0.0009868792685368902
612,0,2,612,0.03141463462364111,0.10214690876078913,0.0009868792685368704
613,0,1,613,0.03141463462364117,0.08001271610691041,0.0009868792685368743
614,0,0,614,0.0,0.0,0.0
615,0,2,615,0.03141463462364115,0.07424380320780083,0.0009868792685368737
616,0,2,616,0.03141463462364142,0.05679363343653421,0.0009868792685368902
617,0,1,617,0.031414634623641476,0.03928725013176715,0.000986879268536893
618,0,2,618,0.03141463462364141,0.025215716036030678,0.00098687926853689
619,0,1,619,0.031414634623641226,0.014722245063130135,0.0009868792685368778
620,0,0,620,0.03141463462364129,0.09920566160284938,0.000986879268536882
621,0,0,621,0.0314146346236411,0.04657285047010706,0.000986879268536867
622,0,2,622,0.03141463462364139,0.05730573928542948,0.0009868792685368889
623,0,1,623,0.03141463462364117,0.002158395829863269,0.0009868792685368746
624,0,2,624,0.03141463462364129,0.0015880720329911023,0.0009868792685368815
625,0,2,625,0.03141463462364128,0.04885309009071337,0.000986879268536882
626,0,1,626,0.03141463462364116,0.05092420176732082,0.000986879268536874
627,0,2,627,0.0,0.0,0.0
628,0,1,628,0.031414634623641476,0.0033022561892809277,0.0009868792685368926
629,0,1,629,0.03141463462364117,0.045598125095840325,0.000986879268536874
630,0,0,630,0.0,0.0,0.0
631,0,1,631,0.031414634623641205,0.03878268452661604,0.0009868792685368743
632,0,0,632,0.0,0.0,0.0
633,0,2,633,0.03141463462364119,0.11179839063856983,0.0009868792685368748
634,0,1,634,0.031414634623641385,0.05722008427649872,0.0009868792685368878
635,0,0,635,0.031414634623641344,0.03780871184089715,0.000986879268536884
636,0,2,636,0.03141463462364129,0.1809272516889351,0.0009868792685368822
637,0,2,637,0.03141463462364115,0.005201673709037874,0.000986879268536873
638,0,1,638,0.031414634623641254,0.060961802097186046,0.0009868792685368802
639,0,1,639,0.031414634623641656,0.03952930206257399,0.000986879268536905
640,0,2,640,0.031414634623641226,0.08624770971632456,0.0009868792685368782
641,0,1,641,0.0314146346236414,0.11545136540897438,0.000986879268536889
642,0,2,642,0.03141463462364128,0.0636405956566577,0.000986879268536882
643,0,1,643,0.03141463462364116,0.06744105404701184,0.0009868792685368715
644,0,0,644,0.03141463462364143,0.07522837897770085,0.00098687926853689
645,0,2,645,0.031414634623641406,0.07083996700493939,0.000986879268536889
646,0,2,646,0.03141463462364119,0.2255594884383928,0.0009868792685368763
647,0,1,647,0.03141463462364114,0.012201472724680307,0.0009868792685368728
648,0,2,648,0.03141463462364117,0.007505860970319689,0.0009868792685368743
649,0,0,649,0.031414634623641136,0.11289681605789825,0.0009868792685368726
650,0,1,650,0.0,0.0,0.0
651,0,1,651,0.03141463462364127,0.028894940083341106,0.000986879268536881
652,0,2,652,0.03141463462364115,0.004852014844844765,0.0009868792685368728
653,0,1,653,0.03141463462364115,0.09553876511600734,0.0009868792685368737
654,0,1,654,0.031414634623641254,0.036002876900354946,0.0009868792685368778
655,0,0,655,0.031414634623641344,0.10270016876914667,0.0009868792685368848
656,0,1,656,0.03141463462364121,0.022683689287773312,0.0009868792685368767
657,0,1,657,0.03141463462364143,0.07538404041231761,0.0009868792685368923
658,0,2,658,0.03141463462364125,0.035209731016289325,0.0009868792685368785
659,0,2,659,0.03141463462364135,0.018544518515381192,0.0009868792685368848
660,0,2,660,0.031414634623641205,0.127510679643425,0.0009868792685368765
661,0,1,661,0.03141463462364113,0.09659394823413203,0.000986879268536871
662,0,2,662,0.0,0.0,0.0
663,0,0,663,0.03141463462364134,0.0820347919826222,0.0009868792685368828
664,0,2,664,0.03141463462364125,0.06660821389672711,0.0009868792685368795
665,0,2,665,0.03141463462364122,0.007252221867171144,0.000986879268536878
666,0,1,666,0.03141463462364126,0.037931526085548506,0.0009868792685368798
667,0,0,667,0.031414634623641365,0.08724210292312096,0.0009868792685368852
668,0,2,668,0.0314146346236412,0.01576296445211467,0.0009868792685368741
669,0,0,669,0.03141463462364127,0.0030238543495653206,0.0009868792685368809
670,0,0,670,0.03141463462364126,0.024353129223705347,0.0009868792685368802
671,0,0,671,0.031414634623641184,0.05674948766228338,0.0009868792685368726
672,0,2,672,0.03141463462364133,0.01871881453457025,0.0009868792685368848
673,0,2,673,0.0,0.0,0.0
674,0,0,674,0.03141463462364133,0.027718195033882065,0.0009868792685368837
675,0,0,675,0.03141463462364132,0.005433222811764615,0.000986879268536884
676,0,1,676,0.0,0.0,0.0
677,0,0,677,0.03141463462364146,0.03021685449903999,0.0009868792685368939
678,0,1,678,0.03141463462364131,0.005802269109658975,0.0009868792685368835
679,0,2,679,0.0,0.0,0.0
680,0,0,680,0.03141463462364135,0.006866502813418052,0.0009868792685368854
681,0,1,681,0.03141463462364128,0.1121765639152954,0.0009868792685368806
682,0,0,682,0.03141463462364128,0.12405542688667559,0.0009868792685368813
683,0,2,683,0.031414634623641295,0.02444823569002308,0.0009868792685368813
684,0,2,684,0.03141463462364138,0.08008380649173796,0.0009868792685368876
685,0,0,685,0.03141463462364121,0.08199188252429157,0.0009868792685368765
686,0,0,686,0.031414634623641254,0.045281308683137844,0.0009868792685368787
687,0,0,687,0.03141463462364129,0.0236654468271007,0.000986879268536882
688,0,1,688,0.03141463462364146,0.06417435460931387,0.0009868792685368928
689,0,2,689,0.03141463462364135,0.02576375599846248,0.000986879268536885
690,0,0,690,0.0,0.0,0.0
691,0,1,691,0.031414634623641066,0.09313188586546306,0.0009868792685368674
692,0,1,692,0.03141463462364121,0.007230867077624267,0.0009868792685368767
693,0,1,693,0.031414634623641254,0.004093868090073144,0.0009868792685368802
694,0,0,694,0.03141463462364112,0.07903388951272139,0.0009868792685368713
695,0,0,695,0.031414634623641476,0.04852970487363706,0.0009868792685368936
696,0,2,696,0.0314146346236412,0.054176896474565694,0.000986879268536876
697,0,0,697,0.03141463462364132,0.09520505308776328,0.0009868792685368835
698,0,0,698,0.03141463462364142,0.02206489160644365,0.0009868792685368895
699,0,2,699,0.03141463462364127,0.0006883393427137285,0.0009868792685368804
700,0,1,700,0.03141463462364122,0.06962358934584234,0.0009868792685368767
701,0,1,701,0.0314146346236414,0.019591926453551345,0.000986879268536887
702,0,2,702,0.0314146346236412,0.024113509926412494,0.0009868792685368765
703,0,2,703,0.0,0.0,0.0
704,0,1,704,0.03141463462364122,0.005243872378310144,0.0009868792685368752
705,0,1,705,0.031414634623641344,0.05511174510882855,0.000986879268536885
706,0,2,706,0.0,0.0,0.0
707,0,1,707,0.031414634623641045,0.050583766762794136,0.0009868792685368665
708,0,1,708,0.03141463462364125,0.09630338105997027,0.0009868792685368793
709,0,2,709,0.0,0.0,0.0
710,0,0,710,0.03141463462364138,0.08043917523814326,0.0009868792685368871
711,0,0,711,0.03141463462364135,0.014942468634130512,0.0009868792685368856
712,0,1,712,0.031414634623641344,0.07506516427420795,0.0009868792685368845
713,0,2,713,0.031414634623641156,0.055745636494465955,0.0009868792685368733
714,0,2,714,0.0314146346236412,0.05487151137336852,0.0009868792685368763
715,0,1,715,0.031414634623641136,0.000542481265851661,0.000986879268536873
716,0,1,716,0.031414634623641295,0.11400774471178643,0.0009868792685368824
717,0,0,717,0.031414634623641226,0.04706772314990376,0.0009868792685368715
718,0,1,718,0.03141463462364127,0.07720355879970864,0.00098687926853688
719,0,0,719,0.03141463462364112,0.05106291709813515,0.000986879268536873
720,0,1,720,0.031414634623641184,0.030138927142774538,0.0009868792685368752
721,0,1,721,0.03141463462364141,0.046685548127999965,0.0009868792685368897
722,0,1,722,0.031414634623641136,0.03276642761377223,0.0009868792685368724
723,0,1,723,0.03141463462364118,0.10149277632323184,0.000986879268536875
724,0,1,724,0.03141463462364119,0.07407381103317867,0.0009868792685368759
725,0,1,725,0.0,0.0,0.0
726,0,1,726,0.03141463462364124,0.18330567420606525,0.0009868792685368782
727,0,0,727,0.0,0.0,0.0
728,0,0,728,0.031414634623641385,0.0037503730884478337,0.000986879268536888
729,0,0,729,0.03141463462364131,0.026197471960438312,0.000986879268536883
730,0,0,730,0.031414634623641115,0.031217584995210185,0.0009868792685368715
731,0,1,731,0.03141463462364121,0.205493553252047,0.0009868792685368774
732,0,2,732,0.031414634623641156,0.04374886269340017,0.000986879268536874
733,0,2,733,0.03141463462364121,0.036314398196727105,0.000986879268536878
734,0,0,734,0.031414634623641156,0.004747816842092564,0.0009868792685368737
735,0,0,735,0.0,0.0,0.0
736,0,1,736,0.0314146346236414,0.022957736169700205,0.0009868792685368848
737,0,1,737,0.03141463462364134,0.012955155085521142,0.0009868792685368858
738,0,2,738,0.031414634623641344,0.04131257630632601,0.0009868792685368843
739,0,1,739,0.03141463462364114,0.06094244725400877,0.0009868792685368724
740,0,0,740,0.03141463462364126,0.12006777220370646,0.0009868792685368802
741,0,1,741,0.03141463462364116,0.09479604893002191,0.0009868792685368752
742,0,1,742,0.03141463462364117,0.04288980302506988,0.0009868792685368743
743,0,2,743,0.0314146346236414,0.05802633771676058,0.000986879268536889
744,0,1,744,0.0,0.0,0.0
745,0,2,745,0.0314146346236413,0.08777565151844202,0.0009868792685368822
746,0,1,746,0.031414634623641434,0.04217738816382788,0.0009868792685368908
747,0,2,747,0.031414634623641205,0.009271688488535101,0.0009868792685368785
748,0,1,748,0.03141463462364116,0.009442841587985501,0.0009868792685368752
749,0,0,749,0.03141463462364128,0.014681728665837501,0.0009868792685368809
750,0,1,750,0.031414634623641365,0.018445612933260913,0.0009868792685368856
751,0,1,751,0.031414634623641385,0.018783277680416877,0.0009868792685368878
752,0,2,752,0.0314146346236413,0.06599827407329863,0.0009868792685368817
753,0,1,753,0.031414634623641385,0.0018308453596672103,0.000986879268536891
754,0,0,754,0.0,0.0,0.0
755,0,1,755,0.03141463462364109,0.018484713096657668,0.0009868792685368698
756,0,1,756,0.03141463462364127,0.02360489162305216,0.0009868792685368809
757,0,2,757,0.03141463462364135,0.029440949991525578,0.000986879268536886
758,0,1,758,0.03141463462364142,0.006339318269019012,0.0009868792685368906
759,0,2,759,0.03141463462364132,0.09240674693078066,0.0009868792685368843
760,0,1,760,0.03141463462364116,0.0069812107506038446,0.0009868792685368737
761,0,2,761,0.03141463462364138,0.05351489230893147,0.0009868792685368858
762,0,0,762,0.031414634623641226,0.08123776352478185,0.0009868792685368776
763,0,2,763,0.03141463462364119,0.0017211443124990969,0.000986879268536874
764,0,2,764,0.031414634623641226,0.10755906059471743,0.0009868792685368746
765,0,2,765,0.03141463462364121,0.009569368645816922,0.0009868792685368772
766,0,2,766,0.0,0.0,0.0
767,0,0,767,0.0314146346236413,0.050837777286847796,0.0009868792685368822
768,0,0,768,0.03141463462364122,0.007270134482388002,0.0009868792685368767
769,0,0,769,0.031414634623641184,0.0008300789238939897,0.0009868792685368746
770,0,0,770,0.03141463462364112,0.0692315653073109,0.0009868792685368715
771,0,0,771,0.031414634623641344,0.03922110288308733,0.0009868792685368845
772,0,0,772,0.03141463462364141,0.034148080769726974,0.0009868792685368904
773,0,0,773,0.0,0.0,0.0
774,0,2,774,0.0,0.0,0.0
775,0,1,775,0.0,0.0,0.0
776,0,1,776,0.0,0.0,0.0
777,0,0,777,0.0,0.0,0.0
778,0,0,778,0.03141463462364129,0.06314713501476776,0.0009868792685368815
779,0,1,779,0.03141463462364119,0.011909543456284628,0.0009868792685368752
780,0,1,780,0.03141463462364122,0.09653262597494283,0.0009868792685368782
781,0,2,781,0.031414634623641434,0.003460190990901779,0.000986879268536895
782,0,1,782,0.0314146346236414,0.04305288361983739,0.0009868792685368878
783,0,2,783,0.031414634623641295,0.08621210220333508,0.0009868792685368822
784,0,0,784,0.0314146346236412,0.013190614773795961,0.0009868792685368763
785,0,1,785,0.031414634623641365,0.08749844724459255,0.0009868792685368867
786,0,2,786,0.03141463462364124,0.044510045532998976,0.0009868792685368785
787,0,1,787,0.031414634623641184,0.02479167032312768,0.0009868792685368754
788,0,2,788,0.0,0.0,0.0
789,0,0,789,0.031414634623641274,0.05916124411730672,0.0009868792685368815
790,0,0,790,0.03141463462364106,0.0915646451835101,0.0009868792685368674
791,0,2,791,0.03141463462364118,0.08286490771685573,0.0009868792685368743
792,0,1,792,0.03141463462364115,0.16766555492161084,0.0009868792685368737
793,0,1,793,0.03141463462364118,0.0399827880354814,0.0009868792685368752
794,0,1,794,0.031414634623641136,0.02539398088423983,0.0009868792685368722
795,0,1,795,0.03141463462364119,0.013822991607393753,0.0009868792685368717
796,0,2,796,0.0314146346236412,0.03741692808756762,0.0009868792685368759
797,0,2,797,0.0,0.0,0.0
798,0,1,798,0.0,0.0,0.0
799,0,1,799,0.03141463462364125,0.07856755106712376,0.0009868792685368798
800,0,0,800,0.03141463462364122,0.027581860613048487,0.000986879268536877
801,0,1,801,0.03141463462364135,0.015048553552944155,0.0009868792685368854
802,0,1,802,0.0314146346236412,0.0183027203645236,0.0009868792685368776
803,0,2,803,0.03141463462364127,0.12011787477795599,0.0009868792685368806
804,0,0,804,0.03141463462364118,0.005468409496476645,0.000986879268536876
805,0,1,805,0.031414634623641184,0.01700507733167228,0.000986879268536876
806,0,1,806,0.03141463462364121,0.10737464613920045,0.0009868792685368754
807,0,1,807,0.03141463462364115,0.044757714088606404,0.0009868792685368735
808,0,1,808,0.0314146346236411,0.053490274918937875,0.0009868792685368704
809,0,2,809,1.0267617822777918e-16,0.0,1.054239757546267e-32
810,0,1,810,0.03141463462364112,0.010864852422113103,0.0009868792685368713
811,0,2,811,0.03141463462364124,0.10262820042756426,0.000986879268536876
812,0,2,812,0.03141463462364123,0.10704992003528968,0.0009868792685368772
813,0,1,813,0.03141463462364123,0.0004772164282565716,0.0009868792685368776
814,0,2,814,0.031414634623641136,0.10164744625826772,0.000986879268536872
815,0,0,815,0.031414634623641136,0.04134991670780819,0.0009868792685368717
816,0,1,816,0.03141463462364135,0.03827243375193623,0.0009868792685368826
817,0,1,817,0.031414634623641385,0.078893527244838,0.0009868792685368874
818,0,1,818,0.03141463462364121,0.03698157499638893,0.000986879268536877
819,0,1,819,0.0,0.0,0.0
820,0,1,820,0.031414634623641385,0.0382703816800819,0.0009868792685368884
821,0,2,821,0.03141463462364113,0.007809084254034829,0.0009868792685368724
822,0,1,822,0.03141463462364117,0.015601988186528356,0.0009868792685368756
823,0,0,823,0.0,0.0,0.0
824,0,1,824,0.03141463462364121,0.042928840054495154,0.0009868792685368772
825,0,1,825,0.03141463462364116,0.0033761750893260903,0.0009868792685368741
826,0,1,826,0.031414634623641205,0.002924711010297898,0.0009868792685368756
827,0,1,827,0.03141463462364107,0.1836180486448309,0.0009868792685368685
828,0,1,828,0.03141463462364114,0.1108737537653468,0.0009868792685368722
829,0,1,829,0.031414634623641434,0.11514298861322358,0.0009868792685368908
830,0,0,830,0.03141463462364105,0.06552323610425914,0.0009868792685368668
831,0,2,831,0.03141463462364122,0.058249221369096826,0.0009868792685368778
832,0,2,832,0.03141463462364127,0.09270175319660523,0.0009868792685368804
833,0,1,833,0.0,0.0,0.0
834,0,1,834,0.0,0.0,0.0
835,0,1,835,0.03141463462364129,0.008596393540083236,0.0009868792685368813
836,0,0,836,0.03141463462364123,0.0009187294222146036,0.000986879268536878
837,0,2,837,0.03141463462364139,0.049215475705221,0.0009868792685368884
838,0,0,838,0.031414634623641295,0.08308972570947004,0.0009868792685368832
839,0,0,839,0.031414634623641274,0.0856470429836369,0.000986879268536881
840,0,2,840,0.03141463462364144,0.012779125728797691,0.0009868792685368926
841,0,2,841,0.03141463462364117,0.01093744773130137,0.0009868792685368748
842,0,0,842,0.03141463462364121,0.013990973226253353,0.0009868792685368776
843,0,2,843,1.7347234759768074e-17,0.0,3.009265538105056e-34
844,0,0,844,0.0,0.0,0.0
845,0,2,845,0.03141463462364127,0.1059922868499994,0.0009868792685368802
846,0,1,846,0.0314146346236412,9.024266268307934e-05,0.000986879268536877
847,0,1,847,0.03141463462364124,0.06265480577703642,0.0009868792685368785
848,0,1,848,0.03141463462364137,0.03645328573990614,0.000986879268536887
849,0,1,849,0.031414634623641205,0.0949354353225679,0.0009868792685368765
850,0,1,850,0.0,0.0,0.0
851,0,0,851,0.031414634623641094,0.005260002092797089,0.0009868792685368702
852,0,1,852,0.031414634623641385,0.04436374340564342,0.0009868792685368871
853,0,2,853,0.03141463462364127,0.060603139653915505,0.0009868792685368791
854,0,1,854,0.03141463462364127,0.06174744330125348,0.000986879268536881
855,0,1,855,0.0,0.0,0.0
856,0,0,856,0.03141463462364115,0.0016057359157701546,0.0009868792685368726
857,0,1,857,0.0314146346236412,0.04972786162290614,0.000986879268536876
858,0,1,858,0.03141463462364136,0.019235155455127106,0.0009868792685368858
859,0,0,859,0.03141463462364115,0.009461100712730944,0.000986879268536874
860,0,1,860,0.031414634623641205,0.06833743308294071,0.0009868792685368756
861,0,2,861,0.031414634623641344,0.002092172486397613,0.0009868792685368852
862,0,1,862,0.0,0.0,0.0
863,0,2,863,0.031414634623641156,0.058287607100957484,0.0009868792685368737
864,0,2,864,0.03141463462364123,0.007235469776951359,0.0009868792685368782
865,0,2,865,0.03141463462364129,0.010222043708935808,0.0009868792685368824
866,0,1,866,0.0,0.0,0.0
867,0,1,867,0.03141463462364132,0.017455523150542985,0.0009868792685368835
868,0,0,868,0.03141463462364116,0.09397278839836365,0.0009868792685368759
869,0,1,869,0.031414634623641274,0.05253237714857484,0.0009868792685368813
870,0,2,870,0.031414634623641115,0.025769792849329454,0.00098687926853687
871,0,0,871,0.03141463462364118,0.011019728021919329,0.000986879268536875
872,0,0,872,0.031414634623641385,0.015036657223586491,0.0009868792685368882
873,0,2,873,0.031414634623641205,0.07077726159456588,0.0009868792685368756
874,0,1,874,0.03141463462364139,0.030475373417883284,0.000986879268536889
875,0,2,875,0.03141463462364136,0.09806818495183844,0.0009868792685368858
876,0,2,876,0.031414634623641406,0.060232511277424905,0.000986879268536889
877,0,0,877,0.031414634623641274,0.10205644772988709,0.0009868792685368795
878,0,1,878,0.031414634623641385,0.07832787677620168,0.0009868792685368884
879,0,2,879,0.0,0.0,0.0
880,0,1,880,0.03141463462364141,0.06709865132849302,0.0009868792685368895
881,0,2,881,0.031414634623641365,0.001977743900773987,0.0009868792685368863
882,0,2,882,0.03141463462364112,0.0019383578127172285,0.0009868792685368715
883,0,2,883,0.0314146346236414,0.12055652801710881,0.0009868792685368902
884,0,0,884,0.0,0.0,0.0
885,0,1,885,0.0,0.0,0.0
886,0,2,886,0.031414634623641295,0.06572711651841612,0.0009868792685368828
887,0,2,887,0.03141463462364128,0.08139108256827488,0.0009868792685368806
888,0,2,888,0.03141463462364114,0.059666278933561356,0.0009868792685368726
889,0,1,889,0.03141463462364126,0.11204599764552192,0.0009868792685368802
890,0,1,890,0.031414634623641295,0.004431218623738631,0.0009868792685368828
891,0,2,891,0.03141463462364124,0.025155655811158528,0.0009868792685368782
892,0,0,892,0.03141463462364115,0.06429841240051015,0.0009868792685368735
893,0,0,893,0.03141463462364131,0.11606238245244738,0.000986879268536883
894,0,1,894,0.03141463462364117,0.008342076725933373,0.0009868792685368743
895,0,0,895,0.03141463462364123,0.017268445120003417,0.0009868792685368785
896,0,0,896,0.03141463462364111,0.09996362769178901,0.0009868792685368717
897,0,0,897,0.03141463462364133,0.045305546587130596,0.0009868792685368843
898,0,1,898,0.03141463462364117,0.004113231207588796,0.0009868792685368748
899,0,2,899,0.03141463462364116,0.08580716797746035,0.000986879268536874
900,0,2,900,0.0,0.0,0.0
901,0,1,901,0.03141463462364134,0.04924515414652353,0.000986879268536881
902,0,1,902,0.03141463462364127,0.05631184007057932,0.00098687926853688
903,0,0,903,0.031414634623641205,0.012135890008213468,0.0009868792685368759
904,0,2,904,0.03141463462364119,0.08940313084375118,0.000986879268536875
905,0,2,905,0.03141463462364115,0.005145855901670993,0.0009868792685368722
906,0,2,906,0.03141463462364128,0.023356723795462497,0.0009868792685368817
907,0,0,907,0.03141463462364129,0.057078820522095786,0.0009868792685368802
908,0,2,908,0.03141463462364139,0.011551341691645511,0.0009868792685368889
909,0,0,909,0.03141463462364124,0.014282868596932702,0.0009868792685368785
910,0,1,910,0.03141463462364123,0.1061291491286509,0.0009868792685368785
911,0,2,911,0.03141463462364128,0.08000970584457878,0.0009868792685368817
912,0,1,912,0.03141463462364116,0.02160720924319537,0.000986879268536874
913,0,2,913,0.03141463462364126,0.049667451203957796,0.0009868792685368804
914,0,2,914,0.031414634623641226,0.057292437822912046,0.0009868792685368778
915,0,2,915,0.03141463462364124,0.053877838248219456,0.000986879268536878
916,0,0,916,0.03141463462364121,0.03798953111305481,0.0009868792685368774
917,0,0,917,0.031414634623641205,0.015630185312137,0.0009868792685368774
918,0,2,918,0.0,0.0,0.0
919,0,0,919,0.031414634623641094,0.00564503550901177,0.0009868792685368691
920,0,1,920,0.03141463462364131,0.03499761374732521,0.000986879268536883
921,0,2,921,0.03141463462364137,0.00771577988390959,0.000986879268536887
922,0,2,922,0.0,0.0,0.0
923,0,0,923,0.03141463462364126,0.07537780814855477,0.0009868792685368804
924,0,2,924,0.031414634623641226,0.068972412593447,0.0009868792685368778
925,0,1,925,0.0314146346236413,0.04096139612623251,0.0009868792685368824
926,0,0,926,0.03141463462364127,0.0746106661840571,0.00098687926853688
927,0,0,927,0.0,0.0,0.0
928,0,1,928,0.03141463462364108,0.06607522283543044,0.0009868792685368678
929,0,0,929,0.03141463462364138,0.04178022211562915,0.000986879268536888
930,0,2,930,0.03141463462364135,0.09577211792281504,0.0009868792685368856
931,0,1,931,0.0,0.0,0.0
932,0,0,932,0.03141463462364112,0.03206103155261619,0.0009868792685368722
933,0,2,933,0.0,0.0,0.0
934,0,2,934,0.03141463462364108,0.06890308415287238,0.000986879268536869
935,0,0,935,0.031414634623641115,0.06833881925907326,0.0009868792685368687
936,0,2,936,0.0314146346236413,0.023550937312983855,0.0009868792685368824
937,0,2,937,1.9999999999999996,4.0038667661280885,0.0009868792685368878
938,0,2,938,0.03141463462364109,0.02483582409109575,0.0009868792685368704
939,0,1,939,0.0314146346236414,0.0035568707730926352,0.0009868792685368876
940,0,2,940,0.031414634623641455,0.06968756616991956,0.0009868792685368908
941,0,1,941,0.0,0.0,0.0
942,0,0,942,0.031414634623641184,0.047162065205891286,0.0009868792685368752
943,0,1,943,0.03141463462364134,0.03646423318106118,0.0009868792685368858
944,0,1,944,0.03141463462364145,0.0102669111350705,0.0009868792685368921
945,0,1,945,0.03141463462364133,0.055082438820072355,0.0009868792685368858
946,0,2,946,0.03141463462364127,0.08416297422773711,0.0009868792685368795
947,0,0,947,0.0314146346236413,0.02307214025631099,0.0009868792685368826
948,0,2,948,0.031414634623641455,0.041920606294303386,0.0009868792685368913
949,0,0,949,0.03141463462364131,0.014582845010706613,0.0009868792685368815
950,0,2,950,0.03141463462364126,0.01542934976826749,0.0009868792685368767
951,0,1,951,0.031414634623641184,0.0010249311909261427,0.0009868792685368754
952,0,2,952,0.031414634623641274,0.027411068294827312,0.0009868792685368815
953,0,1,953,0.03141463462364119,0.014792935857068645,0.0009868792685368754
954,0,0,954,0.031414634623641205,0.11398860135874234,0.0009868792685368765
955,0,0,955,0.03141463462364129,0.051349773371084595,0.0009868792685368815
956,0,2,956,0.03141463462364148,0.0005291565954048671,0.0009868792685368928
957,0,2,957,0.031414634623641434,0.08275056700909045,0.000986879268536891
958,0,1,958,0.03141463462364113,0.007575547195114905,0.0009868792685368717
959,0,1,959,0.031414634623641406,0.0330814055128108,0.0009868792685368887
960,0,1,960,0.03141463462364147,0.07679689120096711,0.000986879268536892
961,0,2,961,0.03141463462364123,0.09936088725994496,0.000986879268536879
962,0,1,962,0.03141463462364122,0.022424422871875294,0.0009868792685368774
963,0,2,963,0.0,0.0,0.0
964,0,0,964,0.03141463462364109,0.05033552448765777,0.0009868792685368685
965,0,0,965,0.03141463462364114,0.01039012002303008,0.0009868792685368724
966,0,2,966,0.03141463462364138,0.02939511348106527,0.000986879268536888
967,0,0,967,0.03141463462364123,0.0868663114830448,0.0009868792685368785
968,0,2,968,0.03141463462364105,0.009596522250635536,0.000986879268536867
969,0,2,969,0.031414634623641184,0.059316467254451055,0.0009868792685368754
970,0,0,970,0.031414634623641316,0.11986775977530773,0.0009868792685368839
971,0,1,971,1.9999999999999998,0.17073495815919965,0.0009868792685368928
972,0,1,972,0.031414634623641226,0.02024959954447115,0.0009868792685368767
973,0,0,973,0.0,0.0,0.0
974,0,0,974,0.0,0.0,0.0
975,0,2,975,0.0,0.0,0.0
976,0,1,976,0.031414634623641254,0.044931621271923294,0.00098687926853688
977,0,0,977,0.031414634623641476,0.11322294620814066,0.0009868792685368936
978,0,0,978,0.03141463462364135,0.0333635441912139,0.0009868792685368854
979,0,1,979,0.0,0.0,0.0
980,0,0,980,0.031414634623641136,0.11986558674337155,0.000986879268536872
981,0,1,981,0.03141463462364125,0.019592310192714235,0.0009868792685368795
982,0,2,982,0.031414634623641184,0.16020919399116185,0.000986879268536875
983,0,1,983,0.03141463462364124,0.05668124349988535,0.0009868792685368798
984,0,2,984,0.0,0.0,0.0
985,0,0,985,0.031414634623641094,0.07723335955776855,0.0009868792685368698
986,0,0,986,0.0,0.0,0.0
987,0,2,987,2.0,12.655669679751437,0.0009868792685368982
988,0,1,988,0.03141463462364123,0.07646229093821803,0.0009868792685368798
989,0,2,989,0.03141463462364115,0.035239419322727616,0.000986879268536873
990,0,1,990,0.031414634623641184,0.10607935282311809,0.0009868792685368759
991,0,1,991,0.03141463462364141,0.05195250749345881,0.000986879268536889
992,0,2,992,0.03141463462364127,0.07349212898481416,0.0009868792685368787
993,0,2,993,0.0314146346236412,0.09262119500524757,0.000986879268536875
994,0,0,994,0.03141463462364116,0.06439458453486435,0.0009868792685368741
995,0,2,995,0.0,0.0,0.0
996,0,0,996,0.031414634623641205,0.002138719087794727,0.0009868792685368767
997,0,0,997,0.0,0.0,0.0
998,0,1,998,0.031414634623641254,0.05728002512592267,0.00098687926853688
999,0,2,999,0.031414634623641316,0.07970145365443737,0.000986879268536883
1000,0,2,1000,0.031414634623641254,0.06617372763010182,0.0009868792685368793
1001,0,1,1001,0.031414634623641184,0.0891881558383214,0.0009868792685368735
1002,0,0,1002,0.03141463462364125,0.1198337986987108,0.0009868792685368774
1003,0,1,1003,0.031414634623641274,0.047665677445447696,0.0009868792685368824
1004,0,1,1004,0.031414634623641184,0.11733190506848856,0.0009868792685368752
1005,0,2,1005,0.03141463462364119,0.028284185716395183,0.0009868792685368759
1006,0,2,1006,0.03141463462364139,0.003738208258448228,0.0009868792685368884
1007,0,2,1007,0.031414634623641226,0.030224566512930595,0.0009868792685368795
1008,0,0,1008,0.03141463462364136,0.09285182160599437,0.000986879268536882
1009,0,1,1009,0.03141463462364116,0.01010271987540115,0.0009868792685368743
1010,0,0,1010,0.0,0.0,0.0
1011,0,1,1011,0.03141463462364125,0.018905436879980447,0.0009868792685368791
1012,0,1,1012,1.9997532649633214,0.5522286847563855,0.0009868792685368828
1013,0,0,1013,0.031414634623641136,0.01914493126226624,0.0009868792685368717
1014,0,2,1014,0.0,0.0,0.0
1015,0,1,1015,0.031414634623641344,0.009479365770091785,0.000986879268536882
1016,0,1,1016,0.031414634623641406,0.03536671400669489,0.00098687926853689
1017,0,0,1017,0.031414634623641136,0.08624514055584143,0.0009868792685368733
1018,0,1,1018,0.0,0.0,0.0
1019,0,1,1019,0.0314146346236414,0.039726154827605775,0.0009868792685368884
1020,0,1,1020,0.03141463462364133,0.08461239199585302,0.0009868792685368839
1021,0,2,1021,0.03141463462364125,0.003976932536448097,0.0009868792685368791
1022,0,0,1022,0.031414634623641295,0.08298290715158041,0.0009868792685368824
1023,0,1,1023,0.03141463462364133,0.00610777757166403,0.000986879268536885
1024,0,0,1024,0.03141463462364136,0.00510268927363236,0.000986879268536886
1025,0,1,1025,0.031414634623641226,0.062127535595503436,0.0009868792685368776
1026,0,2,1026,0.03141463462364128,0.01315754598214669,0.0009868792685368815
1027,0,0,1027,0.03141463462364124,0.0022971533140277306,0.0009868792685368785
1028,0,2,1028,0.0314146346236412,0.025743329864707398,0.000986879268536876
1029,0,1,1029,0.0,0.0,0.0
1030,0,0,1030,0.03141463462364119,0.005414418254476472,0.0009868792685368763
1031,0,2,1031,0.0,0.0,0.0
1032,0,2,1032,0.031414634623641045,0.0071206824870498064,0.0009868792685368663
1033,0,1,1033,0.0,0.0,0.0
1034,0,2,1034,0.031414634623641156,0.03114949115721538,0.0009868792685368741
1035,0,1,1035,0.0314146346236412,0.004535275889513857,0.0009868792685368765
1036,0,1,1036,0.03141463462364119,0.06137574954731184,0.0009868792685368748
1037,0,0,1037,0.0,0.0,0.0
1038,0,1,1038,0.031414634623641254,0.029813268142700425,0.0009868792685368798
1039,0,2,1039,0.0,0.0,0.0
1040,0,0,1040,0.031414634623641365,0.000620408964775998,0.000986879268536887
1041,0,1,1041,0.03141463462364134,0.0039600427114777625,0.0009868792685368845
1042,0,0,1042,0.03141463462364126,0.007163136732899422,0.0009868792685368809
1043,0,0,1043,0.03141463462364114,0.05873986923450625,0.0009868792685368709
1044,0,2,1044,0.03141463462364128,0.09284246951591135,0.000986879268536883
1045,0,2,1045,0.0,0.0,0.0
1046,0,0,1046,0.03141463462364128,0.10036061158947218,0.0009868792685368813
1047,0,1,1047,0.0,0.0,0.0
1048,0,1,1048,0.031414634623641274,0.07319900459528728,0.0009868792685368806
1049,0,0,1049,0.03141463462364116,0.03781917811498392,0.0009868792685368737
1050,0,1,1050,0.0314146346236412,0.03543064469485413,0.000986879268536877
1051,0,1,1051,0.0,0.0,0.0
1052,0,0,1052,0.0314146346236412,0.029414864082592418,0.000986879268536875
1053,0,2,1053,0.031414634623641344,0.08670371320293713,0.0009868792685368854
1054,0,1,1054,0.03141463462364115,0.08143812926648075,0.0009868792685368733
1055,0,1,1055,0.031414634623641274,0.05517620341604301,0.000986879268536882
1056,0,1,1056,0.03141463462364153,0.013127011643975006,0.000986879268536897
1057,0,2,1057,0.03141463462364119,0.09949219408040211,0.0009868792685368767
1058,0,0,1058,0.0,0.0,0.0
1059,0,1,1059,0.0,0.0,0.0
1060,0,2,1060,0.031414634623641156,0.08061846111004334,0.0009868792685368743
1061,0,0,1061,0.03141463462364115,0.014999468831196516,0.0009868792685368717
1062,0,1,1062,0.03141463462364119,0.010375010041934307,0.0009868792685368743
1063,0,1,1063,0.03141463462364114,0.0784417622696687,0.000986879268536873
1064,0,1,1064,0.0,0.0,0.0
1065,0,1,1065,0.03141463462364126,0.011307023909899794,0.00098687926853688
1066,0,1,1066,0.03141463462364117,0.0653226633105799,0.0009868792685368754
1067,0,2,1067,0.03141463462364115,0.04730603238643294,0.0009868792685368724
1068,0,0,1068,0.0,0.0,0.0
1069,0,2,1069,0.03141463462364134,0.08969677740419435,0.0009868792685368852
1070,0,1,1070,0.031414634623641066,0.031270456169821825,0.0009868792685368672
1071,0,2,1071,0.03141463462364129,0.06837538254097897,0.0009868792685368813
1072,0,1,1072,0.0,0.0,0.0
1073,0,1,1073,0.0,0.0,0.0
1074,0,1,1074,0.03141463462364121,0.0136938331631173,0.0009868792685368767
1075,0,1,1075,0.031414634623641226,0.01859796221277188,0.0009868792685368782
1076,0,2,1076,0.031414634623641365,0.047309385785941016,0.0009868792685368865
1077,0,2,1077,0.0314146346236412,0.06498508767689826,0.0009868792685368752
1078,0,2,1078,0.03141463462364115,0.0013204481142214675,0.0009868792685368735
1079,0,1,1079,0.03141463462364121,0.04857479314208152,0.0009868792685368772
1080,0,0,1080,0.03141463462364126,0.03486616558361688,0.0009868792685368793
1081,0,1,1081,0.031414634623641205,0.07086556632612306,0.0009868792685368767
1082,0,1,1082,0.03141463462364132,0.024928545617024955,0.000986879268536884
1083,0,0,1083,0.03141463462364118,0.2316940268515839,0.0009868792685368767
1084,0,0,1084,0.03141463462364122,0.11780981789535083,0.0009868792685368776
1085,0,2,1085,0.03141463462364116,0.017615990655805103,0.000986879268536874
1086,0,0,1086,0.03141463462364116,0.10670361674195794,0.0009868792685368735
1087,0,0,1087,0.03141463462364125,0.018603762516865796,0.0009868792685368787
1088,0,0,1088,0.0314146346236412,0.07541455676539233,0.0009868792685368756
1089,0,0,1089,0.031414634623641184,0.12185807832920126,0.0009868792685368746
1090,0,2,1090,0.0,0.0,0.0
1091,0,1,1091,0.0314146346236412,0.009634655773522294,0.0009868792685368763
1092,0,2,1092,0.031414634623641184,0.03514432411349945,0.0009868792685368748
1093,0,2,1093,0.0,0.0,0.0
1094,0,1,1094,0.03141463462364126,0.10227814592475681,0.0009868792685368806
1095,0,1,1095,2.0000000000000004,2.161636098021692,0.0009868792685368837
1096,0,1,1096,0.03141463462364116,0.028845301017868863,0.0009868792685368733
1097,0,0,1097,0.0,0.0,0.0
1098,0,2,1098,0.0,0.0,0.0
1099,0,1,1099,0.03141463462364143,0.014928464113482587,0.0009868792685368904
1100,0,1,1100,0.0314146346236411,0.05509464471981307,0.00098687926853687
1101,0,2,1101,0.0,0.0,0.0
1102,0,0,1102,0.031414634623641316,0.06662134390058227,0.0009868792685368776
1103,0,2,1103,0.0,0.0,0.0
1104,0,1,1104,0.0314146346236412,0.10116550112292622,0.0009868792685368763
1105,0,1,1105,0.03141463462364127,0.11316881045623317,0.0009868792685368802
1106,0,1,1106,0.031414634623641226,0.10607339867389909,0.0009868792685368767
1107,0,0,1107,0.03141463462364117,0.07544347071802138,0.0009868792685368748
1108,0,1,1108,0.03141463462364136,0.05591336317674234,0.0009868792685368865
1109,0,2,1109,0.031414634623641136,0.09135785391868811,0.0009868792685368722
1110,0,2,1110,0.03141463462364123,0.10851551592900233,0.0009868792685368785
1111,0,0,1111,0.0,0.0,0.0
1112,0,2,1112,0.031414634623641226,0.04952667531297639,0.0009868792685368778
1113,0,1,1113,0.03141463462364122,0.12217407609605946,0.0009868792685368782
1114,0,1,1114,0.031414634623641184,0.014291014607513725,0.0009868792685368752
1115,0,0,1115,0.0,0.0,0.0
1116,0,2,1116,0.031414634623641184,0.021291267403941383,0.0009868792685368754
1117,0,2,1117,0.03141463462364121,0.07289739313354471,0.000986879268536877
1118,0,0,1118,0.0,0.0,0.0
1119,0,0,1119,0.03141463462364117,0.01323429394572817,0.0009868792685368741
1120,0,2,1120,0.03141463462364124,0.02315867607930011,0.0009868792685368791
1121,0,1,1121,0.031414634623641136,0.07971085947733902,0.0009868792685368724
1122,0,1,1122,0.0,0.0,0.0
1123,0,1,1123,0.031414634623641365,0.030354545493924245,0.0009868792685368854
1124,0,0,1124,0.03141463462364115,0.035905000563132394,0.000986879268536873
1125,0,0,1125,0.03141463462364115,0.06891166884350675,0.0009868792685368728
1126,0,1,1126,0.03141463462364111,0.08601541002704849,0.00098687926853687
1127,0,0,1127,0.03141463462364125,0.042787786318802645,0.0009868792685368793
1128,0,0,1128,0.0314146346236411,0.10092891783873537,0.0009868792685368696
1129,0,2,1129,0.0314146346236412,0.01720500382472806,0.0009868792685368759
1130,0,2,1130,2.0,13.152083566802883,0.0009868792685368852
1131,0,0,1131,0.031414634623641455,0.028511950270115438,0.0009868792685368926
1132,0,1,1132,0.031414634623641226,0.008075111094464404,0.0009868792685368776
1133,0,0,1133,0.0314146346236413,0.1079853043034601,0.0009868792685368824
1134,0,0,1134,0.03141463462364129,0.049057411065643874,0.0009868792685368813
1135,0,0,1135,0.03141463462364143,0.04791256135035038,0.0009868792685368908
1136,0,2,1136,0.03141463462364154,0.1709973416270545,0.0009868792685368978
1137,0,1,1137,0.031414634623641136,0.03990267260264091,0.0009868792685368759
1138,0,1,1138,0.03141463462364135,0.060907526143580526,0.0009868792685368858
1139,0,1,1139,0.03141463462364112,0.011283123938813644,0.0009868792685368713
1140,0,0,1140,0.03141463462364118,0.239719673042194,0.0009868792685368752
1141,0,2,1141,0.03141463462364129,0.06957057725360638,0.0009868792685368813
1142,0,0,1142,0.031414634623641184,0.011260295948926247,0.0009868792685368743
1143,0,1,1143,0.03141463462364117,0.1742930754282801,0.0009868792685368748
1144,0,1,1144,0.031414634623641205,0.03677529094611243,0.0009868792685368765
1145,0,2,1145,0.03141463462364141,0.11430979518743545,0.000986879268536889
1146,0,1,1146,0.031414634623641254,0.0826608058037479,0.0009868792685368791
1147,0,2,1147,0.031414634623641184,0.0026498145835380793,0.000986879268536875
1148,0,2,1148,0.03141463462364126,0.11531419830047485,0.0009868792685368804
1149,0,1,1149,0.03141463462364134,0.08087082303390458,0.0009868792685368856
1150,0,0,1150,0.031414634623641205,0.08253350984537633,0.0009868792685368765
1151,0,2,1151,0.03141463462364123,0.07298647787726961,0.0009868792685368787
1152,0,0,1152,0.03141463462364118,0.11811011959182993,0.000986879268536874
1153,0,1,1153,0.0,0.0,0.0
1154,0,0,1154,0.031414634623641254,0.07644828167891471,0.0009868792685368798
1155,0,2,1155,0.0,0.0,0.0
1156,0,1,1156,0.03141463462364122,0.09397684170331577,0.0009868792685368774
1157,0,1,1157,0.03141463462364121,0.09211270964906337,0.0009868792685368774
1158,0,1,1158,0.031414634623641226,0.011580490802686694,0.000986879268536878
1159,0,2,1159,0.03141463462364136,0.06526517822000066,0.0009868792685368874
1160,0,1,1160,0.0,0.0,0.0
1161,0,1,1161,0.031414634623641455,0.02348121775199319,0.0009868792685368926
1162,0,2,1162,0.03141463462364122,0.07988581066946882,0.0009868792685368765
1163,0,0,1163,0.03141463462364116,0.048420577897853756,0.0009868792685368737
1164,0,2,1164,0.031414634623641004,0.040814591753137286,0.0009868792685368633
1165,0,2,1165,0.03141463462364122,0.0033353657766558575,0.000986879268536877
1166,0,1,1166,0.03141463462364128,2.9379870226935167e-05,0.0009868792685368815
1167,0,0,1167,0.03141463462364124,0.07245244212017488,0.0009868792685368776
1168,0,0,1168,0.03141463462364135,0.028886873859074846,0.0009868792685368848
1169,0,1,1169,0.03141463462364142,0.12219528887109421,0.0009868792685368895
1170,0,0,1170,0.03141463462364122,0.008042910996998331,0.0009868792685368774
1171,0,0,1171,0.03141463462364131,0.02001217620426643,0.0009868792685368837
1172,0,0,1172,0.0314146346236412,0.034178286443370065,0.000986879268536877
1173,0,0,1173,0.0314146346236414,0.011348485790966478,0.0009868792685368913
1174,0,1,1174,0.031414634623641316,0.06864312001459272,0.0009868792685368832
1175,0,1,1175,0.031414634623641344,0.0073891638988059505,0.0009868792685368835
1176,0,0,1176,0.0,0.0,0.0
1177,0,1,1177,0.031414634623641254,0.019677847700786677,0.00098687926853688
1178,0,0,1178,0.03141463462364109,0.025684707802120343,0.0009868792685368687
1179,0,1,1179,0.0,0.0,0.0
1180,0,2,1180,0.031414634623641156,0.08771300622627409,0.000986879268536872
1181,0,1,1181,0.03141463462364125,0.02027526702107707,0.0009868792685368782
1182,0,0,1182,0.031414634623641226,0.04682586733636862,0.0009868792685368774
1183,0,0,1183,0.03141463462364124,0.07019364444155718,0.0009868792685368785
1184,0,2,1184,0.03141463462364119,0.099560512511355,0.000986879268536876
1185,0,1,1185,0.0,0.0,0.0
1186,0,0,1186,2.0000000000000004,7.4120405943816525,0.0009868792685368837
1187,0,2,1187,0.03141463462364133,0.03536403021830181,0.0009868792685368839
1188,0,2,1188,0.031414634623641066,0.038552668342999974,0.0009868792685368674
1189,0,0,1189,0.031414634623641385,0.04547051059700902,0.000986879268536888
1190,0,2,1190,0.031414634623641115,0.1185104489883253,0.0009868792685368704
1191,0,2,1191,0.03141463462364117,0.01026744825221355,0.0009868792685368746
1192,0,1,1192,0.03141463462364125,0.02318381967072161,0.0009868792685368798
1193,0,0,1193,0.031414634623641184,0.0130634757512689,0.0009868792685368752
1194,0,1,1194,0.03141463462364117,0.12173142610065146,0.0009868792685368746
1195,0,0,1195,0.03141463462364124,0.004072751796617258,0.000986879268536879
1196,0,2,1196,0.031414634623641635,0.11321123778488573,0.0009868792685369023
1197,0,2,1197,0.031414634623641184,0.03049303977304621,0.000986879268536875
1198,0,1,1198,0.031414634623641205,0.07903611536286625,0.0009868792685368765
1199,0,1,1199,0.0,0.0,0.0
1200,0,1,1200,0.03141463462364119,0.025776717573811475,0.0009868792685368748
1201,0,1,1201,0.03141463462364141,0.10003760845060583,0.0009868792685368889
1202,0,1,1202,0.03141463462364112,0.014155390891261721,0.0009868792685368704
1203,0,2,1203,0.03141463462364125,0.023381006459046283,0.0009868792685368793
1204,0,0,1204,0.031414634623641344,0.030335589412983754,0.0009868792685368852
1205,0,1,1205,0.0,0.0,0.0
1206,0,0,1206,0.031414634623641184,0.07669736979591057,0.0009868792685368754
1207,0,1,1207,0.031414634623641226,0.06526683116876342,0.0009868792685368778
1208,0,0,1208,0.0,0.0,0.0
1209,0,1,1209,0.031414634623641274,0.12367572449654429,0.0009868792685368809
1210,0,2,1210,0.03141463462364122,0.010995644617612377,0.0009868792685368767
1211,0,2,1211,0.03141463462364112,0.06503475739408238,0.0009868792685368717
1212,0,1,1212,0.03141463462364136,0.002893647722840287,0.000986879268536886
1213,0,1,1213,0.03141463462364133,0.01810458968374684,0.0009868792685368839
1214,0,0,1214,0.03141463462364125,0.012621109080245219,0.0009868792685368791
1215,0,0,1215,0.031414634623641184,0.0460172376331629,0.0009868792685368759
1216,0,1,1216,0.03141463462364114,0.06597651701433016,0.0009868792685368728
1217,0,0,1217,0.031414634623641156,0.05526875335095993,0.000986879268536873
1218,0,1,1218,0.0314146346236412,0.046463775326904766,0.0009868792685368765
1219,0,2,1219,0.03141463462364121,0.04169029774281746,0.000986879268536877
1220,0,1,1220,0.03141463462364129,0.04492178276229697,0.0009868792685368824
1221,0,1,1221,0.03141463462364134,0.008188991075052332,0.0009868792685368858
1222,0,1,1222,0.0,0.0,0.0
1223,0,1,1223,0.03141463462364118,0.08804910945538413,0.000986879268536876
1224,0,2,1224,0.03141463462364131,0.0009279394968605449,0.000986879268536883
1225,0,2,1225,0.03141463462364121,0.05875189055420904,0.000986879268536877
1226,0,0,1226,0.03141463462364138,0.004428320694811028,0.0009868792685368871
1227,0,1,1227,0.031414634623641434,0.03793855971731919,0.0009868792685368839
1228,0,1,1228,0.031414634623641136,0.0092227257689661,0.0009868792685368698
1229,0,0,1229,0.03141463462364116,0.05229166750154815,0.0009868792685368737
1230,0,1,1230,0.0,0.0,0.0
1231,0,0,1231,0.03141463462364126,0.1118903816110366,0.00098687926853688
1232,0,0,1232,0.03141463462364125,0.06011521289359312,0.0009868792685368822
1233,0,2,1233,0.0314146346236413,0.012035135067545,0.0009868792685368826
1234,0,2,1234,0.03141463462364131,0.022748998192921532,0.0009868792685368832
1235,0,2,1235,0.031414634623641316,0.1830578682902999,0.000986879268536884
1236,0,1,1236,0.0,0.0,0.0
1237,0,1,1237,0.03141463462364131,0.03934712693736026,0.000986879268536883
1238,0,2,1238,0.0,0.0,0.0
1239,0,2,1239,0.03141463462364119,0.010042173385944434,0.0009868792685368752
1240,0,2,1240,0.031414634623641226,0.08604686259552158,0.000986879268536878
1241,0,2,1241,0.0,0.0,0.0
1242,0,1,1242,0.0,0.0,0.0
1243,0,1,1243,0.031414634623641365,0.012844440461854845,0.0009868792685368845
1244,0,2,1244,0.0,0.0,0.0
1245,0,1,1245,0.03141463462364116,0.018464505599316006,0.0009868792685368737
1246,0,1,1246,0.03141463462364118,0.00305488124164535,0.0009868792685368752
1247,0,0,1247,0.03141463462364123,0.04342187567041804,0.000986879268536878
1248,0,2,1248,0.03141463462364126,0.04593007062423693,0.0009868792685368798
1249,0,1,1249,0.03141463462364125,0.10021919277980684,0.0009868792685368782
1250,0,2,1250,0.031414634623641295,2.0876768852713667e-05,0.0009868792685368817
1251,0,0,1251,0.0,0.0,0.0
1252,0,1,1252,0.0,0.0,0.0
1253,0,1,1253,0.03141463462364125,0.05325635077064028,0.0009868792685368791
1254,0,1,1254,0.031414634623641295,0.006945904281340766,0.000986879268536883
1255,0,1,1255,0.0,0.0,0.0
1256,0,2,1256,0.03141463462364116,0.04896102082823717,0.0009868792685368743
1257,0,2,1257,0.031414634623641295,0.04862075124715326,0.000986879268536882
1258,0,1,1258,0.031414634623641344,0.05625009193266717,0.0009868792685368845
1259,0,2,1259,0.03141463462364118,0.062470354668069605,0.000986879268536876
1260,0,0,1260,0.03141463462364132,0.07170460755959773,0.0009868792685368835
1261,0,2,1261,0.03141463462364137,0.01854341908181767,0.0009868792685368876
1262,0,0,1262,0.03141463462364123,0.020849309151128148,0.0009868792685368815
1263,0,0,1263,0.031414634623641274,0.06192887493574828,0.000986879268536879
1264,0,1,1264,0.0,0.0,0.0
1265,0,1,1265,0.03141463462364121,0.005440445767895232,0.0009868792685368767
1266,0,0,1266,0.03141463462364132,0.0362168906617053,0.000986879268536885
1267,0,0,1267,0.03141463462364142,0.07390428930275483,0.0009868792685368906
1268,0,1,1268,0.031414634623641344,0.0006306449377868513,0.0009868792685368858
1269,0,0,1269,0.031414634623641205,0.018913501167186514,0.0009868792685368772
1270,0,0,1270,0.031414634623641274,0.1126004492475623,0.0009868792685368813
1271,0,2,1271,0.0,0.0,0.0
1272,0,1,1272,0.031414634623641184,0.13216437343468423,0.0009868792685368767
1273,0,2,1273,0.03141463462364111,0.006691330476173096,0.0009868792685368709
1274,0,1,1274,0.03141463462364126,0.0010445249322708627,0.0009868792685368798
1275,0,0,1275,0.0,0.0,0.0
1276,0,0,1276,0.031414634623641184,0.02181562558462885,0.0009868792685368754
1277,0,2,1277,0.0,0.0,0.0
1278,0,2,1278,0.0,0.0,0.0
1279,0,1,1279,0.031414634623641066,0.021012880459128525,0.0009868792685368678
1280,0,0,1280,0.03141463462364114,0.06926276037004342,0.0009868792685368726
1281,0,0,1281,0.03141463462364121,0.04150033074726556,0.0009868792685368772
1282,0,1,1282,0.03141463462364147,0.004466733063330286,0.0009868792685368928
1283,0,2,1283,0.0,0.0,0.0
1284,0,0,1284,0.0314146346236413,0.07542048739238116,0.0009868792685368837
1285,0,2,1285,0.031414634623641254,0.14867988142444377,0.0009868792685368782
1286,0,1,1286,0.03141463462364107,0.12001585404461501,0.000986879268536868
1287,0,1,1287,0.03141463462364108,0.022099629843429558,0.000986879268536869
1288,0,2,1288,0.031414634623641184,0.0039390707935703095,0.0009868792685368759
1289,0,0,1289,0.03141463462364133,0.0022394165730887927,0.0009868792685368832
1290,0,0,1290,0.03141463462364139,0.042613286153259544,0.0009868792685368897
1291,0,2,1291,0.03141463462364119,0.04752245946468414,0.0009868792685368756
1292,0,1,1292,0.03141463462364123,0.038706133993794634,0.000986879268536878
1293,0,2,1293,0.031414634623641184,0.008353031466632244,0.0009868792685368765
1294,0,2,1294,0.0314146346236414,0.027316277768804298,0.000986879268536889
1295,0,0,1295,0.03141463462364138,0.041909711150836415,0.0009868792685368887
1296,0,0,1296,0.03141463462364124,0.007955745131714709,0.0009868792685368785
1297,0,1,1297,0.03141463462364118,0.009890021253956105,0.000986879268536876
1298,0,1,1298,0.03141463462364126,0.0556498530030165,0.0009868792685368795
1299,0,2,1299,0.0,0.0,0.0
1300,0,0,1300,0.0,0.0,0.0
1301,0,2,1301,2.0,1.8566302477223307,0.0009868792685368837
1302,0,2,1302,0.0,0.0,0.0
1303,0,0,1303,0.031414634623641274,0.13048729897091693,0.000986879268536881
1304,0,1,1304,0.0,0.0,0.0
1305,0,0,1305,0.031414634623641205,0.1627143456909228,0.0009868792685368767
1306,0,1,1306,0.03141463462364134,0.004003274165166992,0.0009868792685368852
1307,0,0,1307,0.03141463462364137,0.12352081753420974,0.000986879268536887
1308,0,1,1308,0.0,0.0,0.0
1309,0,2,1309,0.03141463462364108,0.03691225289997102,0.0009868792685368687
1310,0,0,1310,0.03141463462364117,0.2181404758645904,0.0009868792685368752
1311,0,0,1311,0.031414634623641365,0.033378725984958724,0.0009868792685368867
1312,0,1,1312,0.03141463462364123,0.008715477713278283,0.0009868792685368778
1313,0,0,1313,0.03141463462364125,0.040484988079084516,0.0009868792685368798
1314,0,2,1314,0.03141463462364123,0.02313025717273831,0.0009868792685368787
1315,0,2,1315,0.031414634623641406,0.0698014733894683,0.0009868792685368882
1316,0,1,1316,0.03141463462364129,0.10487795939750813,0.0009868792685368826
1317,0,2,1317,0.03141463462364125,0.12514164783681703,0.0009868792685368782
1318,0,0,1318,0.031414634623641184,0.08680552971052224,0.0009868792685368752
1319,0,1,1319,0.0,0.0,0.0
1320,0,1,1320,0.031414634623641316,0.03896420189658034,0.0009868792685368817
1321,0,0,1321,0.03141463462364137,0.0066732785571526065,0.0009868792685368809
1322,0,0,1322,0.031414634623641316,0.05256019114544008,0.0009868792685368826
1323,0,1,1323,0.0,0.0,0.0
1324,0,1,1324,0.0,0.0,0.0
1325,0,2,1325,0.031414634623641156,0.019816105613357837,0.0009868792685368713
1326,0,1,1326,0.0,0.0,0.0
1327,0,1,1327,0.03141463462364133,0.10674021876446371,0.0009868792685368848
1328,0,2,1328,0.031414634623641274,0.002623179771965134,0.000986879268536881
1329,0,0,1329,0.031414634623641254,0.02886063042802478,0.0009868792685368809
1330,0,0,1330,0.0,0.0,0.0
1331,0,2,1331,0.031414634623641254,0.08218571007629216,0.000986879268536878
1332,0,1,1332,0.031414634623641316,0.06278390839540826,0.0009868792685368839
1333,0,2,1333,0.03141463462364128,0.05532264907608209,0.0009868792685368815
1334,0,0,1334,0.03141463462364118,0.04680207359006949,0.0009868792685368754
1335,0,1,1335,0.0314146346236412,0.19853665908272466,0.0009868792685368774
1336,0,2,1336,0.0,0.0,0.0
1337,0,2,1337,0.0,0.0,0.0
1338,0,0,1338,0.031414634623641295,0.045499002087352025,0.0009868792685368817
1339,0,0,1339,0.03141463462364138,0.009432877610033974,0.0009868792685368876
1340,0,0,1340,0.03141463462364117,0.01116710297423533,0.0009868792685368746
1341,0,2,1341,0.03141463462364116,0.09465636654489357,0.0009868792685368737
1342,0,2,1342,0.03141463462364112,0.10566552114277267,0.0009868792685368713
1343,0,2,1343,0.03141463462364123,0.021499241172002748,0.0009868792685368772
1344,0,2,1344,0.03141463462364111,0.014705527947498465,0.0009868792685368696
1345,0,0,1345,0.03141463462364124,0.11066788640609149,0.0009868792685368787
1346,0,0,1346,0.0,0.0,0.0
1347,0,1,1347,0.0,0.0,0.0
1348,0,2,1348,0.03141463462364113,0.05870873940342525,0.0009868792685368724
1349,0,1,1349,0.03141463462364121,0.04617570496306733,0.000986879268536877
1350,0,1,1350,0.03141463462364139,0.05751132178711904,0.0009868792685368854
1351,0,1,1351,0.0,0.0,0.0
1352,0,0,1352,0.03141463462364134,0.11046379137285944,0.000986879268536884
1353,0,2,1353,0.03141463462364126,0.04545518341760024,0.0009868792685368809
1354,0,1,1354,0.031414634623641316,0.11511728412167077,0.0009868792685368839
1355,0,0,1355,0.031414634623641205,0.048796680188844296,0.0009868792685368763
1356,0,0,1356,0.03141463462364132,0.008385883425702456,0.000986879268536884
1357,0,2,1357,0.03141463462364107,0.019862741633251524,0.0009868792685368687
1358,0,1,1358,0.0,0.0,0.0
1359,0,2,1359,0.031414634623641254,0.059147646728224146,0.000986879268536875
1360,0,1,1360,0.031414634623641025,0.017623099150552518,0.0009868792685368652
1361,0,2,1361,0.031414634623641254,0.00016552022160654534,0.0009868792685368793
1362,0,0,1362,0.03141463462364117,0.2472629314842334,0.0009868792685368748
1363,0,2,1363,0.03141463462364114,0.07235148818819193,0.000986879268536873
1364,0,2,1364,0.03141463462364119,0.20899979317977846,0.0009868792685368754
1365,0,0,1365,0.03141463462364111,0.0602127537787398,0.0009868792685368691
1366,0,1,1366,0.031414634623641295,0.021038897952152524,0.000986879268536883
1367,0,0,1367,0.031414634623641205,0.08278031804873986,0.000986879268536877
1368,0,1,1368,0.03141463462364133,0.062427905103628945,0.0009868792685368852
1369,0,2,1369,0.03141463462364097,0.1233456233437864,0.0009868792685368622
1370,0,1,1370,0.0,0.0,0.0
1371,0,2,1371,0.03141463462364121,0.04082171248945743,0.000986879268536876
1372,0,1,1372,0.031414634623641385,0.04450352196129548,0.000986879268536888
1373,0,0,1373,0.03141463462364123,0.004160689685595215,0.0009868792685368776
1374,0,0,1374,0.03141463462364118,0.04733723350987634,0.0009868792685368752
1375,0,1,1375,0.0,0.0,0.0
1376,0,1,1376,0.03141463462364129,0.012503460840465296,0.000986879268536882
1377,0,0,1377,0.03141463462364125,0.036854118344055,0.0009868792685368787
1378,0,0,1378,0.03141463462364118,0.007259638577868099,0.0009868792685368754
1379,0,0,1379,0.03141463462364138,0.06894445809220962,0.0009868792685368882
1380,0,1,1380,0.03141463462364134,0.1250158049236192,0.000986879268536885
1381,0,2,1381,0.0,0.0,0.0
1382,0,2,1382,0.03141463462364123,0.0009091390697412785,0.0009868792685368785
1383,0,1,1383,0.0,0.0,0.0
1384,0,0,1384,0.03141463462364107,0.12896900579561477,0.0009868792685368687
1385,0,1,1385,0.03141463462364115,0.027868112082250818,0.0009868792685368735
1386,0,0,1386,0.03141463462364117,0.2129549876119694,0.0009868792685368743
1387,0,0,1387,0.031414634623641226,0.09851638158895648,0.0009868792685368782
1388,0,2,1388,0.03141463462364144,0.05899617872959517,0.0009868792685368939
1389,0,1,1389,0.031414634623641184,0.012655296639848712,0.0009868792685368754
1390,0,2,1390,0.03141463462364112,0.10594148471591769,0.000986879268536871
1391,0,2,1391,0.03141463462364112,0.048255179781813706,0.0009868792685368722
1392,0,2,1392,0.0314146346236412,0.04214204153765386,0.0009868792685368754
1393,0,2,1393,0.03141463462364131,0.052627545670216325,0.000986879268536883
1394,0,2,1394,0.03141463462364115,0.0042810607125863265,0.0009868792685368733
1395,0,2,1395,0.0,0.0,0.0
1396,0,0,1396,0.031414634623641365,0.004084134235332854,0.0009868792685368867
1397,0,2,1397,0.03141463462364142,0.06949037409059855,0.0009868792685368882
1398,0,0,1398,0.031414634623641434,0.0013736160613744275,0.0009868792685368902
1399,0,2,1399,0.03141463462364145,0.05813674641619837,0.0009868792685368913
1400,0,0,1400,0.03141463462364126,0.11822849516180156,0.00098687926853688
1401,0,2,1401,0.031414634623641274,0.045755087831551355,0.0009868792685368795
1402,0,2,1402,0.0314146346236413,0.0866732383496458,0.0009868792685368826
1403,0,0,1403,0.0,0.0,0.0
1404,0,1,1404,0.03141463462364115,0.07753875957866208,0.0009868792685368724
1405,0,0,1405,0.0,0.0,0.0
1406,0,0,1406,0.0314146346236412,0.0664879874316675,0.0009868792685368795
1407,0,2,1407,0.03141463462364137,0.07534654565059062,0.0009868792685368874
1408,0,0,1408,0.0,0.0,0.0
1409,0,0,1409,0.0,0.0,0.0
1410,0,0,1410,0.031414634623641156,0.10298780886359693,0.0009868792685368722
1411,0,1,1411,0.03141463462364141,0.15715423092193248,0.0009868792685368897
1412,0,1,1412,0.031414634623641136,0.06608286089149384,0.0009868792685368722
1413,0,0,1413,0.03141463462364107,0.07290665471599245,0.0009868792685368687
1414,0,2,1414,0.03141463462364116,0.09277356261449277,0.000986879268536874
1415,0,2,1415,0.03141463462364129,0.06455156454819821,0.0009868792685368817
1416,0,1,1416,0.03141463462364119,0.04489518268127196,0.0009868792685368759
1417,0,2,1417,0.0314146346236413,0.07661903307037932,0.0009868792685368824
1418,0,2,1418,0.03141463462364133,0.0223451219368187,0.0009868792685368839
1419,0,0,1419,0.0314146346236412,0.02047062373126196,0.0009868792685368765
1420,0,0,1420,0.031414634623641136,0.01427179606404666,0.0009868792685368724
1421,0,2,1421,0.03141463462364127,0.005755028925268912,0.0009868792685368817
1422,0,1,1422,0.031414634623641205,0.0696605213960173,0.000986879268536877
1423,0,1,1423,0.03141463462364122,0.025208515103545714,0.0009868792685368765
1424,0,0,1424,0.03141463462364126,0.02546159896017386,0.0009868792685368791
1425,0,1,1425,0.03141463462364112,0.1642590965257842,0.0009868792685368713
1426,0,0,1426,0.03141463462364143,0.017128414326676555,0.0009868792685368852
1427,0,2,1427,0.03141463462364121,0.10487811283630899,0.0009868792685368772
1428,0,0,1428,0.03141463462364117,0.020950344110945207,0.0009868792685368737
1429,0,1,1429,0.03141463462364145,0.0008712928291059185,0.000986879268536892
1430,0,2,1430,0.03141463462364129,0.03585408128726808,0.0009868792685368817
1431,0,0,1431,0.03141463462364143,0.00020847723747696723,0.0009868792685368913
1432,0,0,1432,0.031414634623641066,0.01834629853558245,0.0009868792685368685
1433,0,1,1433,0.0,0.0,0.0
1434,0,0,1434,0.03141463462364115,0.0034076043883297102,0.0009868792685368735
1435,0,2,1435,0.03141463462364115,0.06839848204696608,0.0009868792685368728
1436,0,2,1436,0.0,0.0,0.0
1437,0,1,1437,0.031414634623641254,0.012824133828792689,0.00098687926853688
1438,0,0,1438,0.03141463462364125,0.048377933332972245,0.0009868792685368793
1439,0,0,1439,0.031414634623641226,0.12284533262328878,0.000986879268536878
1440,0,1,1440,0.03141463462364128,0.104605952894675,0.0009868792685368843
1441,0,2,1441,0.03141463462364136,0.05631872185152986,0.0009868792685368815
1442,0,2,1442,0.03141463462364126,0.04176130352878571,0.00098687926853688
1443,0,0,1443,0.03141463462364113,0.0669096520342718,0.0009868792685368717
1444,0,0,1444,0.031414634623641066,0.004277405739199049,0.0009868792685368676
1445,0,0,1445,0.0,0.0,0.0
1446,0,1,1446,0.031414634623641205,0.0029632445803868465,0.0009868792685368772
1447,0,2,1447,0.03141463462364122,0.011515483463669263,0.000986879268536876
1448,0,0,1448,0.0,0.0,0.0
1449,0,1,1449,0.031414634623641274,0.003618719718361696,0.0009868792685368806
1450,0,2,1450,0.03141463462364131,0.010049796943789047,0.0009868792685368832
1451,0,1,1451,0.03141463462364124,0.0461574778773306,0.0009868792685368787
1452,0,2,1452,0.03141463462364116,0.042271082392541987,0.0009868792685368737
1453,0,2,1453,0.03141463462364136,0.001742024879930637,0.0009868792685368865
1454,0,2,1454,0.0,0.0,0.0
1455,0,0,1455,0.0,0.0,0.0
1456,0,0,1456,0.03141463462364138,0.06778725304975242,0.0009868792685368852
1457,0,0,1457,0.031414634623641406,0.020048896875626054,0.0009868792685368893
1458,0,1,1458,0.031414634623641226,0.08447827943882946,0.000986879268536877
1459,0,2,1459,0.03141463462364127,0.08349382858583992,0.00098687926853688
1460,0,0,1460,0.031414634623641254,0.0500807926268787,0.0009868792685368791
1461,0,1,1461,0.0,0.0,0.0
1462,0,2,1462,0.03141463462364126,0.07732276082234257,0.00098687926853688
1463,0,2,1463,0.03141463462364129,0.07329829742261773,0.0009868792685368835
1464,0,0,1464,0.031414634623641274,0.12053500294914121,0.0009868792685368795
1465,0,2,1465,2.0,2.0933061140802494,0.000986879268536901
1466,0,0,1466,0.031414634623641184,0.19879604528365835,0.0009868792685368763
1467,0,1,1467,0.031414634623641295,0.09326359061509759,0.0009868792685368822
1468,0,0,1468,0.0314146346236412,0.07153600768263857,0.0009868792685368741
1469,0,0,1469,0.031414634623641205,0.09414545569783805,0.0009868792685368746
1470,0,2,1470,0.03141463462364126,0.015916197072494698,0.000986879268536881
1471,0,0,1471,0.031414634623641316,0.10085384132864483,0.0009868792685368832
1472,0,1,1472,0.031414634623641184,0.018258501496653312,0.0009868792685368756
1473,0,0,1473,2.0000000000000004,1.6451432696302875,0.000986879268536881
1474,0,0,1474,0.03141463462364121,0.03967140348741505,0.0009868792685368765
1475,0,1,1475,0.03141463462364115,0.0417864947762161,0.0009868792685368728
1476,0,2,1476,0.03141463462364133,0.14325262034099495,0.0009868792685368858
1477,0,0,1477,0.03141463462364114,0.01714037952426939,0.0009868792685368728
1478,0,1,1478,0.031414634623641254,0.09360017076693428,0.0009868792685368795
1479,0,2,1479,0.03141463462364135,0.009659035387409087,0.0009868792685368863
1480,0,1,1480,0.031414634623641476,0.032989563887568796,0.0009868792685368928
1481,0,1,1481,0.03141463462364137,0.020838078593681253,0.0009868792685368843
1482,0,1,1482,0.03141463462364115,0.026743739560177227,0.000986879268536873
1483,0,2,1483,0.03141463462364128,0.061405109121740686,0.000986879268536881
1484,0,0,1484,0.031414634623641295,0.04770989759440525,0.0009868792685368824
1485,0,1,1485,0.03141463462364127,0.03340861145873608,0.0009868792685368798
1486,0,1,1486,0.03141463462364123,0.012082084569962959,0.0009868792685368772
1487,0,0,1487,0.0,0.0,0.0
1488,0,2,1488,0.03141463462364125,0.04623322796560875,0.0009868792685368793
1489,0,1,1489,0.031414634623641184,0.02388397448411872,0.000986879268536875
1490,0,1,1490,0.03141463462364138,0.04736782299831033,0.0009868792685368865
1491,0,1,1491,0.03141463462364133,0.1012852120321126,0.0009868792685368845
1492,0,0,1492,0.0,0.0,0.0
1493,0,0,1493,0.031414634623641434,0.10979327059920774,0.0009868792685368913
1494,0,2,1494,0.0314146346236411,0.03393050796626085,0.000986879268536872
1495,0,2,1495,0.031414634623641365,0.0007970477969639345,0.0009868792685368865
1496,0,0,1496,0.0,0.0,0.0
1497,0,1,1497,0.031414634623641184,0.049260465758340644,0.000986879268536875
1498,0,2,1498,0.03141463462364151,0.01500451742248854,0.0009868792685368954
1499,0,2,1499,0.03141463462364117,0.19850512588778482,0.0009868792685368752
