,Layer,Qubit,Run,2-Norm,Trace Norm,Diamond Norm
0,0,0,0,0.06282151815625676,0.12993616289421198,0.003946543143456894
1,0,1,1,0.06282151815625665,0.11155261462897122,0.003946543143456882
2,0,2,2,0.06282151815625651,0.10632326976199546,0.003946543143456867
3,0,1,3,0.06282151815625639,0.09897953294216084,0.003946543143456851
4,0,2,4,0.06282151815625632,0.10768053395249537,0.003946543143456843
5,0,2,5,0.06282151815625625,0.12254942361898863,0.0039465431434568335
6,0,2,6,0.06282151815625665,0.10937701002373305,0.003946543143456883
7,0,0,7,0.0628215181562567,0.12300654542916882,0.00394654314345689
8,0,2,8,0.0,0.0,0.0
9,0,0,9,0.06282151815625638,0.12112588881708568,0.003946543143456849
10,0,1,10,0.06282151815625664,0.11278638399442754,0.003946543143456878
11,0,1,11,0.06282151815625638,0.10636459070295785,0.003946543143456847
12,0,0,12,0.0628215181562564,0.10200882821808113,0.003946543143456852
13,0,0,13,0.06282151815625624,0.10100716973033971,0.00394654314345683
14,0,1,14,0.0,0.0,0.0
15,0,0,15,0.06282151815625674,0.15342158139974665,0.003946543143456896
16,0,1,16,0.0,0.0,0.0
17,0,0,17,0.06282151815625636,0.09746165722277071,0.00394654314345685
18,0,1,18,0.0628215181562567,0.08300255926790467,0.003946543143456889
19,0,2,19,0.06282151815625651,0.09413156111958082,0.003946543143456865
20,0,0,20,0.0,0.0,0.0
21,0,0,21,0.0,0.0,0.0
22,0,2,22,0.06282151815625671,0.12533207566261054,0.003946543143456898
23,0,0,23,0.06282151815625664,0.11911973789862657,0.003946543143456881
24,0,1,24,0.0628215181562564,0.08694309086794863,0.003946543143456856
25,0,0,25,0.06282151815625642,0.11784585668426675,0.003946543143456854
26,0,2,26,0.06282151815625645,0.1094681513888183,0.003946543143456861
27,0,0,27,0.06282151815625675,0.1181612333269388,0.003946543143456893
28,0,2,28,0.0628215181562567,0.10716817060186613,0.003946543143456891
29,0,2,29,0.0,0.0,0.0
30,0,0,30,0.06282151815625622,0.0851017946524266,0.00394654314345683
31,0,2,31,0.06282151815625672,0.1251324342298211,0.003946543143456894
32,0,1,32,0.06282151815625646,0.06612613102411549,0.003946543143456861
33,0,1,33,0.0628215181562568,0.11293785215659233,0.003946543143456901
34,0,1,34,0.06282151815625643,0.11145756172572888,0.003946543143456856
35,0,2,35,0.06282151815625651,0.10471081579953687,0.003946543143456866
36,0,0,36,0.06282151815625642,0.12563282413317656,0.00394654314345685
37,0,2,37,0.06282151815625658,0.12040220121931001,0.00394654314345688
38,0,2,38,0.06282151815625672,0.09538596808436764,0.003946543143456893
39,0,1,39,0.06282151815625661,0.10163885209018077,0.003946543143456878
40,0,2,40,0.06282151815625636,0.10536154661490608,0.003946543143456847
41,0,0,41,0.06282151815625676,0.08854612917255286,0.003946543143456897
42,0,2,42,0.06282151815625632,0.11307785227666682,0.003946543143456842
43,0,1,43,0.06282151815625665,0.12046138547365878,0.0039465431434568855
44,0,2,44,0.0628215181562563,0.1136130670363856,0.00394654314345684
45,0,2,45,0.06282151815625653,0.12474967596846814,0.003946543143456868
46,0,1,46,0.06282151815625628,0.10792187571833683,0.003946543143456839
47,0,0,47,0.06282151815625645,0.0688648327733159,0.003946543143456858
48,0,2,48,0.06282151815625672,0.10551962530752529,0.00394654314345689
49,0,0,49,0.0628215181562567,0.09944561879117095,0.0039465431434568855
50,0,1,50,0.0628215181562565,0.10991366558591512,0.003946543143456864
51,0,1,51,0.06282151815625622,0.10770315836073205,0.003946543143456828
52,0,0,52,0.06282151815625642,0.08622017473913035,0.003946543143456852
53,0,2,53,0.06282151815625683,0.10517514651615904,0.003946543143456907
54,0,1,54,0.06282151815625668,0.16680974994973133,0.003946543143456888
55,0,0,55,0.06282151815625622,0.15647468971808368,0.003946543143456829
56,0,2,56,0.0628215181562564,0.11791667358643868,0.003946543143456853
57,0,2,57,0.06282151815625657,0.10760296137103083,0.0039465431434568725
58,0,0,58,0.06282151815625657,0.1562206701467272,0.003946543143456879
59,0,1,59,0.06282151815625632,0.08807159380903234,0.003946543143456843
60,0,1,60,0.06282151815625672,0.10399797319283616,0.00394654314345689
61,0,2,61,0.06282151815625665,0.0853213670277715,0.003946543143456881
62,0,0,62,0.06282151815625664,0.14513928114273034,0.003946543143456882
63,0,1,63,0.06282151815625636,0.12390074940698625,0.003946543143456851
64,0,1,64,0.0628215181562565,0.12414809288919199,0.003946543143456866
65,0,1,65,0.06282151815625628,0.08648681681846637,0.003946543143456837
66,0,2,66,0.0628215181562563,0.09780349648514042,0.0039465431434568396
67,0,2,67,0.06282151815625654,0.09912001812630944,0.003946543143456867
68,0,2,68,0.0628215181562566,0.12149841148943588,0.003946543143456878
69,0,1,69,0.0,0.0,0.0
70,0,2,70,0.06282151815625674,0.12071820255805199,0.003946543143456892
71,0,1,71,0.06282151815625657,0.1017826901018086,0.003946543143456873
72,0,2,72,0.06282151815625667,0.1473439042526502,0.003946543143456884
73,0,2,73,0.06282151815625638,0.10724294057560534,0.00394654314345685
74,0,2,74,0.06282151815625668,0.17302147900391532,0.003946543143456887
75,0,1,75,0.06282151815625642,0.11090043432555526,0.003946543143456855
76,0,0,76,0.06282151815625674,0.09421902310177134,0.003946543143456892
77,0,0,77,0.06282151815625651,0.08381799478210715,0.0039465431434568665
78,0,0,78,0.06282151815625653,0.09459721758760047,0.003946543143456869
79,0,2,79,0.0,0.0,0.0
80,0,2,80,0.06282151815625657,0.09552085513669614,0.003946543143456873
81,0,0,81,0.06282151815625663,0.1624690160850858,0.003946543143456882
82,0,0,82,0.06282151815625661,0.08925691854426604,0.003946543143456879
83,0,1,83,0.0628215181562562,0.08045482253957076,0.003946543143456823
84,0,2,84,0.0,0.0,0.0
85,0,0,85,0.0628215181562567,0.1338116147608571,0.003946543143456889
86,0,2,86,0.0628215181562563,0.09653324984165165,0.00394654314345684
87,0,2,87,0.06282151815625672,0.08935183213638379,0.0039465431434568925
88,0,1,88,0.06282151815625667,0.08752051540265218,0.003946543143456884
89,0,1,89,0.06282151815625675,0.12087225382678132,0.003946543143456891
90,0,1,90,0.06282151815625651,0.11175724745646853,0.0039465431434568665
91,0,2,91,0.0,0.0,0.0
92,0,2,92,0.06282151815625649,0.1173077103763073,0.003946543143456863
93,0,0,93,0.0,0.0,0.0
94,0,2,94,0.06282151815625643,0.11217500453115023,0.003946543143456857
95,0,2,95,0.06282151815625658,0.11113620831743169,0.003946543143456874
96,0,1,96,0.06282151815625643,0.10064554756537711,0.003946543143456857
97,0,2,97,0.06282151815625625,0.10552737736592945,0.003946543143456828
98,0,0,98,0.06282151815625643,0.11529439768678715,0.003946543143456856
99,0,1,99,0.06282151815625633,0.0943700425260968,0.00394654314345684
100,0,1,100,0.06282151815625646,0.08858284719626254,0.003946543143456856
101,0,2,101,0.06282151815625667,0.1576804312846688,0.003946543143456887
102,0,0,102,0.06282151815625658,0.09799657899462595,0.003946543143456876
103,0,1,103,0.06282151815625651,0.1480327717242551,0.003946543143456867
104,0,1,104,0.06282151815625671,0.07538407812443784,0.003946543143456889
105,0,2,105,0.0,0.0,0.0
106,0,1,106,0.06282151815625668,0.08822049061462736,0.003946543143456888
107,0,1,107,0.0,0.0,0.0
108,0,0,108,0.06282151815625679,0.12395958560665053,0.003946543143456899
109,0,2,109,0.06282151815625628,0.1255030470169484,0.003946543143456839
110,0,2,110,0.0628215181562565,0.09603297913996525,0.003946543143456866
111,0,0,111,0.06282151815625668,0.1001970322002877,0.003946543143456884
112,0,0,112,0.0628215181562565,0.09579962231891305,0.0039465431434568665
113,0,0,113,0.06282151815625647,0.10434971408872135,0.003946543143456863
114,0,2,114,0.06282151815625642,0.12280118798385055,0.003946543143456852
115,0,1,115,0.06282151815625657,0.11268033299735208,0.003946543143456875
116,0,2,116,0.06282151815625633,0.09930915405224161,0.003946543143456846
117,0,2,117,0.06282151815625626,0.12717788661742918,0.003946543143456836
118,0,2,118,0.06282151815625622,0.11787366495271492,0.003946543143456831
119,0,1,119,0.06282151815625647,0.11815927912198368,0.003946543143456861
120,0,1,120,0.06282151815625633,0.09589147716604146,0.003946543143456842
121,0,0,121,0.06282151815625657,0.09793446840339479,0.003946543143456871
122,0,0,122,0.0628215181562564,0.09633608494486876,0.003946543143456854
123,0,2,123,0.06282151815625629,0.17562202697676194,0.003946543143456841
124,0,2,124,0.06282151815625664,0.12140159329152261,0.003946543143456883
125,0,2,125,0.06282151815625615,0.09736714581431713,0.003946543143456819
126,0,2,126,0.0,0.0,0.0
127,0,1,127,0.06282151815625629,0.10430003456639886,0.003946543143456838
128,0,1,128,0.06282151815625664,0.11615726454870978,0.003946543143456882
129,0,1,129,0.0,0.0,0.0
130,0,2,130,0.06282151815625674,0.11005299101075669,0.003946543143456893
131,0,0,131,0.06282151815625665,0.12421245687560814,0.003946543143456883
132,0,2,132,0.06282151815625671,0.14769303354120528,0.003946543143456889
133,0,1,133,0.06282151815625624,0.16330422781335266,0.003946543143456833
134,0,0,134,0.06282151815625675,0.10172880457322392,0.003946543143456897
135,0,2,135,0.06282151815625626,0.1524934776308925,0.003946543143456834
136,0,1,136,0.0,0.0,0.0
137,0,1,137,0.06282151815625665,0.10670493017420066,0.003946543143456883
138,0,0,138,0.0,0.0,0.0
139,0,1,139,0.06282151815625654,0.12166568654802555,0.003946543143456872
140,0,1,140,0.06282151815625649,0.10885678452692624,0.003946543143456861
141,0,1,141,0.0,0.0,0.0
142,0,2,142,0.0,0.0,0.0
143,0,0,143,0.06282151815625656,0.0825502659734953,0.0039465431434568725
144,0,2,144,0.06282151815625642,0.08652331483802564,0.0039465431434568534
145,0,0,145,0.06282151815625665,0.1062192015748572,0.00394654314345688
146,0,1,146,0.06282151815625671,0.09195479450430435,0.00394654314345689
147,0,0,147,0.06282151815625649,0.1051289224936893,0.003946543143456861
148,0,2,148,0.06282151815625642,0.11773009974198331,0.003946543143456855
149,0,2,149,0.06282151815625636,0.09699070488191863,0.003946543143456847
150,0,2,150,0.06282151815625647,0.08368802882527002,0.003946543143456862
151,0,0,151,0.06282151815625645,0.09036862876686672,0.003946543143456858
152,0,1,152,0.0628215181562565,0.11605113865948452,0.003946543143456861
153,0,1,153,0.06282151815625674,0.1255316641846921,0.003946543143456898
154,0,0,154,0.06282151815625646,0.11077525467808037,0.00394654314345686
155,0,0,155,0.06282151815625645,0.103745696685063,0.003946543143456856
156,0,1,156,0.06282151815625658,0.11978015033397629,0.003946543143456874
157,0,2,157,0.06282151815625667,0.09026597149097121,0.003946543143456886
158,0,2,158,0.06282151815625665,0.13630167880328042,0.003946543143456885
159,0,1,159,0.06282151815625672,0.12347138881274507,0.003946543143456892
160,0,0,160,0.06282151815625643,0.07664131858524681,0.003946543143456856
161,0,2,161,0.06282151815625671,0.11014753873414218,0.003946543143456891
162,0,2,162,0.06282151815625651,0.09264655704949834,0.003946543143456867
163,0,0,163,0.06282151815625624,0.1478122137884639,0.003946543143456834
164,0,1,164,0.06282151815625665,0.07384521352875643,0.003946543143456884
165,0,2,165,0.06282151815625671,0.11817190117305881,0.003946543143456891
166,0,2,166,0.06282151815625633,0.15473830806629504,0.00394654314345685
167,0,2,167,0.06282151815625668,0.09371397235756987,0.003946543143456888
168,0,1,168,0.06282151815625633,0.11144322017062705,0.003946543143456844
169,0,0,169,0.06282151815625646,0.10923514670279202,0.003946543143456859
170,0,1,170,0.0628215181562566,0.11222555448566049,0.003946543143456876
171,0,1,171,0.06282151815625624,0.11995316473449084,0.003946543143456832
172,0,0,172,0.06282151815625628,0.1007977426957006,0.003946543143456838
173,0,2,173,0.06282151815625657,0.11443963144015147,0.003946543143456872
174,0,1,174,0.0,0.0,0.0
175,0,1,175,0.0,0.0,0.0
176,0,2,176,0.06282151815625621,0.14781018220461273,0.00394654314345683
177,0,1,177,0.0628215181562567,0.11844537463938125,0.003946543143456887
178,0,0,178,0.06282151815625647,0.11963960177148046,0.0039465431434568595
179,0,1,179,0.06282151815625671,0.11473139381210903,0.003946543143456891
180,0,1,180,0.06282151815625643,0.09328753740408499,0.003946543143456856
181,0,2,181,0.0,0.0,0.0
182,0,2,182,0.0,0.0,0.0
183,0,2,183,0.06282151815625614,0.1199071913693813,0.0039465431434568205
184,0,2,184,0.0628215181562567,0.11356292590878131,0.003946543143456888
185,0,1,185,0.06282151815625668,0.10212221501090768,0.003946543143456888
186,0,1,186,0.06282151815625617,0.07877042242245094,0.003946543143456826
187,0,0,187,0.06282151815625661,0.08350449406242277,0.0039465431434568795
188,0,2,188,0.0628215181562566,0.10721300996997879,0.003946543143456877
189,0,0,189,0.06282151815625622,0.09661430063162246,0.003946543143456832
190,0,1,190,0.06282151815625622,0.10974588997273582,0.003946543143456831
191,0,0,191,0.06282151815625632,0.0954644972206074,0.003946543143456841
192,0,1,192,0.06282151815625624,0.08959944588346887,0.003946543143456832
193,0,2,193,0.06282151815625664,0.12022103523748107,0.003946543143456881
194,0,0,194,0.06282151815625672,0.10989091980747201,0.003946543143456891
195,0,2,195,0.0,0.0,0.0
196,0,1,196,0.06282151815625675,0.10861506603354651,0.003946543143456897
197,0,2,197,0.06282151815625667,0.11434385677855984,0.0039465431434568855
198,0,2,198,0.06282151815625638,0.08341956717809766,0.003946543143456852
199,0,1,199,0.06282151815625625,0.12349447791758805,0.003946543143456834
200,0,2,200,0.06282151815625622,0.12129937062196104,0.003946543143456833
201,0,2,201,0.06282151815625636,0.08529832790610777,0.003946543143456846
202,0,0,202,0.0,0.0,0.0
203,0,0,203,0.06282151815625658,0.11331744467299076,0.003946543143456879
204,0,1,204,0.0,0.0,0.0
205,0,0,205,0.06282151815625658,0.09336139033499916,0.003946543143456874
206,0,2,206,0.06282151815625668,0.08251452769963165,0.003946543143456886
207,0,1,207,0.0,0.0,0.0
208,0,2,208,0.06282151815625661,0.09243692396073398,0.003946543143456878
209,0,2,209,0.0,0.0,0.0
210,0,2,210,0.06282151815625621,0.15308244754477562,0.003946543143456828
211,0,1,211,0.06282151815625621,0.15937169857664246,0.003946543143456834
212,0,2,212,0.06282151815625668,0.10824755958546323,0.0039465431434568855
213,0,1,213,0.06282151815625628,0.09702607843847116,0.003946543143456836
214,0,1,214,0.06282151815625615,0.13015308295158576,0.003946543143456821
215,0,0,215,0.0,0.0,0.0
216,0,2,216,0.0628215181562564,0.12259872279916978,0.003946543143456852
217,0,0,217,2.860979249076399e-17,3.469446951953614e-17,8.185202263645752e-34
218,0,2,218,0.0,0.0,0.0
219,0,0,219,0.06282151815625645,0.11606097919609909,0.003946543143456856
220,0,0,220,0.0,0.0,0.0
221,0,1,221,0.06282151815625636,0.08521173053393241,0.003946543143456847
222,0,2,222,0.06282151815625636,0.10218863258854285,0.003946543143456847
223,0,0,223,0.0,0.0,0.0
224,0,1,224,0.0,0.0,0.0
225,0,0,225,0.06282151815625683,0.09412793998709873,0.003946543143456909
226,0,0,226,0.06282151815625608,0.09050216528711574,0.0039465431434568135
227,0,0,227,0.06282151815625643,0.12043928640463501,0.0039465431434568534
228,0,0,228,0.0,0.0,0.0
229,0,1,229,0.06282151815625656,0.08742438946886678,0.003946543143456869
230,0,2,230,0.06282151815625624,0.09358562250333614,0.00394654314345683
231,0,0,231,0.06282151815625621,0.07143907411609454,0.003946543143456829
232,0,1,232,0.06282151815625643,0.08912056678170115,0.003946543143456854
233,0,0,233,0.06282151815625647,0.0823191268276178,0.003946543143456859
234,0,1,234,0.06282151815625668,0.07416717302724023,0.003946543143456886
235,0,1,235,0.06282151815625651,0.12468643985578182,0.00394654314345687
236,0,1,236,0.06282151815625624,0.10124537488418456,0.003946543143456833
237,0,1,237,3.438930861337679e-16,5.840597103179412e-16,1.1826245469060705e-31
238,0,1,238,0.0,0.0,0.0
239,0,2,239,0.0,0.0,0.0
240,0,0,240,0.06282151815625624,0.1178123492061914,0.003946543143456833
241,0,1,241,0.06282151815625639,0.1222227845843675,0.00394654314345685
242,0,1,242,0.06282151815625645,0.10242444151919222,0.003946543143456859
243,0,0,243,0.06282151815625649,0.08889576091429818,0.003946543143456863
244,0,0,244,0.0,0.0,0.0
245,0,2,245,0.06282151815625679,0.09375901904541997,0.003946543143456899
246,0,1,246,0.06282151815625628,0.12457313173740356,0.003946543143456835
247,0,0,247,0.06282151815625657,0.15462364392243053,0.003946543143456875
248,0,0,248,0.06282151815625632,0.09951475446413724,0.003946543143456843
249,0,0,249,0.06282151815625624,0.1006689835821315,0.003946543143456829
250,0,1,250,0.06282151815625667,0.11873631459856787,0.003946543143456889
251,0,1,251,0.0,0.0,0.0
252,0,1,252,0.0628215181562567,0.13395940550787344,0.003946543143456891
253,0,1,253,0.06282151815625663,0.09515607862287881,0.003946543143456884
254,0,0,254,0.0628215181562567,0.1425691305453331,0.003946543143456896
255,0,1,255,0.06282151815625667,0.10264334644665331,0.0039465431434568855
256,0,2,256,0.06282151815625647,0.07550210411505855,0.003946543143456861
257,0,2,257,0.06282151815625667,0.10407068798895332,0.003946543143456883
258,0,0,258,0.0628215181562567,0.13534767767394762,0.003946543143456891
259,0,0,259,3.5381555418772973e-17,5.551115123125783e-17,1.2518544638517031e-33
260,0,1,260,0.0628215181562567,0.15753809145298797,0.003946543143456892
261,0,2,261,0.06282151815625664,0.15191947347146587,0.003946543143456885
262,0,1,262,0.0628215181562565,0.12434839355674313,0.003946543143456863
263,0,1,263,0.0,0.0,0.0
264,0,2,264,0.06282151815625621,0.14170083307280404,0.0039465431434568266
265,0,2,265,0.06282151815625664,0.08543014693876279,0.003946543143456883
266,0,0,266,0.0628215181562563,0.11538655747551424,0.003946543143456841
267,0,1,267,0.06282151815625621,0.10275178931738392,0.003946543143456831
268,0,2,268,0.06282151815625663,0.08308675225960808,0.00394654314345688
269,0,1,269,0.06282151815625656,0.1112879523187098,0.00394654314345687
270,0,1,270,0.06282151815625658,0.10938186931154711,0.003946543143456874
271,0,0,271,0.0628215181562566,0.10039434363053622,0.003946543143456874
272,0,1,272,2.0,3.6093464612433346,0.003946543143456874
273,0,0,273,0.06282151815625664,0.1699093825742872,0.003946543143456886
274,0,0,274,0.06282151815625628,0.12402048733990387,0.003946543143456836
275,0,0,275,0.0628215181562567,0.10714909041042088,0.003946543143456889
276,0,2,276,0.06282151815625653,0.10762895213629295,0.003946543143456871
277,0,2,277,0.06282151815625629,0.08965958734360602,0.003946543143456838
278,0,0,278,0.0628215181562566,0.08288918209292015,0.003946543143456878
279,0,2,279,0.06282151815625665,0.09725475702918451,0.003946543143456885
280,0,0,280,0.0628215181562563,0.1561559928772468,0.0039465431434568396
281,0,0,281,0.0,0.0,0.0
282,0,2,282,0.06282151815625661,0.11490539774657972,0.003946543143456877
283,0,0,283,0.06282151815625646,0.09401221092536022,0.0039465431434568595
284,0,1,284,0.06282151815625661,0.11387390163198285,0.00394654314345688
285,0,0,285,0.06282151815625646,0.12173501385659607,0.00394654314345686
286,0,1,286,0.06282151815625636,0.12390510679295091,0.003946543143456848
287,0,0,287,0.06282151815625638,0.11309287442308111,0.003946543143456849
288,0,0,288,0.06282151815625646,0.11269544571256042,0.003946543143456857
289,0,0,289,0.0,0.0,0.0
290,0,2,290,0.0628215181562567,0.11429122398670796,0.003946543143456888
291,0,0,291,0.0628215181562565,0.11729541587972736,0.003946543143456864
292,0,1,292,0.0,0.0,0.0
293,0,2,293,0.0628215181562562,0.12078742614728899,0.0039465431434568266
294,0,2,294,0.06282151815625665,0.1094885688207329,0.003946543143456885
295,0,2,295,0.06282151815625668,0.10509498662371619,0.003946543143456887
296,0,2,296,0.06282151815625646,0.11193955174615736,0.003946543143456859
297,0,1,297,0.06282151815625665,0.10000137989330457,0.003946543143456884
298,0,1,298,0.0,0.0,0.0
299,0,2,299,0.06282151815625657,0.12809735263728506,0.003946543143456876
300,0,0,300,0.0628215181562567,0.07547907917259661,0.00394654314345689
301,0,1,301,0.06282151815625665,0.1223360803791015,0.003946543143456878
302,0,1,302,0.06282151815625636,0.12425468201020251,0.00394654314345685
303,0,0,303,0.06282151815625645,0.11664296967559144,0.003946543143456858
304,0,1,304,0.06282151815625647,0.09566740183139369,0.003946543143456861
305,0,2,305,0.06282151815625626,0.14642405240254244,0.003946543143456835
306,0,1,306,0.0,0.0,0.0
307,0,2,307,0.0628215181562566,0.08292455851031809,0.003946543143456877
308,0,1,308,0.06282151815625656,0.087185841722538,0.003946543143456872
309,0,0,309,0.06282151815625672,0.1400562487274078,0.0039465431434568925
310,0,2,310,0.0628215181562564,0.07810791068378543,0.003946543143456852
311,0,0,311,0.06282151815625642,0.09350091758305112,0.003946543143456855
312,0,2,312,0.06282151815625653,0.0890780515458742,0.003946543143456865
313,0,2,313,0.0,0.0,0.0
314,0,1,314,0.06282151815625646,0.10111608432447912,0.0039465431434568595
315,0,1,315,0.06282151815625624,0.09163516573387344,0.003946543143456833
316,0,2,316,0.06282151815625667,0.11056832118638749,0.0039465431434568855
317,0,1,317,0.06282151815625665,0.09120134310135408,0.003946543143456885
318,0,1,318,0.06282151815625657,0.10869802501871811,0.003946543143456874
319,0,1,319,0.0628215181562562,0.08366835013118995,0.003946543143456826
320,0,2,320,0.06282151815625665,0.08267156251908472,0.003946543143456885
321,0,1,321,0.06282151815625651,0.10020967375045006,0.003946543143456866
322,0,1,322,0.06282151815625635,0.07565179513048079,0.0039465431434568465
323,0,2,323,0.0,0.0,0.0
324,0,2,324,0.0,0.0,0.0
325,0,2,325,0.0628215181562565,0.10108498349223896,0.003946543143456867
326,0,2,326,0.06282151815625671,0.10192709355972376,0.003946543143456891
327,0,1,327,0.06282151815625625,0.1460396705866559,0.003946543143456833
328,0,1,328,0.06282151815625667,0.11542107839848958,0.003946543143456883
329,0,0,329,0.0628215181562563,0.0913465618640954,0.0039465431434568396
330,0,1,330,0.0628215181562567,0.11825672986532872,0.003946543143456889
331,0,2,331,0.0,0.0,0.0
332,0,0,332,0.0,0.0,0.0
333,0,0,333,0.0628215181562563,0.09180673408751015,0.0039465431434568396
334,0,0,334,0.0628215181562566,0.08250976913958863,0.003946543143456875
335,0,0,335,0.06282151815625638,0.12291709335371116,0.003946543143456849
336,0,0,336,0.06282151815625643,0.08364046991562478,0.003946543143456856
337,0,0,337,0.06282151815625663,0.09214345890150988,0.0039465431434568795
338,0,1,338,0.06282151815625664,0.0912814649319196,0.003946543143456883
339,0,0,339,0.06282151815625668,0.12558425079561128,0.003946543143456888
340,0,1,340,0.0,0.0,0.0
341,0,2,341,0.06282151815625617,0.07730570141061843,0.003946543143456823
342,0,1,342,0.06282151815625674,0.12546943241586747,0.003946543143456891
343,0,1,343,0.06282151815625636,0.09744287399169452,0.003946543143456849
344,0,1,344,0.06282151815625635,0.13625096695854735,0.003946543143456846
345,0,2,345,0.06282151815625658,0.12264724171880943,0.003946543143456874
346,0,1,346,0.0628215181562566,0.12419342802648174,0.003946543143456875
347,0,0,347,0.0,0.0,0.0
348,0,1,348,0.06282151815625661,0.12234869403700199,0.003946543143456882
349,0,2,349,0.0,0.0,0.0
350,0,2,350,0.0,0.0,0.0
351,0,2,351,0.0,0.0,0.0
352,0,0,352,0.06282151815625647,0.10688954399576081,0.003946543143456861
353,0,2,353,0.06282151815625617,0.12221261013605343,0.003946543143456823
354,0,0,354,0.06282151815625663,0.08968042946993418,0.003946543143456882
355,0,2,355,0.06282151815625639,0.11237751288963818,0.003946543143456852
356,0,0,356,0.0628215181562563,0.09753580972333951,0.003946543143456842
357,0,1,357,0.06282151815625643,0.10221463589558513,0.003946543143456859
358,0,1,358,0.06282151815625671,0.08941131591145096,0.003946543143456891
359,0,1,359,0.0,0.0,0.0
360,0,0,360,0.06282151815625671,0.14938564612126587,0.003946543143456887
361,0,1,361,0.06282151815625671,0.09993219550028845,0.003946543143456892
362,0,0,362,0.06282151815625639,0.09104544984876962,0.00394654314345685
363,0,2,363,0.06282151815625657,0.09013533557681258,0.003946543143456873
364,0,2,364,0.06282151815625624,0.10033793373334948,0.003946543143456831
365,0,0,365,0.06282151815625633,0.12533825396240716,0.003946543143456842
366,0,2,366,0.06282151815625668,0.10038494802276167,0.003946543143456888
367,0,1,367,0.0628215181562566,0.08009484731692694,0.003946543143456879
368,0,1,368,0.06282151815625639,0.10902854762424849,0.003946543143456853
369,0,0,369,0.0,0.0,0.0
370,0,1,370,0.06282151815625645,0.10040000698696228,0.003946543143456856
371,0,0,371,0.0628215181562562,0.09153382163757609,0.0039465431434568266
372,0,1,372,0.06282151815625661,0.11803417039909002,0.003946543143456876
373,0,2,373,0.0628215181562567,0.09074164800515652,0.003946543143456892
374,0,1,374,0.06282151815625665,0.08572533700371837,0.003946543143456882
375,0,0,375,0.06282151815625661,0.11532960432845424,0.0039465431434568795
376,0,0,376,0.06282151815625672,0.08716491945586538,0.003946543143456893
377,0,1,377,0.06282151815625663,0.14305110380278901,0.00394654314345688
378,0,0,378,0.06282151815625617,0.13927213683097092,0.003946543143456825
379,0,1,379,0.0,0.0,0.0
380,0,2,380,0.06282151815625656,0.1207016348034316,0.003946543143456865
381,0,2,381,0.0,0.0,0.0
382,0,0,382,0.06282151815625678,0.10184523301492382,0.003946543143456898
383,0,2,383,0.06282151815625664,0.07170271235743869,0.00394654314345688
384,0,1,384,0.06282151815625667,0.08301405417214437,0.003946543143456886
385,0,1,385,0.0628215181562562,0.11724191900775349,0.003946543143456832
386,0,0,386,0.0,0.0,0.0
387,0,1,387,0.0,0.0,0.0
388,0,2,388,0.06282151815625636,0.1137763807281312,0.003946543143456847
389,0,0,389,0.06282151815625624,0.10480627170819834,0.003946543143456831
390,0,0,390,2.0000000000000004,3.789446093158819,0.003946543143456887
391,0,1,391,0.06282151815625665,0.11828676487609924,0.00394654314345688
392,0,1,392,0.06282151815625665,0.10286420855637989,0.003946543143456885
393,0,2,393,0.06282151815625668,0.08782349346614454,0.003946543143456885
394,0,1,394,0.0628215181562567,0.10231755502565278,0.00394654314345689
395,0,0,395,0.0,0.0,0.0
396,0,0,396,0.06282151815625642,0.12431487850853029,0.003946543143456857
397,0,0,397,0.0628215181562563,0.10243344947502551,0.003946543143456841
398,0,1,398,0.06282151815625626,0.08901313647199666,0.003946543143456835
399,0,1,399,0.06282151815625661,0.12656341714533137,0.0039465431434568795
400,0,0,400,0.0,0.0,0.0
401,0,2,401,0.06282151815625642,0.1250104460080854,0.003946543143456856
402,0,0,402,0.06282151815625626,0.12369051371495723,0.003946543143456833
403,0,1,403,0.06282151815625674,0.11221146159695602,0.003946543143456892
404,0,1,404,0.0,0.0,0.0
405,0,0,405,0.06282151815625679,0.12163229653868451,0.0039465431434568985
406,0,2,406,0.06282151815625668,0.09554675562400215,0.003946543143456886
407,0,2,407,0.06282151815625649,0.10557599177480867,0.003946543143456864
408,0,0,408,0.0628215181562566,0.08876378225768206,0.003946543143456876
409,0,1,409,0.06282151815625643,0.1064235292127623,0.003946543143456855
410,0,1,410,0.06282151815625646,0.08351434761891352,0.003946543143456859
411,0,0,411,0.06282151815625632,0.07820181568854667,0.003946543143456843
412,0,1,412,0.0,0.0,0.0
413,0,2,413,0.0,0.0,0.0
414,0,1,414,0.06282151815625629,0.10892774233709193,0.003946543143456835
415,0,0,415,0.0,0.0,0.0
416,0,1,416,0.0628215181562565,0.09675074903332018,0.003946543143456866
417,0,0,417,0.06282151815625647,0.09290357728162772,0.0039465431434568595
418,0,2,418,0.06282151815625622,0.14274543402557183,0.003946543143456832
419,0,0,419,0.06282151815625667,0.09707497790818287,0.0039465431434568855
420,0,1,420,0.0628215181562564,0.11920434142774694,0.003946543143456852
421,0,0,421,0.0,0.0,0.0
422,0,0,422,0.06282151815625672,0.0933704220703965,0.0039465431434568925
423,0,2,423,0.06282151815625661,0.10146282885073094,0.003946543143456883
424,0,0,424,0.0,0.0,0.0
425,0,1,425,0.06282151815625678,0.11661671559203787,0.0039465431434568985
426,0,0,426,0.06282151815625647,0.09543847388336979,0.0039465431434568595
427,0,0,427,0.06282151815625671,0.10526918469104174,0.003946543143456894
428,0,0,428,0.06282151815625667,0.1108903173225918,0.003946543143456884
429,0,2,429,0.06282151815625674,0.10011020117914679,0.0039465431434568925
430,0,2,430,0.06282151815625646,0.0934877575824169,0.003946543143456859
431,0,2,431,0.06282151815625661,0.10284209872754353,0.0039465431434568795
432,0,1,432,0.0628215181562562,0.1184694653052911,0.0039465431434568266
433,0,0,433,0.06282151815625647,0.10523539853831387,0.00394654314345686
434,0,2,434,0.06282151815625643,0.09567477758604634,0.003946543143456857
435,0,2,435,0.0,0.0,0.0
436,0,2,436,0.06282151815625625,0.09726016296413748,0.003946543143456832
437,0,1,437,0.0,0.0,0.0
438,0,0,438,0.06282151815625642,0.08942009185147598,0.003946543143456858
439,0,0,439,0.06282151815625625,0.1660249174318468,0.0039465431434568335
440,0,2,440,0.0,0.0,0.0
441,0,0,441,0.06282151815625676,0.1131529049842423,0.0039465431434568985
442,0,0,442,0.0,0.0,0.0
443,0,0,443,0.0,0.0,0.0
444,0,0,444,0.0628215181562567,0.10588594037175005,0.003946543143456889
445,0,0,445,0.06282151815625664,0.1520939861185866,0.003946543143456881
446,0,0,446,0.06282151815625675,0.1197501852219259,0.003946543143456896
447,0,2,447,0.06282151815625665,0.1149050454560083,0.00394654314345688
448,0,1,448,0.06282151815625647,0.11808838467131988,0.003946543143456857
449,0,1,449,0.06282151815625649,0.10076981966841084,0.003946543143456864
450,0,2,450,0.0628215181562566,0.11588536379285715,0.003946543143456876
451,0,0,451,0.0628215181562567,0.11546321131212209,0.003946543143456885
452,0,0,452,0.06282151815625668,0.11865005367385195,0.0039465431434568855
453,0,2,453,0.06282151815625639,0.10857492337479446,0.0039465431434568465
454,0,1,454,1.9990131207314639,2.3947782033988214,0.003946543143456856
455,0,0,455,0.06282151815625642,0.10714926176106167,0.003946543143456856
456,0,0,456,0.0628215181562563,0.08994190744271315,0.00394654314345684
457,0,1,457,0.06282151815625667,0.0938241724379162,0.003946543143456887
458,0,1,458,0.0,0.0,0.0
459,0,0,459,0.06282151815625625,0.15634630919407896,0.0039465431434568335
460,0,0,460,0.0628215181562566,0.10532290994442614,0.003946543143456878
461,0,1,461,0.06282151815625649,0.09821354054768643,0.003946543143456859
462,0,1,462,0.06282151815625632,0.10738836667341768,0.003946543143456844
463,0,2,463,0.06282151815625667,0.09473371848519707,0.003946543143456887
464,0,0,464,0.0628215181562565,0.09700618872567784,0.0039465431434568665
465,0,2,465,0.06282151815625639,0.11804932699101639,0.00394654314345685
466,0,2,466,0.0,0.0,0.0
467,0,1,467,0.06282151815625663,0.11180928390465092,0.003946543143456879
468,0,2,468,0.06282151815625668,0.11408640887067903,0.003946543143456888
469,0,0,469,0.06282151815625664,0.11708070777565116,0.00394654314345688
470,0,2,470,0.06282151815625653,0.07927168726314401,0.00394654314345687
471,0,1,471,0.06282151815625628,0.12350971833961003,0.0039465431434568335
472,0,0,472,0.06282151815625668,0.11992796444101161,0.003946543143456886
473,0,1,473,2.0,2.5435908154117777,0.0039465431434569
474,0,2,474,0.06282151815625667,0.12048450518988964,0.003946543143456888
475,0,0,475,0.06282151815625636,0.08875383922826198,0.0039465431434568465
476,0,0,476,0.06282151815625668,0.0969705869798321,0.00394654314345689
477,0,0,477,0.0,0.0,0.0
478,0,0,478,0.06282151815625672,0.1641350572192327,0.003946543143456896
479,0,1,479,0.06282151815625628,0.14889143994374276,0.003946543143456834
480,0,0,480,0.06282151815625649,0.12083893244480932,0.003946543143456864
481,0,2,481,0.06282151815625676,0.1662161473441548,0.003946543143456908
482,0,2,482,0.0,0.0,0.0
483,0,0,483,0.0628215181562564,0.08842534677661291,0.003946543143456853
484,0,2,484,0.0,0.0,0.0
485,0,2,485,0.06282151815625663,0.12263134193788844,0.003946543143456882
486,0,0,486,0.06282151815625661,0.10197581570957699,0.003946543143456881
487,0,1,487,0.06282151815625645,0.12525434954174358,0.003946543143456856
488,0,1,488,0.06282151815625663,0.1119317627995826,0.0039465431434568795
489,0,2,489,0.0,0.0,0.0
490,0,2,490,0.06282151815625628,0.14966815590325064,0.003946543143456835
491,0,1,491,0.06282151815625679,0.12365077603689427,0.003946543143456901
492,0,2,492,0.06282151815625645,0.12283772414193131,0.003946543143456859
493,0,2,493,0.06282151815625657,0.09524715331189981,0.0039465431434568725
494,0,1,494,0.06282151815625624,0.09976642842609777,0.003946543143456832
495,0,2,495,0.06282151815625664,0.07200526199203397,0.0039465431434568795
496,0,1,496,0.06282151815625657,0.08982076638971487,0.003946543143456872
497,0,0,497,0.06282151815625656,0.11327603027491898,0.003946543143456874
498,0,0,498,0.0,0.0,0.0
499,0,0,499,0.0,0.0,0.0
500,0,1,500,0.0628215181562565,0.09666500581106413,0.003946543143456862
501,0,1,501,0.06282151815625685,0.12255318691824733,0.0039465431434569055
502,0,1,502,0.06282151815625643,0.10705674197981216,0.0039465431434568534
503,0,1,503,0.06282151815625656,0.12308357415672912,0.003946543143456872
504,0,0,504,0.0628215181562566,0.12458727724892808,0.003946543143456873
505,0,0,505,0.06282151815625665,0.09718758738466171,0.003946543143456889
506,0,1,506,0.06282151815625665,0.08634120392105482,0.003946543143456885
507,0,0,507,0.06282151815625653,0.09672699125017512,0.003946543143456867
508,0,0,508,0.06282151815625628,0.1667101265731533,0.003946543143456839
509,0,1,509,0.0,0.0,0.0
510,0,1,510,0.06282151815625647,0.09148273496222889,0.003946543143456862
511,0,2,511,0.06282151815625642,0.10631760055976802,0.003946543143456856
512,0,1,512,0.0,0.0,0.0
513,0,0,513,0.06282151815625663,0.11882453380259392,0.003946543143456879
514,0,2,514,0.0628215181562567,0.11807510294353749,0.003946543143456888
515,0,1,515,0.06282151815625638,0.09476190122791174,0.003946543143456848
516,0,0,516,0.0,0.0,0.0
517,0,2,517,0.06282151815625667,0.10089829690829381,0.003946543143456885
518,0,1,518,0.06282151815625665,0.07706755493257228,0.003946543143456883
519,0,1,519,0.06282151815625654,0.1085600773320646,0.00394654314345687
520,0,1,520,0.06282151815625665,0.11391160791567251,0.003946543143456884
521,0,1,521,0.06282151815625672,0.11444731636233883,0.00394654314345689
522,0,1,522,0.06282151815625674,0.1118675673674179,0.0039465431434568925
523,0,0,523,0.06282151815625639,0.08840952796482776,0.003946543143456853
524,0,2,524,0.06282151815625636,0.10127088432728763,0.003946543143456846
525,0,0,525,0.06282151815625647,0.09566540516637292,0.003946543143456862
526,0,1,526,0.0628215181562567,0.09326776343193773,0.003946543143456889
527,0,2,527,0.06282151815625651,0.10868966744153452,0.003946543143456866
528,0,1,528,0.0628215181562567,0.0928393232617535,0.003946543143456887
529,0,0,529,0.0,0.0,0.0
530,0,1,530,0.06282151815625629,0.113005077254186,0.003946543143456837
531,0,1,531,0.06282151815625657,0.14846703431652877,0.003946543143456874
532,0,2,532,2.0000000000000004,3.125454700200235,0.0039465431434568855
533,0,0,533,2.0000000000000004,3.1190909554310666,0.003946543143456877
534,0,1,534,0.0,0.0,0.0
535,0,2,535,0.06282151815625643,0.10033235665943487,0.003946543143456855
536,0,1,536,0.06282151815625675,0.11166548826408498,0.003946543143456896
537,0,2,537,0.0,0.0,0.0
538,0,2,538,0.0628215181562567,0.08633202758512257,0.00394654314345689
539,0,1,539,0.0,0.0,0.0
540,0,0,540,0.0628215181562566,0.11263589647119504,0.003946543143456878
541,0,0,541,0.06282151815625646,0.09344413731708956,0.003946543143456862
542,0,2,542,0.06282151815625663,0.10351461307359028,0.0039465431434568795
543,0,0,543,1.9999999999999998,3.935182534566532,0.003946543143456846
544,0,2,544,0.0628215181562568,0.08302662571237338,0.003946543143456907
545,0,0,545,0.06282151815625668,0.08116962643820247,0.0039465431434568855
546,0,0,546,0.06282151815625642,0.123725449209486,0.0039465431434568534
547,0,2,547,0.06282151815625668,0.11876182494778426,0.003946543143456891
548,0,2,548,0.06282151815625667,0.1099114317415926,0.003946543143456886
549,0,2,549,0.0,0.0,0.0
550,0,0,550,0.0,0.0,0.0
551,0,0,551,0.0,0.0,0.0
552,0,0,552,0.06282151815625621,0.1125396173008961,0.003946543143456832
553,0,2,553,0.0628215181562565,0.12274836016959784,0.003946543143456864
554,0,0,554,0.06282151815625671,0.14275263383453862,0.003946543143456892
555,0,0,555,0.06282151815625614,0.08627301413653002,0.00394654314345682
556,0,0,556,0.06282151815625654,0.10808192847131148,0.00394654314345687
557,0,2,557,0.06282151815625665,0.10348962360570049,0.003946543143456881
558,0,0,558,0.0,0.0,0.0
559,0,1,559,0.0628215181562567,0.11479560979039552,0.00394654314345689
560,0,2,560,0.06282151815625646,0.10992966131515167,0.003946543143456857
561,0,2,561,0.06282151815625643,0.11308308424748903,0.0039465431434568534
562,0,1,562,0.06282151815625661,0.12343927734653692,0.003946543143456879
563,0,1,563,0.06282151815625653,0.11492831552887502,0.0039465431434568665
564,0,1,564,0.06282151815625678,0.08245532485067626,0.003946543143456902
565,0,0,565,0.06282151815625656,0.0879855334642338,0.0039465431434568725
566,0,1,566,0.06282151815625671,0.11260745206128314,0.003946543143456893
567,0,1,567,0.0628215181562568,0.08427153338880883,0.003946543143456905
568,0,1,568,0.06282151815625657,0.10153632517020805,0.003946543143456873
569,0,2,569,0.06282151815625671,0.11156129355785696,0.003946543143456893
570,0,1,570,0.0628215181562565,0.08767329870163186,0.003946543143456864
571,0,0,571,0.06282151815625636,0.09222173809370227,0.003946543143456846
572,0,0,572,0.06282151815625647,0.10225098727444785,0.003946543143456859
573,0,2,573,0.0628215181562567,0.08457635672232316,0.003946543143456889
574,0,1,574,0.06282151815625615,0.11685918763853412,0.003946543143456823
575,0,1,575,0.06282151815625665,0.11936257077126317,0.003946543143456885
576,0,2,576,0.06282151815625649,0.11255260828135166,0.003946543143456863
577,0,1,577,0.06282151815625636,0.11110237991491127,0.003946543143456848
578,0,2,578,0.0,0.0,0.0
579,0,0,579,0.06282151815625624,0.12519498243242405,0.003946543143456832
580,0,0,580,0.06282151815625645,0.07404170887915341,0.003946543143456855
581,0,2,581,0.0,0.0,0.0
582,0,0,582,0.0,0.0,0.0
583,0,1,583,0.0,0.0,0.0
584,0,2,584,0.0628215181562565,0.12207503295649083,0.0039465431434568665
585,0,1,585,2.0,3.873896306101622,0.003946543143456859
586,0,2,586,0.06282151815625668,0.10953211994237894,0.003946543143456888
587,0,0,587,0.06282151815625636,0.10814008763011665,0.003946543143456848
588,0,0,588,0.06282151815625668,0.12023563065836548,0.00394654314345689
589,0,0,589,0.06282151815625667,0.11498713896166719,0.003946543143456884
590,0,0,590,0.06282151815625624,0.1530422979395776,0.003946543143456831
591,0,2,591,0.0628215181562565,0.12051491871928868,0.0039465431434568665
592,0,0,592,0.06282151815625624,0.07226829311972838,0.003946543143456834
593,0,1,593,0.06282151815625628,0.1167048415844133,0.003946543143456834
594,0,0,594,0.0,0.0,0.0
595,0,1,595,0.06282151815625649,0.11153904325162152,0.0039465431434568534
596,0,1,596,0.06282151815625626,0.11745612714703488,0.003946543143456834
597,0,0,597,0.06282151815625667,0.07706832184367951,0.003946543143456886
598,0,1,598,0.06282151815625647,0.10458647682884349,0.003946543143456861
599,0,2,599,0.06282151815625676,0.11382006073556336,0.003946543143456897
600,0,0,600,0.06282151815625667,0.1243967047738183,0.003946543143456887
601,0,1,601,0.06282151815625635,0.0979183339201839,0.003946543143456846
602,0,2,602,0.06282151815625672,0.15658197497086512,0.003946543143456891
603,0,1,603,0.0,0.0,0.0
604,0,0,604,1.9999999999999998,2.6885606395920325,0.003946543143456872
605,0,2,605,0.06282151815625672,0.12037277074552229,0.0039465431434568985
606,0,1,606,0.06282151815625636,0.13397044154500715,0.003946543143456849
607,0,1,607,0.06282151815625638,0.10877010717292918,0.003946543143456846
608,0,0,608,0.06282151815625632,0.15541928922080195,0.00394654314345684
609,0,1,609,0.06282151815625675,0.10290250300822107,0.003946543143456897
610,0,1,610,0.06282151815625675,0.08508625009091385,0.003946543143456897
611,0,2,611,1.398631308301848e-17,1.4040418133687282e-17,1.956169536562139e-34
612,0,0,612,0.06282151815625629,0.11718509607851257,0.003946543143456838
613,0,0,613,0.06282151815625672,0.10631546891723163,0.00394654314345689
614,0,0,614,0.0,0.0,0.0
615,0,1,615,0.06282151815625651,0.12355070925027219,0.003946543143456869
616,0,0,616,2.0000000000000004,2.6504681853895553,0.003946543143456854
617,0,0,617,0.06282151815625625,0.11985046373279193,0.003946543143456833
618,0,1,618,0.06282151815625642,0.09467870768051596,0.0039465431434568534
619,0,2,619,0.0628215181562567,0.097447152192106,0.00394654314345689
620,0,1,620,0.06282151815625625,0.09799120047926227,0.003946543143456833
621,0,1,621,0.06282151815625675,0.11358133656544733,0.003946543143456894
622,0,0,622,0.0628215181562567,0.09642990436258636,0.003946543143456888
623,0,1,623,0.0,0.0,0.0
624,0,2,624,0.0,0.0,0.0
625,0,1,625,0.06282151815625629,0.0915785432049102,0.003946543143456841
626,0,1,626,0.0,0.0,0.0
627,0,1,627,0.06282151815625663,0.10249619828525672,0.00394654314345688
628,0,0,628,0.06282151815625639,0.10545660663534855,0.003946543143456849
629,0,2,629,0.06282151815625646,0.10990667361048136,0.0039465431434568595
630,0,2,630,0.06282151815625676,0.1547777479082259,0.0039465431434568985
631,0,0,631,0.06282151815625643,0.08710753264996376,0.003946543143456856
632,0,1,632,0.0,0.0,0.0
633,0,1,633,0.0,0.0,0.0
634,0,2,634,0.06282151815625639,0.11584291874319678,0.003946543143456849
635,0,2,635,0.06282151815625618,0.16851084452996756,0.003946543143456829
636,0,2,636,0.0,0.0,0.0
637,0,1,637,0.0,0.0,0.0
638,0,0,638,0.06282151815625638,0.10931873044986426,0.003946543143456848
639,0,1,639,0.06282151815625653,0.0960654350045985,0.003946543143456868
640,0,2,640,0.06282151815625645,0.10563220026788148,0.003946543143456857
641,0,0,641,0.06282151815625672,0.08246925092066043,0.003946543143456892
642,0,1,642,0.0,0.0,0.0
643,0,2,643,0.06282151815625663,0.09790482648202724,0.003946543143456883
644,0,0,644,0.0628215181562567,0.08475882030556157,0.003946543143456888
645,0,2,645,0.06282151815625658,0.11744479257682686,0.003946543143456879
646,0,0,646,0.06282151815625665,0.1022792975876852,0.003946543143456884
647,0,1,647,0.06282151815625633,0.10676313888672587,0.003946543143456843
648,0,1,648,0.0628215181562567,0.10795512765311918,0.003946543143456889
649,0,2,649,0.06282151815625647,0.07374384868184228,0.003946543143456863
650,0,1,650,0.06282151815625664,0.09395400834848064,0.0039465431434568795
651,0,1,651,0.06282151815625667,0.09185019321520102,0.0039465431434568855
652,0,0,652,0.0628215181562564,0.10320272324348759,0.0039465431434568534
653,0,2,653,0.0,0.0,0.0
654,0,0,654,0.06282151815625676,0.15295038262620508,0.003946543143456899
655,0,2,655,0.06282151815625661,0.10695815229689826,0.0039465431434568795
656,0,1,656,0.06282151815625671,0.17572862007929585,0.003946543143456891
657,0,0,657,0.06282151815625626,0.11322081245584657,0.003946543143456834
658,0,2,658,0.06282151815625672,0.14875523370745247,0.003946543143456894
659,0,2,659,0.06282151815625636,0.09979466127354258,0.003946543143456846
660,0,1,660,0.06282151815625664,0.07678113236618825,0.003946543143456882
661,0,1,661,0.0,0.0,0.0
662,0,0,662,0.06282151815625674,0.12110255754129806,0.003946543143456889
663,0,2,663,0.06282151815625679,0.11019576460951094,0.003946543143456904
664,0,2,664,0.0,0.0,0.0
665,0,2,665,0.06282151815625668,0.08228459769062549,0.0039465431434568855
666,0,0,666,0.06282151815625658,0.09141209421809937,0.003946543143456879
667,0,2,667,0.0,0.0,0.0
668,0,0,668,0.06282151815625647,0.10570449886291777,0.003946543143456863
669,0,0,669,0.0,0.0,0.0
670,0,2,670,0.0628215181562563,0.09951213694869682,0.0039465431434568396
671,0,2,671,0.06282151815625625,0.10733593135050391,0.003946543143456832
672,0,1,672,0.0,0.0,0.0
673,0,0,673,0.06282151815625639,0.11481802946291388,0.003946543143456852
674,0,0,674,0.06282151815625664,0.09955199547618779,0.003946543143456882
675,0,0,675,0.0628215181562566,0.1274373691859407,0.0039465431434568795
676,0,2,676,0.06282151815625671,0.1039399464329343,0.0039465431434568925
677,0,1,677,0.06282151815625643,0.08933486103662278,0.003946543143456858
678,0,0,678,0.06282151815625628,0.15905598817887345,0.003946543143456835
679,0,1,679,0.06282151815625639,0.11259506360107957,0.00394654314345685
680,0,2,680,0.06282151815625622,0.10909366024911962,0.00394654314345683
681,0,2,681,0.06282151815625667,0.0957194920447379,0.003946543143456887
682,0,0,682,2.0000000000000004,3.7238521784796013,0.0039465431434568725
683,0,1,683,0.06282151815625639,0.08413805175109301,0.003946543143456849
684,0,2,684,0.0628215181562565,0.10032066418796781,0.003946543143456863
685,0,0,685,0.0,0.0,0.0
686,0,2,686,0.06282151815625661,0.13421376058383042,0.0039465431434568795
687,0,0,687,0.06282151815625624,0.10802428338008019,0.003946543143456829
688,0,1,688,0.0628215181562564,0.07272123046572511,0.003946543143456854
689,0,2,689,0.06282151815625642,0.10174236392190752,0.003946543143456851
690,0,2,690,0.06282151815625628,0.15409931935090054,0.003946543143456834
691,0,2,691,0.06282151815625665,0.10437408459583594,0.003946543143456875
692,0,2,692,0.0628215181562565,0.08747612971687302,0.003946543143456864
693,0,1,693,0.06282151815625664,0.11261548661485318,0.00394654314345688
694,0,2,694,0.06282151815625647,0.10964098582462165,0.003946543143456862
695,0,1,695,0.06282151815625643,0.08045665189723596,0.003946543143456855
696,0,0,696,0.06282151815625642,0.06811272167121654,0.003946543143456855
697,0,0,697,0.06282151815625667,0.10929361891896686,0.0039465431434568855
698,0,2,698,0.06282151815625658,0.12058011788095739,0.003946543143456876
699,0,0,699,0.0,0.0,0.0
700,0,2,700,0.0,0.0,0.0
701,0,2,701,0.06282151815625632,0.09872943527359831,0.00394654314345684
702,0,0,702,0.0,0.0,0.0
703,0,1,703,0.06282151815625646,0.08919090158603889,0.003946543143456859
704,0,2,704,0.06282151815625625,0.12160887941560129,0.0039465431434568335
705,0,2,705,0.06282151815625653,0.11157748266374808,0.003946543143456868
706,0,2,706,0.06282151815625621,0.103411029695648,0.0039465431434568335
707,0,0,707,0.0,0.0,0.0
708,0,1,708,0.06282151815625671,0.0940010154887965,0.003946543143456891
709,0,0,709,0.06282151815625664,0.08811290231754965,0.003946543143456884
710,0,1,710,0.06282151815625667,0.11880493718503854,0.003946543143456882
711,0,0,711,0.06282151815625649,0.06877479786120816,0.003946543143456863
712,0,2,712,0.0628215181562563,0.10382907113358136,0.003946543143456841
713,0,0,713,0.0,0.0,0.0
714,0,2,714,0.0628215181562567,0.10782396648921291,0.003946543143456886
715,0,1,715,0.06282151815625647,0.08657929303995672,0.003946543143456864
716,0,1,716,0.06282151815625658,0.0906850888550296,0.003946543143456876
717,0,2,717,0.06282151815625647,0.12525517374380474,0.00394654314345686
718,0,0,718,0.0,0.0,0.0
719,0,1,719,0.06282151815625633,0.1209289493263079,0.003946543143456846
720,0,1,720,0.0628215181562567,0.0908710791692926,0.003946543143456886
721,0,1,721,0.06282151815625675,0.15067739737335667,0.003946543143456894
722,0,0,722,0.06282151815625642,0.12351453088498401,0.003946543143456855
723,0,2,723,0.06282151815625622,0.12422177358087519,0.003946543143456829
724,0,0,724,0.06282151815625626,0.11390505989287852,0.003946543143456837
725,0,1,725,0.06282151815625661,0.10560207681490186,0.003946543143456875
726,0,1,726,0.06282151815625656,0.09405617461525323,0.0039465431434568725
727,0,2,727,0.06282151815625675,0.10600476048359742,0.003946543143456899
728,0,1,728,0.06282151815625642,0.10565397383259419,0.003946543143456854
729,0,2,729,0.0,0.0,0.0
730,0,0,730,0.06282151815625647,0.12498095608430455,0.003946543143456863
731,0,1,731,0.06282151815625625,0.13628190684178404,0.003946543143456832
732,0,2,732,0.06282151815625642,0.09384168391919102,0.003946543143456854
733,0,2,733,0.06282151815625668,0.10983623099442416,0.00394654314345689
734,0,1,734,0.06282151815625663,0.09876620956082073,0.003946543143456881
735,0,1,735,0.06282151815625628,0.108574285432864,0.003946543143456839
736,0,0,736,0.06282151815625664,0.11456144024532437,0.003946543143456881
737,0,2,737,0.0,0.0,0.0
738,0,1,738,0.0,0.0,0.0
739,0,0,739,0.06282151815625674,0.08901192347678627,0.003946543143456894
740,0,1,740,0.06282151815625675,0.1605373740948012,0.0039465431434568985
741,0,1,741,0.06282151815625645,0.0858121969572603,0.0039465431434568595
742,0,0,742,0.06282151815625646,0.11310009579091357,0.003946543143456862
743,0,2,743,0.06282151815625657,0.1236071612664987,0.0039465431434568725
744,0,1,744,0.06282151815625639,0.12080281577640972,0.003946543143456853
745,0,0,745,0.06282151815625643,0.11174706220726266,0.003946543143456856
746,0,2,746,0.0,0.0,0.0
747,0,0,747,0.06282151815625651,0.10149490781296172,0.003946543143456864
748,0,2,748,0.0,0.0,0.0
749,0,2,749,0.06282151815625667,0.10350589773527065,0.003946543143456886
750,0,0,750,0.06282151815625646,0.09851586132629624,0.0039465431434568595
751,0,2,751,0.0628215181562565,0.07029192640663044,0.003946543143456864
752,0,2,752,0.06282151815625678,0.11611432505352894,0.003946543143456896
753,0,2,753,0.0628215181562565,0.09071880543255118,0.003946543143456866
754,0,0,754,0.06282151815625651,0.11547877637468168,0.003946543143456865
755,0,1,755,0.06282151815625672,0.09931016675984428,0.003946543143456895
756,0,0,756,0.06282151815625658,0.08781391293419555,0.003946543143456871
757,0,2,757,0.06282151815625646,0.09841830823910877,0.0039465431434568665
758,0,0,758,0.0628215181562566,0.11572041042271755,0.003946543143456875
759,0,1,759,0.06282151815625663,0.0995386149505959,0.003946543143456881
760,0,0,760,0.06282151815625663,0.10997885913794182,0.003946543143456882
761,0,1,761,0.06282151815625657,0.09495322931034557,0.003946543143456878
762,0,0,762,0.06282151815625645,0.12090016026672812,0.003946543143456864
763,0,0,763,0.06282151815625625,0.07223210174432623,0.003946543143456833
764,0,1,764,0.06282151815625642,0.06729668503389295,0.0039465431434568534
765,0,0,765,0.06282151815625671,0.08017655559614104,0.00394654314345689
766,0,0,766,0.06282151815625642,0.12384300446461721,0.00394654314345685
767,0,1,767,0.06282151815625657,0.0890785215408261,0.003946543143456875
768,0,2,768,0.0,0.0,0.0
769,0,2,769,0.0628215181562564,0.12505164071019706,0.003946543143456851
770,0,0,770,0.06282151815625658,0.11764484103270378,0.003946543143456875
771,0,2,771,0.06282151815625661,0.11094795592363714,0.003946543143456881
772,0,0,772,0.06282151815625656,0.12235011732375725,0.003946543143456872
773,0,1,773,0.06282151815625622,0.10256956106606283,0.003946543143456831
774,0,1,774,0.06282151815625657,0.09599754709902708,0.0039465431434568725
775,0,2,775,0.0,0.0,0.0
776,0,0,776,0.06282151815625667,0.16423666463622466,0.003946543143456884
777,0,1,777,0.06282151815625645,0.06712943524347555,0.003946543143456856
778,0,1,778,0.06282151815625628,0.11622817513261961,0.003946543143456836
779,0,1,779,0.06282151815625636,0.08483493993922639,0.0039465431434568465
780,0,2,780,0.0,0.0,0.0
781,0,1,781,0.0628215181562567,0.1050494750135697,0.003946543143456889
782,0,2,782,0.06282151815625636,0.1143990067344047,0.00394654314345685
783,0,0,783,0.0,0.0,0.0
784,0,1,784,0.0628215181562567,0.10361002382494999,0.003946543143456889
785,0,1,785,0.06282151815625668,0.1227345842084744,0.003946543143456884
786,0,0,786,0.06282151815625638,0.11295286631122553,0.003946543143456848
787,0,1,787,0.06282151815625665,0.08579103075673802,0.003946543143456883
788,0,0,788,0.06282151815625676,0.12462277048810551,0.003946543143456891
789,0,1,789,0.06282151815625661,0.1250770268615818,0.003946543143456876
790,0,0,790,0.06282151815625651,0.08873653957575312,0.003946543143456862
791,0,2,791,0.06282151815625632,0.13155165361132068,0.0039465431434568465
792,0,2,792,0.06282151815625665,0.09323164792036157,0.003946543143456881
793,0,1,793,0.0,0.0,0.0
794,0,0,794,0.06282151815625647,0.12302444519833135,0.00394654314345686
795,0,0,795,0.06282151815625668,0.10146165890312106,0.00394654314345688
796,0,0,796,0.06282151815625647,0.09522913080863629,0.00394654314345686
797,0,0,797,0.06282151815625651,0.12198338170271178,0.003946543143456864
798,0,1,798,0.06282151815625656,0.10380568346993857,0.003946543143456873
799,0,0,799,0.0,0.0,0.0
800,0,1,800,0.0628215181562567,0.08625979099309732,0.003946543143456888
801,0,0,801,0.06282151815625638,0.09647862546685913,0.0039465431434568465
802,0,2,802,0.06282151815625656,0.08252360604300649,0.003946543143456869
803,0,1,803,0.06282151815625636,0.09809589978524985,0.003946543143456848
804,0,2,804,0.0,0.0,0.0
805,0,0,805,0.06282151815625647,0.07628801418249818,0.003946543143456862
806,0,1,806,0.06282151815625651,0.0972956620840094,0.003946543143456867
807,0,0,807,0.0,0.0,0.0
808,0,0,808,0.06282151815625657,0.15692187662648152,0.003946543143456874
809,0,0,809,0.06282151815625645,0.09589437347045877,0.003946543143456859
810,0,1,810,0.06282151815625671,0.0910786041021095,0.003946543143456892
811,0,2,811,0.0,0.0,0.0
812,0,0,812,0.06282151815625665,0.16977363521174207,0.003946543143456883
813,0,0,813,0.06282151815625643,0.10906833509493993,0.003946543143456858
814,0,1,814,0.06282151815625643,0.10506605207862604,0.003946543143456852
815,0,1,815,0.0,0.0,0.0
816,0,2,816,0.06282151815625651,0.1226175413581289,0.003946543143456867
817,0,0,817,0.06282151815625645,0.10340109556620987,0.003946543143456855
818,0,1,818,0.06282151815625649,0.10222147626656936,0.003946543143456862
819,0,2,819,0.06282151815625618,0.10497688003753054,0.003946543143456823
820,0,2,820,0.0,0.0,0.0
821,0,2,821,0.06282151815625651,0.09981728939145676,0.0039465431434568665
822,0,0,822,0.06282151815625663,0.09076536628906132,0.003946543143456881
823,0,2,823,0.0628215181562564,0.09473791607333626,0.003946543143456852
824,0,0,824,0.06282151815625672,0.0932917786675557,0.003946543143456887
825,0,1,825,0.06282151815625646,0.10750649135362453,0.003946543143456862
826,0,2,826,0.06282151815625672,0.11811354789390716,0.003946543143456893
827,0,0,827,0.0628215181562564,0.10615594206993145,0.003946543143456851
828,0,1,828,0.06282151815625664,0.08429268813656987,0.003946543143456884
829,0,0,829,0.06282151815625667,0.0854258116255007,0.003946543143456885
830,0,0,830,0.06282151815625635,0.11801708659848464,0.0039465431434568465
831,0,2,831,0.0,0.0,0.0
832,0,0,832,0.06282151815625672,0.09550449815839462,0.003946543143456892
833,0,2,833,0.06282151815625657,0.09737961889397767,0.003946543143456876
834,0,1,834,0.06282151815625663,0.10119232446525613,0.00394654314345688
835,0,2,835,0.0,0.0,0.0
836,0,0,836,0.0628215181562562,0.14195497151392789,0.003946543143456828
837,0,2,837,0.06282151815625643,0.07948521492139937,0.003946543143456855
838,0,2,838,0.0628215181562566,0.1213835286879525,0.003946543143456873
839,0,2,839,0.06282151815625683,0.12112589981141378,0.003946543143456901
840,0,0,840,0.06282151815625672,0.08684500078609136,0.003946543143456896
841,0,2,841,0.06282151815625638,0.10267049744585707,0.003946543143456848
842,0,0,842,0.06282151815625671,0.1077444932156857,0.003946543143456892
843,0,1,843,0.06282151815625645,0.08957712220496081,0.003946543143456859
844,0,0,844,0.0,0.0,0.0
845,0,1,845,0.06282151815625638,0.10116044346027314,0.003946543143456846
846,0,1,846,0.06282151815625665,0.08820958944720275,0.003946543143456882
847,0,2,847,0.06282151815625674,0.11817584323718895,0.003946543143456895
848,0,2,848,0.06282151815625645,0.0954998551029084,0.003946543143456858
849,0,2,849,0.0628215181562567,0.10094747421911592,0.003946543143456889
850,0,1,850,0.06282151815625618,0.09393143702103593,0.003946543143456824
851,0,0,851,0.06282151815625667,0.11011313420047641,0.003946543143456886
852,0,1,852,3.4762487017597356e-17,3.7021269025643705e-17,1.2084305036486243e-33
853,0,2,853,0.06282151815625654,0.10335366158223716,0.003946543143456871
854,0,1,854,0.0,0.0,0.0
855,0,2,855,0.0,0.0,0.0
856,0,2,856,0.06282151815625661,0.11808673525273411,0.003946543143456877
857,0,1,857,0.06282151815625622,0.10556464018567488,0.003946543143456828
858,0,2,858,0.0628215181562568,0.11580080830777095,0.003946543143456899
859,0,2,859,0.06282151815625654,0.11840686889775467,0.003946543143456871
860,0,2,860,0.0,0.0,0.0
861,0,1,861,0.06282151815625656,0.09559615673213995,0.003946543143456871
862,0,1,862,0.06282151815625668,0.09140139709199134,0.003946543143456892
863,0,2,863,0.06282151815625653,0.11156457243294418,0.00394654314345687
864,0,2,864,0.06282151815625676,0.11787817524874404,0.003946543143456896
865,0,2,865,0.06282151815625646,0.07954361648809494,0.003946543143456861
866,0,1,866,0.06282151815625664,0.07524686261058045,0.003946543143456881
867,0,2,867,0.06282151815625646,0.1062995366323827,0.00394654314345686
868,0,1,868,0.06282151815625635,0.08273272623847222,0.0039465431434568465
869,0,0,869,0.06282151815625683,0.15791268374263762,0.003946543143456909
870,0,1,870,0.06282151815625671,0.11870728084033211,0.003946543143456891
871,0,0,871,0.0628215181562566,0.11455479126085646,0.003946543143456877
872,0,0,872,0.06282151815625624,0.11423370867493514,0.003946543143456834
873,0,0,873,0.06282151815625658,0.08773986539097081,0.003946543143456877
874,0,2,874,0.06282151815625674,0.07759239840552458,0.003946543143456892
875,0,1,875,0.06282151815625663,0.16188712948823325,0.003946543143456877
876,0,2,876,0.0628215181562565,0.12277989927223265,0.003946543143456865
877,0,0,877,0.06282151815625651,0.10194426490494884,0.0039465431434568665
878,0,2,878,0.06282151815625674,0.11732433130717018,0.0039465431434568925
879,0,2,879,0.06282151815625686,0.11923232905827535,0.0039465431434569
880,0,0,880,0.06282151815625651,0.12163594270146763,0.003946543143456866
881,0,1,881,0.06282151815625671,0.1028206294881469,0.003946543143456889
882,0,2,882,0.06282151815625668,0.08840572382186238,0.003946543143456885
883,0,0,883,0.0628215181562563,0.11132808611688977,0.003946543143456839
884,0,1,884,0.06282151815625657,0.12400887096846838,0.0039465431434568725
885,0,0,885,0.0,0.0,0.0
886,0,2,886,0.06282151815625624,0.1659015797144613,0.003946543143456831
887,0,0,887,0.06282151815625672,0.1458852410001497,0.00394654314345689
888,0,2,888,0.06282151815625621,0.12550216611930415,0.003946543143456827
889,0,0,889,0.06282151815625653,0.08359888658527431,0.003946543143456867
890,0,1,890,0.06282151815625645,0.088475516494035,0.0039465431434568595
891,0,0,891,0.06282151815625643,0.08897058010866082,0.00394654314345685
892,0,0,892,0.0628215181562566,0.07433999877720651,0.003946543143456875
893,0,1,893,0.06282151815625665,0.11580818613329641,0.00394654314345688
894,0,2,894,2.0000000000000004,2.9340066715507684,0.003946543143456876
895,0,2,895,0.06282151815625683,0.11367757048149839,0.003946543143456907
896,0,2,896,0.06282151815625638,0.12450159819656417,0.003946543143456851
897,0,1,897,0.0,0.0,0.0
898,0,2,898,0.0628215181562563,0.11588885554484377,0.003946543143456838
899,0,0,899,3.025837140310865e-17,4.2500725161431774e-17,9.155690399684635e-34
900,0,0,900,0.0628215181562565,0.09435059885122077,0.003946543143456862
901,0,2,901,0.0628215181562562,0.12727777557806813,0.003946543143456827
902,0,1,902,0.0,0.0,0.0
903,0,1,903,0.06282151815625671,0.1093982271189499,0.00394654314345689
904,0,0,904,0.06282151815625639,0.12477748222595073,0.003946543143456848
905,0,1,905,0.06282151815625657,0.11950371735996371,0.003946543143456874
906,0,0,906,0.06282151815625642,0.08070129861802441,0.003946543143456854
907,0,2,907,0.06282151815625658,0.07835375368451189,0.003946543143456875
908,0,0,908,0.06282151815625632,0.09151687868045531,0.003946543143456841
909,0,1,909,0.0,0.0,0.0
910,0,1,910,0.06282151815625664,0.08622690755174532,0.003946543143456883
911,0,2,911,3.1031676915590926e-17,4.163336342344337e-17,9.62964972193618e-34
912,0,2,912,0.0,0.0,0.0
913,0,0,913,0.06282151815625645,0.09531061085827286,0.003946543143456858
914,0,0,914,0.0,0.0,0.0
915,0,0,915,0.06282151815625663,0.08798143089518495,0.003946543143456881
916,0,1,916,0.06282151815625601,0.11559887100412641,0.0039465431434568075
917,0,1,917,0.0,0.0,0.0
918,0,0,918,0.06282151815625676,0.1171083056587707,0.003946543143456897
919,0,1,919,0.0,0.0,0.0
920,0,2,920,0.06282151815625653,0.12292621455625008,0.003946543143456866
921,0,1,921,0.0628215181562565,0.11140896424683658,0.003946543143456864
922,0,1,922,0.06282151815625646,0.08861042291399246,0.003946543143456859
923,0,0,923,0.06282151815625663,0.07524250823541156,0.003946543143456883
924,0,0,924,0.06282151815625678,0.12421449790045161,0.003946543143456897
925,0,2,925,0.0628215181562564,0.10900832429981962,0.00394654314345685
926,0,1,926,0.06282151815625642,0.12061437271142508,0.003946543143456856
927,0,2,927,0.06282151815625661,0.1086911306012757,0.00394654314345688
928,0,0,928,0.06282151815625633,0.12078076503011168,0.003946543143456845
929,0,0,929,0.06282151815625668,0.07413687193116358,0.003946543143456885
930,0,1,930,0.06282151815625643,0.11062787834721624,0.003946543143456855
931,0,2,931,0.06282151815625646,0.1137294460577254,0.003946543143456858
932,0,2,932,0.06282151815625674,0.11135470671223902,0.00394654314345689
933,0,1,933,0.06282151815625661,0.1247295635227346,0.003946543143456882
934,0,2,934,0.06282151815625667,0.09990408796992725,0.003946543143456887
935,0,1,935,0.0,0.0,0.0
936,0,1,936,0.06282151815625665,0.07913748301376958,0.003946543143456883
937,0,1,937,0.0628215181562567,0.12157125881259093,0.003946543143456884
938,0,0,938,0.06282151815625665,0.10803034994068651,0.0039465431434568855
939,0,2,939,0.06282151815625646,0.08064883452667673,0.003946543143456861
940,0,1,940,0.0628215181562566,0.09654747841325112,0.003946543143456877
941,0,2,941,0.0628215181562566,0.07571806916889878,0.00394654314345688
942,0,1,942,0.06282151815625671,0.09184069991086799,0.003946543143456888
943,0,1,943,0.0,0.0,0.0
944,0,2,944,0.0,0.0,0.0
945,0,2,945,0.06282151815625633,0.08981641719843492,0.003946543143456839
946,0,2,946,0.06282151815625679,0.12372003018539425,0.003946543143456899
947,0,1,947,0.06282151815625643,0.11001400864042116,0.003946543143456856
948,0,0,948,0.0,0.0,0.0
949,0,2,949,0.06282151815625665,0.09617302711258567,0.003946543143456882
950,0,1,950,0.06282151815625653,0.10493266950131205,0.003946543143456868
951,0,2,951,0.0,0.0,0.0
952,0,2,952,0.06282151815625654,0.10221568920308327,0.003946543143456869
953,0,0,953,0.06282151815625643,0.08606469117466606,0.0039465431434568534
954,0,1,954,0.0,0.0,0.0
955,0,0,955,0.06282151815625667,0.10090983986615443,0.003946543143456887
956,0,1,956,0.06282151815625661,0.1189339203272057,0.003946543143456878
957,0,1,957,0.06282151815625657,0.14634104562627426,0.003946543143456881
958,0,1,958,0.06282151815625633,0.12308019151207095,0.003946543143456845
959,0,2,959,0.0628215181562563,0.10568479216968277,0.003946543143456841
960,0,1,960,0.0628215181562566,0.09611795463860917,0.003946543143456879
961,0,1,961,0.0628215181562565,0.11457456397821969,0.003946543143456865
962,0,1,962,0.06282151815625676,0.09300223388643747,0.003946543143456897
963,0,1,963,0.0,0.0,0.0
964,0,2,964,0.06282151815625642,0.10519364085480429,0.003946543143456853
965,0,1,965,0.06282151815625664,0.07747142010340204,0.003946543143456883
966,0,1,966,0.06282151815625675,0.08731626947383847,0.003946543143456896
967,0,1,967,0.06282151815625672,0.09402696689922932,0.003946543143456891
968,0,1,968,0.0,0.0,0.0
969,0,0,969,0.06282151815625625,0.11886105858781276,0.003946543143456833
970,0,1,970,0.0628215181562567,0.1446581204651648,0.003946543143456889
971,0,2,971,1.9990131207314634,3.8032299744981715,0.003946543143456883
972,0,2,972,0.06282151815625685,0.11917283773963853,0.003946543143456909
973,0,0,973,0.06282151815625654,0.09169230017875207,0.003946543143456868
974,0,0,974,0.06282151815625675,0.12468248029234591,0.003946543143456897
975,0,2,975,0.06282151815625643,0.11765199183453176,0.003946543143456858
976,0,2,976,0.06282151815625635,0.12532510138775899,0.003946543143456854
977,0,2,977,0.06282151815625617,0.08869718059034487,0.003946543143456825
978,0,1,978,0.06282151815625668,0.12265657533433655,0.003946543143456886
979,0,2,979,0.0,0.0,0.0
980,0,2,980,0.0628215181562562,0.1163646977582807,0.003946543143456827
981,0,1,981,0.06282151815625665,0.09411613808079883,0.003946543143456883
982,0,2,982,0.06282151815625667,0.10150962468465598,0.003946543143456886
983,0,1,983,0.06282151815625642,0.11558112993264225,0.003946543143456856
984,0,2,984,0.06282151815625671,0.10260163913179252,0.003946543143456892
985,0,0,985,2.776912814278498e-17,2.776912814278498e-17,7.71124477810413e-34
986,0,2,986,0.06282151815625665,0.07575542595139458,0.003946543143456883
987,0,2,987,0.0,0.0,0.0
988,0,2,988,0.06282151815625658,0.12456641936754742,0.003946543143456876
989,0,2,989,0.06282151815625665,0.06850668582895338,0.003946543143456884
990,0,0,990,0.06282151815625664,0.09032531224800815,0.003946543143456881
991,0,2,991,0.06282151815625665,0.10049551027941463,0.003946543143456885
992,0,2,992,0.06282151815625661,0.15517865193347913,0.003946543143456881
993,0,2,993,0.06282151815625668,0.10136307730021038,0.003946543143456885
994,0,1,994,0.0628215181562563,0.14331241731241884,0.003946543143456842
995,0,1,995,0.06282151815625649,0.0790799193890262,0.003946543143456865
996,0,1,996,0.06282151815625647,0.11505918197993324,0.003946543143456858
997,0,0,997,0.06282151815625626,0.15106422278893308,0.003946543143456835
998,0,0,998,0.0628215181562565,0.11984136941016403,0.003946543143456866
999,0,0,999,0.06282151815625628,0.13176277460012145,0.003946543143456838
1000,0,2,1000,0.06282151815625643,0.12149728316332509,0.003946543143456854
1001,0,1,1001,0.06282151815625621,0.08634812117643373,0.003946543143456831
1002,0,0,1002,0.06282151815625665,0.10321496590471033,0.003946543143456885
1003,0,1,1003,0.0628215181562563,0.07694261165003496,0.003946543143456839
1004,0,0,1004,0.06282151815625628,0.1291736435301392,0.003946543143456837
1005,0,2,1005,0.06282151815625645,0.11767292510223769,0.00394654314345686
1006,0,1,1006,0.06282151815625649,0.10989387654037966,0.003946543143456861
1007,0,1,1007,0.06282151815625642,0.10110818832021733,0.0039465431434568534
1008,0,1,1008,0.06282151815625663,0.07645339917824176,0.0039465431434568795
1009,0,0,1009,0.0628215181562568,0.12618383334896033,0.003946543143456905
1010,0,0,1010,0.0,0.0,0.0
1011,0,0,1011,0.06282151815625649,0.12221764415306237,0.003946543143456862
1012,0,2,1012,0.06282151815625663,0.10395718152890733,0.00394654314345688
1013,0,2,1013,0.06282151815625682,0.17433918557634637,0.003946543143456907
1014,0,1,1014,0.0,0.0,0.0
1015,0,2,1015,0.0628215181562567,0.14011538464222417,0.00394654314345689
1016,0,1,1016,0.06282151815625668,0.10609076867977654,0.003946543143456886
1017,0,1,1017,0.06282151815625649,0.10859304839939636,0.003946543143456864
1018,0,2,1018,0.06282151815625622,0.10229401849427766,0.003946543143456829
1019,0,2,1019,0.06282151815625651,0.10923833382415041,0.003946543143456872
1020,0,2,1020,0.06282151815625636,0.11013445283444556,0.003946543143456852
1021,0,0,1021,0.06282151815625667,0.09945716723291367,0.003946543143456885
1022,0,1,1022,0.06282151815625647,0.08703538335801082,0.003946543143456862
1023,0,2,1023,0.06282151815625686,0.12535881874750354,0.003946543143456913
1024,0,0,1024,0.06282151815625657,0.08926495480423308,0.003946543143456871
1025,0,0,1025,0.06282151815625628,0.15901525314401765,0.003946543143456839
1026,0,1,1026,0.06282151815625676,0.08804360746432126,0.003946543143456898
1027,0,2,1027,0.06282151815625629,0.15239520082518956,0.003946543143456837
1028,0,0,1028,0.06282151815625664,0.1526162468742135,0.00394654314345688
1029,0,1,1029,0.0628215181562561,0.10464370408951015,0.003946543143456814
1030,0,2,1030,0.06282151815625613,0.14536996570546712,0.003946543143456821
1031,0,0,1031,0.0,0.0,0.0
1032,0,0,1032,0.06282151815625672,0.12146287758072159,0.0039465431434568925
1033,0,1,1033,0.0,0.0,0.0
1034,0,0,1034,0.0,0.0,0.0
1035,0,0,1035,0.0628215181562566,0.0930055152052052,0.003946543143456873
1036,0,2,1036,0.06282151815625651,0.0924854758297149,0.003946543143456866
1037,0,0,1037,0.06282151815625639,0.11509819518211958,0.003946543143456848
1038,0,1,1038,0.0,0.0,0.0
1039,0,0,1039,0.0,0.0,0.0
1040,0,1,1040,0.06282151815625661,0.07815735740017324,0.003946543143456879
1041,0,0,1041,0.0628215181562565,0.09702001421003802,0.003946543143456864
1042,0,2,1042,0.0628215181562566,0.13662988144859808,0.00394654314345688
1043,0,1,1043,0.0,0.0,0.0
1044,0,2,1044,0.0,0.0,0.0
1045,0,2,1045,0.06282151815625663,0.11581344821946606,0.003946543143456881
1046,0,1,1046,0.06282151815625654,0.11797126477905884,0.0039465431434568665
1047,0,2,1047,0.06282151815625628,0.13933826147197115,0.003946543143456837
1048,0,2,1048,0.06282151815625635,0.11717555958882322,0.0039465431434568465
1049,0,0,1049,0.0,0.0,0.0
1050,0,1,1050,0.06282151815625671,0.10873427953827702,0.00394654314345689
1051,0,1,1051,0.06282151815625642,0.09244577192716953,0.003946543143456854
1052,0,2,1052,0.06282151815625642,0.10012038767525741,0.003946543143456857
1053,0,0,1053,0.0,0.0,0.0
1054,0,0,1054,4.0497527310531647e-17,5.724587470723463e-17,1.6400497182672555e-33
1055,0,1,1055,0.06282151815625643,0.10208096031228943,0.003946543143456855
1056,0,2,1056,0.06282151815625653,0.10224383432005592,0.003946543143456867
1057,0,1,1057,0.06282151815625654,0.11115727245053428,0.003946543143456872
1058,0,2,1058,0.06282151815625664,0.11746911213435307,0.003946543143456881
1059,0,2,1059,0.06282151815625682,0.10610155170161925,0.003946543143456909
1060,0,1,1060,0.06282151815625629,0.10679151899736153,0.003946543143456842
1061,0,0,1061,0.06282151815625643,0.08347225857693145,0.003946543143456856
1062,0,2,1062,0.06282151815625646,0.10284433119140818,0.003946543143456861
1063,0,2,1063,0.06282151815625635,0.07019288607053517,0.003946543143456848
1064,0,2,1064,0.0,0.0,0.0
1065,0,1,1065,0.06282151815625639,0.10669360529427714,0.00394654314345685
1066,0,2,1066,0.06282151815625625,0.09430539424024041,0.003946543143456834
1067,0,1,1067,0.06282151815625671,0.09651119065853377,0.003946543143456888
1068,0,0,1068,0.06282151815625635,0.08827376591547254,0.003946543143456847
1069,0,0,1069,0.06282151815625624,0.11365938134046438,0.003946543143456829
1070,0,0,1070,0.06282151815625643,0.11354831423424244,0.003946543143456855
1071,0,0,1071,0.06282151815625667,0.09136896224791821,0.003946543143456887
1072,0,2,1072,0.06282151815625656,0.09697397056904553,0.003946543143456872
1073,0,0,1073,0.0,0.0,0.0
1074,0,0,1074,0.06282151815625675,0.07602583652100238,0.003946543143456895
1075,0,2,1075,0.06282151815625667,0.11139402210243535,0.003946543143456887
1076,0,2,1076,0.0628215181562567,0.0759604411042864,0.003946543143456889
1077,0,0,1077,0.06282151815625624,0.11573246053230402,0.0039465431434568335
1078,0,0,1078,0.06282151815625651,0.09093647644999643,0.003946543143456857
1079,0,1,1079,0.06282151815625646,0.10459382197528268,0.003946543143456858
1080,0,1,1080,0.06282151815625664,0.08760247538735716,0.003946543143456884
1081,0,0,1081,0.06282151815625639,0.12355994191275843,0.003946543143456847
1082,0,1,1082,0.06282151815625632,0.10891510706883124,0.003946543143456841
1083,0,2,1083,0.06282151815625636,0.1107763474638183,0.003946543143456846
1084,0,1,1084,0.0628215181562562,0.10322727358886424,0.003946543143456828
1085,0,1,1085,0.06282151815625643,0.11279010476051601,0.0039465431434568595
1086,0,1,1086,0.06282151815625676,0.12086670452740059,0.003946543143456898
1087,0,0,1087,0.06282151815625668,0.1039726293531736,0.0039465431434568855
1088,0,2,1088,0.0,0.0,0.0
1089,0,1,1089,0.06282151815625667,0.08862795846706825,0.003946543143456881
1090,0,1,1090,0.06282151815625649,0.11084019591095755,0.003946543143456867
1091,0,0,1091,0.0,0.0,0.0
1092,0,2,1092,0.06282151815625632,0.11104675584898369,0.003946543143456841
1093,0,1,1093,0.06282151815625674,0.14910890158081225,0.003946543143456893
1094,0,2,1094,0.06282151815625621,0.1499458588102689,0.003946543143456828
1095,0,1,1095,0.06282151815625658,0.12321521047680144,0.0039465431434568725
1096,0,2,1096,0.06282151815625678,0.11123798677033267,0.0039465431434568985
1097,0,2,1097,0.06282151815625658,0.15021294523708095,0.003946543143456878
1098,0,0,1098,0.06282151815625654,0.09333256498588019,0.00394654314345687
1099,0,1,1099,0.0628215181562567,0.07766702404779419,0.003946543143456887
1100,0,1,1100,0.06282151815625647,0.1023836833912336,0.003946543143456862
1101,0,0,1101,0.06282151815625638,0.10110658951478521,0.003946543143456846
1102,0,2,1102,0.06282151815625646,0.08076115729416453,0.003946543143456864
1103,0,2,1103,0.06282151815625667,0.11004325668484163,0.003946543143456889
1104,0,1,1104,0.06282151815625653,0.11919586717874331,0.003946543143456865
1105,0,1,1105,0.06282151815625638,0.08590727200462767,0.0039465431434568465
1106,0,2,1106,0.06282151815625643,0.09940226320628841,0.0039465431434568595
1107,0,2,1107,0.0,0.0,0.0
1108,0,0,1108,0.0,0.0,0.0
1109,0,1,1109,0.06282151815625654,0.09361912991442037,0.003946543143456869
1110,0,0,1110,0.0,0.0,0.0
1111,0,1,1111,0.0,0.0,0.0
1112,0,0,1112,0.06282151815625628,0.07672361049419574,0.003946543143456835
1113,0,0,1113,0.06282151815625657,0.1093729948495061,0.00394654314345687
1114,0,2,1114,0.0,0.0,0.0
1115,0,2,1115,0.0,0.0,0.0
1116,0,2,1116,0.06282151815625645,0.10243342729873915,0.0039465431434568534
1117,0,2,1117,0.06282151815625647,0.11604845183878398,0.003946543143456863
1118,0,1,1118,0.06282151815625633,0.09945486152354055,0.003946543143456844
1119,0,2,1119,0.0,0.0,0.0
1120,0,0,1120,0.0628215181562564,0.12274170298290117,0.003946543143456852
1121,0,1,1121,0.06282151815625656,0.08675941226763803,0.003946543143456873
1122,0,0,1122,0.06282151815625653,0.07997806587347565,0.0039465431434568665
1123,0,1,1123,0.06282151815625646,0.09965059445348534,0.0039465431434568595
1124,0,1,1124,0.0,0.0,0.0
1125,0,2,1125,0.06282151815625645,0.0819394554612595,0.003946543143456858
1126,0,2,1126,0.0628215181562563,0.11367485980576725,0.003946543143456837
1127,0,0,1127,0.06282151815625626,0.09052665470052274,0.003946543143456835
1128,0,2,1128,0.0,0.0,0.0
1129,0,1,1129,0.06282151815625647,0.10945211549872388,0.003946543143456864
1130,0,0,1130,0.06282151815625636,0.11514549913683403,0.003946543143456848
1131,0,1,1131,0.06282151815625622,0.14271136508964508,0.00394654314345683
1132,0,0,1132,0.06282151815625651,0.10638600087985482,0.003946543143456866
1133,0,0,1133,0.0,0.0,0.0
1134,0,2,1134,0.06282151815625665,0.09977207864689026,0.00394654314345688
1135,0,2,1135,0.06282151815625668,0.14372551255475643,0.003946543143456887
1136,0,1,1136,0.06282151815625656,0.11486960966856258,0.003946543143456873
1137,0,2,1137,0.06282151815625653,0.10568199705994909,0.003946543143456881
1138,0,0,1138,0.06282151815625672,0.0924551367632331,0.003946543143456889
1139,0,0,1139,0.0,0.0,0.0
1140,0,1,1140,1.9990131207314634,2.7606158688331464,0.003946543143456863
1141,0,0,1141,2.0000000000000004,3.2674681184915433,0.003946543143456897
1142,0,2,1142,0.06282151815625643,0.10528122975401422,0.003946543143456858
1143,0,0,1143,0.0,0.0,0.0
1144,0,2,1144,0.06282151815625674,0.11832243226199834,0.003946543143456899
1145,0,0,1145,1.9990131207314634,3.3774127845045303,0.0039465431434568855
1146,0,1,1146,0.06282151815625674,0.1248664081918072,0.003946543143456886
1147,0,2,1147,0.0628215181562567,0.09168649545008166,0.003946543143456891
1148,0,0,1148,0.06282151815625646,0.0971769519909634,0.003946543143456858
1149,0,0,1149,0.06282151815625661,0.09386168642743051,0.003946543143456882
1150,0,0,1150,0.06282151815625645,0.11355111176654917,0.003946543143456854
1151,0,1,1151,0.06282151815625629,0.08994757757714768,0.0039465431434568396
1152,0,0,1152,0.06282151815625632,0.12168948230709492,0.00394654314345683
1153,0,1,1153,0.06282151815625618,0.1552864386314331,0.003946543143456826
1154,0,0,1154,0.06282151815625674,0.1471010933074602,0.003946543143456894
1155,0,0,1155,0.06282151815625647,0.10887142329323746,0.0039465431434568595
1156,0,1,1156,0.06282151815625638,0.09513864598094973,0.0039465431434568465
1157,0,1,1157,0.06282151815625643,0.10867039277587252,0.003946543143456855
1158,0,1,1158,0.0,0.0,0.0
1159,0,0,1159,0.06282151815625671,0.09797955370872258,0.003946543143456895
1160,0,0,1160,0.06282151815625626,0.13649346090048267,0.003946543143456836
1161,0,0,1161,0.0628215181562565,0.11965474090584935,0.0039465431434568665
1162,0,0,1162,0.0628215181562565,0.10722490767835262,0.003946543143456859
1163,0,1,1163,0.06282151815625642,0.16720273611451164,0.0039465431434568595
1164,0,0,1164,0.06282151815625668,0.10535329405314979,0.003946543143456882
1165,0,2,1165,0.06282151815625668,0.0781573071626534,0.003946543143456889
1166,0,1,1166,0.06282151815625667,0.10565931160471766,0.003946543143456886
1167,0,0,1167,0.0,0.0,0.0
1168,0,1,1168,0.06282151815625654,0.10719822896252085,0.003946543143456877
1169,0,2,1169,0.06282151815625657,0.12219185237265187,0.003946543143456873
1170,0,2,1170,0.0,0.0,0.0
1171,0,1,1171,0.06282151815625656,0.08076876038438877,0.003946543143456872
1172,0,0,1172,0.06282151815625661,0.1148903728372701,0.003946543143456878
1173,0,2,1173,0.06282151815625665,0.12486746323213867,0.003946543143456885
1174,0,2,1174,0.06282151815625671,0.11946589499796115,0.003946543143456884
1175,0,2,1175,0.06282151815625638,0.10952389446870152,0.00394654314345685
1176,0,0,1176,0.06282151815625649,0.09990589160571026,0.003946543143456863
1177,0,0,1177,0.06282151815625649,0.11848301446543529,0.003946543143456863
1178,0,1,1178,0.06282151815625672,0.15649513724214328,0.003946543143456896
1179,0,2,1179,0.06282151815625665,0.1224094054008688,0.003946543143456882
1180,0,0,1180,0.0628215181562564,0.09530593264597681,0.003946543143456853
1181,0,0,1181,0.0,0.0,0.0
1182,0,2,1182,0.06282151815625635,0.10317529068746314,0.003946543143456848
1183,0,0,1183,0.06282151815625632,0.12358482926751063,0.0039465431434568396
1184,0,2,1184,0.06282151815625661,0.1020748001800307,0.003946543143456875
1185,0,2,1185,0.06282151815625618,0.1150827424484796,0.003946543143456828
1186,0,1,1186,0.0628215181562566,0.08502745892949536,0.003946543143456876
1187,0,0,1187,0.06282151815625675,0.12524002729995348,0.003946543143456895
1188,0,1,1188,0.06282151815625625,0.09634008751746528,0.003946543143456833
1189,0,1,1189,0.0,0.0,0.0
1190,0,0,1190,0.06282151815625642,0.1141500313548687,0.003946543143456857
1191,0,0,1191,0.06282151815625675,0.14279094708804196,0.003946543143456899
1192,0,0,1192,0.06282151815625642,0.07245410045763373,0.003946543143456854
1193,0,2,1193,2.0,3.626604412923337,0.003946543143456871
1194,0,1,1194,0.0,0.0,0.0
1195,0,1,1195,0.0628215181562566,0.09647009866896705,0.003946543143456875
1196,0,1,1196,2.0000000000000004,3.2652624586109145,0.003946543143456862
1197,0,0,1197,0.06282151815625657,0.0907754743559802,0.003946543143456871
1198,0,2,1198,0.06282151815625633,0.09720542635932124,0.003946543143456844
1199,0,2,1199,0.06282151815625643,0.1239988147651045,0.003946543143456859
1200,0,1,1200,0.06282151815625664,0.1075907316245602,0.00394654314345688
1201,0,2,1201,0.0628215181562563,0.13939466029639655,0.00394654314345684
1202,0,0,1202,0.0,0.0,0.0
1203,0,2,1203,0.0,0.0,0.0
1204,0,0,1204,0.06282151815625618,0.1280305195471685,0.003946543143456828
1205,0,1,1205,0.0,0.0,0.0
1206,0,2,1206,0.0,0.0,0.0
1207,0,2,1207,0.06282151815625653,0.08962139581972732,0.003946543143456869
1208,0,2,1208,0.06282151815625667,0.12042688765938889,0.00394654314345689
1209,0,2,1209,0.0628215181562567,0.08989362157363359,0.003946543143456887
1210,0,2,1210,0.06282151815625626,0.12389125655928748,0.003946543143456832
1211,0,0,1211,0.06282151815625638,0.11848872774173763,0.00394654314345685
1212,0,1,1212,0.06282151815625651,0.09553123333991581,0.0039465431434568665
1213,0,2,1213,0.06282151815625658,0.11817214916292909,0.00394654314345688
1214,0,1,1214,0.06282151815625667,0.11523746506030548,0.003946543143456886
1215,0,1,1215,0.06282151815625667,0.10415765067542956,0.003946543143456891
1216,0,2,1216,0.06282151815625613,0.1284588585060276,0.003946543143456817
1217,0,0,1217,0.0,0.0,0.0
1218,0,0,1218,0.0,0.0,0.0
1219,0,2,1219,0.06282151815625632,0.09681994021980696,0.003946543143456843
1220,0,1,1220,0.06282151815625633,0.09382340352599547,0.003946543143456844
1221,0,0,1221,0.0,0.0,0.0
1222,0,1,1222,0.0,0.0,0.0
1223,0,1,1223,0.0628215181562563,0.12309309303281832,0.003946543143456841
1224,0,2,1224,0.06282151815625665,0.11383433343068067,0.00394654314345688
1225,0,2,1225,0.06282151815625668,0.12862270399188674,0.003946543143456886
1226,0,0,1226,0.0,0.0,0.0
1227,0,1,1227,0.06282151815625618,0.07795000019065412,0.003946543143456825
1228,0,1,1228,0.06282151815625642,0.1149432694468305,0.003946543143456849
1229,0,0,1229,0.0,0.0,0.0
1230,0,1,1230,0.0,0.0,0.0
1231,0,2,1231,0.06282151815625667,0.10119353063640431,0.003946543143456886
1232,0,0,1232,0.06282151815625671,0.09101616166236201,0.003946543143456893
1233,0,0,1233,0.0,0.0,0.0
1234,0,1,1234,0.06282151815625671,0.09917740767934433,0.003946543143456892
1235,0,1,1235,0.06282151815625667,0.08873909488756468,0.003946543143456884
1236,0,2,1236,0.06282151815625642,0.12361031299902163,0.003946543143456855
1237,0,0,1237,0.06282151815625625,0.12681982425450145,0.0039465431434568335
1238,0,0,1238,0.06282151815625647,0.08502439547368819,0.003946543143456861
1239,0,1,1239,0.06282151815625653,0.12350900780637178,0.003946543143456871
1240,0,0,1240,0.0,0.0,0.0
1241,0,1,1241,0.06282151815625671,0.09948624775766442,0.003946543143456891
1242,0,0,1242,0.06282151815625672,0.09349391972735596,0.003946543143456893
1243,0,0,1243,0.06282151815625615,0.11067693942248949,0.003946543143456822
1244,0,2,1244,0.06282151815625649,0.08282551156858503,0.00394654314345686
1245,0,0,1245,0.06282151815625665,0.09528049982424068,0.003946543143456883
1246,0,2,1246,0.06282151815625622,0.11375655614514121,0.003946543143456829
1247,0,2,1247,0.06282151815625643,0.1057438923315223,0.003946543143456855
1248,0,1,1248,0.06282151815625618,0.11122024158753888,0.003946543143456826
1249,0,0,1249,0.06282151815625667,0.10362316234201513,0.0039465431434568855
1250,0,0,1250,0.06282151815625657,0.12457182945075196,0.003946543143456873
1251,0,0,1251,0.06282151815625679,0.14510840139693534,0.0039465431434569
1252,0,0,1252,0.06282151815625642,0.11411120879189139,0.003946543143456854
1253,0,2,1253,0.06282151815625645,0.1235607148043052,0.003946543143456855
1254,0,2,1254,0.06282151815625653,0.10967382168340176,0.0039465431434568665
1255,0,1,1255,0.06282151815625628,0.1570720420028629,0.0039465431434568396
1256,0,1,1256,0.06282151815625629,0.13060564741278735,0.00394654314345684
1257,0,2,1257,0.06282151815625654,0.07171551896538231,0.0039465431434568725
1258,0,0,1258,0.06282151815625671,0.1182145628028394,0.003946543143456886
1259,0,2,1259,0.06282151815625643,0.12552904454492766,0.0039465431434568534
1260,0,0,1260,0.06282151815625657,0.08008618717212407,0.003946543143456876
1261,0,0,1261,0.0628215181562567,0.09702987471882919,0.00394654314345689
1262,0,1,1262,0.06282151815625656,0.09910068871402805,0.003946543143456871
1263,0,2,1263,0.0628215181562563,0.10830624048839194,0.003946543143456842
1264,0,0,1264,0.06282151815625649,0.12391260325449105,0.003946543143456858
1265,0,0,1265,0.06282151815625649,0.12484212275205701,0.0039465431434568595
1266,0,2,1266,0.06282151815625636,0.12231528599354782,0.003946543143456848
1267,0,2,1267,0.06282151815625668,0.10802359589491384,0.003946543143456887
1268,0,0,1268,0.0,0.0,0.0
1269,0,1,1269,0.06282151815625639,0.08221790137472199,0.003946543143456851
1270,0,2,1270,2.000000000000001,3.082453133376348,0.003946543143456857
1271,0,2,1271,0.06282151815625658,0.12497306463786387,0.003946543143456872
1272,0,2,1272,0.0,0.0,0.0
1273,0,2,1273,0.0,0.0,0.0
1274,0,1,1274,0.06282151815625668,0.12721105946096972,0.003946543143456888
1275,0,1,1275,0.0,0.0,0.0
1276,0,0,1276,0.06282151815625647,0.11408962311444079,0.003946543143456859
1277,0,1,1277,0.06282151815625661,0.09010370251661076,0.003946543143456879
1278,0,1,1278,0.06282151815625657,0.10875349598045692,0.003946543143456873
1279,0,2,1279,0.06282151815625651,0.08348510276026563,0.003946543143456866
1280,0,2,1280,0.06282151815625661,0.10745610044645898,0.003946543143456879
1281,0,1,1281,0.0,0.0,0.0
1282,0,2,1282,0.06282151815625638,0.07305674687491959,0.00394654314345685
1283,0,0,1283,0.06282151815625643,0.09375331267886355,0.003946543143456855
1284,0,2,1284,0.06282151815625651,0.11783209341047357,0.003946543143456864
1285,0,2,1285,0.06282151815625646,0.1234447148429781,0.003946543143456863
1286,0,2,1286,0.0,0.0,0.0
1287,0,1,1287,0.06282151815625653,0.12438546929617789,0.003946543143456869
1288,0,1,1288,0.06282151815625671,0.11750507471596605,0.003946543143456889
1289,0,2,1289,0.06282151815625661,0.12185877454485909,0.0039465431434568795
1290,0,0,1290,0.06282151815625656,0.10725343317985586,0.003946543143456871
1291,0,1,1291,0.06282151815625664,0.16610538991656165,0.003946543143456882
1292,0,2,1292,0.0628215181562564,0.08907211693236279,0.003946543143456852
1293,0,0,1293,0.06282151815625672,0.11107968718677347,0.0039465431434568925
1294,0,0,1294,0.0628215181562566,0.12424257365986324,0.003946543143456875
1295,0,1,1295,2.0,3.0612828528128877,0.003946543143456907
1296,0,0,1296,0.06282151815625668,0.07674019630438653,0.003946543143456886
1297,0,2,1297,0.06282151815625646,0.09755408988692843,0.0039465431434568595
1298,0,0,1298,0.06282151815625672,0.11392904982348764,0.003946543143456893
1299,0,1,1299,0.06282151815625663,0.11877479997840384,0.00394654314345688
1300,0,1,1300,0.06282151815625671,0.11192484085437213,0.003946543143456891
1301,0,2,1301,0.06282151815625633,0.11448001701638016,0.003946543143456848
1302,0,2,1302,0.06282151815625647,0.08388486305059245,0.003946543143456863
1303,0,0,1303,0.06282151815625676,0.12505226477544185,0.003946543143456897
1304,0,0,1304,0.06282151815625624,0.10028231554152374,0.003946543143456833
1305,0,2,1305,0.06282151815625674,0.09325862150489118,0.003946543143456893
1306,0,2,1306,0.06282151815625678,0.08148628662936704,0.003946543143456899
1307,0,1,1307,0.06282151815625636,0.1116189068171026,0.003946543143456853
1308,0,1,1308,0.06282151815625671,0.07879850090240736,0.003946543143456888
1309,0,2,1309,0.06282151815625675,0.11993563751666775,0.003946543143456892
1310,0,0,1310,0.06282151815625633,0.09972319362098833,0.0039465431434568396
1311,0,1,1311,0.06282151815625658,0.12494710130593172,0.003946543143456874
1312,0,1,1312,0.06282151815625663,0.09858003233588916,0.00394654314345688
1313,0,1,1313,0.06282151815625635,0.08453889108157328,0.003946543143456846
1314,0,2,1314,0.06282151815625626,0.09781315208437229,0.003946543143456837
1315,0,0,1315,0.06282151815625639,0.11940457257974307,0.003946543143456853
1316,0,0,1316,0.0628215181562564,0.10079972953071498,0.003946543143456854
1317,0,2,1317,0.0628215181562565,0.08159078564451917,0.003946543143456863
1318,0,0,1318,0.06282151815625621,0.16338995307259294,0.00394654314345683
1319,0,2,1319,0.0628215181562565,0.1164890786563273,0.003946543143456865
1320,0,0,1320,0.06282151815625625,0.10141579283790012,0.003946543143456833
1321,0,0,1321,0.06282151815625674,0.13036430491191084,0.003946543143456895
1322,0,1,1322,0.06282151815625639,0.10886513275616036,0.003946543143456853
1323,0,2,1323,0.06282151815625625,0.09791886861483369,0.003946543143456834
1324,0,2,1324,0.06282151815625665,0.09688321285467236,0.003946543143456882
1325,0,0,1325,0.0,0.0,0.0
1326,0,2,1326,0.0,0.0,0.0
1327,0,0,1327,0.06282151815625657,0.12126550872027901,0.003946543143456871
1328,0,0,1328,0.0628215181562567,0.12059101445337846,0.003946543143456886
1329,0,0,1329,0.06282151815625671,0.08796210526643403,0.00394654314345689
1330,0,2,1330,0.0,0.0,0.0
1331,0,1,1331,0.06282151815625643,0.09927260479983036,0.003946543143456856
1332,0,1,1332,0.06282151815625664,0.11666867686714572,0.003946543143456886
1333,0,2,1333,0.0628215181562568,0.12530071780762553,0.003946543143456902
1334,0,2,1334,0.0,0.0,0.0
1335,0,1,1335,0.06282151815625633,0.11223766816222618,0.003946543143456843
1336,0,0,1336,0.0628215181562564,0.08784724973212132,0.003946543143456855
1337,0,2,1337,0.0,0.0,0.0
1338,0,0,1338,0.06282151815625663,0.10613268094677573,0.00394654314345688
1339,0,2,1339,0.06282151815625678,0.12511560205171812,0.0039465431434568985
1340,0,0,1340,0.06282151815625642,0.09281551807816268,0.003946543143456856
1341,0,0,1341,0.06282151815625664,0.09222273135060238,0.003946543143456881
1342,0,0,1342,0.0628215181562568,0.09232001354674554,0.003946543143456903
1343,0,2,1343,0.06282151815625671,0.1204353901183129,0.003946543143456892
1344,0,1,1344,0.06282151815625621,0.1063557315615972,0.003946543143456829
1345,0,0,1345,0.06282151815625642,0.11286066130473998,0.003946543143456854
1346,0,1,1346,0.06282151815625624,0.12709364857018504,0.003946543143456831
1347,0,1,1347,0.06282151815625667,0.08369705246877379,0.0039465431434568855
1348,0,2,1348,0.0,0.0,0.0
1349,0,2,1349,0.0628215181562566,0.10954842383863889,0.003946543143456878
1350,0,1,1350,0.0,0.0,0.0
1351,0,2,1351,0.06282151815625672,0.10563097347588159,0.003946543143456892
1352,0,0,1352,0.06282151815625664,0.12487455487977893,0.003946543143456882
1353,0,2,1353,0.0,0.0,0.0
1354,0,2,1354,0.0628215181562567,0.08923598286240193,0.003946543143456888
1355,0,1,1355,0.0,0.0,0.0
1356,0,0,1356,0.06282151815625646,0.10454715315581271,0.003946543143456859
1357,0,1,1357,0.06282151815625624,0.12126567129963517,0.0039465431434568335
1358,0,1,1358,0.06282151815625654,0.11668730443713182,0.003946543143456871
1359,0,1,1359,0.0,0.0,0.0
1360,0,0,1360,0.06282151815625643,0.12337211532984921,0.003946543143456857
1361,0,2,1361,0.0,0.0,0.0
1362,0,1,1362,0.0,0.0,0.0
1363,0,2,1363,0.06282151815625682,0.10134175033040155,0.0039465431434569055
1364,0,1,1364,0.06282151815625657,0.10942410136733173,0.003946543143456872
1365,0,1,1365,0.06282151815625647,0.10676558906660377,0.00394654314345686
1366,0,1,1366,0.06282151815625645,0.0828283758223207,0.003946543143456859
1367,0,1,1367,0.06282151815625657,0.08012699253673654,0.003946543143456875
1368,0,0,1368,0.06282151815625664,0.08065953157767014,0.003946543143456881
1369,0,1,1369,0.0,0.0,0.0
1370,0,2,1370,0.06282151815625671,0.11271284883768651,0.003946543143456897
1371,0,0,1371,0.06282151815625643,0.1032220198276586,0.003946543143456858
1372,0,0,1372,0.06282151815625639,0.0907982002375986,0.003946543143456853
1373,0,1,1373,0.0,0.0,0.0
1374,0,0,1374,0.06282151815625626,0.12693534883582552,0.0039465431434568396
1375,0,2,1375,0.06282151815625635,0.15499767147232407,0.003946543143456845
1376,0,2,1376,0.0628215181562568,0.10650400902559082,0.0039465431434569
1377,0,2,1377,0.0628215181562565,0.11541914012686313,0.003946543143456865
1378,0,2,1378,0.06282151815625656,0.11761803708711462,0.00394654314345687
1379,0,1,1379,0.0,0.0,0.0
1380,0,2,1380,0.0628215181562563,0.10300983903917066,0.003946543143456839
1381,0,1,1381,0.0628215181562563,0.09299038508521734,0.003946543143456838
1382,0,0,1382,0.06282151815625667,0.11343673170383783,0.003946543143456883
1383,0,1,1383,0.06282151815625645,0.09135874113407483,0.003946543143456856
1384,0,0,1384,0.06282151815625618,0.09699622298185376,0.003946543143456822
1385,0,2,1385,0.0628215181562566,0.11976496408077635,0.0039465431434568795
1386,0,2,1386,0.06282151815625629,0.1555987070410116,0.0039465431434568396
1387,0,0,1387,0.0,0.0,0.0
1388,0,1,1388,0.06282151815625668,0.09519616472180437,0.003946543143456888
1389,0,1,1389,0.06282151815625667,0.10381819635652476,0.003946543143456887
1390,0,2,1390,0.06282151815625672,0.08858397781358979,0.00394654314345689
1391,0,2,1391,0.06282151815625611,0.1633517845641347,0.003946543143456819
1392,0,0,1392,0.06282151815625671,0.09418295913070243,0.003946543143456892
1393,0,2,1393,0.06282151815625676,0.11406014486911183,0.003946543143456899
1394,0,2,1394,0.06282151815625661,0.09085507115353088,0.003946543143456878
1395,0,0,1395,0.06282151815625649,0.09070309513197028,0.003946543143456863
1396,0,2,1396,0.0628215181562566,0.12220412963286399,0.003946543143456874
1397,0,1,1397,0.0,0.0,0.0
1398,0,1,1398,0.06282151815625661,0.11606477009908348,0.0039465431434568795
1399,0,2,1399,0.06282151815625628,0.13628891868582776,0.003946543143456835
1400,0,2,1400,0.06282151815625661,0.11550985124088273,0.003946543143456876
1401,0,2,1401,0.06282151815625665,0.11396967425563842,0.003946543143456885
1402,0,1,1402,0.06282151815625626,0.08954391205685647,0.003946543143456835
1403,0,1,1403,0.0628215181562567,0.12788324493824804,0.00394654314345689
1404,0,1,1404,0.06282151815625667,0.07145892015994576,0.0039465431434568855
1405,0,0,1405,0.0628215181562567,0.11742184472740338,0.003946543143456886
1406,0,2,1406,0.06282151815625657,0.08518183602430346,0.003946543143456874
1407,0,2,1407,0.06282151815625645,0.10721076996704554,0.0039465431434568595
1408,0,0,1408,0.0,0.0,0.0
1409,0,0,1409,0.06282151815625636,0.10470794364046612,0.003946543143456849
1410,0,0,1410,0.06282151815625672,0.1059096282371953,0.003946543143456892
1411,0,2,1411,0.06282151815625658,0.06846630687848831,0.003946543143456875
1412,0,1,1412,0.06282151815625668,0.0814628145216236,0.003946543143456889
1413,0,2,1413,0.0,0.0,0.0
1414,0,1,1414,0.06282151815625675,0.11821232790576498,0.0039465431434568985
1415,0,1,1415,0.06282151815625675,0.10178863844057262,0.003946543143456901
1416,0,1,1416,0.06282151815625624,0.0994933730195702,0.003946543143456829
1417,0,0,1417,0.06282151815625635,0.12098889727501963,0.003946543143456842
1418,0,1,1418,0.06282151815625622,0.07490331765020322,0.003946543143456829
1419,0,2,1419,0.0,0.0,0.0
1420,0,1,1420,0.06282151815625642,0.08562515973039819,0.0039465431434568534
1421,0,1,1421,0.06282151815625671,0.15122560406742847,0.003946543143456889
1422,0,0,1422,0.06282151815625639,0.09281391891155552,0.003946543143456852
1423,0,0,1423,0.06282151815625667,0.10342813317599908,0.003946543143456888
1424,0,0,1424,0.06282151815625656,0.12419813138819036,0.003946543143456876
1425,0,1,1425,0.06282151815625618,0.16050296153024446,0.003946543143456822
1426,0,1,1426,0.06282151815625674,0.10887360645131691,0.003946543143456893
1427,0,1,1427,0.06282151815625661,0.12253678713927373,0.00394654314345688
1428,0,1,1428,0.0628215181562565,0.12390733526059415,0.003946543143456862
1429,0,1,1429,0.06282151815625676,0.09555450118053443,0.003946543143456897
1430,0,1,1430,0.0628215181562567,0.1350596586767308,0.003946543143456888
1431,0,0,1431,0.06282151815625628,0.11317401150603154,0.003946543143456838
1432,0,1,1432,0.06282151815625639,0.09254316843762074,0.003946543143456852
1433,0,1,1433,0.0,0.0,0.0
1434,0,2,1434,0.06282151815625646,0.10244911459970438,0.003946543143456859
1435,0,2,1435,0.06282151815625665,0.12328146646479317,0.003946543143456885
1436,0,0,1436,0.06282151815625626,0.14925797058652385,0.003946543143456837
1437,0,0,1437,0.06282151815625629,0.08558370374548045,0.003946543143456839
1438,0,2,1438,0.06282151815625663,0.09930246740559254,0.003946543143456882
1439,0,2,1439,0.06282151815625658,0.11707537523910942,0.003946543143456878
1440,0,0,1440,0.06282151815625645,0.08499999426504956,0.0039465431434568534
1441,0,1,1441,0.06282151815625651,0.11170894953779235,0.003946543143456867
1442,0,1,1442,0.06282151815625651,0.08657733949260883,0.0039465431434568665
1443,0,2,1443,0.06282151815625656,0.12089049081441715,0.0039465431434568725
1444,0,1,1444,0.06282151815625624,0.08391112744688904,0.0039465431434568335
1445,0,0,1445,0.06282151815625643,0.1189320081819574,0.003946543143456856
1446,0,0,1446,0.06282151815625667,0.09391415739844693,0.003946543143456887
1447,0,2,1447,0.06282151815625642,0.09503674209391771,0.0039465431434568534
1448,0,1,1448,0.06282151815625629,0.13757927984171947,0.003946543143456839
1449,0,0,1449,0.0,0.0,0.0
1450,0,0,1450,0.06282151815625639,0.12075644160283952,0.003946543143456856
1451,0,0,1451,0.06282151815625657,0.09006386913780731,0.003946543143456873
1452,0,1,1452,0.0628215181562566,0.1055604617737272,0.003946543143456874
1453,0,0,1453,0.06282151815625664,0.11250511927483028,0.003946543143456884
1454,0,0,1454,0.06282151815625639,0.07207463974029446,0.00394654314345685
1455,0,0,1455,0.0628215181562567,0.09657710760138062,0.003946543143456888
1456,0,0,1456,0.0,0.0,0.0
1457,0,2,1457,0.0628215181562566,0.11798336877832444,0.003946543143456879
1458,0,1,1458,0.06282151815625657,0.10370897732671346,0.003946543143456877
1459,0,2,1459,0.06282151815625654,0.09534355987351102,0.003946543143456868
1460,0,0,1460,0.0,0.0,0.0
1461,0,1,1461,0.06282151815625629,0.12159968769053899,0.003946543143456839
1462,0,0,1462,0.06282151815625642,0.10879910642153366,0.003946543143456854
1463,0,1,1463,0.06282151815625661,0.11731825555795093,0.003946543143456879
1464,0,1,1464,0.0628215181562566,0.11614579694803837,0.003946543143456876
1465,0,0,1465,0.06282151815625663,0.09444745338690355,0.003946543143456878
1466,0,1,1466,0.06282151815625653,0.09210398608458414,0.003946543143456868
1467,0,0,1467,0.06282151815625667,0.1474700183457039,0.003946543143456886
1468,0,2,1468,0.06282151815625645,0.07426535575416432,0.003946543143456857
1469,0,0,1469,0.0,0.0,0.0
1470,0,2,1470,0.06282151815625661,0.10246566980562455,0.00394654314345688
1471,0,1,1471,0.06282151815625678,0.1215247962485476,0.003946543143456894
1472,0,1,1472,0.0,0.0,0.0
1473,0,1,1473,0.06282151815625661,0.12561643882120577,0.003946543143456879
1474,0,2,1474,0.0628215181562566,0.09090969590862114,0.0039465431434568795
1475,0,1,1475,0.06282151815625656,0.11457066293905754,0.0039465431434568725
1476,0,1,1476,0.06282151815625668,0.1058779613561295,0.003946543143456887
1477,0,1,1477,2.0000000000000004,3.538013220941063,0.0039465431434568665
1478,0,1,1478,0.06282151815625674,0.09466175455822298,0.003946543143456895
1479,0,1,1479,0.06282151815625665,0.13501643039429723,0.0039465431434568855
1480,0,0,1480,0.06282151815625661,0.07453601636101671,0.0039465431434568795
1481,0,2,1481,0.06282151815625665,0.08890131511884976,0.003946543143456883
1482,0,2,1482,0.0628215181562567,0.09367017030100389,0.003946543143456888
1483,0,2,1483,0.0,0.0,0.0
1484,0,1,1484,0.06282151815625651,0.08602145221655119,0.003946543143456872
1485,0,1,1485,0.0,0.0,0.0
1486,0,2,1486,0.06282151815625672,0.10766244788982564,0.003946543143456893
1487,0,0,1487,0.06282151815625653,0.07606185467346167,0.003946543143456868
1488,0,0,1488,0.06282151815625624,0.16017959226135972,0.003946543143456836
1489,0,1,1489,0.06282151815625656,0.11050042558484047,0.00394654314345687
1490,0,2,1490,0.06282151815625678,0.1076712370924822,0.0039465431434569
1491,0,2,1491,0.06282151815625663,0.07640809269450811,0.003946543143456879
1492,0,0,1492,0.06282151815625651,0.09245613259588678,0.003946543143456866
1493,0,2,1493,0.06282151815625654,0.10607788113163413,0.0039465431434568725
1494,0,0,1494,0.06282151815625626,0.10702308321413039,0.003946543143456833
1495,0,1,1495,0.06282151815625671,0.12484701991237915,0.003946543143456893
1496,0,2,1496,0.06282151815625672,0.09593622275711056,0.003946543143456894
1497,0,2,1497,0.06282151815625635,0.10492112213209295,0.003946543143456845
1498,0,0,1498,0.06282151815625667,0.09929719331807005,0.003946543143456885
1499,0,2,1499,0.0628215181562564,0.11727575201992177,0.003946543143456856
