,Layer,Qubit,Run,2-Norm,Trace Norm,Diamond Norm
0,0,2,0,0.03141463462364121,0.04942701131011398,0.0009868792685368767
1,0,1,1,0.0,0.0,0.0
2,0,0,2,0.031414634623641316,0.05839889399258992,0.0009868792685368835
3,0,1,3,0.0,0.0,0.0
4,0,2,4,0.03141463462364128,0.04326177490525341,0.0009868792685368806
5,0,0,5,0.0314146346236412,0.0823306075511667,0.000986879268536876
6,0,2,6,0.0314146346236413,0.05218677592420426,0.0009868792685368815
7,0,0,7,0.03141463462364118,0.04340254544316599,0.000986879268536875
8,0,0,8,0.0,0.0,0.0
9,0,0,9,0.0,0.0,0.0
10,0,1,10,0.03141463462364116,0.052690238233103426,0.0009868792685368741
11,0,2,11,0.031414634623641365,0.0801571257470732,0.0009868792685368867
12,0,1,12,0.031414634623641136,0.05786396703799719,0.0009868792685368724
13,0,2,13,0.03141463462364137,0.06117437051062265,0.0009868792685368878
14,0,2,14,0.03141463462364145,0.058277312258291955,0.0009868792685368917
15,0,2,15,0.031414634623641295,0.03230404111605496,0.0009868792685368822
16,0,1,16,0.03141463462364123,0.06705492633940252,0.0009868792685368787
17,0,1,17,0.031414634623641156,0.06207647203391986,0.0009868792685368735
18,0,0,18,0.031414634623641406,0.07950897553979189,0.0009868792685368897
19,0,0,19,0.03141463462364136,0.058136818146955926,0.0009868792685368865
20,0,0,20,0.03141463462364151,0.048083388668983915,0.000986879268536896
21,0,1,21,0.0,0.0,0.0
22,0,2,22,0.03141463462364123,0.05062073466419373,0.0009868792685368782
23,0,0,23,0.031414634623641254,0.05743384360042178,0.0009868792685368795
24,0,2,24,0.03141463462364114,0.041796607838962024,0.0009868792685368728
25,0,1,25,0.031414634623641226,0.06725844181102118,0.0009868792685368787
26,0,0,26,0.031414634623641365,0.056453771442233576,0.000986879268536887
27,0,1,27,0.03141463462364124,0.05460192423740395,0.0009868792685368785
28,0,1,28,0.03141463462364118,0.05865085901021026,0.0009868792685368748
29,0,1,29,0.031414634623641344,0.04835073811569461,0.0009868792685368856
30,0,1,30,0.03141463462364117,0.056291075181266234,0.0009868792685368743
31,0,0,31,0.031414634623641184,0.05018906324652339,0.0009868792685368752
32,0,1,32,0.03141463462364115,0.05185863005885212,0.0009868792685368733
33,0,2,33,0.0314146346236412,0.0583363686237401,0.0009868792685368754
34,0,2,34,0.0,0.0,0.0
35,0,0,35,0.03141463462364123,0.04186574131161919,0.0009868792685368787
36,0,0,36,0.03141463462364125,0.061333614251616514,0.0009868792685368795
37,0,1,37,0.0,0.0,0.0
38,0,2,38,0.03141463462364121,0.044238067210465484,0.0009868792685368765
39,0,2,39,0.03141463462364118,0.055558543386646494,0.0009868792685368746
40,0,0,40,0.031414634623641094,0.05170317879230103,0.00098687926853687
41,0,0,41,0.03141463462364124,0.05587374977547938,0.0009868792685368782
42,0,1,42,0.03141463462364112,0.06108739045761404,0.0009868792685368707
43,0,2,43,0.031414634623641205,0.08339597798835688,0.0009868792685368774
44,0,0,44,0.031414634623641205,0.057402082934447554,0.0009868792685368743
45,0,0,45,0.03141463462364124,0.05623775838515413,0.0009868792685368785
46,0,1,46,0.03141463462364113,0.04194655477604707,0.0009868792685368724
47,0,2,47,0.03141463462364127,0.04609810890765287,0.0009868792685368809
48,0,0,48,0.031414634623641136,0.047144285226843274,0.0009868792685368722
49,0,2,49,0.031414634623641274,0.05358072942394186,0.0009868792685368813
50,0,0,50,0.03141463462364131,0.050901348885238965,0.000986879268536883
51,0,1,51,0.0314146346236414,0.06274695202776659,0.0009868792685368889
52,0,2,52,0.031414634623641136,0.06031114777038807,0.0009868792685368715
53,0,1,53,0.03141463462364118,0.06179143086376563,0.0009868792685368748
54,0,2,54,0.03141463462364118,0.053690025270340364,0.000986879268536874
55,0,0,55,0.03141463462364113,0.05158412701236942,0.0009868792685368713
56,0,2,56,0.03141463462364114,0.0670446417478848,0.0009868792685368728
57,0,1,57,0.03141463462364129,0.0607036115818507,0.0009868792685368826
58,0,2,58,0.03141463462364109,0.05074389568486022,0.0009868792685368694
59,0,0,59,0.0,0.0,0.0
60,0,2,60,0.031414634623641205,0.05343109500993609,0.0009868792685368752
61,0,0,61,0.0,0.0,0.0
62,0,1,62,0.0,0.0,0.0
63,0,2,63,0.03141463462364119,0.05598235409899577,0.000986879268536876
64,0,2,64,0.0,0.0,0.0
65,0,2,65,0.03141463462364131,0.04423917787535689,0.0009868792685368832
66,0,2,66,0.03141463462364129,0.07529936025858934,0.0009868792685368817
67,0,0,67,0.03141463462364124,0.07868778318585551,0.0009868792685368787
68,0,0,68,0.0,0.0,0.0
69,0,0,69,0.031414634623641226,0.06341615614951669,0.0009868792685368776
70,0,2,70,0.03141463462364114,0.05271712836371594,0.0009868792685368726
71,0,2,71,0.03141463462364116,0.04778375337806082,0.0009868792685368735
72,0,2,72,0.031414634623641365,0.06063204187533111,0.0009868792685368882
73,0,2,73,0.03141463462364116,0.06157868401967119,0.0009868792685368743
74,0,2,74,0.031414634623641184,0.053970677497296546,0.0009868792685368756
75,0,0,75,0.03141463462364125,0.052610672425703324,0.0009868792685368791
76,0,1,76,0.03141463462364116,0.05213930663432554,0.000986879268536875
77,0,0,77,0.03141463462364127,0.049667385623411664,0.0009868792685368804
78,0,1,78,0.03141463462364123,0.05365593643079178,0.000986879268536878
79,0,1,79,0.03141463462364119,0.03983089983892207,0.0009868792685368759
80,0,1,80,0.03141463462364125,0.05188900330142443,0.0009868792685368772
81,0,2,81,0.03141463462364126,0.05466484234998667,0.0009868792685368804
82,0,2,82,0.03141463462364154,0.04872792666240569,0.000986879268536897
83,0,2,83,0.0,0.0,0.0
84,0,2,84,0.031414634623641156,0.03635691589935252,0.0009868792685368737
85,0,2,85,0.03141463462364114,0.046682801019320576,0.0009868792685368722
86,0,2,86,0.03141463462364116,0.04671406294587305,0.000986879268536874
87,0,0,87,0.03141463462364125,0.05453792079571496,0.0009868792685368793
88,0,0,88,0.031414634623641274,0.05602895751661053,0.0009868792685368809
89,0,0,89,0.03141463462364121,0.05530883321714393,0.0009868792685368759
90,0,1,90,0.03141463462364099,0.05897812645498196,0.0009868792685368633
91,0,2,91,0.03141463462364123,0.05280334738116041,0.0009868792685368776
92,0,0,92,0.03141463462364148,0.052921903475857415,0.0009868792685368943
93,0,1,93,0.03141463462364143,0.04103790676091146,0.0009868792685368902
94,0,2,94,0.0,0.0,0.0
95,0,2,95,0.03141463462364136,0.060751027921021196,0.0009868792685368865
96,0,1,96,0.03141463462364113,0.044850348884045,0.00098687926853687
97,0,2,97,0.0,0.0,0.0
98,0,2,98,0.03141463462364125,0.05383049971082379,0.0009868792685368791
99,0,2,99,0.031414634623641385,0.04679218412205481,0.0009868792685368876
100,0,1,100,0.031414634623641295,0.047321712794196655,0.000986879268536882
101,0,2,101,0.031414634623641184,0.055267155102397963,0.0009868792685368748
102,0,0,102,0.03141463462364142,0.04869924478200981,0.0009868792685368895
103,0,0,103,0.03141463462364131,0.0558330674772391,0.0009868792685368828
104,0,2,104,0.03141463462364128,0.08099489974164725,0.0009868792685368837
105,0,1,105,0.031414634623641406,0.04987695653263302,0.0009868792685368887
106,0,2,106,0.0,0.0,0.0
107,0,2,107,0.03141463462364115,0.058877886384468524,0.0009868792685368728
108,0,2,108,0.03141463462364119,0.05109077605329721,0.0009868792685368763
109,0,0,109,0.0,0.0,0.0
110,0,0,110,0.0,0.0,0.0
111,0,1,111,0.031414634623641156,0.05184744851623624,0.0009868792685368717
112,0,0,112,0.031414634623641184,0.05876910836093181,0.0009868792685368752
113,0,1,113,0.031414634623641254,0.054897555958432875,0.0009868792685368795
114,0,2,114,0.03141463462364123,0.04163854238212863,0.0009868792685368782
115,0,0,115,0.0,0.0,0.0
116,0,0,116,0.0,0.0,0.0
117,0,1,117,0.031414634623641385,0.08398303415560338,0.000986879268536887
118,0,1,118,0.0,0.0,0.0
119,0,2,119,0.03141463462364118,0.05714109485857037,0.0009868792685368754
120,0,1,120,0.03141463462364121,0.0507204513417113,0.0009868792685368765
121,0,2,121,0.03141463462364124,0.05452142167813413,0.0009868792685368774
122,0,2,122,0.03141463462364128,0.050618556522151956,0.000986879268536881
123,0,0,123,0.03141463462364134,0.06126940113908421,0.0009868792685368824
124,0,2,124,0.0,0.0,0.0
125,0,0,125,0.031414634623641184,0.07842093128054929,0.0009868792685368754
126,0,0,126,0.031414634623641455,0.05414458655809973,0.0009868792685368908
127,0,0,127,0.0,0.0,0.0
128,0,0,128,0.03141463462364121,0.07006166900803916,0.0009868792685368754
129,0,0,129,0.0,0.0,0.0
130,0,2,130,0.031414634623641136,0.05618077861788235,0.0009868792685368722
131,0,2,131,0.03141463462364119,0.04412400326045757,0.0009868792685368752
132,0,0,132,0.03141463462364152,0.04870922100375391,0.000986879268536894
133,0,1,133,0.03141463462364149,0.07834127476327571,0.0009868792685368943
134,0,0,134,0.03141463462364119,0.06480560476067335,0.0009868792685368767
135,0,0,135,0.031414634623641156,0.06302164407909515,0.0009868792685368737
136,0,2,136,0.03141463462364105,0.04109911092465787,0.0009868792685368672
137,0,1,137,0.031414634623641316,0.040831826515189296,0.0009868792685368835
138,0,0,138,0.03141463462364116,0.055027903961383864,0.0009868792685368728
139,0,1,139,0.03141463462364152,0.04769915987598,0.0009868792685368962
140,0,2,140,0.0,0.0,0.0
141,0,1,141,0.031414634623641094,0.05134362712683137,0.0009868792685368696
142,0,1,142,0.0314146346236411,0.051880621419868475,0.0009868792685368696
143,0,0,143,0.031414634623641496,0.058379733346746704,0.0009868792685368939
144,0,0,144,0.03141463462364119,0.05627085611211545,0.000986879268536876
145,0,1,145,0.03141463462364147,0.06905714635921742,0.0009868792685368926
146,0,2,146,0.03141463462364109,0.04180722306225021,0.0009868792685368694
147,0,1,147,0.031414634623641295,0.05869437082966333,0.0009868792685368828
148,0,1,148,0.03141463462364114,0.04587095379765947,0.0009868792685368726
149,0,0,149,0.03141463462364145,0.04551205288369142,0.0009868792685368917
150,0,2,150,0.031414634623641316,0.03926625701487235,0.0009868792685368835
151,0,2,151,0.031414634623641274,0.052361598846542734,0.0009868792685368809
152,0,2,152,0.03141463462364121,0.0501873516183004,0.0009868792685368767
153,0,1,153,0.031414634623641295,0.04673030831403593,0.0009868792685368822
154,0,2,154,0.031414634623641295,0.04423995178479692,0.0009868792685368828
155,0,1,155,0.03141463462364115,0.050901507254734454,0.0009868792685368735
156,0,2,156,0.03141463462364125,0.05646895791402367,0.0009868792685368763
157,0,2,157,0.03141463462364139,0.06305034715300567,0.0009868792685368876
158,0,0,158,0.03141463462364114,0.05156795539605219,0.0009868792685368728
159,0,0,159,0.03141463462364139,0.07831971296716103,0.0009868792685368874
160,0,0,160,0.03141463462364136,0.061856137461968025,0.0009868792685368858
161,0,2,161,0.0,0.0,0.0
162,0,2,162,0.03141463462364113,0.050450362592975556,0.0009868792685368715
163,0,2,163,0.03141463462364125,0.0607816455545601,0.0009868792685368798
164,0,1,164,0.031414634623641226,0.04827652904549468,0.0009868792685368759
165,0,0,165,0.0,0.0,0.0
166,0,0,166,0.03141463462364132,0.06237397873764783,0.0009868792685368787
167,0,2,167,0.03141463462364128,0.08428111302650515,0.0009868792685368828
168,0,2,168,0.03141463462364115,0.04782797638032463,0.0009868792685368728
169,0,1,169,0.03141463462364119,0.06232028323608655,0.000986879268536877
170,0,1,170,0.0314146346236413,0.05527985869764829,0.0009868792685368828
171,0,2,171,0.0,0.0,0.0
172,0,1,172,0.0,0.0,0.0
173,0,2,173,0.0,0.0,0.0
174,0,2,174,0.031414634623641295,0.06219787618973523,0.0009868792685368828
175,0,1,175,0.03141463462364124,0.046435949230831886,0.0009868792685368787
176,0,2,176,0.03141463462364116,0.053305545641735064,0.0009868792685368746
177,0,2,177,0.03141463462364124,0.07441554081368333,0.0009868792685368782
178,0,1,178,0.031414634623641385,0.0427003821377743,0.0009868792685368874
179,0,1,179,0.03141463462364138,0.052564697966245924,0.000986879268536886
180,0,0,180,0.0,0.0,0.0
181,0,0,181,0.031414634623641226,0.05115361635261084,0.0009868792685368782
182,0,1,182,0.031414634623641344,0.04855175994614534,0.0009868792685368856
183,0,0,183,0.03141463462364126,0.06333751461928747,0.0009868792685368806
184,0,1,184,0.03141463462364133,0.05907001923924923,0.0009868792685368843
185,0,2,185,0.0,0.0,0.0
186,0,2,186,0.03141463462364134,0.045808637052437914,0.000986879268536885
187,0,1,187,0.03141463462364122,0.051230535405972694,0.0009868792685368774
188,0,2,188,0.031414634623641316,0.0550754366245962,0.0009868792685368845
189,0,2,189,0.031414634623641136,0.04690280669963448,0.0009868792685368713
190,0,2,190,0.031414634623641316,0.05141347032760947,0.0009868792685368832
191,0,1,191,0.031414634623641205,0.05010139651058202,0.0009868792685368765
192,0,2,192,0.03141463462364125,0.05296780382799095,0.0009868792685368782
193,0,0,193,0.0,0.0,0.0
194,0,1,194,2.0000000000000004,3.4788519180216486,0.0009868792685369001
195,0,1,195,0.03141463462364126,0.051574541748009184,0.00098687926853688
196,0,2,196,0.03141463462364117,0.046154766745145855,0.000986879268536875
197,0,2,197,0.031414634623641156,0.05121028750232625,0.000986879268536873
198,0,0,198,0.031414634623641205,0.0554617572941405,0.0009868792685368741
199,0,2,199,0.031414634623641295,0.061123557199073746,0.0009868792685368824
200,0,0,200,0.03141463462364116,0.05264253114778179,0.0009868792685368735
201,0,1,201,0.03141463462364121,0.03897867093938334,0.000986879268536877
202,0,2,202,0.03141463462364123,0.05634148180455656,0.0009868792685368785
203,0,0,203,0.0,0.0,0.0
204,0,0,204,0.03141463462364122,0.04504622076396587,0.0009868792685368772
205,0,1,205,0.0,0.0,0.0
206,0,1,206,0.03141463462364126,0.05226817163470234,0.0009868792685368802
207,0,2,207,0.03141463462364146,0.056612727392906737,0.0009868792685368932
208,0,0,208,0.03141463462364118,0.05630743761211997,0.0009868792685368746
209,0,0,209,0.03141463462364121,0.05468503654190843,0.0009868792685368765
210,0,2,210,0.03141463462364137,0.059720337791732026,0.000986879268536887
211,0,1,211,0.0,0.0,0.0
212,0,1,212,0.031414634623641385,0.04374067249842467,0.000986879268536887
213,0,0,213,0.031414634623641205,0.045206195586600786,0.0009868792685368756
214,0,2,214,0.0,0.0,0.0
215,0,1,215,0.031414634623641385,0.047496112423083395,0.0009868792685368876
216,0,1,216,0.03141463462364128,0.04488806700886485,0.0009868792685368817
217,0,0,217,0.031414634623641156,0.05776076309160338,0.0009868792685368735
218,0,2,218,0.03141463462364141,0.047198051989689085,0.00098687926853689
219,0,1,219,0.031414634623641295,0.05668006228154057,0.000986879268536883
220,0,1,220,0.03141463462364131,0.06064429110130256,0.0009868792685368826
221,0,0,221,0.031414634623641455,0.07883422806281144,0.0009868792685368915
222,0,2,222,0.031414634623641066,0.04867977437446515,0.0009868792685368676
223,0,1,223,0.03141463462364127,0.06160638035553298,0.0009868792685368806
224,0,0,224,0.03141463462364143,0.05730138244346458,0.00098687926853689
225,0,2,225,0.031414634623641385,0.051262548946889946,0.0009868792685368876
226,0,1,226,0.0,0.0,0.0
227,0,2,227,0.03141463462364128,0.057769174623098205,0.0009868792685368809
228,0,1,228,0.03141463462364127,0.04367113920160041,0.000986879268536881
229,0,0,229,0.0,0.0,0.0
230,0,2,230,0.031414634623641066,0.05982629137173942,0.000986879268536868
231,0,0,231,0.03141463462364115,0.05165473707518259,0.0009868792685368735
232,0,0,232,0.03141463462364133,0.052108676174479895,0.000986879268536885
233,0,0,233,0.0,0.0,0.0
234,0,0,234,0.03141463462364123,0.05704158529461119,0.0009868792685368785
235,0,0,235,0.03141463462364116,0.052947950127819034,0.0009868792685368741
236,0,1,236,0.03141463462364127,0.04351649652009901,0.0009868792685368795
237,0,0,237,0.031414634623641254,0.052192080713369636,0.0009868792685368785
238,0,1,238,0.031414634623641205,0.05709523184779583,0.0009868792685368791
239,0,0,239,0.03141463462364131,0.050702466698874155,0.000986879268536881
240,0,0,240,0.031414634623641156,0.060971184498311126,0.0009868792685368737
241,0,0,241,0.0,0.0,0.0
242,0,0,242,0.03141463462364135,0.0412509015540508,0.000986879268536886
243,0,2,243,0.031414634623641205,0.056283030352787464,0.0009868792685368787
244,0,1,244,0.031414634623641344,0.06247928430963417,0.0009868792685368837
245,0,2,245,0.0314146346236414,0.04666955932579819,0.0009868792685368882
246,0,0,246,0.03141463462364128,0.056522986737960676,0.0009868792685368802
247,0,1,247,0.031414634623641226,0.048144375695344105,0.0009868792685368754
248,0,1,248,0.03141463462364129,0.0530225233217155,0.0009868792685368817
249,0,0,249,0.031414634623641254,0.05961964335805699,0.0009868792685368817
250,0,0,250,0.03141463462364127,0.04168320015236402,0.0009868792685368802
251,0,0,251,0.03141463462364137,0.05587699216617584,0.000986879268536887
252,0,2,252,0.0,0.0,0.0
253,0,2,253,0.03141463462364125,0.05757518181406446,0.0009868792685368776
254,0,1,254,0.03141463462364118,0.0509880056754214,0.000986879268536874
255,0,2,255,0.031414634623641184,0.05849862962553158,0.0009868792685368748
256,0,2,256,0.03141463462364119,0.049993084593001925,0.0009868792685368756
257,0,1,257,0.03141463462364118,0.04841970227072795,0.000986879268536875
258,0,1,258,0.031414634623641156,0.06244401511111469,0.0009868792685368735
259,0,1,259,0.03141463462364117,0.04653943171146689,0.000986879268536875
260,0,2,260,0.0314146346236413,0.060119130901133404,0.000986879268536883
261,0,1,261,0.0314146346236411,0.043291028624763625,0.0009868792685368698
262,0,1,262,0.0,0.0,0.0
263,0,0,263,0.03141463462364126,0.05837938031003653,0.0009868792685368802
264,0,2,264,0.031414634623641205,0.061727938137072835,0.0009868792685368767
265,0,1,265,0.0,0.0,0.0
266,0,1,266,0.031414634623641184,0.07451235918542541,0.0009868792685368767
267,0,2,267,0.0314146346236413,0.05346733999041825,0.000986879268536882
268,0,2,268,0.03141463462364133,0.05318679682873262,0.0009868792685368845
269,0,0,269,0.0314146346236415,0.04309166527992586,0.0009868792685368956
270,0,2,270,0.03141463462364139,0.05863228586442654,0.000986879268536888
271,0,2,271,0.031414634623641344,0.049664389689662566,0.0009868792685368856
272,0,1,272,0.0314146346236413,0.08080433954133717,0.0009868792685368824
273,0,2,273,0.0,0.0,0.0
274,0,1,274,0.03141463462364127,0.056509769652085325,0.0009868792685368806
275,0,1,275,0.0314146346236412,0.05588698182649398,0.0009868792685368754
276,0,0,276,0.03141463462364117,0.053231331516229566,0.0009868792685368748
277,0,1,277,0.0,0.0,0.0
278,0,2,278,0.0,0.0,0.0
279,0,2,279,0.0,0.0,0.0
280,0,0,280,0.03141463462364126,0.041199218962332786,0.0009868792685368795
281,0,0,281,0.03141463462364113,0.05609317852588557,0.0009868792685368707
282,0,1,282,0.031414634623641115,0.05901018011741896,0.0009868792685368709
283,0,2,283,0.0,0.0,0.0
284,0,0,284,0.031414634623641205,0.0447148929946906,0.0009868792685368765
285,0,0,285,0.0,0.0,0.0
286,0,1,286,0.03141463462364119,0.05216699035498201,0.0009868792685368754
287,0,2,287,0.03141463462364133,0.05731219784394939,0.0009868792685368815
288,0,1,288,0.03141463462364142,0.04658784428920079,0.0009868792685368897
289,0,2,289,0.0,0.0,0.0
290,0,1,290,0.031414634623641094,0.058688217563445146,0.0009868792685368694
291,0,1,291,0.0,0.0,0.0
292,0,1,292,0.03141463462364121,0.054637894256805375,0.000986879268536879
293,0,2,293,0.031414634623641344,0.04221499352878699,0.0009868792685368854
294,0,2,294,0.03141463462364115,0.05803506754072086,0.0009868792685368724
295,0,2,295,0.0314146346236412,0.058258380988035444,0.000986879268536876
296,0,0,296,0.0,0.0,0.0
297,0,2,297,0.031414634623641226,0.05962060993120319,0.0009868792685368754
298,0,0,298,0.03141463462364138,0.04578044559693919,0.0009868792685368871
299,0,2,299,0.031414634623641496,0.06834366390192168,0.0009868792685368954
300,0,0,300,0.03141463462364118,0.05802750101805497,0.0009868792685368754
301,0,0,301,0.031414634623641205,0.08196768559385967,0.0009868792685368756
302,0,2,302,0.0,0.0,0.0
303,0,0,303,0.03141463462364119,0.05979304737717264,0.000986879268536875
304,0,1,304,0.031414634623641274,0.055537082341007266,0.0009868792685368804
305,0,0,305,0.031414634623641254,0.05582532082307224,0.00098687926853688
306,0,2,306,0.0314146346236414,0.07168801651679614,0.0009868792685368908
307,0,1,307,0.03141463462364124,0.060709338509586756,0.0009868792685368778
308,0,1,308,0.03141463462364124,0.060007255335958846,0.0009868792685368785
309,0,0,309,0.0314146346236414,0.045354618310283756,0.0009868792685368887
310,0,1,310,0.03141463462364126,0.0417277133904915,0.00098687926853688
311,0,0,311,0.03141463462364119,0.05457297052914842,0.0009868792685368756
312,0,1,312,0.0,0.0,0.0
313,0,0,313,0.031414634623641295,0.03659329337003853,0.0009868792685368822
314,0,0,314,0.03141463462364123,0.040596113913157664,0.0009868792685368785
315,0,2,315,0.031414634623641274,0.05585456238445277,0.0009868792685368809
316,0,2,316,0.03141463462364129,0.0486658058779769,0.0009868792685368815
317,0,0,317,0.03141463462364122,0.053772428900395304,0.0009868792685368774
318,0,1,318,0.03141463462364123,0.05574278157278224,0.0009868792685368791
319,0,2,319,0.03141463462364121,0.04997047495687676,0.0009868792685368765
320,0,1,320,0.0,0.0,0.0
321,0,0,321,0.0,0.0,0.0
322,0,0,322,0.0,0.0,0.0
323,0,2,323,0.03141463462364136,0.05323539319176367,0.000986879268536887
324,0,1,324,0.0314146346236412,0.04642110159418039,0.0009868792685368752
325,0,0,325,0.031414634623641274,0.043071207858739274,0.0009868792685368809
326,0,1,326,0.03141463462364118,0.052755071545976806,0.0009868792685368752
327,0,0,327,0.03141463462364117,0.06343903066661694,0.0009868792685368752
328,0,1,328,0.031414634623641136,0.06087327967934772,0.0009868792685368722
329,0,0,329,0.0,0.0,0.0
330,0,2,330,0.03141463462364139,0.044175825034047836,0.0009868792685368884
331,0,2,331,0.03141463462364108,0.04455488994639807,0.0009868792685368685
332,0,2,332,0.031414634623641295,0.0522962457541305,0.0009868792685368822
333,0,2,333,0.031414634623641226,0.06680145383904551,0.000986879268536878
334,0,0,334,0.031414634623641344,0.04841446210484883,0.0009868792685368837
335,0,0,335,0.03141463462364121,0.06274066461249815,0.0009868792685368776
336,0,1,336,0.03141463462364143,0.056872980115971514,0.0009868792685368917
337,0,2,337,0.03141463462364104,0.049903692931975996,0.0009868792685368657
338,0,1,338,0.03141463462364124,0.0669689228895123,0.0009868792685368798
339,0,2,339,0.0,0.0,0.0
340,0,0,340,0.03141463462364132,0.057753624560947424,0.0009868792685368845
341,0,0,341,0.03141463462364142,0.047199076080254226,0.0009868792685368902
342,0,1,342,0.031414634623641406,0.045490793844493144,0.0009868792685368845
343,0,1,343,0.03141463462364128,0.050494950726144114,0.0009868792685368813
344,0,0,344,0.03141463462364124,0.06016420692876906,0.0009868792685368787
345,0,1,345,0.0,0.0,0.0
346,0,0,346,0.03141463462364126,0.04582192117253417,0.000986879268536881
347,0,0,347,0.03141463462364122,0.04957047002474251,0.0009868792685368772
348,0,2,348,0.0,0.0,0.0
349,0,2,349,0.0,0.0,0.0
350,0,2,350,0.03141463462364128,0.06154058466232909,0.0009868792685368787
351,0,1,351,0.03141463462364108,0.050023633804670196,0.000986879268536869
352,0,2,352,0.03141463462364117,0.04599177803994135,0.0009868792685368748
353,0,2,353,0.03141463462364126,0.05579152349704449,0.00098687926853688
354,0,1,354,0.03141463462364146,0.05852732723937852,0.000986879268536892
355,0,2,355,0.031414634623641226,0.05589524488426018,0.0009868792685368772
356,0,0,356,0.031414634623641156,0.053180549388856926,0.0009868792685368728
357,0,2,357,0.031414634623641434,0.04933436215837901,0.0009868792685368906
358,0,2,358,0.03141463462364118,0.04188169566656338,0.0009868792685368748
359,0,2,359,0.0,0.0,0.0
360,0,1,360,0.0,0.0,0.0
361,0,2,361,0.03141463462364124,0.056372277625225516,0.0009868792685368767
362,0,0,362,0.031414634623641434,0.04568853322791885,0.0009868792685368904
363,0,2,363,0.0,0.0,0.0
364,0,2,364,0.0314146346236412,0.06972512256383992,0.0009868792685368759
365,0,0,365,0.03141463462364134,0.061312418298073865,0.0009868792685368848
366,0,0,366,0.0314146346236415,0.0453822356029982,0.0009868792685368947
367,0,1,367,0.03141463462364131,0.05651745856944626,0.0009868792685368802
368,0,0,368,0.0,0.0,0.0
369,0,0,369,0.03141463462364123,0.06772715706019185,0.000986879268536878
370,0,0,370,0.03141463462364132,0.04507050345691417,0.000986879268536884
371,0,0,371,0.03141463462364139,0.044597276720867204,0.0009868792685368884
372,0,1,372,0.03141463462364145,0.05362717291519649,0.0009868792685368923
373,0,1,373,0.031414634623641156,0.0850426054751543,0.000986879268536875
374,0,1,374,0.03141463462364133,0.045340543921422796,0.0009868792685368848
375,0,1,375,0.03141463462364119,0.05793289309245672,0.0009868792685368754
376,0,2,376,0.0,0.0,0.0
377,0,1,377,0.031414634623641184,0.04088493783339474,0.0009868792685368754
378,0,1,378,0.0,0.0,0.0
379,0,0,379,0.03141463462364121,0.08049697507506276,0.000986879268536876
380,0,1,380,0.03141463462364128,0.04830804530003953,0.000986879268536881
381,0,1,381,0.03141463462364138,0.05979405852133325,0.0009868792685368878
382,0,2,382,0.03141463462364112,0.05450348622980071,0.0009868792685368722
383,0,2,383,0.03141463462364141,0.06055978520040908,0.0009868792685368895
384,0,0,384,0.03141463462364131,0.06124837333110446,0.0009868792685368778
385,0,2,385,0.031414634623641184,0.05643020347492688,0.0009868792685368746
386,0,0,386,0.03141463462364121,0.07714396580061932,0.0009868792685368774
387,0,1,387,0.03141463462364144,0.0670283042551601,0.000986879268536893
388,0,1,388,0.031414634623641205,0.05677241618520373,0.0009868792685368763
389,0,2,389,0.03141463462364113,0.04762213227320829,0.000986879268536872
390,0,1,390,0.0314146346236411,0.05275353885970391,0.0009868792685368709
391,0,0,391,0.03141463462364106,0.051055387915544925,0.0009868792685368678
392,0,0,392,0.031414634623641434,0.04900232714204206,0.000986879268536891
393,0,0,393,0.031414634623641274,0.04704616939396525,0.000986879268536881
394,0,1,394,0.031414634623641226,0.05079300847063427,0.0009868792685368774
395,0,0,395,0.03141463462364143,0.05772914661316547,0.00098687926853689
396,0,2,396,0.031414634623641066,0.0481198372732569,0.0009868792685368676
397,0,2,397,0.03141463462364134,0.04453767039119818,0.000986879268536885
398,0,0,398,0.0,0.0,0.0
399,0,1,399,0.0,0.0,0.0
400,0,0,400,0.0,0.0,0.0
401,0,1,401,0.03141463462364132,0.05673823514711029,0.0009868792685368839
402,0,1,402,0.0,0.0,0.0
403,0,1,403,0.03141463462364124,0.049933768756323424,0.0009868792685368782
404,0,1,404,0.0,0.0,0.0
405,0,2,405,0.03141463462364113,0.059960588160655956,0.0009868792685368717
406,0,2,406,0.03141463462364125,0.08708355587410835,0.000986879268536879
407,0,0,407,0.0,0.0,0.0
408,0,0,408,0.0,0.0,0.0
409,0,1,409,0.031414634623641274,0.04970958358792007,0.0009868792685368809
410,0,2,410,0.031414634623641136,0.04718585591651809,0.000986879268536872
411,0,0,411,0.031414634623641156,0.0656793635380598,0.000986879268536874
412,0,1,412,0.031414634623641094,0.04884025629302571,0.00098687926853687
413,0,0,413,0.031414634623641205,0.036244966287161576,0.0009868792685368763
414,0,0,414,0.03141463462364117,0.06016863016922739,0.0009868792685368746
415,0,0,415,0.03141463462364132,0.05392001943433518,0.000986879268536884
416,0,2,416,0.031414634623641295,0.053426675739859625,0.0009868792685368828
417,0,1,417,0.03141463462364132,0.059038525932847134,0.0009868792685368824
418,0,2,418,0.0,0.0,0.0
419,0,2,419,0.031414634623641365,0.06198138046324421,0.000986879268536886
420,0,1,420,0.03141463462364125,0.05705100956002632,0.0009868792685368785
421,0,1,421,0.031414634623641184,0.05217865201765694,0.0009868792685368743
422,0,0,422,0.03141463462364122,0.05535405278160101,0.0009868792685368778
423,0,1,423,0.031414634623641156,0.03952370752554693,0.0009868792685368733
424,0,2,424,0.031414634623641205,0.05031434032489475,0.0009868792685368765
425,0,2,425,0.03141463462364136,0.04751532403549472,0.0009868792685368865
426,0,0,426,0.031414634623641226,0.05459756642698993,0.0009868792685368763
427,0,2,427,0.0314146346236413,0.06027254800277039,0.000986879268536883
428,0,1,428,0.031414634623641156,0.05685493297403621,0.000986879268536874
429,0,0,429,0.03141463462364119,0.04547774271878051,0.000986879268536875
430,0,0,430,0.0314146346236411,0.040827301107861584,0.0009868792685368696
431,0,2,431,0.031414634623641205,0.08482793762938165,0.0009868792685368767
432,0,1,432,0.0,0.0,0.0
433,0,1,433,0.031414634623641365,0.06112809187179388,0.000986879268536887
434,0,0,434,0.03141463462364116,0.04097780373391868,0.0009868792685368735
435,0,1,435,0.031414634623641156,0.05584599477357523,0.000986879268536874
436,0,0,436,0.0,0.0,0.0
437,0,1,437,0.03141463462364125,0.05859336787576704,0.0009868792685368778
438,0,2,438,0.0,0.0,0.0
439,0,2,439,0.0,0.0,0.0
440,0,2,440,0.03141463462364131,0.06267697246455331,0.000986879268536883
441,0,2,441,0.03141463462364119,0.04684257333644786,0.000986879268536876
442,0,1,442,0.0,0.0,0.0
443,0,0,443,0.031414634623641365,0.05686153676205012,0.000986879268536886
444,0,2,444,0.03141463462364119,0.05669122965144277,0.000986879268536874
445,0,1,445,0.03141463462364132,0.05802514817895681,0.0009868792685368832
446,0,1,446,0.0,0.0,0.0
447,0,1,447,0.031414634623641226,0.05645503473426211,0.0009868792685368774
448,0,0,448,0.031414634623641254,0.052010099270633686,0.0009868792685368793
449,0,2,449,0.03141463462364141,0.05646763495097144,0.000986879268536889
450,0,1,450,0.031414634623641274,0.04452897159818254,0.0009868792685368815
451,0,1,451,0.03141463462364125,0.0518243440398439,0.0009868792685368795
452,0,0,452,0.031414634623641254,0.05427846025835137,0.0009868792685368798
453,0,2,453,0.031414634623641226,0.04550446279405586,0.0009868792685368782
454,0,1,454,0.03141463462364129,0.056855934106556996,0.000986879268536882
455,0,0,455,0.03141463462364119,0.05040726347751086,0.0009868792685368756
456,0,0,456,0.031414634623641115,0.05524409802620805,0.0009868792685368709
457,0,2,457,0.03141463462364134,0.05222472933511765,0.0009868792685368845
458,0,1,458,0.03141463462364115,0.08757379436178186,0.0009868792685368735
459,0,0,459,0.0,0.0,0.0
460,0,2,460,0.03141463462364158,0.06760567131255237,0.000986879268536901
461,0,1,461,0.0,0.0,0.0
462,0,1,462,0.0314146346236413,0.04468561896231671,0.0009868792685368828
463,0,2,463,0.03141463462364121,0.0809510751840723,0.0009868792685368767
464,0,1,464,0.0,0.0,0.0
465,0,1,465,0.031414634623641295,0.04589133447932059,0.000986879268536883
466,0,0,466,0.03141463462364117,0.048226684052691836,0.0009868792685368715
467,0,1,467,0.0314146346236412,0.07321787606530768,0.0009868792685368756
468,0,0,468,0.0,0.0,0.0
469,0,1,469,0.03141463462364129,0.0553755787806051,0.0009868792685368793
470,0,0,470,0.0,0.0,0.0
471,0,2,471,0.03141463462364132,0.06683007726420231,0.0009868792685368839
472,0,1,472,0.031414634623641455,0.0735580248149945,0.0009868792685368915
473,0,1,473,0.03141463462364115,0.05742166682116302,0.0009868792685368737
474,0,1,474,0.03141463462364125,0.050377074180300546,0.0009868792685368793
475,0,2,475,0.031414634623641136,0.06261255647558588,0.0009868792685368728
476,0,1,476,0.03141463462364126,0.04416079946795339,0.0009868792685368806
477,0,0,477,0.03141463462364115,0.052792402986443096,0.0009868792685368743
478,0,2,478,0.03141463462364114,0.04637398074639894,0.0009868792685368728
479,0,2,479,0.03141463462364107,0.051113796293581676,0.0009868792685368683
480,0,1,480,0.031414634623641156,0.05618598322839616,0.0009868792685368709
481,0,1,481,0.03141463462364131,0.043478847770356016,0.000986879268536883
482,0,2,482,0.0,0.0,0.0
483,0,0,483,0.0,0.0,0.0
484,0,0,484,0.03141463462364119,0.03366743410565822,0.0009868792685368756
485,0,1,485,0.03141463462364123,0.04943805044861793,0.0009868792685368785
486,0,0,486,0.0,0.0,0.0
487,0,0,487,0.03141463462364119,0.03649318783053885,0.0009868792685368756
488,0,1,488,0.0,0.0,0.0
489,0,2,489,0.031414634623641316,0.04629490444694076,0.0009868792685368839
490,0,1,490,0.0,0.0,0.0
491,0,1,491,0.031414634623641156,0.04912693289107591,0.000986879268536873
492,0,1,492,0.03141463462364134,0.055261690007200354,0.0009868792685368813
493,0,0,493,0.03141463462364129,0.044020971594807244,0.000986879268536882
494,0,0,494,0.0,0.0,0.0
495,0,2,495,0.03141463462364136,0.0706102919406271,0.000986879268536886
496,0,2,496,0.0,0.0,0.0
497,0,1,497,0.0314146346236414,0.05365427345323288,0.0009868792685368889
498,0,2,498,0.031414634623641365,0.059301743531728304,0.000986879268536887
499,0,1,499,0.03141463462364145,0.06147562761338635,0.0009868792685368921
500,0,1,500,1.3333923674667977e-18,2.3310346708438345e-18,1.7779352056187102e-36
501,0,0,501,0.03141463462364118,0.04875180372743393,0.0009868792685368748
502,0,0,502,0.03141463462364132,0.04157587888652786,0.0009868792685368813
503,0,2,503,0.03141463462364111,0.05162262448567498,0.00098687926853687
504,0,0,504,0.03141463462364111,0.04376707570535446,0.0009868792685368704
505,0,0,505,0.03141463462364146,0.04697464780942491,0.0009868792685368934
506,0,0,506,0.031414634623641254,0.04297125850956723,0.0009868792685368795
507,0,0,507,0.0,0.0,0.0
508,0,1,508,0.0314146346236414,0.06751847067651981,0.0009868792685368884
509,0,0,509,0.031414634623641434,0.062463579250550266,0.000986879268536889
510,0,0,510,0.031414634623641274,0.056424924313965286,0.0009868792685368815
511,0,2,511,0.031414634623641115,0.045377022060670555,0.0009868792685368713
512,0,0,512,0.031414634623641094,0.05586709674322292,0.0009868792685368696
513,0,1,513,0.031414634623641365,0.05592765173170838,0.0009868792685368874
514,0,2,514,0.03141463462364124,0.07591766987295574,0.0009868792685368795
515,0,2,515,0.0,0.0,0.0
516,0,0,516,0.03141463462364129,0.04808999957708965,0.0009868792685368806
517,0,0,517,0.03141463462364118,0.03368727609034723,0.0009868792685368754
518,0,0,518,0.03141463462364117,0.0592001475253649,0.0009868792685368722
519,0,1,519,0.0,0.0,0.0
520,0,2,520,0.03141463462364118,0.045807792051696175,0.0009868792685368752
521,0,2,521,0.031414634623641254,0.061204597432291306,0.0009868792685368785
522,0,2,522,0.03141463462364146,0.03701431032894231,0.000986879268536893
523,0,0,523,0.03141463462364121,0.06148543236639313,0.000986879268536877
524,0,0,524,0.03141463462364122,0.049257223409547815,0.0009868792685368767
525,0,0,525,0.03141463462364118,0.03625205013186173,0.0009868792685368748
526,0,2,526,0.03141463462364135,0.04441458314287522,0.0009868792685368852
527,0,2,527,0.031414634623641254,0.06875695616201088,0.0009868792685368802
528,0,2,528,0.03141463462364111,0.04333984826280039,0.0009868792685368702
529,0,2,529,0.03141463462364134,0.0452930953912279,0.000986879268536885
530,0,1,530,0.0,0.0,0.0
531,0,2,531,0.03141463462364119,0.06180635724666518,0.0009868792685368748
532,0,0,532,0.03141463462364116,0.038896411453495774,0.0009868792685368743
533,0,0,533,0.0,0.0,0.0
534,0,0,534,0.0,0.0,0.0
535,0,2,535,0.0,0.0,0.0
536,0,1,536,0.03141463462364124,0.05565483378482011,0.0009868792685368785
537,0,1,537,0.03141463462364109,0.07031828191643139,0.0009868792685368694
538,0,2,538,0.03141463462364127,0.059154317567647094,0.0009868792685368793
539,0,2,539,0.03141463462364104,0.05293727441485563,0.0009868792685368663
540,0,1,540,0.0,0.0,0.0
541,0,2,541,0.03141463462364116,0.04734714631274508,0.000986879268536874
542,0,1,542,0.03141463462364132,0.0683631138831147,0.0009868792685368815
543,0,1,543,0.03141463462364125,0.04132056274326264,0.0009868792685368793
544,0,0,544,0.0,0.0,0.0
545,0,1,545,0.03141463462364117,0.04228001217202294,0.0009868792685368737
546,0,1,546,0.0,0.0,0.0
547,0,2,547,0.03141463462364148,0.052930815951124845,0.0009868792685368945
548,0,0,548,0.03141463462364142,0.08337047981054613,0.0009868792685368904
549,0,0,549,0.03141463462364122,0.08261459509700894,0.0009868792685368776
550,0,1,550,0.03141463462364124,0.059980751747333326,0.0009868792685368793
551,0,1,551,0.03141463462364118,0.04020205406434509,0.0009868792685368748
552,0,0,552,0.0314146346236412,0.055175024039522264,0.0009868792685368759
553,0,0,553,0.0314146346236413,0.051712870702060515,0.0009868792685368828
554,0,1,554,0.03141463462364109,0.040623062274751764,0.0009868792685368694
555,0,1,555,0.031414634623641274,0.05606173462624861,0.0009868792685368798
556,0,0,556,0.0,0.0,0.0
557,0,2,557,0.03141463462364127,0.04230915823326391,0.0009868792685368804
558,0,2,558,0.03141463462364126,0.044994208804724344,0.0009868792685368795
559,0,1,559,0.03141463462364126,0.03893793470614942,0.0009868792685368798
560,0,0,560,0.03141463462364115,0.05562202560955197,0.0009868792685368726
561,0,0,561,0.03141463462364098,0.038130922055737884,0.0009868792685368629
562,0,2,562,0.03141463462364119,0.056697722062301226,0.0009868792685368754
563,0,0,563,0.03141463462364141,0.053379530196691165,0.0009868792685368895
564,0,0,564,0.03141463462364127,0.043827862004533,0.0009868792685368802
565,0,1,565,0.0314146346236412,0.04564016284225231,0.0009868792685368763
566,0,1,566,0.031414634623641226,0.06950379436670368,0.000986879268536878
567,0,1,567,0.03141463462364119,0.03951060738391447,0.0009868792685368756
568,0,2,568,0.0,0.0,0.0
569,0,1,569,0.0,0.0,0.0
570,0,2,570,0.03141463462364119,0.05176755145092188,0.0009868792685368754
571,0,1,571,0.03141463462364105,0.05895796938263087,0.0009868792685368674
572,0,1,572,0.03141463462364113,0.0626088045692193,0.000986879268536871
573,0,2,573,0.03141463462364141,0.07535090252095178,0.00098687926853689
574,0,2,574,0.031414634623641344,0.05706757993227536,0.000986879268536884
575,0,2,575,0.031414634623641226,0.050035683041289934,0.000986879268536878
576,0,0,576,0.03141463462364118,0.0386543857909741,0.000986879268536875
577,0,2,577,0.031414634623641274,0.044601346356186,0.0009868792685368802
578,0,2,578,0.03141463462364125,0.058541731489947235,0.0009868792685368791
579,0,0,579,0.031414634623641316,0.04913821366257343,0.0009868792685368826
580,0,1,580,0.0314146346236413,0.04904915728751088,0.0009868792685368828
581,0,1,581,0.03141463462364123,0.05088501722422739,0.0009868792685368782
582,0,1,582,0.03141463462364143,0.07418200941519591,0.0009868792685368902
583,0,2,583,0.031414634623641205,0.05624802211794082,0.0009868792685368765
584,0,0,584,0.03141463462364133,0.048639478572261835,0.0009868792685368858
585,0,0,585,0.0,0.0,0.0
586,0,1,586,0.031414634623641295,0.049642917699407284,0.0009868792685368824
587,0,2,587,0.03141463462364117,0.053802671543840774,0.0009868792685368748
588,0,1,588,0.03141463462364141,0.055412084624167066,0.0009868792685368882
589,0,2,589,0.031414634623641226,0.0662310356728909,0.0009868792685368778
590,0,1,590,0.031414634623641205,0.08159645037927485,0.000986879268536878
591,0,2,591,0.03141463462364118,0.050429968348568534,0.0009868792685368752
592,0,0,592,0.03141463462364144,0.06741060172226447,0.000986879268536892
593,0,0,593,0.0,0.0,0.0
594,0,2,594,0.03141463462364115,0.054815740305948324,0.000986879268536873
595,0,0,595,0.031414634623641455,0.058141404580069944,0.0009868792685368921
596,0,1,596,0.03141463462364115,0.057113405139159246,0.0009868792685368717
597,0,1,597,0.03141463462364131,0.05147285699853091,0.000986879268536883
598,0,1,598,0.03141463462364127,0.05498932255589896,0.0009868792685368795
599,0,1,599,0.031414634623641226,0.047819790725552924,0.0009868792685368776
600,0,2,600,0.03141463462364122,0.04253221642766679,0.0009868792685368767
601,0,1,601,0.03141463462364117,0.05943520366517065,0.0009868792685368741
602,0,1,602,0.0,0.0,0.0
603,0,2,603,0.031414634623641066,0.04893707535734572,0.000986879268536868
604,0,1,604,0.03141463462364124,0.05069912277257477,0.0009868792685368776
605,0,1,605,0.03141463462364121,0.07100806361398268,0.0009868792685368759
606,0,0,606,0.03141463462364128,0.0439497124763649,0.0009868792685368813
607,0,2,607,0.031414634623641316,0.041980601535286835,0.0009868792685368837
608,0,0,608,0.03141463462364132,0.05944814511643602,0.0009868792685368845
609,0,1,609,0.03141463462364117,0.06772516640512827,0.0009868792685368763
610,0,2,610,0.0,0.0,0.0
611,0,2,611,0.03141463462364123,0.05776853982523536,0.0009868792685368787
612,0,0,612,0.03141463462364107,0.05731888185727685,0.000986879268536868
613,0,2,613,0.0,0.0,0.0
614,0,1,614,0.03141463462364111,0.04503932150158746,0.0009868792685368709
615,0,1,615,0.0,0.0,0.0
616,0,2,616,0.03141463462364133,0.03749660079787276,0.0009868792685368852
617,0,0,617,0.031414634623641184,0.050525735382283964,0.0009868792685368752
618,0,0,618,0.0314146346236412,0.04692740480904346,0.0009868792685368756
619,0,2,619,0.03141463462364133,0.05606658017184113,0.0009868792685368832
620,0,2,620,0.031414634623641156,0.04094611113303294,0.0009868792685368722
621,0,0,621,0.0,0.0,0.0
622,0,1,622,0.0,0.0,0.0
623,0,0,623,0.0,0.0,0.0
624,0,1,624,0.031414634623641365,0.048230434812603584,0.0009868792685368863
625,0,1,625,0.03141463462364149,0.04199688484346813,0.0009868792685368952
626,0,1,626,0.031414634623641184,0.04760729844664917,0.0009868792685368804
627,0,0,627,0.03141463462364121,0.05953483600492404,0.000986879268536877
628,0,0,628,0.0314146346236413,0.0615430154093905,0.0009868792685368822
629,0,2,629,0.031414634623641184,0.044610391373668595,0.000986879268536875
630,0,2,630,0.0,0.0,0.0
631,0,1,631,0.0,0.0,0.0
632,0,2,632,0.031414634623641496,0.060771295922982804,0.0009868792685368967
633,0,0,633,0.03141463462364132,0.057125349769946376,0.0009868792685368837
634,0,2,634,0.03141463462364115,0.05672720254101858,0.0009868792685368728
635,0,0,635,0.0,0.0,0.0
636,0,1,636,0.03141463462364137,0.050130200644810795,0.0009868792685368874
637,0,1,637,0.0,0.0,0.0
638,0,2,638,0.03141463462364126,0.05291672298884109,0.0009868792685368791
639,0,2,639,0.03141463462364132,0.058942076360180916,0.0009868792685368843
640,0,1,640,0.0,0.0,0.0
641,0,2,641,0.03141463462364127,0.04915247344294559,0.0009868792685368804
642,0,0,642,0.031414634623641344,0.04509205400247235,0.0009868792685368837
643,0,0,643,0.0,0.0,0.0
644,0,1,644,0.03141463462364129,0.051966750641075726,0.000986879268536882
645,0,2,645,0.0,0.0,0.0
646,0,1,646,0.03141463462364118,0.037947999267650995,0.0009868792685368746
647,0,2,647,0.03141463462364122,0.05871624194344792,0.0009868792685368778
648,0,0,648,0.03141463462364134,0.05027428110809233,0.0009868792685368815
649,0,2,649,0.03141463462364154,0.06562440418843779,0.000986879268536898
650,0,2,650,0.03141463462364125,0.04798450695917083,0.0009868792685368793
651,0,1,651,0.03141463462364126,0.048455806997080894,0.0009868792685368798
652,0,1,652,0.03141463462364131,0.039695046692109576,0.000986879268536883
653,0,2,653,0.0,0.0,0.0
654,0,1,654,0.03141463462364114,0.04684185586280441,0.0009868792685368726
655,0,1,655,0.031414634623641344,0.05908481427407644,0.0009868792685368856
656,0,0,656,0.0,0.0,0.0
657,0,1,657,0.03141463462364112,0.046720740229786215,0.0009868792685368707
658,0,2,658,0.0,0.0,0.0
659,0,1,659,0.0,0.0,0.0
660,0,0,660,0.031414634623641385,0.043947035226635484,0.0009868792685368871
661,0,0,661,0.03141463462364129,0.05808196939151608,0.0009868792685368815
662,0,2,662,0.0,0.0,0.0
663,0,1,663,0.03141463462364136,0.07426729948305577,0.0009868792685368876
664,0,1,664,0.03141463462364131,0.059833600760890074,0.0009868792685368839
665,0,2,665,0.03141463462364126,0.05064001011822192,0.0009868792685368787
666,0,0,666,0.03141463462364122,0.045018526594318806,0.0009868792685368774
667,0,0,667,0.03141463462364117,0.07939970640420888,0.0009868792685368748
668,0,1,668,0.031414634623641226,0.06132715742532158,0.0009868792685368774
669,0,0,669,0.031414634623641295,0.04400461374438405,0.0009868792685368824
670,0,0,670,0.0314146346236412,0.057065885559274186,0.0009868792685368763
671,0,0,671,0.0,0.0,0.0
672,0,1,672,0.03141463462364141,0.06634696656125466,0.0009868792685368897
673,0,1,673,0.0,0.0,0.0
674,0,1,674,0.03141463462364138,0.05449571666186631,0.0009868792685368874
675,0,2,675,0.03141463462364137,0.04810069168270499,0.0009868792685368874
676,0,0,676,0.03141463462364118,0.07689405922700895,0.000986879268536875
677,0,1,677,0.0314146346236414,0.05676239455899097,0.000986879268536888
678,0,1,678,0.03141463462364123,0.06274866631093853,0.0009868792685368787
679,0,0,679,0.03141463462364121,0.04419371122303832,0.0009868792685368778
680,0,2,680,0.03141463462364119,0.06298220563019812,0.0009868792685368752
681,0,2,681,0.031414634623641344,0.04510853421959663,0.000986879268536885
682,0,0,682,0.03141463462364126,0.03953784418943822,0.0009868792685368802
683,0,0,683,0.03141463462364122,0.04369126856743184,0.0009868792685368765
684,0,1,684,0.031414634623641205,0.05967879206691841,0.0009868792685368737
685,0,2,685,0.03141463462364125,0.04285687709085081,0.0009868792685368791
686,0,0,686,0.03141463462364137,0.060465894896580136,0.0009868792685368845
687,0,0,687,0.0,0.0,0.0
688,0,1,688,0.03141463462364108,0.05998129224180176,0.0009868792685368687
689,0,2,689,0.03141463462364124,0.03266377088471452,0.0009868792685368782
690,0,2,690,0.03141463462364117,0.04726595988022747,0.0009868792685368746
691,0,2,691,0.03141463462364116,0.07182851155502334,0.0009868792685368756
692,0,1,692,0.03141463462364126,0.05373482493738154,0.000986879268536878
693,0,1,693,0.03141463462364116,0.0534059575273837,0.0009868792685368728
694,0,2,694,0.03141463462364119,0.052676404876446106,0.0009868792685368756
695,0,0,695,0.03141463462364123,0.053506907339736856,0.0009868792685368772
696,0,0,696,0.03141463462364127,0.03944837357327205,0.0009868792685368806
697,0,1,697,0.031414634623641226,0.06100960429385202,0.0009868792685368778
698,0,1,698,0.031414634623641094,0.05982149592108314,0.0009868792685368696
699,0,1,699,0.031414634623641184,0.057536770662941134,0.0009868792685368752
700,0,0,700,0.031414634623641184,0.04782293676215998,0.000986879268536875
701,0,0,701,0.03141463462364123,0.04420583027638038,0.000986879268536879
702,0,2,702,0.03141463462364116,0.0423709005306033,0.0009868792685368737
703,0,0,703,0.031414634623641156,0.05167401920978042,0.0009868792685368735
704,0,1,704,0.03141463462364136,0.0570552458311544,0.0009868792685368865
705,0,0,705,0.03141463462364131,0.05281364622963454,0.0009868792685368839
706,0,0,706,0.031414634623641385,0.051115404859037095,0.0009868792685368882
707,0,0,707,0.0,0.0,0.0
708,0,2,708,0.031414634623641316,0.053148433351823406,0.0009868792685368835
709,0,1,709,0.031414634623641205,0.045180770148665464,0.0009868792685368763
710,0,0,710,1.9997532649633218,3.2284096374282067,0.0009868792685368848
711,0,0,711,0.03141463462364125,0.05782243109614921,0.0009868792685368776
712,0,1,712,0.03141463462364131,0.059965598351648455,0.0009868792685368832
713,0,2,713,0.03141463462364146,0.0619310847167263,0.000986879268536892
714,0,0,714,0.031414634623641295,0.05337851581362296,0.000986879268536883
715,0,1,715,0.03141463462364123,0.061401130533530274,0.0009868792685368782
716,0,0,716,0.031414634623641344,0.04943027838197719,0.0009868792685368858
717,0,0,717,0.031414634623641476,0.053569980950027074,0.0009868792685368936
718,0,0,718,0.0,0.0,0.0
719,0,0,719,0.03141463462364117,0.05539803999736892,0.0009868792685368743
720,0,0,720,0.0314146346236411,0.07630424050254395,0.0009868792685368709
721,0,2,721,0.03141463462364116,0.060753552170604755,0.000986879268536874
722,0,1,722,0.03141463462364139,0.0502675134397722,0.0009868792685368887
723,0,1,723,0.03141463462364129,0.05034433434998159,0.0009868792685368798
724,0,0,724,0.031414634623641365,0.05095968013360372,0.0009868792685368837
725,0,2,725,2.0000000000000004,2.731266853255449,0.0009868792685368845
726,0,2,726,0.03141463462364131,0.037988820985015014,0.0009868792685368832
727,0,2,727,0.0,0.0,0.0
728,0,1,728,0.031414634623641156,0.04366259107106318,0.0009868792685368735
729,0,2,729,0.03141463462364119,0.06877233171131004,0.0009868792685368765
730,0,1,730,0.03141463462364118,0.06698762627669237,0.000986879268536875
731,0,2,731,0.03141463462364117,0.055179316378288434,0.000986879268536875
732,0,1,732,0.0,0.0,0.0
733,0,2,733,0.03141463462364132,0.045766843944182345,0.0009868792685368843
734,0,2,734,0.03141463462364125,0.05985824546571325,0.0009868792685368793
735,0,1,735,0.031414634623641205,0.06181722180263777,0.0009868792685368772
736,0,2,736,0.03141463462364129,0.05920229793759804,0.0009868792685368817
737,0,2,737,0.031414634623641226,0.05511628118105128,0.000986879268536877
738,0,0,738,0.03141463462364116,0.05514861911305144,0.0009868792685368748
739,0,0,739,0.03141463462364118,0.05235769406387643,0.0009868792685368748
740,0,1,740,0.03141463462364116,0.061371111915695525,0.0009868792685368728
741,0,0,741,0.03141463462364139,0.06985642146992083,0.0009868792685368854
742,0,1,742,0.03141463462364139,0.04856937766373332,0.000986879268536888
743,0,2,743,0.0,0.0,0.0
744,0,2,744,0.03141463462364123,0.045359359364882904,0.0009868792685368776
745,0,1,745,0.0,0.0,0.0
746,0,0,746,0.031414634623641274,0.040160305661296976,0.0009868792685368815
747,0,1,747,0.0,0.0,0.0
748,0,2,748,0.0314146346236413,0.043685912866851806,0.000986879268536883
749,0,1,749,0.03141463462364116,0.04931599304840111,0.000986879268536874
750,0,1,750,0.031414634623641434,0.06062137498839534,0.000986879268536891
751,0,0,751,0.031414634623641566,0.04272558917219632,0.000986879268536899
752,0,1,752,0.03141463462364121,0.044329733799796434,0.0009868792685368772
753,0,2,753,0.0,0.0,0.0
754,0,0,754,0.03141463462364134,0.057897180339915894,0.0009868792685368843
755,0,2,755,0.03141463462364131,0.043738521986659486,0.0009868792685368826
756,0,0,756,0.0,0.0,0.0
757,0,1,757,2.0,3.0984159309430543,0.0009868792685368832
758,0,1,758,0.03141463462364127,0.05766542359940275,0.0009868792685368815
759,0,0,759,0.03141463462364129,0.0489012479632516,0.0009868792685368822
760,0,0,760,0.03141463462364108,0.0488353509299457,0.0009868792685368683
761,0,0,761,0.0,0.0,0.0
762,0,2,762,0.03141463462364114,0.04627939425752621,0.0009868792685368726
763,0,0,763,0.031414634623641184,0.03556778726857613,0.0009868792685368756
764,0,2,764,0.03141463462364155,0.03827515569696986,0.0009868792685368982
765,0,2,765,0.03141463462364122,0.04380322744780871,0.0009868792685368743
766,0,0,766,0.031414634623641184,0.07407379479793368,0.000986879268536876
767,0,1,767,0.0,0.0,0.0
768,0,1,768,0.031414634623641254,0.06585813421714029,0.0009868792685368795
769,0,2,769,0.03141463462364142,0.04051619908086278,0.0009868792685368902
770,0,1,770,0.0,0.0,0.0
771,0,0,771,0.03141463462364118,0.05673650866486664,0.0009868792685368748
772,0,0,772,0.0,0.0,0.0
773,0,0,773,0.03141463462364118,0.06692197571836167,0.000986879268536875
774,0,1,774,0.03141463462364126,0.07413420977345941,0.000986879268536881
775,0,0,775,0.03141463462364115,0.0591543578406249,0.0009868792685368728
776,0,1,776,0.031414634623641205,0.05999836263195596,0.0009868792685368765
777,0,2,777,0.0,0.0,0.0
778,0,1,778,0.031414634623641365,0.03804080781490589,0.0009868792685368865
779,0,2,779,0.03141463462364118,0.07971330231839727,0.0009868792685368743
780,0,0,780,0.03141463462364116,0.061945062872498194,0.000986879268536874
781,0,2,781,0.03141463462364118,0.04077267871237,0.0009868792685368752
782,0,1,782,0.0,0.0,0.0
783,0,2,783,0.0314146346236412,0.0462803288135029,0.0009868792685368759
784,0,0,784,0.03141463462364135,0.04068153378003284,0.0009868792685368865
785,0,2,785,0.031414634623641184,0.05853153543011587,0.0009868792685368756
786,0,1,786,0.03141463462364138,0.05096556266510534,0.0009868792685368867
787,0,0,787,0.031414634623641434,0.049815172802775365,0.0009868792685368906
788,0,1,788,0.0,0.0,0.0
789,0,2,789,0.031414634623641316,0.05085593493006604,0.0009868792685368843
790,0,2,790,0.03141463462364111,0.057199809017620534,0.000986879268536869
791,0,2,791,0.03141463462364116,0.052534438624655365,0.000986879268536874
792,0,1,792,0.03141463462364125,0.04511325477321658,0.0009868792685368804
793,0,2,793,0.031414634623641274,0.06623138834536535,0.0009868792685368804
794,0,0,794,0.0314146346236412,0.05870609392077446,0.0009868792685368754
795,0,0,795,0.0,0.0,0.0
796,0,0,796,0.0,0.0,0.0
797,0,2,797,3.955778153302621e-17,6.245004513516506e-17,1.564818079814629e-33
798,0,2,798,0.031414634623641226,0.045814380085240115,0.0009868792685368782
799,0,0,799,0.03141463462364121,0.07228641207178343,0.000986879268536877
800,0,2,800,0.0314146346236413,0.05226205182394161,0.0009868792685368809
801,0,2,801,0.03141463462364134,0.05441628596305405,0.0009868792685368843
802,0,2,802,0.03141463462364135,0.04552413264886665,0.0009868792685368858
803,0,2,803,0.03141463462364119,0.0527107408292464,0.0009868792685368743
804,0,0,804,0.03141463462364126,0.042549836048030934,0.0009868792685368798
805,0,0,805,0.0314146346236415,0.08440604288249864,0.0009868792685368958
806,0,1,806,0.0,0.0,0.0
807,0,0,807,0.0,0.0,0.0
808,0,0,808,0.031414634623641455,0.04451899017007652,0.000986879268536892
809,0,0,809,0.03141463462364135,0.04504552380259393,0.0009868792685368858
810,0,1,810,0.0,0.0,0.0
811,0,1,811,0.03141463462364126,0.05628481892725712,0.0009868792685368798
812,0,1,812,0.03141463462364143,0.04935291582751658,0.0009868792685368906
813,0,2,813,0.03141463462364117,0.04987866425097727,0.0009868792685368743
814,0,2,814,0.031414634623641156,0.04721973040396571,0.000986879268536873
815,0,0,815,0.031414634623641295,0.058125536886969725,0.00098687926853688
816,0,0,816,0.03141463462364145,0.0526414464372469,0.000986879268536892
817,0,2,817,0.03141463462364121,0.03889387691027313,0.0009868792685368774
818,0,0,818,0.03141463462364122,0.05781435392821997,0.0009868792685368772
819,0,0,819,0.03141463462364122,0.06264112160565878,0.0009868792685368763
820,0,1,820,0.031414634623641094,0.053560329947301685,0.0009868792685368691
821,0,0,821,0.03141463462364132,0.04151129473361306,0.0009868792685368832
822,0,1,822,0.03141463462364147,0.043059298251440725,0.0009868792685368928
823,0,1,823,0.03141463462364118,0.04429263530545581,0.0009868792685368746
824,0,2,824,0.03141463462364134,0.06323368436897957,0.0009868792685368854
825,0,1,825,0.03141463462364112,0.04496936512327032,0.0009868792685368713
826,0,1,826,0.0,0.0,0.0
827,0,0,827,0.03141463462364119,0.05107021552347496,0.0009868792685368756
828,0,2,828,0.0,0.0,0.0
829,0,1,829,0.03141463462364114,0.0414557812526634,0.0009868792685368735
830,0,1,830,2.0000000000000004,2.951518534406455,0.000986879268536881
831,0,0,831,0.03141463462364118,0.05659109539462654,0.0009868792685368746
832,0,0,832,0.03141463462364105,0.05136718226177715,0.0009868792685368659
833,0,2,833,0.031414634623641205,0.05592335943135456,0.0009868792685368759
834,0,2,834,0.03141463462364116,0.04169099385150542,0.0009868792685368741
835,0,2,835,0.03141463462364121,0.05511171634795845,0.0009868792685368765
836,0,2,836,0.031414634623641316,0.059726861520922304,0.000986879268536883
837,0,2,837,0.031414634623641365,0.04324633901417742,0.000986879268536886
838,0,1,838,0.03141463462364123,0.0570787432719201,0.0009868792685368782
839,0,1,839,0.0,0.0,0.0
840,0,1,840,0.0,0.0,0.0
841,0,2,841,0.03141463462364146,0.05518076065789552,0.000986879268536893
842,0,1,842,0.0314146346236413,0.04816099007293599,0.0009868792685368826
843,0,1,843,0.031414634623641365,0.055169404089128474,0.0009868792685368865
844,0,1,844,0.0314146346236414,0.04186535820181475,0.0009868792685368854
845,0,0,845,0.031414634623641115,0.05278173259296798,0.0009868792685368713
846,0,0,846,0.03141463462364119,0.04686516767591286,0.0009868792685368752
847,0,1,847,0.031414634623641365,0.059117228509104516,0.0009868792685368865
848,0,0,848,0.03141463462364117,0.05468058237354731,0.0009868792685368748
849,0,0,849,0.03141463462364126,0.04559261186663144,0.0009868792685368748
850,0,1,850,0.031414634623641205,0.04289179568614844,0.000986879268536877
851,0,1,851,0.0,0.0,0.0
852,0,0,852,0.03141463462364124,0.05099583075764372,0.000986879268536877
853,0,0,853,0.03141463462364117,0.04596002202188072,0.000986879268536874
854,0,2,854,0.031414634623641226,0.05778734774502915,0.0009868792685368778
855,0,2,855,0.031414634623641226,0.04686051441435539,0.0009868792685368778
856,0,1,856,0.03141463462364132,0.061485633238522956,0.0009868792685368845
857,0,1,857,0.03141463462364115,0.05985060129259596,0.0009868792685368737
858,0,2,858,0.03141463462364115,0.060781451635871814,0.0009868792685368737
859,0,2,859,0.03141463462364118,0.07994285302683574,0.0009868792685368746
860,0,1,860,0.03141463462364122,0.0702121102004562,0.0009868792685368791
861,0,2,861,0.031414634623641184,0.05281306256891457,0.000986879268536875
862,0,0,862,0.031414634623641316,0.06053634672629088,0.000986879268536886
863,0,1,863,0.03141463462364135,0.07535163233181243,0.000986879268536886
864,0,1,864,0.03141463462364115,0.04429432307928778,0.0009868792685368735
865,0,2,865,0.03141463462364115,0.06165401655350928,0.0009868792685368728
866,0,1,866,0.0,0.0,0.0
867,0,0,867,0.0,0.0,0.0
868,0,2,868,0.031414634623641254,0.059670251168350355,0.000986879268536878
869,0,0,869,0.03141463462364116,0.06203911964146605,0.000986879268536874
870,0,1,870,0.0314146346236411,0.04684482999026089,0.00098687926853687
871,0,2,871,0.0,0.0,0.0
872,0,2,872,0.03141463462364113,0.08199754961535302,0.0009868792685368735
873,0,1,873,0.03141463462364127,0.036749942317250435,0.0009868792685368798
874,0,0,874,0.03141463462364128,0.05051234612455036,0.000986879268536881
875,0,2,875,0.03141463462364114,0.05163801924760098,0.0009868792685368724
876,0,1,876,0.03141463462364117,0.049661404940420845,0.0009868792685368737
877,0,0,877,0.03141463462364121,0.05041578372103884,0.0009868792685368802
878,0,2,878,0.03141463462364127,0.05670195583268388,0.000986879268536881
879,0,0,879,0.031414634623641136,0.06253626485714621,0.0009868792685368722
880,0,1,880,0.031414634623641045,0.04614397423128831,0.0009868792685368665
881,0,1,881,0.03141463462364125,0.0514820674988855,0.0009868792685368793
882,0,0,882,0.0,0.0,0.0
883,0,0,883,0.031414634623641434,0.03465800123233946,0.000986879268536891
884,0,1,884,0.03141463462364133,0.057300294940286406,0.0009868792685368839
885,0,0,885,0.03141463462364121,0.060721911719148675,0.0009868792685368767
886,0,2,886,0.031414634623641344,0.05256627350841042,0.0009868792685368817
887,0,2,887,0.0,0.0,0.0
888,0,1,888,0.03141463462364119,0.04150556949026761,0.0009868792685368763
889,0,1,889,0.03141463462364135,0.04775379229264548,0.000986879268536886
890,0,1,890,0.0,0.0,0.0
891,0,0,891,0.0,0.0,0.0
892,0,1,892,0.0,0.0,0.0
893,0,2,893,0.0,0.0,0.0
894,0,2,894,0.0314146346236412,0.04432225332635317,0.0009868792685368765
895,0,0,895,0.031414634623641226,0.07334828770424079,0.000986879268536876
896,0,0,896,0.031414634623641496,0.07545755618044207,0.0009868792685368954
897,0,1,897,0.03141463462364113,0.04505183117745974,0.0009868792685368715
898,0,1,898,0.03141463462364118,0.04674617840750482,0.0009868792685368748
899,0,0,899,0.03141463462364118,0.04619821715042014,0.0009868792685368726
900,0,0,900,0.031414634623641365,0.05256281570793194,0.000986879268536887
901,0,2,901,0.03141463462364115,0.06218123642425841,0.0009868792685368737
902,0,0,902,0.031414634623641254,0.07308552915655195,0.0009868792685368798
903,0,0,903,0.03141463462364149,0.05759556000344931,0.0009868792685368939
904,0,1,904,0.03141463462364121,0.06025680909766685,0.000986879268536877
905,0,1,905,0.031414634623641226,0.04027805853256451,0.0009868792685368785
906,0,2,906,0.03141463462364119,0.0476408965088143,0.000986879268536876
907,0,2,907,0.03141463462364116,0.05354459815327231,0.0009868792685368741
908,0,0,908,0.031414634623641136,0.053267694559569784,0.0009868792685368726
909,0,1,909,0.03141463462364131,0.050133960504525676,0.0009868792685368793
910,0,2,910,0.0314146346236412,0.056426863911407985,0.000986879268536876
911,0,0,911,0.031414634623641184,0.06156365479424103,0.0009868792685368759
912,0,1,912,0.031414634623641406,0.04768993732519311,0.000986879268536889
913,0,2,913,0.03141463462364135,0.05663950728583811,0.0009868792685368854
914,0,2,914,0.0,0.0,0.0
915,0,2,915,0.03141463462364122,0.051787136336386506,0.0009868792685368772
916,0,1,916,0.031414634623641295,0.05484667366864442,0.0009868792685368824
917,0,0,917,0.031414634623641226,0.06236831736271949,0.000986879268536878
918,0,1,918,0.03141463462364123,0.04422080643057616,0.000986879268536878
919,0,0,919,0.0314146346236411,0.05232621002788547,0.0009868792685368707
920,0,0,920,0.031414634623641115,0.05309436567997331,0.0009868792685368728
921,0,1,921,0.03141463462364121,0.05682566712339708,0.0009868792685368772
922,0,2,922,0.031414634623641274,0.04247918780183951,0.000986879268536881
923,0,2,923,0.03141463462364124,0.052742919260934676,0.0009868792685368795
924,0,2,924,0.03141463462364116,0.05534320980743877,0.000986879268536874
925,0,1,925,0.0,0.0,0.0
926,0,2,926,0.0314146346236412,0.045021209842287545,0.0009868792685368763
927,0,0,927,0.031414634623641365,0.05432133093887981,0.0009868792685368858
928,0,0,928,0.031414634623641295,0.05701067598838805,0.0009868792685368817
929,0,1,929,0.03141463462364134,0.04747270363434552,0.0009868792685368845
930,0,0,930,0.03141463462364122,0.048859980472969834,0.0009868792685368776
931,0,0,931,0.0,0.0,0.0
932,0,1,932,0.03141463462364128,0.05317995057966013,0.0009868792685368817
933,0,1,933,0.03141463462364129,0.047517970575268874,0.000986879268536882
934,0,2,934,0.03141463462364121,0.06014383506347537,0.0009868792685368785
935,0,1,935,0.03141463462364118,0.05309054835480037,0.0009868792685368737
936,0,0,936,0.031414634623641226,0.057665047577125525,0.0009868792685368759
937,0,1,937,0.031414634623641226,0.05517405219756823,0.0009868792685368804
938,0,0,938,0.031414634623641316,0.04670935261520587,0.0009868792685368837
939,0,2,939,0.03141463462364113,0.06655577647402247,0.0009868792685368722
940,0,1,940,0.0,0.0,0.0
941,0,0,941,0.031414634623641205,0.039712246364487155,0.0009868792685368765
942,0,0,942,0.031414634623641344,0.04918258445470017,0.000986879268536885
943,0,2,943,0.0,0.0,0.0
944,0,0,944,0.03141463462364128,0.05929103745791546,0.0009868792685368793
945,0,0,945,0.0,0.0,0.0
946,0,2,946,0.031414634623641385,0.060394837352363034,0.0009868792685368858
947,0,0,947,0.03141463462364137,0.047378257259062445,0.0009868792685368867
948,0,0,948,0.0,0.0,0.0
949,0,2,949,0.03141463462364141,0.06252628441288688,0.0009868792685368882
950,0,0,950,0.03141463462364141,0.061659178207543505,0.0009868792685368908
951,0,1,951,0.03141463462364125,0.056305798004120076,0.0009868792685368791
952,0,0,952,0.03141463462364118,0.053645711732621754,0.0009868792685368752
953,0,2,953,0.0314146346236413,0.05773251410314231,0.0009868792685368822
954,0,0,954,0.0,0.0,0.0
955,0,1,955,0.03141463462364155,0.056806310353601064,0.0009868792685368978
956,0,0,956,0.03141463462364129,0.04304276750060157,0.000986879268536882
957,0,0,957,0.03141463462364142,0.04562432781545052,0.0009868792685368897
958,0,1,958,0.03141463462364126,0.044042202984977415,0.0009868792685368802
959,0,0,959,0.0314146346236411,0.03941617569675111,0.0009868792685368698
960,0,0,960,0.031414634623641205,0.08060006521815,0.0009868792685368754
961,0,0,961,0.031414634623641274,0.046211723507603344,0.0009868792685368815
962,0,2,962,0.03141463462364138,0.04479040390759824,0.0009868792685368856
963,0,2,963,0.031414634623641476,0.054374400215863594,0.000986879268536894
964,0,0,964,0.031414634623641274,0.04338053428295873,0.0009868792685368815
965,0,1,965,0.03141463462364141,0.05335333722218801,0.0009868792685368908
966,0,1,966,0.0,0.0,0.0
967,0,2,967,0.031414634623641205,0.03539396262948713,0.000986879268536877
968,0,2,968,0.031414634623641205,0.042779420760484535,0.000986879268536877
969,0,2,969,0.03141463462364118,0.04274567963488375,0.0009868792685368756
970,0,0,970,0.031414634623641184,0.049674883980124235,0.000986879268536875
971,0,0,971,0.0,0.0,0.0
972,0,2,972,0.0,0.0,0.0
973,0,2,973,0.03141463462364122,0.05494933142757663,0.0009868792685368774
974,0,0,974,0.03141463462364116,0.04774361457587227,0.0009868792685368743
975,0,1,975,0.03141463462364143,0.04357779396112173,0.0009868792685368895
976,0,0,976,0.0,0.0,0.0
977,0,0,977,0.0314146346236412,0.058759274824699156,0.000986879268536876
978,0,0,978,0.0,0.0,0.0
979,0,2,979,0.0,0.0,0.0
980,0,0,980,0.031414634623641205,0.059225250204293985,0.000986879268536876
981,0,1,981,0.031414634623641115,0.04005435532175456,0.0009868792685368709
982,0,2,982,0.03141463462364136,0.059679398921748505,0.0009868792685368858
983,0,2,983,0.031414634623641455,0.043280212633497246,0.0009868792685368928
984,0,0,984,0.03141463462364117,0.05493609961701157,0.0009868792685368748
985,0,1,985,0.0,0.0,0.0
986,0,1,986,0.03141463462364119,0.04926035477819929,0.000986879268536876
987,0,2,987,0.0314146346236411,0.05019818858372603,0.0009868792685368696
988,0,0,988,0.031414634623641316,0.055444846064311694,0.0009868792685368822
989,0,2,989,0.031414634623641184,0.061282648813294954,0.0009868792685368752
990,0,1,990,0.0314146346236413,0.05218153546051532,0.0009868792685368826
991,0,1,991,0.0,0.0,0.0
992,0,2,992,0.0314146346236413,0.05375597971633006,0.0009868792685368828
993,0,0,993,0.03141463462364133,0.041841661562467235,0.0009868792685368839
994,0,1,994,0.031414634623641156,0.054152434301450655,0.0009868792685368735
995,0,2,995,0.03141463462364125,0.08287441565636247,0.000986879268536879
996,0,0,996,0.03141463462364114,0.039081234502628105,0.0009868792685368722
997,0,0,997,0.03141463462364122,0.05089989482461368,0.0009868792685368763
998,0,0,998,0.031414634623641295,0.057670354633316545,0.0009868792685368798
999,0,1,999,0.0,0.0,0.0
1000,0,1,1000,0.031414634623641094,0.043497831619206576,0.0009868792685368678
1001,0,2,1001,0.0314146346236412,0.05047961056534739,0.0009868792685368763
1002,0,0,1002,0.0,0.0,0.0
1003,0,0,1003,0.03141463462364136,0.059434002060364005,0.0009868792685368854
1004,0,1,1004,0.031414634623641254,0.04945720339118298,0.00098687926853688
1005,0,0,1005,0.0,0.0,0.0
1006,0,2,1006,0.03141463462364113,0.048932968119677026,0.0009868792685368722
1007,0,0,1007,0.031414634623641254,0.061771265477076495,0.0009868792685368804
1008,0,2,1008,0.03141463462364113,0.04304428494283532,0.0009868792685368717
1009,0,1,1009,0.03141463462364105,0.03841946600644745,0.0009868792685368668
1010,0,1,1010,0.03141463462364111,0.0464747259722231,0.00098687926853687
1011,0,1,1011,0.03141463462364123,0.04463066912264181,0.0009868792685368767
1012,0,0,1012,0.031414634623641094,0.05788476390950245,0.0009868792685368696
1013,0,0,1013,0.0,0.0,0.0
1014,0,1,1014,0.03141463462364102,0.06889468597942208,0.0009868792685368642
1015,0,0,1015,0.03141463462364118,0.04009564316352786,0.0009868792685368752
1016,0,1,1016,0.03141463462364137,0.05660237559600105,0.000986879268536888
1017,0,0,1017,0.03141463462364114,0.05245190512746905,0.000986879268536873
1018,0,1,1018,0.031414634623641476,0.07948255791523194,0.0009868792685368921
1019,0,1,1019,0.0,0.0,0.0
1020,0,1,1020,0.031414634623641254,0.054979896692179314,0.0009868792685368798
1021,0,1,1021,0.0,0.0,0.0
1022,0,0,1022,0.0,0.0,0.0
1023,0,2,1023,0.03141463462364121,0.06706873703117777,0.0009868792685368763
1024,0,2,1024,0.03141463462364111,0.04539905748142353,0.0009868792685368709
1025,0,2,1025,0.0,0.0,0.0
1026,0,2,1026,0.03141463462364119,0.04547417976031914,0.0009868792685368754
1027,0,1,1027,0.03141463462364128,0.05687703794438552,0.0009868792685368787
1028,0,0,1028,0.03141463462364119,0.05255903520256702,0.0009868792685368752
1029,0,1,1029,0.0,0.0,0.0
1030,0,0,1030,0.03141463462364118,0.0553413645896616,0.0009868792685368743
1031,0,1,1031,0.03141463462364119,0.06108956078312826,0.0009868792685368756
1032,0,0,1032,0.0,0.0,0.0
1033,0,2,1033,0.0,0.0,0.0
1034,0,1,1034,0.0,0.0,0.0
1035,0,2,1035,0.03141463462364145,0.07996269905432074,0.000986879268536893
1036,0,0,1036,0.03141463462364119,0.05659197501927084,0.000986879268536877
1037,0,2,1037,0.031414634623641205,0.048028727613083716,0.000986879268536876
1038,0,1,1038,0.031414634623641344,0.05282376804890761,0.0009868792685368858
1039,0,1,1039,0.03141463462364131,0.06044264819563664,0.000986879268536883
1040,0,0,1040,0.03141463462364128,0.05962221362664041,0.0009868792685368809
1041,0,0,1041,0.031414634623641455,0.048802173919195016,0.0009868792685368917
1042,0,2,1042,0.031414634623641226,0.055418101508841223,0.000986879268536878
1043,0,0,1043,0.0,0.0,0.0
1044,0,2,1044,0.03141463462364134,0.04957229516417225,0.000986879268536885
1045,0,0,1045,0.0,0.0,0.0
1046,0,1,1046,0.031414634623641115,0.04428154702279591,0.0009868792685368709
1047,0,2,1047,0.03141463462364138,0.05399196249197191,0.0009868792685368882
1048,0,0,1048,0.031414634623641274,0.042497491518741895,0.0009868792685368815
1049,0,2,1049,0.03141463462364107,0.04389185386676427,0.0009868792685368685
1050,0,1,1050,0.03141463462364127,0.0472162118664336,0.0009868792685368798
1051,0,2,1051,0.03141463462364114,0.034386397052047206,0.0009868792685368726
1052,0,2,1052,0.031414634623641295,0.08441349894922628,0.0009868792685368806
1053,0,2,1053,0.031414634623641156,0.052289588045551574,0.0009868792685368733
1054,0,1,1054,0.0,0.0,0.0
1055,0,0,1055,0.03141463462364107,0.04412851636484491,0.0009868792685368685
1056,0,1,1056,0.03141463462364136,0.06030722156101172,0.0009868792685368871
1057,0,2,1057,0.03141463462364122,0.04425347569970409,0.0009868792685368776
1058,0,2,1058,0.031414634623641156,0.05647504811888222,0.0009868792685368726
1059,0,2,1059,0.03141463462364134,0.051402114047766456,0.0009868792685368845
1060,0,2,1060,0.0,0.0,0.0
1061,0,2,1061,0.03141463462364133,0.04225256762779521,0.0009868792685368839
1062,0,0,1062,0.03141463462364119,0.04115257457121477,0.0009868792685368756
1063,0,2,1063,0.031414634623641406,0.06066659452153732,0.0009868792685368893
1064,0,1,1064,0.03141463462364125,0.05280713872541504,0.0009868792685368776
1065,0,1,1065,0.03141463462364121,0.07724796651258518,0.0009868792685368785
1066,0,0,1066,0.031414634623641184,0.0442368605697223,0.000986879268536875
1067,0,2,1067,0.0,0.0,0.0
1068,0,0,1068,2.0,3.7164147470126907,0.0009868792685368923
1069,0,2,1069,0.031414634623641274,0.0517425410873337,0.0009868792685368809
1070,0,0,1070,0.03141463462364118,0.06267885404843226,0.0009868792685368733
1071,0,1,1071,0.0314146346236411,0.06497396338171843,0.0009868792685368702
1072,0,1,1072,0.0,0.0,0.0
1073,0,2,1073,0.0314146346236412,0.04175068758347984,0.000986879268536876
1074,0,0,1074,0.0,0.0,0.0
1075,0,2,1075,0.0,0.0,0.0
1076,0,2,1076,0.03141463462364126,0.07067997890110068,0.0009868792685368804
1077,0,1,1077,0.03141463462364117,0.06135416612102744,0.0009868792685368737
1078,0,0,1078,0.03141463462364143,0.045289906721330785,0.0009868792685368906
1079,0,0,1079,0.03141463462364117,0.03812849931732029,0.0009868792685368752
1080,0,0,1080,0.03141463462364124,0.04900488202254761,0.000986879268536877
1081,0,0,1081,0.031414634623641254,0.048514374877914566,0.000986879268536879
1082,0,0,1082,0.03141463462364152,0.045449417081643045,0.000986879268536896
1083,0,1,1083,0.0,0.0,0.0
1084,0,2,1084,0.03141463462364124,0.046725174803059454,0.0009868792685368776
1085,0,2,1085,0.03141463462364116,0.06154719741897383,0.0009868792685368728
1086,0,0,1086,0.031414634623641365,0.03758173226179967,0.000986879268536887
1087,0,2,1087,0.03141463462364119,0.05046028641788538,0.000986879268536876
1088,0,0,1088,0.03141463462364134,0.05505681481800722,0.0009868792685368845
1089,0,1,1089,0.03141463462364119,0.050501771466480896,0.000986879268536876
1090,0,1,1090,0.0,0.0,0.0
1091,0,1,1091,0.0,0.0,0.0
1092,0,0,1092,0.0,0.0,0.0
1093,0,1,1093,0.03141463462364119,0.05699740404212182,0.0009868792685368752
1094,0,1,1094,0.03141463462364127,0.04211260466516195,0.0009868792685368806
1095,0,0,1095,0.03141463462364133,0.05099392750750403,0.0009868792685368848
1096,0,0,1096,0.031414634623641205,0.06523569034027378,0.0009868792685368759
1097,0,1,1097,0.0,0.0,0.0
1098,0,0,1098,0.03141463462364119,0.04485600542036661,0.0009868792685368737
1099,0,1,1099,0.031414634623641156,0.07881513019690903,0.0009868792685368737
1100,0,2,1100,0.03141463462364138,0.0421515742015854,0.0009868792685368878
1101,0,2,1101,0.031414634623641094,0.06615581056524888,0.0009868792685368691
1102,0,0,1102,0.03141463462364123,0.05003285794899942,0.0009868792685368795
1103,0,0,1103,0.0,0.0,0.0
1104,0,2,1104,0.03141463462364115,0.0439557510701392,0.0009868792685368724
1105,0,2,1105,0.031414634623641184,0.04284532932974909,0.0009868792685368752
1106,0,1,1106,0.031414634623641455,0.043150428662203213,0.000986879268536891
1107,0,2,1107,0.031414634623641205,0.0663165329154307,0.000986879268536877
1108,0,1,1108,0.03141463462364126,0.061852602610708185,0.0009868792685368804
1109,0,1,1109,0.031414634623641295,0.05882419597394516,0.0009868792685368826
1110,0,0,1110,0.03141463462364129,0.055899996042568914,0.0009868792685368793
1111,0,2,1111,0.03141463462364137,0.036215468282098394,0.0009868792685368865
1112,0,1,1112,0.031414634623641295,0.0602222530336604,0.0009868792685368815
1113,0,1,1113,0.03141463462364123,0.05642043247917985,0.0009868792685368787
1114,0,2,1114,0.0,0.0,0.0
1115,0,1,1115,0.03141463462364122,0.048754166882113925,0.0009868792685368776
1116,0,0,1116,0.03141463462364114,0.055462254653238424,0.0009868792685368702
1117,0,0,1117,0.03141463462364129,0.05740295264578597,0.0009868792685368822
1118,0,1,1118,0.031414634623641524,0.06320844186756656,0.0009868792685368973
1119,0,2,1119,0.0,0.0,0.0
1120,0,2,1120,0.031414634623641274,0.041018008850063695,0.0009868792685368798
1121,0,2,1121,0.03141463462364118,0.04624912546615044,0.000986879268536875
1122,0,0,1122,0.031414634623641434,0.049667426693348254,0.00098687926853689
1123,0,2,1123,0.03141463462364147,0.05993011187467226,0.000986879268536887
1124,0,2,1124,0.031414634623641184,0.04505888757766026,0.0009868792685368752
1125,0,2,1125,0.031414634623641136,0.05148638288230495,0.0009868792685368724
1126,0,2,1126,0.0314146346236412,0.05164231193232127,0.0009868792685368756
1127,0,0,1127,0.03141463462364134,0.05184663316033261,0.000986879268536885
1128,0,1,1128,0.031414634623641184,0.04464362311474418,0.0009868792685368752
1129,0,0,1129,0.03141463462364127,0.05692935197230106,0.0009868792685368772
1130,0,0,1130,0.031414634623641226,0.06531296576098014,0.000986879268536879
1131,0,2,1131,0.0,0.0,0.0
1132,0,1,1132,0.03141463462364121,0.048289298354452795,0.0009868792685368763
1133,0,0,1133,0.031414634623641226,0.05874832040497936,0.000986879268536876
1134,0,2,1134,0.031414634623641184,0.06971875326211938,0.000986879268536876
1135,0,0,1135,0.03141463462364112,0.05649454675254499,0.0009868792685368726
1136,0,0,1136,0.031414634623641344,0.05831711455872346,0.0009868792685368852
1137,0,0,1137,0.031414634623641205,0.05265824029513454,0.000986879268536876
1138,0,0,1138,0.03141463462364114,0.050385555688862486,0.0009868792685368728
1139,0,1,1139,0.03141463462364125,0.04069567993864913,0.0009868792685368793
1140,0,0,1140,0.03141463462364115,0.06750578409259539,0.0009868792685368735
1141,0,1,1141,0.03141463462364134,0.04500604948038452,0.0009868792685368843
1142,0,2,1142,0.03141463462364132,0.056856682090876715,0.0009868792685368839
1143,0,0,1143,0.03141463462364145,0.046546133936090445,0.0009868792685368921
1144,0,1,1144,0.03141463462364126,0.043055904419673566,0.0009868792685368804
1145,0,1,1145,0.0314146346236412,0.06570831183642638,0.000986879268536874
1146,0,1,1146,0.031414634623641156,0.04834845916550384,0.0009868792685368733
1147,0,1,1147,0.0,0.0,0.0
1148,0,1,1148,0.03141463462364123,0.06927131141701581,0.0009868792685368787
1149,0,0,1149,0.0,0.0,0.0
1150,0,2,1150,0.0,0.0,0.0
1151,0,2,1151,0.031414634623641295,0.0524215489643661,0.0009868792685368828
1152,0,2,1152,0.03141463462364147,0.0706586621909297,0.0009868792685368954
1153,0,2,1153,0.0,0.0,0.0
1154,0,2,1154,0.0314146346236414,0.047238852155637126,0.0009868792685368889
1155,0,1,1155,2.0000000000000004,3.3520858390352943,0.000986879268536884
1156,0,1,1156,0.031414634623641295,0.046294919651354294,0.000986879268536882
1157,0,2,1157,0.03141463462364106,0.047560789704823137,0.000986879268536868
1158,0,2,1158,0.03141463462364116,0.04868062542226751,0.000986879268536874
1159,0,1,1159,0.03141463462364127,0.05846862267350113,0.00098687926853688
1160,0,2,1160,0.031414634623641115,0.044409772260981306,0.0009868792685368685
1161,0,1,1161,0.031414634623641205,0.0567524714765241,0.000986879268536877
1162,0,2,1162,0.03141463462364124,0.056735154662337445,0.0009868792685368782
1163,0,0,1163,2.1174998587429786e-17,3.2959746043559335e-17,4.4838056517765335e-34
1164,0,2,1164,0.031414634623641274,0.05832184600724979,0.000986879268536881
1165,0,0,1165,0.03141463462364131,0.06221328455894194,0.0009868792685368822
1166,0,1,1166,0.031414634623641156,0.05016985033012469,0.0009868792685368733
1167,0,1,1167,0.03141463462364145,0.0698235791895501,0.0009868792685368917
1168,0,1,1168,0.03141463462364127,0.06268326575826841,0.0009868792685368791
1169,0,0,1169,0.03141463462364133,0.051018623014173065,0.0009868792685368845
1170,0,1,1170,0.031414634623641254,0.04875587260231301,0.0009868792685368795
1171,0,0,1171,0.031414634623641274,0.05201503167750281,0.0009868792685368806
1172,0,1,1172,0.031414634623641406,0.03855314949009743,0.0009868792685368895
1173,0,0,1173,0.0,0.0,0.0
1174,0,2,1174,0.03141463462364156,0.05211949958445519,0.0009868792685368978
1175,0,1,1175,0.0,0.0,0.0
1176,0,0,1176,0.03141463462364127,0.047966538000341626,0.0009868792685368804
1177,0,2,1177,0.031414634623641295,0.05633461159567895,0.0009868792685368815
1178,0,2,1178,0.0314146346236412,0.05063373076563804,0.0009868792685368759
1179,0,0,1179,0.03141463462364116,0.05776973699512523,0.0009868792685368737
1180,0,2,1180,0.031414634623641455,0.05971016234908692,0.000986879268536893
1181,0,1,1181,0.031414634623641136,0.042173134985239516,0.000986879268536872
1182,0,1,1182,0.03141463462364143,0.05694685675223517,0.0009868792685368904
1183,0,1,1183,0.031414634623641184,0.04720264480995151,0.0009868792685368752
1184,0,2,1184,0.0,0.0,0.0
1185,0,0,1185,0.03141463462364137,0.05886718512567369,0.0009868792685368876
1186,0,1,1186,0.031414634623641365,0.04654680203744202,0.0009868792685368863
1187,0,2,1187,0.031414634623641254,0.058335611094404306,0.0009868792685368787
1188,0,2,1188,2.0,3.342124989956863,0.0009868792685368854
1189,0,0,1189,0.03141463462364141,0.0441578440363001,0.0009868792685368856
1190,0,1,1190,0.03141463462364125,0.04717985042837532,0.0009868792685368778
1191,0,1,1191,0.031414634623641365,0.052003135048113436,0.000986879268536885
1192,0,0,1192,0.031414634623641274,0.04395232794596862,0.000986879268536881
1193,0,2,1193,0.03141463462364136,0.05382455464581054,0.0009868792685368865
1194,0,0,1194,0.03141463462364112,0.0506396788701084,0.0009868792685368715
1195,0,1,1195,0.03141463462364142,0.0423126842880496,0.0009868792685368908
1196,0,2,1196,0.03141463462364115,0.04271578296527872,0.000986879268536873
1197,0,2,1197,0.0314146346236413,0.05249485742866169,0.0009868792685368824
1198,0,0,1198,0.031414634623641115,0.038244748422013725,0.0009868792685368713
1199,0,0,1199,0.031414634623641434,0.06707521981091373,0.0009868792685368908
1200,0,2,1200,0.03141463462364153,0.05698258380758861,0.0009868792685368923
1201,0,0,1201,0.03141463462364124,0.04410287980348358,0.000986879268536879
1202,0,1,1202,0.03141463462364117,0.046874741104219464,0.0009868792685368787
1203,0,1,1203,0.03141463462364124,0.066627513037013,0.0009868792685368802
1204,0,1,1204,0.031414634623641274,0.04547407221200861,0.0009868792685368802
1205,0,1,1205,0.031414634623641226,0.04545053672036813,0.000986879268536878
1206,0,2,1206,0.03141463462364112,0.06189187454927697,0.000986879268536871
1207,0,0,1207,0.03141463462364141,0.0537955037562215,0.00098687926853689
1208,0,2,1208,0.03141463462364143,0.05923867644528219,0.0009868792685368906
1209,0,2,1209,0.031414634623641094,0.037441244811202215,0.0009868792685368696
1210,0,2,1210,0.03141463462364131,0.08592286533102969,0.0009868792685368852
1211,0,2,1211,0.031414634623641156,0.05841539507382746,0.0009868792685368722
1212,0,0,1212,0.0314146346236412,0.052237160128494234,0.000986879268536876
1213,0,0,1213,0.03141463462364113,0.047716999352178074,0.000986879268536872
1214,0,1,1214,0.03141463462364134,0.05264330233487746,0.0009868792685368848
1215,0,2,1215,0.0,0.0,0.0
1216,0,2,1216,0.03141463462364119,0.043448778437677214,0.0009868792685368756
1217,0,1,1217,0.03141463462364127,0.04926885855374093,0.0009868792685368809
1218,0,2,1218,0.0,0.0,0.0
1219,0,1,1219,0.031414634623641274,0.0476367125518187,0.0009868792685368817
1220,0,1,1220,0.031414634623641254,0.0422978375132355,0.0009868792685368798
1221,0,0,1221,0.031414634623641205,0.07265771228360236,0.0009868792685368767
1222,0,0,1222,0.0,0.0,0.0
1223,0,2,1223,0.03141463462364121,0.057018462080442284,0.000986879268536878
1224,0,1,1224,0.03141463462364122,0.04350178979213097,0.0009868792685368778
1225,0,2,1225,0.03141463462364121,0.056031260470678176,0.0009868792685368767
1226,0,1,1226,0.03141463462364113,0.060093356782530805,0.0009868792685368713
1227,0,1,1227,0.03141463462364124,0.05547281227577521,0.000986879268536878
1228,0,2,1228,0.03141463462364129,0.05314710589203005,0.000986879268536879
1229,0,0,1229,0.0,0.0,0.0
1230,0,1,1230,0.0,0.0,0.0
1231,0,1,1231,0.03141463462364121,0.04941728773757126,0.0009868792685368763
1232,0,0,1232,0.03141463462364119,0.06856293529567092,0.0009868792685368763
1233,0,0,1233,0.03141463462364127,0.07096791608682754,0.0009868792685368804
1234,0,1,1234,0.0,0.0,0.0
1235,0,1,1235,0.03141463462364119,0.04358087659522025,0.0009868792685368754
1236,0,0,1236,0.0,0.0,0.0
1237,0,2,1237,0.03141463462364124,0.053787847808713804,0.0009868792685368795
1238,0,1,1238,0.0,0.0,0.0
1239,0,2,1239,0.031414634623641184,0.041206721399149424,0.0009868792685368735
1240,0,0,1240,0.031414634623641365,0.050775454655986596,0.0009868792685368865
1241,0,0,1241,0.031414634623641316,0.04619404219766299,0.0009868792685368839
1242,0,2,1242,0.03141463462364119,0.05722031480475537,0.0009868792685368748
1243,0,1,1243,0.031414634623641254,0.08137473740102572,0.0009868792685368787
1244,0,0,1244,0.03141463462364126,0.04899030506761602,0.000986879268536881
1245,0,0,1245,0.03141463462364128,0.046156627850305054,0.000986879268536881
1246,0,1,1246,0.03141463462364138,0.0601590090255012,0.000986879268536888
1247,0,0,1247,0.03141463462364135,0.04978247575952177,0.0009868792685368858
1248,0,2,1248,0.03141463462364137,0.05272721429457755,0.0009868792685368867
1249,0,1,1249,0.031414634623641184,0.0552335003822124,0.0009868792685368754
1250,0,0,1250,0.03141463462364135,0.04353273751709523,0.000986879268536885
1251,0,0,1251,0.03141463462364122,0.05844490801710772,0.000986879268536877
1252,0,0,1252,0.03141463462364124,0.05669890321580732,0.0009868792685368791
1253,0,1,1253,0.03141463462364127,0.05835822779384327,0.0009868792685368806
1254,0,0,1254,0.03141463462364126,0.08471569858892686,0.0009868792685368798
1255,0,1,1255,0.03141463462364128,0.05230740219627539,0.000986879268536882
1256,0,1,1256,0.0,0.0,0.0
1257,0,0,1257,0.0,0.0,0.0
1258,0,0,1258,0.03141463462364132,0.061678373411532164,0.000986879268536885
1259,0,0,1259,0.03141463462364118,0.04141915998985239,0.0009868792685368752
1260,0,2,1260,0.0,0.0,0.0
1261,0,0,1261,0.0314146346236413,0.04330155991909694,0.000986879268536883
1262,0,1,1262,0.03141463462364137,0.05601559803272427,0.0009868792685368858
1263,0,2,1263,0.03141463462364122,0.06046962618412149,0.0009868792685368787
1264,0,1,1264,0.0,0.0,0.0
1265,0,1,1265,0.031414634623641406,0.06241241914616459,0.0009868792685368889
1266,0,2,1266,0.03141463462364146,0.06116243770748009,0.0009868792685368923
1267,0,2,1267,0.03141463462364117,0.043697940928407494,0.000986879268536874
1268,0,1,1268,0.031414634623641254,0.039428788177177335,0.0009868792685368798
1269,0,2,1269,0.03141463462364123,0.04225974145974441,0.0009868792685368785
1270,0,1,1270,0.031414634623641136,0.04664344427179146,0.000986879268536872
1271,0,2,1271,0.03141463462364115,0.05633942661935891,0.0009868792685368722
1272,0,0,1272,0.0,0.0,0.0
1273,0,1,1273,0.03141463462364133,0.05351214305271901,0.000986879268536886
1274,0,1,1274,0.031414634623641094,0.05643381793395599,0.0009868792685368698
1275,0,2,1275,0.03141463462364118,0.053090527539557106,0.0009868792685368737
1276,0,1,1276,0.03141463462364121,0.052147787559027506,0.0009868792685368737
1277,0,1,1277,0.03141463462364119,0.043418552318415446,0.0009868792685368756
1278,0,1,1278,0.031414634623641434,0.05981894078643572,0.0009868792685368908
1279,0,1,1279,0.031414634623641226,0.058382630899505135,0.0009868792685368756
1280,0,2,1280,0.031414634623641316,0.04370584566913485,0.0009868792685368839
1281,0,1,1281,0.03141463462364136,0.04244001627891453,0.0009868792685368858
1282,0,0,1282,0.031414634623641295,0.0441529647456293,0.0009868792685368817
1283,0,1,1283,0.031414634623641045,0.05883288127612017,0.000986879268536867
1284,0,1,1284,0.031414634623641254,0.056324405306460976,0.0009868792685368795
1285,0,0,1285,0.03141463462364128,0.05607975072506664,0.000986879268536879
1286,0,1,1286,0.03141463462364119,0.045557830700176105,0.0009868792685368748
1287,0,1,1287,0.031414634623641066,0.049443856001617825,0.0009868792685368678
1288,0,2,1288,0.03141463462364149,0.04697035221171162,0.000986879268536894
1289,0,2,1289,0.0,0.0,0.0
1290,0,1,1290,0.03141463462364128,0.056056095248025004,0.0009868792685368809
1291,0,2,1291,0.031414634623641156,0.06201164902492508,0.0009868792685368752
1292,0,0,1292,0.031414634623641344,0.04941086723924141,0.0009868792685368848
1293,0,1,1293,0.03141463462364128,0.038074898071360094,0.000986879268536881
1294,0,1,1294,0.0,0.0,0.0
1295,0,2,1295,0.03141463462364127,0.055037228750734024,0.00098687926853688
1296,0,0,1296,0.03141463462364137,0.04463249647929685,0.0009868792685368874
1297,0,0,1297,0.03141463462364138,0.051137333738318747,0.0009868792685368854
1298,0,2,1298,0.03141463462364126,0.04343982873106415,0.0009868792685368791
1299,0,2,1299,0.031414634623641316,0.04812402484149718,0.0009868792685368839
1300,0,1,1300,0.03141463462364115,0.06012923220907681,0.0009868792685368707
1301,0,2,1301,0.031414634623641226,0.053652373245303364,0.000986879268536877
1302,0,2,1302,0.03141463462364128,0.053299162104817006,0.0009868792685368817
1303,0,2,1303,0.0,0.0,0.0
1304,0,0,1304,0.031414634623641254,0.041339711598044324,0.0009868792685368806
1305,0,1,1305,0.031414634623641455,0.06027943801598215,0.0009868792685368908
1306,0,2,1306,0.03141463462364118,0.04955929010417275,0.0009868792685368763
1307,0,2,1307,0.03141463462364123,0.03875855508294318,0.0009868792685368778
1308,0,0,1308,0.03141463462364126,0.05553850777113859,0.0009868792685368798
1309,0,0,1309,0.03141463462364107,0.0466050540129556,0.0009868792685368685
1310,0,1,1310,0.03141463462364125,0.04455541518826028,0.000986879268536877
1311,0,0,1311,0.03141463462364126,0.047813122308566304,0.0009868792685368795
1312,0,1,1312,0.03141463462364123,0.05618773431778501,0.0009868792685368782
1313,0,0,1313,0.03141463462364117,0.06905474479883333,0.0009868792685368743
1314,0,0,1314,0.03141463462364117,0.0810094000685232,0.0009868792685368748
1315,0,1,1315,0.03141463462364116,0.05298694598206111,0.0009868792685368737
1316,0,2,1316,0.03141463462364148,0.07849955638760009,0.0009868792685368945
1317,0,2,1317,0.031414634623641254,0.062072745627072726,0.0009868792685368785
1318,0,1,1318,0.0,0.0,0.0
1319,0,0,1319,0.03141463462364123,0.060393441599389,0.0009868792685368778
1320,0,1,1320,0.031414634623641274,0.050833969022041556,0.0009868792685368806
1321,0,1,1321,0.03141463462364117,0.05687135013897292,0.000986879268536875
1322,0,2,1322,0.03141463462364136,0.050470341306104005,0.000986879268536886
1323,0,1,1323,0.03141463462364119,0.07600777536725614,0.0009868792685368756
1324,0,1,1324,0.03141463462364141,0.061652399350929615,0.0009868792685368895
1325,0,2,1325,0.0,0.0,0.0
1326,0,0,1326,0.031414634623641295,0.06233350108370892,0.0009868792685368817
1327,0,1,1327,0.0,0.0,0.0
1328,0,2,1328,0.03141463462364136,0.050482177768812454,0.0009868792685368863
1329,0,0,1329,0.03141463462364141,0.05657639775643718,0.0009868792685368876
1330,0,1,1330,0.031414634623641205,0.05404952954158117,0.0009868792685368767
1331,0,0,1331,0.031414634623641226,0.07375852284081094,0.0009868792685368778
1332,0,0,1332,0.0,0.0,0.0
1333,0,0,1333,0.03141463462364128,0.05034535146370053,0.0009868792685368815
1334,0,1,1334,0.03141463462364122,0.04900274975865758,0.000986879268536877
1335,0,2,1335,0.03141463462364116,0.038619807438058595,0.000986879268536874
1336,0,1,1336,0.0,0.0,0.0
1337,0,2,1337,0.03141463462364131,0.05602136686211401,0.0009868792685368837
1338,0,1,1338,0.031414634623641344,0.05420573086600469,0.0009868792685368856
1339,0,1,1339,0.031414634623641406,0.03971860670992267,0.0009868792685368889
1340,0,1,1340,0.031414634623641344,0.049626679692472225,0.0009868792685368854
1341,0,2,1341,2.000000000000001,2.4762924732608433,0.000986879268536883
1342,0,0,1342,0.03141463462364123,0.047370983945055525,0.0009868792685368782
1343,0,1,1343,0.03141463462364142,0.058173682533829124,0.000986879268536888
1344,0,2,1344,0.03141463462364116,0.057277367250023074,0.0009868792685368746
1345,0,1,1345,0.03141463462364119,0.05218979223023131,0.0009868792685368763
1346,0,0,1346,0.03141463462364118,0.052221630483902985,0.0009868792685368756
1347,0,1,1347,0.0314146346236413,0.056483907318280326,0.0009868792685368837
1348,0,2,1348,0.03141463462364133,0.062491994819112676,0.000986879268536881
1349,0,2,1349,0.031414634623641385,0.06073198866969658,0.0009868792685368884
1350,0,1,1350,0.03141463462364123,0.04699412313396542,0.0009868792685368782
1351,0,2,1351,0.031414634623641455,0.06026718897745925,0.0009868792685368915
1352,0,1,1352,0.03141463462364123,0.05865065381324887,0.0009868792685368791
1353,0,1,1353,0.03141463462364128,0.06840792553687605,0.000986879268536881
1354,0,0,1354,0.0,0.0,0.0
1355,0,2,1355,0.0,0.0,0.0
1356,0,0,1356,0.031414634623641184,0.057533328888342575,0.0009868792685368728
1357,0,1,1357,0.031414634623641156,0.056764356056415124,0.000986879268536876
1358,0,2,1358,0.0314146346236413,0.06274233450513558,0.0009868792685368817
1359,0,0,1359,0.0,0.0,0.0
1360,0,1,1360,0.031414634623641316,0.04946915876222836,0.000986879268536884
1361,0,0,1361,0.031414634623641455,0.08175981299804941,0.0009868792685368932
1362,0,0,1362,0.031414634623641184,0.04628310940930726,0.000986879268536875
1363,0,2,1363,0.03141463462364136,0.06523149884921389,0.0009868792685368865
1364,0,1,1364,0.03141463462364145,0.045640158182261054,0.0009868792685368904
1365,0,0,1365,0.03141463462364116,0.05922073595516092,0.0009868792685368752
1366,0,2,1366,0.031414634623641365,0.03483288455140757,0.0009868792685368871
1367,0,0,1367,0.0,0.0,0.0
1368,0,1,1368,0.03141463462364119,0.040518944119562916,0.000986879268536875
1369,0,2,1369,0.03141463462364123,0.04471225881934565,0.000986879268536878
1370,0,0,1370,0.03141463462364106,0.062052052504639396,0.0009868792685368676
1371,0,0,1371,0.03141463462364145,0.04522324412573871,0.000986879268536892
1372,0,1,1372,0.0,0.0,0.0
1373,0,2,1373,0.031414634623641254,0.06978538108420021,0.0009868792685368795
1374,0,0,1374,0.0,0.0,0.0
1375,0,2,1375,0.03141463462364121,0.05133423310602926,0.000986879268536877
1376,0,0,1376,0.031414634623641136,0.04143286440611326,0.000986879268536872
1377,0,1,1377,0.03141463462364121,0.043395627774426064,0.0009868792685368746
1378,0,0,1378,0.031414634623641434,0.07218524593362109,0.0009868792685368908
1379,0,0,1379,0.031414634623641496,0.0838396782024666,0.0009868792685368952
1380,0,2,1380,0.031414634623641365,0.04993397115943915,0.0009868792685368858
1381,0,2,1381,0.0,0.0,0.0
1382,0,2,1382,0.03141463462364134,0.050071590413089714,0.0009868792685368854
1383,0,0,1383,0.03141463462364124,0.03428742679389066,0.000986879268536878
1384,0,2,1384,0.03141463462364138,0.06030394225633137,0.0009868792685368867
1385,0,0,1385,0.03141463462364121,0.06316277910421629,0.0009868792685368774
1386,0,1,1386,0.031414634623641115,0.05722827723983698,0.0009868792685368707
1387,0,2,1387,0.031414634623641156,0.0337219663257259,0.0009868792685368737
1388,0,0,1388,0.03141463462364133,0.053696660126672346,0.0009868792685368839
1389,0,2,1389,0.03141463462364117,0.0463811450090686,0.0009868792685368748
1390,0,1,1390,0.0,0.0,0.0
1391,0,1,1391,0.031414634623641205,0.04423815861299805,0.0009868792685368759
1392,0,2,1392,0.03141463462364114,0.0596336176444146,0.0009868792685368724
1393,0,2,1393,0.031414634623641254,0.042416161737166475,0.0009868792685368791
1394,0,1,1394,0.03141463462364124,0.05778470065126219,0.000986879268536878
1395,0,1,1395,0.0,0.0,0.0
1396,0,1,1396,0.031414634623641156,0.047160233597410575,0.000986879268536874
1397,0,2,1397,0.03141463462364126,0.044797578058553805,0.0009868792685368806
1398,0,1,1398,0.031414634623641434,0.08051421896639199,0.0009868792685368917
1399,0,2,1399,0.03141463462364121,0.05335280825645161,0.000986879268536877
1400,0,0,1400,0.0,0.0,0.0
1401,0,1,1401,0.03141463462364149,0.060034580332408535,0.000986879268536895
1402,0,0,1402,0.03141463462364119,0.0438757472730883,0.0009868792685368759
1403,0,0,1403,0.03141463462364125,0.04308730391895916,0.0009868792685368793
1404,0,0,1404,0.03141463462364123,0.046756681490879956,0.0009868792685368795
1405,0,2,1405,0.03141463462364117,0.05246089153300879,0.0009868792685368743
1406,0,0,1406,0.03141463462364145,0.0442665674613472,0.0009868792685368889
1407,0,1,1407,0.031414634623641295,0.0569373479304292,0.0009868792685368824
1408,0,1,1408,0.0,0.0,0.0
1409,0,1,1409,0.03141463462364098,0.041114354620889006,0.0009868792685368629
1410,0,2,1410,0.0,0.0,0.0
1411,0,1,1411,0.0,0.0,0.0
1412,0,2,1412,0.03141463462364121,0.04916075841217417,0.0009868792685368772
1413,0,2,1413,0.03141463462364121,0.052971038291374756,0.0009868792685368767
1414,0,0,1414,0.03141463462364121,0.08016023484139743,0.0009868792685368776
1415,0,2,1415,0.031414634623641274,0.050647867054944264,0.0009868792685368795
1416,0,2,1416,0.0,0.0,0.0
1417,0,1,1417,0.03141463462364142,0.05157283460126451,0.0009868792685368902
1418,0,1,1418,0.03141463462364142,0.05502108436207476,0.0009868792685368897
1419,0,0,1419,0.031414634623641115,0.04890283995559876,0.0009868792685368702
1420,0,2,1420,0.0314146346236415,0.048521523960510224,0.0009868792685368952
1421,0,0,1421,0.0,0.0,0.0
1422,0,2,1422,0.0,0.0,0.0
1423,0,1,1423,0.03141463462364138,0.04606540497440019,0.0009868792685368871
1424,0,1,1424,0.03141463462364118,0.041603997213400995,0.0009868792685368752
1425,0,1,1425,0.03141463462364122,0.05035319917459538,0.0009868792685368767
1426,0,2,1426,0.03141463462364122,0.05630874146850237,0.0009868792685368774
1427,0,1,1427,0.03141463462364116,0.060512147470179814,0.0009868792685368741
1428,0,0,1428,0.03141463462364118,0.053569540701529805,0.0009868792685368752
1429,0,2,1429,0.03141463462364137,0.04468628451359237,0.000986879268536887
1430,0,2,1430,0.031414634623641136,0.043835241656694904,0.0009868792685368724
1431,0,0,1431,0.03141463462364118,0.06405742585531635,0.0009868792685368748
1432,0,0,1432,0.03141463462364118,0.06674392081106684,0.0009868792685368754
1433,0,0,1433,0.03141463462364125,0.048154242150467375,0.0009868792685368795
1434,0,1,1434,0.03141463462364134,0.0582005753105929,0.0009868792685368848
1435,0,0,1435,0.031414634623641205,0.05329531266116325,0.000986879268536876
1436,0,0,1436,0.0,0.0,0.0
1437,0,2,1437,0.03141463462364123,0.04723961391597488,0.0009868792685368782
1438,0,2,1438,0.0314146346236413,0.04527711864452719,0.000986879268536882
1439,0,0,1439,0.031414634623641385,0.05822577941739035,0.0009868792685368876
1440,0,2,1440,0.0,0.0,0.0
1441,0,0,1441,0.03141463462364132,0.051323681727188125,0.0009868792685368845
1442,0,0,1442,2.0816681711721688e-17,3.469446951953614e-17,4.333342374871281e-34
1443,0,2,1443,0.031414634623641184,0.055407131369695634,0.0009868792685368756
1444,0,1,1444,0.0314146346236414,0.0663802767061852,0.0009868792685368893
1445,0,2,1445,0.0,0.0,0.0
1446,0,1,1446,0.0314146346236414,0.06697290210782873,0.000986879268536889
1447,0,1,1447,0.031414634623641434,0.05007402838938109,0.0009868792685368908
1448,0,0,1448,0.0,0.0,0.0
1449,0,1,1449,0.0,0.0,0.0
1450,0,2,1450,0.03141463462364134,0.03802725881986881,0.0009868792685368845
1451,0,1,1451,0.03141463462364121,0.05276509482080699,0.0009868792685368767
1452,0,0,1452,0.031414634623641136,0.04581702398053212,0.0009868792685368724
1453,0,0,1453,0.0,0.0,0.0
1454,0,0,1454,0.0,0.0,0.0
1455,0,1,1455,0.03141463462364139,0.06830221441542791,0.0009868792685368882
1456,0,0,1456,0.031414634623641156,0.06515994664717659,0.0009868792685368746
1457,0,2,1457,0.031414634623641226,0.04579237364163814,0.000986879268536878
1458,0,0,1458,0.031414634623641295,0.036517375957210906,0.0009868792685368822
1459,0,2,1459,0.03141463462364115,0.055452271017797775,0.0009868792685368733
1460,0,1,1460,0.0,0.0,0.0
1461,0,2,1461,0.0,0.0,0.0
1462,0,1,1462,0.0314146346236413,0.045317457608637576,0.0009868792685368824
1463,0,0,1463,0.03141463462364119,0.05379964549761446,0.0009868792685368763
1464,0,1,1464,0.0,0.0,0.0
1465,0,1,1465,0.03141463462364134,0.046575586314848094,0.000986879268536883
1466,0,2,1466,0.03141463462364118,0.055128777569828286,0.0009868792685368737
1467,0,2,1467,0.031414634623641344,0.039166894579213615,0.0009868792685368856
1468,0,2,1468,0.031414634623641295,0.05838047858953835,0.00098687926853688
1469,0,2,1469,0.0,0.0,0.0
1470,0,0,1470,0.031414634623641226,0.048570282868341766,0.000986879268536878
1471,0,2,1471,0.03141463462364132,0.050859289286143514,0.0009868792685368832
1472,0,1,1472,0.03141463462364126,0.0627355791706336,0.0009868792685368791
1473,0,2,1473,0.031414634623641344,0.06589099421188184,0.000986879268536886
1474,0,1,1474,0.03141463462364128,0.05565304257584129,0.0009868792685368806
1475,0,1,1475,0.0314146346236412,0.06851248463405765,0.0009868792685368759
1476,0,1,1476,0.03141463462364112,0.059818459176226274,0.0009868792685368715
1477,0,0,1477,0.0,0.0,0.0
1478,0,1,1478,0.031414634623641365,0.06214628857078821,0.0009868792685368887
1479,0,1,1479,0.031414634623641115,0.059961564866598885,0.0009868792685368685
1480,0,1,1480,0.031414634623641226,0.06429792627153479,0.0009868792685368785
1481,0,1,1481,0.03141463462364104,0.07545403423955595,0.000986879268536866
1482,0,0,1482,0.031414634623641156,0.04619820380107356,0.0009868792685368726
1483,0,0,1483,0.03141463462364132,0.05847070392593873,0.0009868792685368839
1484,0,2,1484,0.03141463462364132,0.055316658359087556,0.000986879268536884
1485,0,2,1485,0.03141463462364134,0.05002891846231914,0.0009868792685368845
1486,0,0,1486,0.03141463462364117,0.04130047358918902,0.0009868792685368746
1487,0,2,1487,0.03141463462364132,0.05532886745720954,0.0009868792685368839
1488,0,1,1488,0.03141463462364141,0.051240068713688684,0.000986879268536889
1489,0,1,1489,0.03141463462364119,0.06298529783476162,0.0009868792685368759
1490,0,0,1490,0.0,0.0,0.0
1491,0,0,1491,0.03141463462364129,0.057222330174793536,0.000986879268536881
1492,0,1,1492,0.031414634623641344,0.0535363528951123,0.000986879268536883
1493,0,1,1493,0.031414634623641254,0.04002523607791367,0.00098687926853688
1494,0,2,1494,0.03141463462364105,0.06089307724704335,0.000986879268536865
1495,0,2,1495,0.0314146346236413,0.04469090608128548,0.000986879268536883
1496,0,2,1496,0.0,0.0,0.0
1497,0,0,1497,0.03141463462364129,0.04204469569540415,0.000986879268536881
1498,0,0,1498,0.031414634623641226,0.05330356408669504,0.0009868792685368774
1499,0,2,1499,0.0314146346236412,0.06348813263940414,0.0009868792685368772
