,Layer,Qubit,Run,2-Norm,Trace Norm,Diamond Norm
0,0,2,0,0.03141463462364142,0.013568994999512807,0.000986879268536891
1,0,2,1,0.03141463462364115,0.05894873039784914,0.0009868792685368728
2,0,0,2,0.031414634623641226,0.0931696074251327,0.0009868792685368774
3,0,1,3,0.03141463462364104,0.02596110712165922,0.0009868792685368657
4,0,2,4,0.0314146346236415,0.04769796204463139,0.0009868792685368939
5,0,0,5,0.03141463462364119,0.08373530039541466,0.000986879268536875
6,0,2,6,0.03141463462364127,0.013296636698493014,0.0009868792685368828
7,0,1,7,0.0314146346236413,0.07476835468926296,0.0009868792685368809
8,0,2,8,0.031414634623641344,0.011624743389850811,0.000986879268536886
9,0,0,9,0.0,0.0,0.0
10,0,2,10,0.0,0.0,0.0
11,0,0,11,0.03141463462364123,0.19688248981456136,0.0009868792685368782
12,0,2,12,0.03141463462364122,0.0321611825154845,0.0009868792685368778
13,0,1,13,0.03141463462364143,0.021751049333599837,0.0009868792685368902
14,0,0,14,0.031414634623641254,0.10092305671098045,0.00098687926853688
15,0,1,15,0.03141463462364118,0.0886615749845095,0.0009868792685368748
16,0,1,16,0.03141463462364124,0.016215870140650734,0.000986879268536879
17,0,2,17,0.0,0.0,0.0
18,0,2,18,0.031414634623641496,0.07481376796734418,0.000986879268536895
19,0,2,19,0.03141463462364109,0.05232235097356108,0.0009868792685368694
20,0,0,20,0.03141463462364118,0.08257366195437699,0.0009868792685368746
21,0,0,21,0.031414634623641434,0.046051512454068355,0.0009868792685368913
22,0,2,22,0.03141463462364114,0.06196513931146397,0.0009868792685368722
23,0,2,23,0.0,0.0,0.0
24,0,2,24,0.0,0.0,0.0
25,0,1,25,0.031414634623641274,0.11884146510572435,0.0009868792685368813
26,0,0,26,0.0,0.0,0.0
27,0,0,27,0.0314146346236413,0.07578094857546569,0.0009868792685368828
28,0,1,28,0.0,0.0,0.0
29,0,2,29,0.031414634623641156,0.056752171804169915,0.000986879268536871
30,0,2,30,0.031414634623641205,0.07940742161134295,0.000986879268536876
31,0,2,31,2.0000000000000004,4.993132182758137,0.000986879268536878
32,0,1,32,0.031414634623641316,0.012670706723821645,0.0009868792685368832
33,0,1,33,0.03141463462364121,0.0623825514352051,0.0009868792685368776
34,0,0,34,0.03141463462364132,0.062188154057081446,0.0009868792685368832
35,0,0,35,0.03141463462364116,0.09518135048305254,0.0009868792685368741
36,0,2,36,0.03141463462364121,0.007526905242349932,0.0009868792685368772
37,0,2,37,0.03141463462364117,0.034891476307934655,0.0009868792685368741
38,0,1,38,0.03141463462364127,0.01757710594390105,0.0009868792685368802
39,0,2,39,0.03141463462364126,0.08439588398549547,0.0009868792685368804
40,0,1,40,0.03141463462364116,0.08508014373047812,0.000986879268536873
41,0,0,41,0.031414634623641274,0.06420174618459273,0.0009868792685368817
42,0,0,42,0.0,0.0,0.0
43,0,0,43,0.03141463462364123,0.018157563506895534,0.0009868792685368785
44,0,2,44,0.03141463462364117,0.0004268811139410411,0.0009868792685368759
45,0,1,45,0.031414634623641254,0.040881583205967575,0.0009868792685368832
46,0,1,46,0.03141463462364121,0.23602769870954088,0.0009868792685368767
47,0,2,47,0.03141463462364119,0.1934822729013932,0.0009868792685368743
48,0,1,48,0.031414634623641455,0.0672392202715777,0.0009868792685368921
49,0,2,49,0.0,0.0,0.0
50,0,2,50,0.03141463462364114,0.02455393097411629,0.0009868792685368737
51,0,0,51,0.0,0.0,0.0
52,0,2,52,0.031414634623641524,0.019450055759747897,0.000986879268536896
53,0,2,53,0.03141463462364131,0.004068190570546526,0.0009868792685368835
54,0,0,54,0.03141463462364127,0.1608925065781639,0.0009868792685368802
55,0,1,55,0.03141463462364109,0.040170760858492915,0.0009868792685368691
56,0,1,56,0.031414634623641226,0.001241535688328188,0.0009868792685368782
57,0,2,57,0.03141463462364141,0.01609462627819741,0.0009868792685368895
58,0,0,58,0.031414634623641274,0.07322689673362648,0.0009868792685368806
59,0,1,59,0.031414634623641115,0.06025082673552029,0.0009868792685368713
60,0,0,60,0.03141463462364112,0.05732390790724995,0.000986879268536872
61,0,2,61,0.031414634623641094,0.06641290084703222,0.0009868792685368691
62,0,2,62,0.03141463462364123,0.05751156692609649,0.0009868792685368776
63,0,1,63,0.0,0.0,0.0
64,0,0,64,0.03141463462364111,0.10968491746240883,0.0009868792685368709
65,0,1,65,0.031414634623641254,0.17524634258200145,0.00098687926853688
66,0,0,66,0.0,0.0,0.0
67,0,0,67,0.03141463462364117,0.019120834609275106,0.0009868792685368746
68,0,1,68,0.031414634623641365,0.0031214042658902486,0.0009868792685368863
69,0,1,69,0.03141463462364137,0.08358419300488062,0.0009868792685368871
70,0,0,70,0.0,0.0,0.0
71,0,1,71,0.03141463462364132,0.044765947429973973,0.000986879268536884
72,0,2,72,0.03141463462364117,0.013085092158611533,0.0009868792685368741
73,0,0,73,0.03141463462364132,0.12242906818818877,0.0009868792685368839
74,0,0,74,0.0,0.0,0.0
75,0,0,75,0.031414634623641115,0.04146637160394473,0.0009868792685368698
76,0,0,76,0.0,0.0,0.0
77,0,2,77,0.03141463462364121,0.04472351088714088,0.0009868792685368767
78,0,2,78,0.03141463462364115,0.009420492112485412,0.0009868792685368704
79,0,0,79,0.03141463462364132,0.10390088292171651,0.0009868792685368843
80,0,2,80,0.0,0.0,0.0
81,0,2,81,0.031414634623641254,0.12400972061278331,0.0009868792685368798
82,0,1,82,0.03141463462364139,0.015476812343685697,0.0009868792685368865
83,0,1,83,0.031414634623641365,0.06588603280381733,0.0009868792685368874
84,0,2,84,0.03141463462364131,0.0745754995147383,0.0009868792685368828
85,0,1,85,0.031414634623641316,0.005160900027125936,0.0009868792685368835
86,0,2,86,0.0314146346236412,0.0038850881229003376,0.0009868792685368756
87,0,2,87,0.0314146346236412,0.057791277486863635,0.0009868792685368765
88,0,2,88,0.031414634623641205,0.05667645450061931,0.000986879268536877
89,0,2,89,0.03141463462364129,0.11341544976975626,0.0009868792685368822
90,0,0,90,0.03141463462364113,0.04193548508235878,0.0009868792685368709
91,0,0,91,0.0,0.0,0.0
92,0,0,92,0.03141463462364122,0.026272052958514723,0.0009868792685368778
93,0,1,93,0.03141463462364111,0.0072186122548941745,0.0009868792685368707
94,0,2,94,0.0,0.0,0.0
95,0,2,95,0.0,0.0,0.0
96,0,2,96,0.03141463462364117,0.05481723135016159,0.0009868792685368737
97,0,2,97,0.03141463462364123,0.07267377500082539,0.0009868792685368772
98,0,0,98,0.03141463462364126,0.008928531123671132,0.0009868792685368802
99,0,2,99,0.031414634623641205,0.10878216956388398,0.0009868792685368765
100,0,2,100,0.03141463462364118,0.19398087888863302,0.0009868792685368756
101,0,2,101,0.03141463462364137,0.0519642648124079,0.0009868792685368876
102,0,1,102,0.031414634623641274,0.024333984531642726,0.0009868792685368804
103,0,2,103,0.03141463462364132,0.04758234874973777,0.0009868792685368832
104,0,1,104,0.031414634623641184,0.005858531771895659,0.0009868792685368741
105,0,1,105,0.031414634623641295,0.10729359143035078,0.0009868792685368822
106,0,1,106,0.03141463462364102,0.0703833009401853,0.0009868792685368648
107,0,1,107,0.0,0.0,0.0
108,0,0,108,0.031414634623641295,0.11775024085559815,0.0009868792685368837
109,0,1,109,0.0,0.0,0.0
110,0,1,110,0.03141463462364131,0.09919802527074317,0.000986879268536883
111,0,1,111,0.03141463462364119,0.06863820913589347,0.0009868792685368754
112,0,2,112,0.031414634623641136,0.027242348226339363,0.0009868792685368724
113,0,1,113,0.03141463462364145,0.06205918161900392,0.0009868792685368915
114,0,1,114,0.03141463462364126,0.11423773375693136,0.0009868792685368791
115,0,2,115,0.0314146346236415,0.0468231604440601,0.0009868792685368952
116,0,1,116,0.03141463462364109,0.08611370123454243,0.0009868792685368694
117,0,1,117,8.673617379884037e-18,0.0,7.52316384526264e-35
118,0,0,118,0.031414634623641066,0.046313399162630664,0.0009868792685368685
119,0,2,119,0.031414634623641274,0.07934506232997052,0.0009868792685368793
120,0,1,120,0.03141463462364127,0.049363694097671384,0.0009868792685368802
121,0,1,121,0.031414634623641156,0.10570739605012047,0.000986879268536872
122,0,2,122,0.03141463462364116,0.007910531863799967,0.0009868792685368737
123,0,0,123,0.03141463462364132,0.08746404017275111,0.000986879268536884
124,0,1,124,0.03141463462364135,0.05276096483927639,0.0009868792685368863
125,0,2,125,0.031414634623641406,0.0004945562237500256,0.0009868792685368889
126,0,2,126,0.03141463462364117,0.04710246285970543,0.000986879268536875
127,0,1,127,0.031414634623641184,0.0946017481922847,0.0009868792685368752
128,0,2,128,0.03141463462364146,0.0038287372557994637,0.0009868792685368928
129,0,0,129,0.0,0.0,0.0
130,0,1,130,0.031414634623641184,0.03463984562183056,0.0009868792685368759
131,0,2,131,0.031414634623641184,0.21583705010267318,0.000986879268536875
132,0,0,132,0.031414634623641226,0.09329930337171316,0.000986879268536878
133,0,2,133,0.0,0.0,0.0
134,0,0,134,0.031414634623641136,0.01609919918793913,0.0009868792685368741
135,0,2,135,0.0314146346236412,0.19758122175811144,0.0009868792685368763
136,0,2,136,0.0,0.0,0.0
137,0,2,137,0.03141463462364129,0.09998490115413669,0.0009868792685368809
138,0,0,138,0.031414634623641136,0.006743237608494934,0.0009868792685368715
139,0,2,139,0.031414634623641184,0.056017187885868305,0.0009868792685368752
140,0,0,140,0.03141463462364133,0.005826109190894095,0.0009868792685368848
141,0,0,141,0.031414634623641184,0.00988336073683449,0.0009868792685368765
142,0,1,142,0.0314146346236413,0.03240951919408941,0.0009868792685368824
143,0,1,143,0.03141463462364126,0.009429199523304455,0.0009868792685368802
144,0,0,144,0.0314146346236412,0.07653302803507955,0.0009868792685368752
145,0,0,145,0.0314146346236414,0.04499803973569616,0.0009868792685368835
146,0,0,146,0.0314146346236412,0.10095543846614663,0.000986879268536874
147,0,2,147,0.03141463462364124,0.09740037522843359,0.0009868792685368754
148,0,0,148,0.03141463462364131,0.033047226225682014,0.0009868792685368837
149,0,2,149,0.03141463462364123,0.008809791176588755,0.0009868792685368774
150,0,0,150,0.03141463462364122,0.017400772831864364,0.0009868792685368767
151,0,0,151,0.0314146346236414,0.06437479090495701,0.0009868792685368876
152,0,1,152,0.0,0.0,0.0
153,0,2,153,0.0,0.0,0.0
154,0,2,154,0.031414634623641226,0.1647194922437869,0.0009868792685368772
155,0,1,155,0.03141463462364118,0.07366249917133327,0.0009868792685368752
156,0,1,156,0.031414634623641136,0.07981510545977155,0.000986879268536872
157,0,0,157,0.0,0.0,0.0
158,0,0,158,0.0314146346236411,0.018174676658853306,0.0009868792685368702
159,0,1,159,0.0,0.0,0.0
160,0,2,160,0.03141463462364134,0.0842039033250781,0.0009868792685368852
161,0,0,161,0.03141463462364136,0.022788298976681,0.0009868792685368854
162,0,0,162,0.0,0.0,0.0
163,0,0,163,0.0,0.0,0.0
164,0,0,164,0.0,0.0,0.0
165,0,0,165,0.0,0.0,0.0
166,0,0,166,1.9997532649633214,1.287631630095077,0.0009868792685369038
167,0,0,167,0.031414634623641434,0.06018866947565815,0.0009868792685368915
168,0,0,168,0.031414634623641184,0.13583036045088015,0.0009868792685368759
169,0,1,169,0.0,0.0,0.0
170,0,0,170,0.0,0.0,0.0
171,0,0,171,0.0314146346236412,0.0028524502292983644,0.0009868792685368793
172,0,0,172,0.03141463462364126,0.04557599296928316,0.000986879268536877
173,0,1,173,0.03141463462364145,0.03157635071663256,0.0009868792685368917
174,0,0,174,0.03141463462364129,0.07065514051971578,0.0009868792685368815
175,0,1,175,0.0,0.0,0.0
176,0,0,176,0.03141463462364114,0.1272849977846251,0.0009868792685368726
177,0,2,177,0.031414634623641274,0.0042035288449784325,0.0009868792685368832
178,0,0,178,0.03141463462364118,0.006189158669110184,0.0009868792685368746
179,0,0,179,0.03141463462364116,0.11407628861129115,0.000986879268536873
180,0,2,180,0.03141463462364125,0.10352658107617096,0.0009868792685368793
181,0,1,181,0.03141463462364112,0.055786844498253885,0.0009868792685368707
182,0,2,182,0.03141463462364136,0.056765232427282264,0.000986879268536886
183,0,1,183,0.031414634623641344,0.022875190995562233,0.0009868792685368848
184,0,1,184,0.031414634623641274,0.07928529687539365,0.0009868792685368813
185,0,1,185,0.03141463462364119,0.1061394617717547,0.0009868792685368726
186,0,2,186,0.03141463462364121,0.05592751697341669,0.0009868792685368795
187,0,2,187,0.031414634623641365,0.004030652715609984,0.0009868792685368865
188,0,2,188,0.03141463462364126,0.10672191203690828,0.0009868792685368806
189,0,0,189,0.031414634623641316,0.025880168869352627,0.0009868792685368839
190,0,1,190,0.031414634623641316,0.04772680150062847,0.000986879268536887
191,0,1,191,0.03141463462364121,0.036437111720941884,0.000986879268536877
192,0,1,192,0.03141463462364127,0.00725382859314605,0.0009868792685368804
193,0,2,193,0.0,0.0,0.0
194,0,0,194,0.03141463462364121,0.10065683001760906,0.0009868792685368772
195,0,0,195,0.03141463462364117,0.11377332162037979,0.0009868792685368733
196,0,2,196,0.03141463462364114,0.05238430409532535,0.0009868792685368702
197,0,1,197,0.0314146346236413,0.1070048932267953,0.0009868792685368828
198,0,2,198,0.03141463462364119,0.11840153885845872,0.0009868792685368754
199,0,0,199,0.03141463462364129,0.026686451098015485,0.000986879268536879
200,0,2,200,0.0,0.0,0.0
201,0,2,201,0.03141463462364141,0.059104288085699785,0.0009868792685368913
202,0,1,202,0.0,0.0,0.0
203,0,0,203,0.03141463462364143,0.036498329019975184,0.0009868792685368908
204,0,0,204,0.03141463462364119,0.122565484134459,0.0009868792685368756
205,0,2,205,0.031414634623641635,0.12144163520463547,0.0009868792685369025
206,0,2,206,0.03141463462364137,0.06300039009704772,0.0009868792685368839
207,0,2,207,0.03141463462364122,0.10482194078365126,0.0009868792685368759
208,0,2,208,0.031414634623641434,0.05352516287495268,0.0009868792685368897
209,0,2,209,0.03141463462364119,0.03345990305852631,0.0009868792685368765
210,0,1,210,0.03141463462364119,0.04810460701854552,0.000986879268536875
211,0,2,211,0.0314146346236412,0.012684152340656785,0.0009868792685368752
212,0,1,212,0.03141463462364131,0.027356017219551276,0.0009868792685368817
213,0,0,213,0.0,0.0,0.0
214,0,1,214,0.031414634623641184,0.11853526070110654,0.0009868792685368754
215,0,2,215,2.000000000000001,10.794974374487962,0.0009868792685368915
216,0,2,216,0.03141463462364119,0.04625491020601838,0.0009868792685368754
217,0,2,217,0.03141463462364131,0.0694406491768258,0.0009868792685368826
218,0,0,218,0.031414634623641434,0.09926931639284664,0.000986879268536891
219,0,0,219,0.0,0.0,0.0
220,0,2,220,0.03141463462364132,0.0687169859599488,0.0009868792685368826
221,0,1,221,0.0,0.0,0.0
222,0,0,222,0.03141463462364125,0.09014469762997157,0.0009868792685368774
223,0,1,223,0.03141463462364127,0.09368331363216753,0.0009868792685368804
224,0,2,224,0.0,0.0,0.0
225,0,0,225,0.03141463462364127,0.08127606978382573,0.0009868792685368804
226,0,0,226,0.0,0.0,0.0
227,0,2,227,0.03141463462364114,0.07629518660410017,0.0009868792685368728
228,0,0,228,0.03141463462364143,0.06922092881329078,0.0009868792685368906
229,0,2,229,0.03141463462364123,0.009983227830397234,0.0009868792685368782
230,0,2,230,0.0,0.0,0.0
231,0,1,231,0.03141463462364124,0.01548652079743218,0.0009868792685368791
232,0,0,232,0.03141463462364136,0.12028944263677399,0.000986879268536887
233,0,2,233,0.031414634623641344,0.000291663669780921,0.0009868792685368854
234,0,1,234,0.03141463462364127,0.12064114548030025,0.0009868792685368806
235,0,0,235,0.03141463462364117,0.0010421081689447054,0.0009868792685368737
236,0,1,236,8.673617379884035e-18,0.0,7.52316384526264e-35
237,0,2,237,0.03141463462364125,0.021752427955958886,0.0009868792685368787
238,0,0,238,0.03141463462364127,0.04201053077214478,0.0009868792685368809
239,0,0,239,0.03141463462364136,0.037751018185404384,0.000986879268536886
240,0,0,240,0.03141463462364128,0.1300935293472011,0.0009868792685368778
241,0,0,241,0.03141463462364148,0.04407579325416844,0.000986879268536895
242,0,1,242,1.4304896245381995e-17,0.0,2.046300565911438e-34
243,0,2,243,0.0314146346236411,0.09695123616896506,0.0009868792685368704
244,0,2,244,0.03141463462364116,0.006275307681699982,0.000986879268536875
245,0,1,245,0.0314146346236412,0.04203413477936824,0.0009868792685368772
246,0,0,246,0.03141463462364132,0.011928053475707134,0.0009868792685368839
247,0,0,247,0.0,0.0,0.0
248,0,0,248,0.0,0.0,0.0
249,0,2,249,0.0,0.0,0.0
250,0,0,250,0.0314146346236412,0.09077832051429269,0.0009868792685368765
251,0,0,251,0.031414634623641205,0.03959868930387245,0.0009868792685368765
252,0,0,252,0.031414634623641274,0.02217847904486847,0.0009868792685368772
253,0,2,253,0.031414634623641205,0.06689676843466064,0.0009868792685368759
254,0,2,254,0.031414634623641156,0.036083391318032815,0.0009868792685368728
255,0,0,255,0.031414634623641156,0.06780833930982455,0.0009868792685368717
256,0,0,256,0.031414634623641184,0.16664248194280828,0.0009868792685368763
257,0,2,257,0.03141463462364125,0.00045500589244085177,0.0009868792685368756
258,0,2,258,0.031414634623641226,0.010442105873983643,0.0009868792685368787
259,0,0,259,0.03141463462364112,0.056475654182472024,0.0009868792685368722
260,0,2,260,0.03141463462364118,0.014296739343315101,0.0009868792685368743
261,0,0,261,0.03141463462364137,0.02212289437469095,0.0009868792685368876
262,0,0,262,0.03141463462364126,0.0769441741319088,0.0009868792685368804
263,0,0,263,0.0,0.0,0.0
264,0,1,264,0.031414634623641254,0.006051433732956579,0.0009868792685368795
265,0,1,265,0.03141463462364128,0.12525574183554244,0.000986879268536881
266,0,1,266,0.03141463462364117,0.03757735121236161,0.000986879268536874
267,0,0,267,0.031414634623641344,0.09279120582116107,0.0009868792685368858
268,0,0,268,0.03141463462364136,0.008813529419712918,0.0009868792685368863
269,0,1,269,0.03141463462364129,0.07040380277329006,0.000986879268536883
270,0,1,270,0.0314146346236412,0.12131328548829123,0.000986879268536876
271,0,1,271,0.03141463462364121,0.03060536778864964,0.0009868792685368767
272,0,0,272,0.031414634623641365,0.004944114838550562,0.0009868792685368865
273,0,1,273,0.0,0.0,0.0
274,0,2,274,0.0,0.0,0.0
275,0,1,275,0.03141463462364131,0.0015422936474629168,0.0009868792685368835
276,0,0,276,0.0,0.0,0.0
277,0,2,277,0.03141463462364116,0.13990380590937157,0.000986879268536873
278,0,2,278,0.0,0.0,0.0
279,0,1,279,0.031414634623641455,0.019051799663333924,0.000986879268536889
280,0,2,280,0.031414634623641455,0.09627276703802501,0.0009868792685368923
281,0,0,281,0.03141463462364114,0.0406391960650071,0.0009868792685368724
282,0,1,282,0.03141463462364117,0.020783250166110268,0.000986879268536872
283,0,1,283,0.03141463462364141,0.1657048816318456,0.00098687926853689
284,0,2,284,0.0,0.0,0.0
285,0,0,285,0.031414634623641226,0.0430822803630056,0.0009868792685368782
286,0,2,286,0.03141463462364146,0.08091898317267021,0.0009868792685368893
287,0,1,287,0.031414634623641184,0.014807664962278963,0.000986879268536875
288,0,2,288,0.03141463462364118,0.15006117718309453,0.000986879268536876
289,0,2,289,0.0314146346236412,0.0012732695032440268,0.0009868792685368748
290,0,1,290,0.0,0.0,0.0
291,0,0,291,0.031414634623641274,0.03728692586281679,0.0009868792685368809
292,0,2,292,0.03141463462364126,0.019738184104601042,0.0009868792685368785
293,0,2,293,0.03141463462364124,0.07242957442882014,0.000986879268536879
294,0,1,294,0.03141463462364131,0.11882683153961127,0.000986879268536881
295,0,0,295,0.03141463462364113,0.0924496200006999,0.0009868792685368717
296,0,0,296,0.031414634623641316,0.022966211923481472,0.0009868792685368828
297,0,2,297,0.03141463462364119,0.03269250930128473,0.0009868792685368754
298,0,1,298,0.03141463462364128,0.0937100212313382,0.0009868792685368815
299,0,0,299,0.0,0.0,0.0
300,0,1,300,0.0314146346236412,0.10112448957540399,0.0009868792685368748
301,0,2,301,0.031414634623641156,0.00790541888560714,0.0009868792685368737
302,0,0,302,0.0,0.0,0.0
303,0,1,303,0.03141463462364115,0.009523946242382841,0.0009868792685368733
304,0,1,304,0.03141463462364121,0.0012720499200137847,0.0009868792685368772
305,0,2,305,0.03141463462364113,0.10377416394790107,0.000986879268536872
306,0,0,306,0.03141463462364124,0.012510856157199629,0.0009868792685368793
307,0,0,307,0.03141463462364109,0.07845604533988126,0.000986879268536869
308,0,1,308,0.03141463462364125,0.049790586898510264,0.0009868792685368791
309,0,1,309,0.0314146346236412,0.030714735298415508,0.0009868792685368763
310,0,0,310,0.0,0.0,0.0
311,0,1,311,0.03141463462364124,0.055236500625145624,0.000986879268536878
312,0,2,312,0.03141463462364114,0.051190379747048986,0.0009868792685368724
313,0,0,313,0.0,0.0,0.0
314,0,1,314,0.031414634623641156,0.0049755593426339395,0.0009868792685368728
315,0,2,315,0.0,0.0,0.0
316,0,2,316,0.031414634623641434,0.025763486816948067,0.0009868792685368904
317,0,1,317,0.03141463462364124,0.0871767812947315,0.0009868792685368787
318,0,1,318,0.0,0.0,0.0
319,0,2,319,0.0,0.0,0.0
320,0,1,320,0.031414634623641254,0.07531782050865199,0.00098687926853688
321,0,2,321,0.0,0.0,0.0
322,0,2,322,0.03141463462364127,0.007109565785430538,0.0009868792685368822
323,0,0,323,0.03141463462364137,0.04019786043601496,0.0009868792685368889
324,0,0,324,0.03141463462364118,0.07528577890004207,0.0009868792685368748
325,0,1,325,0.03141463462364132,0.00875759393828801,0.0009868792685368798
326,0,1,326,0.03141463462364118,0.08807314986388892,0.0009868792685368737
327,0,1,327,0.03141463462364132,0.006498646063155311,0.0009868792685368832
328,0,0,328,0.03141463462364134,0.01134719919940115,0.000986879268536884
329,0,2,329,0.0314146346236412,0.013524283474178334,0.000986879268536876
330,0,0,330,0.0,0.0,0.0
331,0,0,331,0.03141463462364121,0.1077228211956529,0.0009868792685368774
332,0,0,332,0.0,0.0,0.0
333,0,1,333,0.03141463462364127,0.02467183330322431,0.0009868792685368806
334,0,1,334,0.031414634623641254,0.005864021881968773,0.00098687926853688
335,0,2,335,0.03141463462364117,0.009395717350831001,0.0009868792685368759
336,0,2,336,0.03141463462364139,0.007207445024237424,0.0009868792685368882
337,0,1,337,0.03141463462364122,0.052051152602880714,0.0009868792685368759
338,0,1,338,0.03141463462364128,0.0967610669554676,0.0009868792685368813
339,0,2,339,0.031414634623641365,0.013024982009777197,0.0009868792685368867
340,0,0,340,0.031414634623641406,0.08673990755274152,0.0009868792685368897
341,0,0,341,0.03141463462364126,0.11553039555611289,0.0009868792685368795
342,0,2,342,0.031414634623641344,0.08436265991990854,0.0009868792685368839
343,0,2,343,0.03141463462364131,0.04692536350057175,0.0009868792685368802
344,0,2,344,0.03141463462364113,0.05942011126802728,0.000986879268536872
345,0,0,345,0.03141463462364123,0.08397978519128724,0.0009868792685368793
346,0,2,346,0.031414634623641274,0.003131409877821234,0.0009868792685368817
347,0,1,347,0.0314146346236412,0.0058110709979785485,0.0009868792685368752
348,0,0,348,0.031414634623641406,0.06016366696677489,0.000986879268536886
349,0,2,349,0.03141463462364132,0.06490005982642538,0.0009868792685368835
350,0,1,350,0.0314146346236413,0.12173343087010746,0.0009868792685368837
351,0,0,351,0.0,0.0,0.0
352,0,1,352,0.03141463462364125,0.029798409880817264,0.0009868792685368791
353,0,0,353,0.03141463462364112,0.03656775843214555,0.0009868792685368722
354,0,0,354,0.03141463462364124,0.04462345133515955,0.0009868792685368782
355,0,1,355,0.0,0.0,0.0
356,0,0,356,0.03141463462364126,0.013899059509657419,0.0009868792685368804
357,0,0,357,0.03141463462364123,0.0604902180123878,0.000986879268536878
358,0,0,358,0.031414634623641295,0.0636280830732322,0.0009868792685368815
359,0,2,359,0.03141463462364135,0.12984079398003257,0.0009868792685368858
360,0,2,360,0.03141463462364134,0.015394421519265178,0.0009868792685368839
361,0,0,361,0.03141463462364119,0.009947314926012585,0.0009868792685368754
362,0,1,362,0.0,0.0,0.0
363,0,2,363,0.03141463462364132,0.0696388306146769,0.0009868792685368848
364,0,1,364,0.031414634623641136,0.10687163377517894,0.000986879268536872
365,0,2,365,0.031414634623641184,0.00983361955356378,0.0009868792685368743
366,0,1,366,0.0,0.0,0.0
367,0,2,367,0.03141463462364133,0.15267958277932792,0.0009868792685368835
368,0,1,368,0.03141463462364123,0.00919033357288157,0.0009868792685368778
369,0,1,369,0.03141463462364135,0.03122595217479307,0.0009868792685368854
370,0,0,370,0.03141463462364125,0.09868484450730186,0.0009868792685368802
371,0,0,371,0.03141463462364126,0.04184042022991408,0.0009868792685368795
372,0,0,372,0.0,0.0,0.0
373,0,2,373,0.031414634623641274,0.03114654726689134,0.0009868792685368785
374,0,1,374,0.03141463462364134,0.1027552369768383,0.0009868792685368843
375,0,1,375,0.03141463462364126,0.0014839693022512673,0.0009868792685368804
376,0,2,376,0.0,0.0,0.0
377,0,2,377,2.0,2.714600185535131,0.0009868792685368902
378,0,1,378,0.03141463462364117,0.09521649281273947,0.0009868792685368743
379,0,2,379,0.031414634623641434,0.03956074851544056,0.0009868792685368917
380,0,2,380,0.03141463462364127,0.14589411495418547,0.0009868792685368806
381,0,0,381,0.031414634623641094,0.08947122509434191,0.0009868792685368709
382,0,1,382,0.0,0.0,0.0
383,0,2,383,0.03141463462364119,0.0009057117653963331,0.0009868792685368752
384,0,1,384,0.031414634623641136,0.02326652462694989,0.000986879268536874
385,0,2,385,0.0314146346236413,0.06381927868850679,0.0009868792685368822
386,0,2,386,0.031414634623641295,0.09845741043221512,0.0009868792685368817
387,0,0,387,0.031414634623641344,0.0913436949217577,0.0009868792685368856
388,0,0,388,0.03141463462364118,0.0038155523390736475,0.000986879268536875
389,0,1,389,0.03141463462364119,0.08379726708259043,0.0009868792685368756
390,0,0,390,0.03141463462364121,0.0022580168673594636,0.0009868792685368776
391,0,1,391,0.031414634623641254,0.027190278456092176,0.0009868792685368804
392,0,1,392,0.031414634623641295,0.07507161278353365,0.0009868792685368837
393,0,2,393,0.0,0.0,0.0
394,0,1,394,0.0,0.0,0.0
395,0,0,395,0.0,0.0,0.0
396,0,0,396,0.031414634623641476,0.0762338916712415,0.000986879268536892
397,0,1,397,0.03141463462364136,0.0960707168130055,0.0009868792685368865
398,0,1,398,0.0,0.0,0.0
399,0,2,399,0.03141463462364127,0.041227894946028326,0.00098687926853688
400,0,2,400,0.031414634623641406,0.025945124077041637,0.000986879268536888
401,0,0,401,0.03141463462364126,0.006400072000278215,0.0009868792685368791
402,0,1,402,0.0314146346236412,0.15147078719037133,0.000986879268536876
403,0,2,403,0.03141463462364129,0.010472492464581151,0.0009868792685368813
404,0,1,404,0.031414634623641344,0.04943176118146364,0.0009868792685368854
405,0,0,405,0.03141463462364122,0.04923788254472372,0.0009868792685368782
406,0,0,406,0.03141463462364137,0.016971255956241826,0.0009868792685368871
407,0,1,407,0.031414634623641156,0.017969072440908285,0.0009868792685368737
408,0,0,408,0.0,0.0,0.0
409,0,1,409,0.0,0.0,0.0
410,0,0,410,0.03141463462364137,0.019470779724618303,0.0009868792685368878
411,0,1,411,0.03141463462364138,0.027431838735483716,0.0009868792685368884
412,0,1,412,0.03141463462364116,0.005622519332059747,0.0009868792685368737
413,0,1,413,0.03141463462364136,0.1094157463672416,0.0009868792685368865
414,0,1,414,0.03141463462364133,0.0352246258974085,0.0009868792685368878
415,0,1,415,0.03141463462364139,0.00016575490345546728,0.0009868792685368878
416,0,1,416,0.0314146346236411,0.035711888025754535,0.0009868792685368683
417,0,1,417,0.0314146346236412,0.04219163048379038,0.0009868792685368754
418,0,0,418,0.0314146346236412,0.09532362485054016,0.0009868792685368787
419,0,2,419,0.0,0.0,0.0
420,0,1,420,0.03141463462364125,0.03646800791625071,0.0009868792685368798
421,0,2,421,0.03141463462364117,0.04622795522145573,0.0009868792685368746
422,0,0,422,0.031414634623641184,0.06525516339377835,0.0009868792685368752
423,0,1,423,0.031414634623641205,0.0011533274397616533,0.0009868792685368767
424,0,1,424,0.03141463462364149,0.0250639279351228,0.0009868792685368939
425,0,2,425,0.0,0.0,0.0
426,0,0,426,0.03141463462364118,0.08369910077560874,0.0009868792685368752
427,0,2,427,0.03141463462364119,0.013221539564609364,0.0009868792685368756
428,0,1,428,0.03141463462364138,0.07640624596761025,0.0009868792685368876
429,0,1,429,0.031414634623641274,0.11406271419589942,0.0009868792685368815
430,0,0,430,0.031414634623641136,0.027213955530903,0.0009868792685368722
431,0,0,431,0.031414634623641184,0.07107513596550455,0.0009868792685368752
432,0,1,432,0.03141463462364116,0.100903950600848,0.0009868792685368746
433,0,1,433,0.03141463462364138,0.08285322475404477,0.0009868792685368874
434,0,0,434,0.031414634623641274,0.06849308094688666,0.0009868792685368798
435,0,2,435,0.03141463462364121,0.11773477286868528,0.000986879268536875
436,0,1,436,0.031414634623641295,0.056964674828454576,0.000986879268536882
437,0,1,437,0.03141463462364114,0.038348698653810076,0.0009868792685368713
438,0,2,438,0.03141463462364116,0.12383419098984572,0.0009868792685368726
439,0,1,439,0.03141463462364135,0.008656822875899861,0.0009868792685368852
440,0,2,440,0.031414634623641274,0.07871752037534385,0.000986879268536882
441,0,1,441,0.0,0.0,0.0
442,0,2,442,0.031414634623641136,0.07280296422823196,0.0009868792685368717
443,0,1,443,0.031414634623641365,0.08656919523810558,0.0009868792685368848
444,0,0,444,0.031414634623641226,0.02057437918265559,0.0009868792685368791
445,0,2,445,0.0,0.0,0.0
446,0,1,446,0.03141463462364155,0.061479812562402536,0.0009868792685368958
447,0,0,447,0.031414634623641205,0.12156434359839285,0.0009868792685368772
448,0,2,448,0.03141463462364121,0.03907094039972381,0.000986879268536877
449,0,0,449,0.03141463462364118,0.06861155338947977,0.0009868792685368748
450,0,2,450,0.03141463462364144,0.02543120729424464,0.0009868792685368904
451,0,0,451,0.0314146346236412,0.06989299149709927,0.0009868792685368763
452,0,1,452,0.03141463462364135,0.036089132469359964,0.0009868792685368858
453,0,1,453,0.031414634623641156,0.06769298187401418,0.000986879268536874
454,0,1,454,0.03141463462364137,0.030587171623198905,0.000986879268536887
455,0,0,455,0.03141463462364123,0.11226433608114855,0.0009868792685368785
456,0,0,456,0.03141463462364143,0.053091360132464516,0.0009868792685368904
457,0,1,457,0.031414634623641316,0.09623843113527197,0.0009868792685368835
458,0,2,458,0.03141463462364125,0.0970984250413518,0.0009868792685368793
459,0,1,459,0.03141463462364103,0.10554779713741125,0.000986879268536866
460,0,2,460,0.03141463462364146,0.005513857475703432,0.0009868792685368943
461,0,2,461,0.03141463462364154,0.08556683201627724,0.000986879268536895
462,0,2,462,0.03141463462364117,0.211757147193546,0.000986879268536875
463,0,0,463,0.0,0.0,0.0
464,0,2,464,0.03141463462364122,0.02496558833917839,0.000986879268536876
465,0,1,465,0.031414634623641385,0.1292631164051996,0.0009868792685368884
466,0,1,466,0.0,0.0,0.0
467,0,0,467,1.9999999999999998,13.158342690191574,0.000986879268536881
468,0,2,468,0.03141463462364122,0.11733057539089753,0.0009868792685368774
469,0,2,469,0.031414634623641156,0.05925607802422786,0.0009868792685368728
470,0,2,470,0.031414634623641365,0.04773519853357833,0.0009868792685368843
471,0,0,471,0.0,0.0,0.0
472,0,0,472,0.0,0.0,0.0
473,0,2,473,8.129174079621316e-17,2.7755575615628914e-17,6.608347121678703e-33
474,0,2,474,0.03141463462364131,0.053955007960789114,0.000986879268536883
475,0,1,475,0.03141463462364117,0.036126922848877974,0.0009868792685368743
476,0,2,476,0.03141463462364125,0.11817490664557173,0.0009868792685368791
477,0,0,477,0.031414634623641115,0.0032629748702572847,0.0009868792685368707
478,0,1,478,0.03141463462364127,0.02794494468542119,0.0009868792685368798
479,0,1,479,0.0314146346236414,0.153083416052735,0.000986879268536889
480,0,2,480,0.03141463462364116,0.021624132717859013,0.0009868792685368737
481,0,2,481,9.813077866773595e-18,0.0,9.62964972193618e-35
482,0,2,482,0.0314146346236413,0.0029207822310312603,0.0009868792685368832
483,0,0,483,0.03141463462364123,0.02513196102799853,0.000986879268536879
484,0,0,484,0.03141463462364148,0.023050366094801156,0.0009868792685368943
485,0,1,485,0.0,0.0,0.0
486,0,0,486,2.0,4.732031483113934,0.0009868792685368843
487,0,2,487,0.0314146346236412,0.014208659384584946,0.0009868792685368743
488,0,2,488,0.03141463462364151,0.038453206326017675,0.0009868792685368943
489,0,0,489,0.0314146346236414,0.07935924468515626,0.000986879268536888
490,0,2,490,0.0,0.0,0.0
491,0,2,491,0.03141463462364147,0.11679717479315554,0.000986879268536893
492,0,0,492,0.03141463462364123,0.10358125028526685,0.0009868792685368791
493,0,0,493,0.03141463462364131,0.023873216053391363,0.0009868792685368832
494,0,0,494,0.03141463462364119,0.007683822239160407,0.0009868792685368756
495,0,0,495,0.0314146346236414,0.06408759915227025,0.0009868792685368843
496,0,0,496,0.0314146346236412,0.06780237665665645,0.0009868792685368765
497,0,2,497,0.03141463462364123,0.0025506290294650263,0.0009868792685368787
498,0,1,498,0.03141463462364123,0.12241046103108921,0.0009868792685368782
499,0,2,499,0.03141463462364108,0.0981469452913517,0.0009868792685368676
500,0,1,500,0.0,0.0,0.0
501,0,1,501,0.03141463462364109,0.020645798463152135,0.0009868792685368698
502,0,1,502,0.031414634623641274,0.07058267910522331,0.0009868792685368802
503,0,2,503,0.03141463462364108,0.10235845234606543,0.0009868792685368687
504,0,1,504,0.03141463462364123,0.0375668525860095,0.00098687926853688
505,0,2,505,0.031414634623641094,0.07257391074066,0.0009868792685368696
506,0,2,506,0.0,0.0,0.0
507,0,1,507,0.03141463462364119,0.03445463588643288,0.0009868792685368748
508,0,1,508,0.0314146346236415,0.07952757003219535,0.0009868792685368954
509,0,1,509,0.03141463462364118,0.1067515814040585,0.000986879268536874
510,0,1,510,0.03141463462364119,0.0007607468852184234,0.0009868792685368752
511,0,1,511,0.0,0.0,0.0
512,0,1,512,0.03141463462364127,0.027474578174853548,0.0009868792685368815
513,0,2,513,0.03141463462364122,0.0808144456104114,0.0009868792685368774
514,0,1,514,0.03141463462364116,0.09840538161014617,0.0009868792685368743
515,0,0,515,0.03141463462364108,0.0940266901153366,0.000986879268536869
516,0,1,516,0.03141463462364123,0.06823058292770817,0.0009868792685368793
517,0,0,517,0.03141463462364118,0.012420907041826634,0.000986879268536875
518,0,2,518,0.03141463462364122,0.07063828773806363,0.0009868792685368776
519,0,1,519,0.03141463462364138,0.04808272557439075,0.0009868792685368865
520,0,0,520,0.03141463462364117,0.02845915719988365,0.000986879268536874
521,0,2,521,0.03141463462364128,0.08764409539607425,0.0009868792685368798
522,0,1,522,0.0,0.0,0.0
523,0,2,523,0.031414634623641316,0.09938852672634901,0.0009868792685368835
524,0,0,524,0.03141463462364129,0.009576966233671769,0.0009868792685368815
525,0,2,525,0.03141463462364117,0.018324603455748212,0.0009868792685368733
526,0,1,526,0.031414634623641274,0.00939002441822032,0.000986879268536881
527,0,1,527,0.03141463462364116,0.0434409414196521,0.000986879268536873
528,0,0,528,0.03141463462364123,0.05068138743512307,0.0009868792685368785
529,0,1,529,0.03141463462364128,0.020168707790780588,0.0009868792685368813
530,0,1,530,0.031414634623641184,0.1022337478417148,0.0009868792685368752
531,0,0,531,0.03141463462364153,0.03309655484521934,0.0009868792685368971
532,0,2,532,0.031414634623641184,0.04575468338128447,0.0009868792685368763
533,0,2,533,0.03141463462364119,0.04015052533937907,0.0009868792685368741
534,0,0,534,0.031414634623641226,0.04575719225271646,0.0009868792685368774
535,0,2,535,0.031414634623641455,0.09289586059333788,0.0009868792685368917
536,0,2,536,0.031414634623641136,0.0003213152996169519,0.000986879268536872
537,0,0,537,0.031414634623641205,0.003537923767681462,0.0009868792685368748
538,0,0,538,0.031414634623641205,0.12225470682727257,0.0009868792685368772
539,0,2,539,0.03141463462364115,0.10811736070618161,0.000986879268536873
540,0,2,540,0.031414634623641184,0.006809403849868302,0.0009868792685368756
541,0,1,541,0.03141463462364141,0.07040601904623234,0.0009868792685368893
542,0,1,542,0.031414634623641184,0.09275136297836628,0.0009868792685368759
543,0,2,543,0.03141463462364106,0.09132801627842557,0.0009868792685368672
544,0,2,544,0.03141463462364147,0.002631026279288573,0.0009868792685368928
545,0,1,545,0.0,0.0,0.0
546,0,0,546,0.03141463462364135,0.07654330303531864,0.0009868792685368782
547,0,1,547,0.03141463462364127,0.0019705659504172246,0.0009868792685368791
548,0,0,548,0.03141463462364131,0.016455196705472908,0.0009868792685368815
549,0,1,549,0.03141463462364135,0.017454002486543052,0.0009868792685368865
550,0,0,550,0.03141463462364125,0.01591759053667441,0.0009868792685368793
551,0,0,551,0.03141463462364126,0.11069850123354188,0.0009868792685368804
552,0,1,552,0.03141463462364146,0.02196418017852242,0.0009868792685368923
553,0,1,553,0.031414634623641274,0.10469733809090354,0.000986879268536882
554,0,0,554,0.031414634623641115,0.04588213740154612,0.0009868792685368707
555,0,0,555,0.0314146346236412,0.02421639821707533,0.0009868792685368759
556,0,0,556,0.03141463462364127,0.06309655040957818,0.0009868792685368806
557,0,0,557,0.03141463462364129,0.09369211202166516,0.0009868792685368822
558,0,0,558,0.03141463462364131,0.03518849572021532,0.0009868792685368826
559,0,1,559,0.031414634623641254,0.04881070692274081,0.0009868792685368785
560,0,2,560,0.031414634623641156,0.09693248996228743,0.0009868792685368743
561,0,1,561,0.031414634623641205,0.09082598922130547,0.0009868792685368759
562,0,2,562,0.0,0.0,0.0
563,0,0,563,0.03141463462364118,0.050328798847866896,0.0009868792685368754
564,0,2,564,0.03141463462364138,0.0008719001379525748,0.0009868792685368882
565,0,2,565,0.03141463462364126,0.03250316710418666,0.0009868792685368782
566,0,0,566,0.03141463462364118,0.06755773591760317,0.0009868792685368752
567,0,1,567,0.03141463462364136,0.019396596162266633,0.0009868792685368867
568,0,0,568,0.03141463462364122,0.04138366530075302,0.0009868792685368763
569,0,2,569,0.03141463462364113,0.03490179978478414,0.0009868792685368715
570,0,0,570,0.03141463462364128,0.11569012544456658,0.0009868792685368806
571,0,2,571,0.0314146346236412,0.001916850482781448,0.0009868792685368759
572,0,0,572,0.03141463462364116,0.030430056801605376,0.0009868792685368737
573,0,1,573,0.03141463462364135,0.007633548454658801,0.0009868792685368867
574,0,2,574,0.03141463462364121,0.0718573977468463,0.0009868792685368759
575,0,0,575,0.03141463462364106,0.015550365412817763,0.000986879268536867
576,0,2,576,0.0,0.0,0.0
577,0,0,577,0.031414634623641226,0.013219426351215313,0.0009868792685368776
578,0,2,578,0.03141463462364128,0.014879378184825973,0.000986879268536882
579,0,2,579,0.031414634623641226,0.014041253439209717,0.0009868792685368774
580,0,1,580,0.0,0.0,0.0
581,0,0,581,0.031414634623641455,0.04003819429552902,0.0009868792685368928
582,0,0,582,0.03141463462364134,0.028069491754372233,0.000986879268536885
583,0,2,583,0.031414634623641295,0.007910824581819575,0.000986879268536882
584,0,2,584,0.03141463462364133,0.11124919058160909,0.0009868792685368848
585,0,0,585,0.0,0.0,0.0
586,0,2,586,0.0,0.0,0.0
587,0,0,587,0.031414634623641156,0.0029480931146018824,0.0009868792685368737
588,0,0,588,0.03141463462364116,0.008682295216873803,0.0009868792685368754
589,0,1,589,0.03141463462364122,0.0005562555248506129,0.0009868792685368776
590,0,1,590,0.0,0.0,0.0
591,0,1,591,0.03141463462364113,0.0021231102973730256,0.000986879268536872
592,0,2,592,0.0,0.0,0.0
593,0,1,593,0.03141463462364124,0.1872294135129784,0.0009868792685368795
594,0,0,594,0.03141463462364132,0.02916101862946574,0.0009868792685368863
595,0,1,595,0.0,0.0,0.0
596,0,2,596,0.031414634623641136,0.0621144698034799,0.0009868792685368726
597,0,0,597,0.0314146346236412,0.24684669817584437,0.0009868792685368763
598,0,1,598,0.0,0.0,0.0
599,0,2,599,2.0000000000000004,6.89865158050975,0.000986879268536905
600,0,2,600,0.03141463462364111,0.1143800320895596,0.0009868792685368704
601,0,0,601,0.0,0.0,0.0
602,0,1,602,0.03141463462364128,0.04154270824906492,0.0009868792685368795
603,0,0,603,0.03141463462364128,0.05858619504726392,0.0009868792685368804
604,0,2,604,0.03141463462364143,0.06935282094820927,0.0009868792685368917
605,0,2,605,0.03141463462364102,0.007743745308310457,0.0009868792685368648
606,0,2,606,0.03141463462364117,0.010349392302490101,0.0009868792685368748
607,0,1,607,0.03141463462364116,0.03219790905486852,0.0009868792685368737
608,0,1,608,0.03141463462364109,0.16400467980894007,0.0009868792685368694
609,0,0,609,0.03141463462364124,0.1192642400801609,0.0009868792685368774
610,0,0,610,0.03141463462364118,0.002496101412741869,0.0009868792685368756
611,0,2,611,0.03141463462364132,0.026179441425600025,0.0009868792685368835
612,0,2,612,0.031414634623641385,0.024717706818177643,0.0009868792685368882
613,0,1,613,0.03141463462364123,0.04275697434337622,0.000986879268536877
614,0,2,614,1.7347234759768074e-17,0.0,3.009265538105056e-34
615,0,1,615,0.03141463462364123,0.09732063392699297,0.0009868792685368785
616,0,1,616,0.03141463462364118,0.006963901320839037,0.0009868792685368765
617,0,0,617,0.0314146346236412,0.023623583794025294,0.000986879268536876
618,0,0,618,0.0,0.0,0.0
619,0,2,619,0.03141463462364119,0.07884687744936292,0.0009868792685368741
620,0,2,620,0.0,0.0,0.0
621,0,2,621,0.03141463462364126,0.04985635648242104,0.0009868792685368774
622,0,2,622,0.031414634623641184,0.0020213253358959717,0.0009868792685368752
623,0,0,623,0.031414634623641226,0.008522934430577805,0.000986879268536878
624,0,1,624,0.03141463462364105,0.038424464780360656,0.0009868792685368672
625,0,0,625,0.0,0.0,0.0
626,0,2,626,0.03141463462364119,0.07238353321804167,0.0009868792685368765
627,0,2,627,0.03141463462364123,0.04546234658800219,0.000986879268536879
628,0,0,628,0.03141463462364141,0.04896552955607536,0.0009868792685368895
629,0,1,629,0.03141463462364126,0.06975894148325446,0.0009868792685368791
630,0,0,630,0.03141463462364133,0.11001681754938247,0.0009868792685368843
631,0,2,631,0.0,0.0,0.0
632,0,2,632,0.0,0.0,0.0
633,0,2,633,0.031414634623641205,0.04386602134511275,0.000986879268536877
634,0,0,634,0.031414634623641434,0.15785227844704597,0.0009868792685368904
635,0,1,635,0.03141463462364129,0.12506349771928083,0.0009868792685368815
636,0,2,636,2.0000000000000004,10.71166011942148,0.000986879268536882
637,0,1,637,0.031414634623641156,0.041032913345013966,0.0009868792685368772
638,0,0,638,0.031414634623641274,0.03972259743853901,0.0009868792685368802
639,0,1,639,0.03141463462364144,0.022478849554015357,0.000986879268536891
640,0,0,640,0.03141463462364143,0.009745145823670143,0.0009868792685368908
641,0,1,641,0.0314146346236412,0.01465431677104112,0.0009868792685368759
642,0,2,642,0.03141463462364127,0.04436539599636724,0.0009868792685368798
643,0,2,643,0.03141463462364136,0.11249162259176293,0.000986879268536886
644,0,2,644,0.03141463462364142,0.027633308299082615,0.00098687926853689
645,0,0,645,0.03141463462364114,0.011553881925949194,0.0009868792685368726
646,0,1,646,0.03141463462364114,0.03991643251398519,0.0009868792685368733
647,0,2,647,0.03141463462364116,0.03828325968740409,0.0009868792685368735
648,0,1,648,0.03141463462364125,0.0862617836055346,0.00098687926853688
649,0,1,649,0.03141463462364129,0.07754628449732404,0.000986879268536881
650,0,2,650,0.03141463462364142,0.03732771983447203,0.0009868792685368897
651,0,0,651,0.0314146346236411,0.12169929180772776,0.000986879268536869
652,0,2,652,2.0000000000000013,15.648381209175263,0.0009868792685368895
653,0,2,653,0.031414634623641136,0.0012093857170934006,0.0009868792685368724
654,0,0,654,0.03141463462364116,0.07800751852564158,0.0009868792685368737
655,0,1,655,0.0,0.0,0.0
656,0,1,656,0.03141463462364121,0.008208228271561424,0.0009868792685368772
657,0,0,657,0.0,0.0,0.0
658,0,1,658,0.031414634623641156,0.11704079394081945,0.0009868792685368733
659,0,1,659,0.03141463462364124,0.009611415764312348,0.0009868792685368776
660,0,1,660,0.03141463462364134,0.11079685594788624,0.0009868792685368852
661,0,2,661,0.0,0.0,0.0
662,0,2,662,0.031414634623641455,0.12658367382845626,0.0009868792685368908
663,0,2,663,0.0,0.0,0.0
664,0,2,664,0.0314146346236412,0.022305771893007836,0.0009868792685368774
665,0,0,665,0.031414634623641385,0.02895051687222594,0.000986879268536889
666,0,2,666,0.03141463462364124,0.019637757750102625,0.0009868792685368756
667,0,2,667,0.03141463462364152,0.06240810737952662,0.0009868792685368906
668,0,0,668,0.03141463462364121,0.0074007438603593614,0.000986879268536877
669,0,0,669,0.03141463462364126,0.03426185338802057,0.0009868792685368804
670,0,2,670,0.03141463462364103,0.04318846301130108,0.0009868792685368652
671,0,1,671,0.03141463462364136,0.003618208151199287,0.0009868792685368858
672,0,0,672,0.031414634623641184,0.03956672503857339,0.0009868792685368743
673,0,0,673,0.03141463462364123,0.18638439678962992,0.0009868792685368791
674,0,0,674,0.03141463462364118,0.08222190209023533,0.000986879268536875
675,0,0,675,0.03141463462364137,0.07524098463647766,0.0009868792685368871
676,0,0,676,0.03141463462364121,0.07429108955729857,0.0009868792685368772
677,0,2,677,0.031414634623641254,0.056545525344866565,0.0009868792685368798
678,0,2,678,0.03141463462364121,0.06380535943983201,0.0009868792685368763
679,0,2,679,0.03141463462364136,0.0008905187936008706,0.0009868792685368858
680,0,2,680,0.03141463462364142,0.005509570826269683,0.0009868792685368902
681,0,0,681,0.03141463462364152,0.10800514216815937,0.0009868792685368967
682,0,0,682,0.03141463462364124,0.01570959618314438,0.00098687926853688
683,0,2,683,0.03141463462364134,0.03806502437754933,0.0009868792685368854
684,0,0,684,0.0,0.0,0.0
685,0,2,685,0.03141463462364131,0.09867579684791838,0.0009868792685368835
686,0,1,686,0.031414634623641136,0.06079014034968955,0.0009868792685368728
687,0,1,687,0.0,0.0,0.0
688,0,0,688,0.03141463462364117,0.014088154432438271,0.0009868792685368748
689,0,2,689,0.03141463462364113,0.10093301201664939,0.0009868792685368709
690,0,1,690,0.03141463462364133,0.08712133410982847,0.0009868792685368826
691,0,1,691,0.03141463462364134,0.04532033249025691,0.000986879268536884
692,0,1,692,0.0314146346236415,0.03318349308357682,0.0009868792685368952
693,0,2,693,0.0,0.0,0.0
694,0,0,694,0.03141463462364121,0.09709637300527607,0.0009868792685368765
695,0,0,695,0.03141463462364125,0.09734576794637567,0.0009868792685368793
696,0,0,696,0.031414634623641316,0.02053338706686747,0.0009868792685368837
697,0,1,697,0.03141463462364144,0.045522431748509895,0.0009868792685368887
698,0,1,698,0.03141463462364123,0.21856883503294355,0.0009868792685368787
699,0,2,699,0.03141463462364121,0.0388345945205922,0.000986879268536876
700,0,2,700,0.0314146346236412,0.021662156925955856,0.0009868792685368774
701,0,0,701,0.0,0.0,0.0
702,0,1,702,0.031414634623641434,0.04589135048343884,0.00098687926853689
703,0,0,703,0.03141463462364124,0.11217827512602074,0.0009868792685368776
704,0,2,704,0.0,0.0,0.0
705,0,0,705,0.0314146346236413,0.0014787314775907764,0.0009868792685368828
706,0,1,706,0.031414634623641094,0.01484158434051186,0.0009868792685368696
707,0,1,707,0.03141463462364107,0.11977222804204457,0.000986879268536868
708,0,2,708,0.03141463462364118,0.10391220208465612,0.000986879268536877
709,0,0,709,0.031414634623641226,0.07301149247333028,0.0009868792685368776
710,0,0,710,0.0,0.0,0.0
711,0,1,711,0.03141463462364146,0.012382787635611514,0.000986879268536891
712,0,2,712,0.031414634623641524,0.11996129475920725,0.000986879268536897
713,0,0,713,0.0,0.0,0.0
714,0,1,714,0.03141463462364118,0.015525971802776602,0.0009868792685368743
715,0,2,715,0.03141463462364131,0.11866592829483524,0.0009868792685368824
716,0,2,716,0.03141463462364117,0.043113406670078014,0.000986879268536874
717,0,1,717,0.03141463462364122,0.09703289314084618,0.0009868792685368772
718,0,0,718,0.031414634623641316,0.04173754843906963,0.0009868792685368832
719,0,2,719,0.03141463462364133,0.0024035615932495036,0.0009868792685368852
720,0,2,720,0.03141463462364122,0.11705498608586051,0.0009868792685368765
721,0,2,721,0.03141463462364116,0.06394872360428489,0.0009868792685368748
722,0,1,722,0.0314146346236413,0.10822057515771011,0.0009868792685368813
723,0,1,723,0.03141463462364119,0.00021058895604667005,0.0009868792685368763
724,0,2,724,0.0,0.0,0.0
725,0,1,725,0.03141463462364133,0.050292377216107464,0.0009868792685368845
726,0,1,726,0.0,0.0,0.0
727,0,1,727,0.0,0.0,0.0
728,0,0,728,0.03141463462364115,0.07730189001239562,0.0009868792685368728
729,0,0,729,0.03141463462364134,0.01424001069270231,0.0009868792685368832
730,0,0,730,0.03141463462364118,0.09674607385753964,0.0009868792685368733
731,0,1,731,0.031414634623641295,0.01901099434775394,0.0009868792685368817
732,0,0,732,0.031414634623641524,0.08244178753761977,0.0009868792685368887
733,0,0,733,0.03141463462364139,0.0315722397593583,0.0009868792685368884
734,0,1,734,1.9999999999999998,6.314531800039376,0.000986879268536873
735,0,1,735,0.0,0.0,0.0
736,0,0,736,0.03141463462364139,0.02002674724822162,0.000986879268536888
737,0,1,737,0.03141463462364126,0.08773038573677416,0.0009868792685368804
738,0,0,738,0.03141463462364123,0.007999197620393472,0.0009868792685368785
739,0,0,739,0.031414634623641205,0.010307941542698512,0.0009868792685368772
740,0,2,740,0.03141463462364122,0.027432958562826126,0.000986879268536877
741,0,2,741,0.03141463462364132,0.034393976443744645,0.0009868792685368832
742,0,0,742,0.0,0.0,0.0
743,0,0,743,0.0314146346236412,0.003049211303107313,0.0009868792685368743
744,0,2,744,0.031414634623641274,0.0869235949507039,0.0009868792685368806
745,0,2,745,0.031414634623641406,0.11341317533530004,0.0009868792685368895
746,0,2,746,0.03141463462364126,0.10190376362426345,0.0009868792685368802
747,0,0,747,0.03141463462364113,0.07344648860908976,0.000986879268536872
748,0,0,748,2.0653866416146025e-16,1.3322676295501878e-15,4.2658219793600496e-32
749,0,1,749,0.031414634623641385,0.09361421767638944,0.0009868792685368882
750,0,0,750,0.0,0.0,0.0
751,0,2,751,0.03141463462364128,0.07363769950507251,0.00098687926853688
752,0,2,752,0.03141463462364125,0.011161813150643823,0.000986879268536879
753,0,2,753,0.03141463462364148,0.0021115944024555078,0.0009868792685368943
754,0,0,754,0.0,0.0,0.0
755,0,2,755,0.03141463462364111,0.0005164816610031264,0.0009868792685368707
756,0,1,756,2.999581444713231e-16,0.0,8.997488843467917e-32
757,0,1,757,0.031414634623641184,0.02059210219392659,0.0009868792685368759
758,0,1,758,0.03141463462364138,0.00019984067434003494,0.0009868792685368874
759,0,0,759,0.03141463462364127,0.025221565111621658,0.0009868792685368772
760,0,0,760,0.03141463462364117,0.09902307990858361,0.0009868792685368735
761,0,0,761,0.0314146346236412,0.013374879234815396,0.0009868792685368763
762,0,0,762,0.03141463462364129,0.1045505475913211,0.0009868792685368813
763,0,2,763,0.0,0.0,0.0
764,0,2,764,0.03141463462364128,0.12372357436664899,0.0009868792685368813
765,0,2,765,0.0,0.0,0.0
766,0,0,766,0.03141463462364112,0.02587458611521859,0.0009868792685368715
767,0,0,767,0.0,0.0,0.0
768,0,2,768,0.03141463462364144,0.0813451607922433,0.0009868792685368917
769,0,1,769,0.03141463462364118,0.0906174074440127,0.0009868792685368737
770,0,2,770,0.03141463462364117,0.06690290265871834,0.0009868792685368733
771,0,1,771,0.031414634623641295,0.0938691572294994,0.0009868792685368822
772,0,2,772,0.03141463462364119,0.001963231150717726,0.0009868792685368756
773,0,2,773,0.03141463462364117,0.08924160918883639,0.0009868792685368746
774,0,2,774,0.0,0.0,0.0
775,0,1,775,0.031414634623641205,0.11797953099932723,0.0009868792685368776
776,0,0,776,0.031414634623641295,0.08966063834639781,0.0009868792685368843
777,0,1,777,0.03141463462364107,0.02643434290279556,0.000986879268536868
778,0,1,778,0.03141463462364129,0.0006777426846962253,0.0009868792685368817
779,0,1,779,0.03141463462364155,0.12318562776737085,0.0009868792685369001
780,0,0,780,0.03141463462364126,0.025422001552459328,0.0009868792685368793
781,0,0,781,0.031414634623641344,0.07064470465859163,0.0009868792685368878
782,0,0,782,0.0,0.0,0.0
783,0,2,783,0.0,0.0,0.0
784,0,1,784,0.03141463462364128,0.03519907316483628,0.0009868792685368813
785,0,1,785,0.03141463462364125,0.06431303451600345,0.0009868792685368802
786,0,0,786,0.03141463462364145,0.0243184703549173,0.0009868792685368934
787,0,0,787,0.03141463462364127,0.04289379819554284,0.0009868792685368802
788,0,1,788,0.03141463462364135,0.040799183122067095,0.0009868792685368826
789,0,1,789,0.03141463462364119,0.03492957652148135,0.0009868792685368759
790,0,2,790,0.03141463462364114,0.0011078381887835304,0.0009868792685368724
791,0,2,791,0.031414634623641205,0.04811913431442774,0.000986879268536877
792,0,1,792,0.0314146346236414,0.0061569045537731015,0.000986879268536889
793,0,0,793,0.03141463462364147,0.15520588200656116,0.0009868792685368923
794,0,2,794,0.03141463462364125,0.1145255181071807,0.0009868792685368798
795,0,0,795,2.000000000000001,3.104843318197715,0.0009868792685369004
796,0,2,796,0.03141463462364143,0.042394520246718415,0.0009868792685368893
797,0,2,797,0.03141463462364135,0.006168820446534662,0.0009868792685368858
798,0,1,798,0.03141463462364149,0.06670019735398292,0.000986879268536895
799,0,0,799,0.0314146346236412,0.16647790974708176,0.000986879268536875
800,0,1,800,0.03141463462364137,0.05851839309846785,0.0009868792685368871
801,0,2,801,0.031414634623641094,0.014674600467301194,0.0009868792685368698
802,0,0,802,0.0314146346236412,0.019417800774126102,0.0009868792685368763
803,0,1,803,0.0,0.0,0.0
804,0,2,804,0.03141463462364127,0.062164712678774436,0.0009868792685368787
805,0,0,805,0.03141463462364118,0.10056666586401963,0.0009868792685368752
806,0,1,806,0.0,0.0,0.0
807,0,2,807,0.031414634623641274,0.03640467697368299,0.0009868792685368809
808,0,0,808,0.031414634623641205,0.003024582395364038,0.0009868792685368772
809,0,2,809,0.0314146346236413,0.042932684034128865,0.0009868792685368815
810,0,2,810,0.03141463462364144,0.03577139939947438,0.00098687926853689
811,0,1,811,0.031414634623641344,0.031883396431592104,0.0009868792685368876
812,0,1,812,0.03141463462364139,0.010701443388046017,0.0009868792685368876
813,0,2,813,0.0,0.0,0.0
814,0,1,814,0.03141463462364119,0.11398462866641479,0.0009868792685368756
815,0,1,815,0.031414634623641226,0.019807795715677572,0.0009868792685368763
816,0,0,816,0.0,0.0,0.0
817,0,1,817,0.03141463462364119,0.0369905204754129,0.0009868792685368752
818,0,1,818,0.03141463462364132,1.2873486040742427e-05,0.000986879268536884
819,0,1,819,0.03141463462364143,0.11995363084616883,0.0009868792685368906
820,0,1,820,0.0314146346236413,0.047441894297059584,0.0009868792685368826
821,0,0,821,0.03141463462364114,0.10722931528959845,0.0009868792685368733
822,0,0,822,0.0,0.0,0.0
823,0,2,823,0.03141463462364125,0.08037100922589069,0.000986879268536879
824,0,0,824,0.03141463462364119,0.02077716355261644,0.0009868792685368765
825,0,1,825,0.031414634623641136,0.02929276134229422,0.0009868792685368713
826,0,1,826,0.03141463462364122,0.07029584063656036,0.0009868792685368774
827,0,1,827,0.03141463462364125,0.018284928803861566,0.0009868792685368795
828,0,1,828,0.03141463462364126,0.01746006727613736,0.0009868792685368806
829,0,1,829,0.03141463462364117,0.09348104164675197,0.0009868792685368737
830,0,1,830,0.03141463462364132,0.05588048060120965,0.0009868792685368828
831,0,1,831,0.031414634623641365,0.06990566164606848,0.0009868792685368865
832,0,1,832,0.0,0.0,0.0
833,0,0,833,0.0,0.0,0.0
834,0,2,834,0.031414634623641254,0.007438195612542588,0.0009868792685368852
835,0,0,835,0.031414634623641226,0.09529784930698293,0.000986879268536879
836,0,2,836,0.03141463462364111,0.04792813261246156,0.00098687926853687
837,0,0,837,0.031414634623641254,0.08703141641943946,0.0009868792685368804
838,0,2,838,0.0314146346236414,0.04082919116113848,0.0009868792685368884
839,0,1,839,0.0314146346236412,0.06035819974427392,0.0009868792685368767
840,0,1,840,0.03141463462364122,0.015770595784320024,0.0009868792685368767
841,0,0,841,0.03141463462364124,0.051352270604413164,0.0009868792685368785
842,0,0,842,0.031414634623641476,0.0495312672359578,0.0009868792685368936
843,0,0,843,0.0314146346236412,0.018464904968059637,0.000986879268536877
844,0,1,844,0.03141463462364126,0.013712435091228103,0.0009868792685368806
845,0,1,845,0.03141463462364114,0.11441248319545783,0.0009868792685368722
846,0,0,846,0.03141463462364114,0.00623033784101501,0.0009868792685368728
847,0,0,847,0.0,0.0,0.0
848,0,1,848,0.03141463462364121,0.07864654723061527,0.0009868792685368752
849,0,2,849,0.031414634623641226,0.07332569644686115,0.0009868792685368772
850,0,1,850,0.03141463462364127,0.0711904182810923,0.0009868792685368798
851,0,0,851,0.0,0.0,0.0
852,0,1,852,0.031414634623641184,0.003914272557584975,0.000986879268536875
853,0,2,853,0.03141463462364146,0.1939245539244645,0.0009868792685368928
854,0,2,854,0.03141463462364134,0.05667321487166532,0.000986879268536885
855,0,0,855,0.03141463462364121,0.0051468699928418245,0.000986879268536877
856,0,0,856,0.03141463462364134,0.005227943797758816,0.0009868792685368845
857,0,1,857,0.03141463462364141,0.014770743560339916,0.0009868792685368876
858,0,1,858,0.03141463462364146,0.02959902062300812,0.0009868792685368917
859,0,1,859,0.03141463462364146,0.031416134779812754,0.0009868792685368913
860,0,2,860,0.03141463462364116,0.06388912277852032,0.0009868792685368737
861,0,1,861,0.031414634623641295,0.05013333563338618,0.0009868792685368837
862,0,0,862,0.03141463462364126,0.08280171950824211,0.0009868792685368802
863,0,1,863,0.03141463462364135,0.0731229813922476,0.0009868792685368865
864,0,2,864,0.03141463462364126,0.06938246337168857,0.000986879268536881
865,0,0,865,0.03141463462364119,0.0023776999580384373,0.000986879268536876
866,0,0,866,0.03141463462364121,0.014531487140368782,0.0009868792685368772
867,0,1,867,0.03141463462364136,0.1695442627937207,0.000986879268536883
868,0,1,868,0.0,0.0,0.0
869,0,0,869,0.031414634623641226,0.22819067599886855,0.0009868792685368774
870,0,0,870,0.0,0.0,0.0
871,0,1,871,0.03141463462364114,0.003920936903100747,0.0009868792685368728
872,0,1,872,0.03141463462364118,0.03752410476513701,0.000986879268536874
873,0,0,873,0.03141463462364147,0.02019523691163183,0.0009868792685368967
874,0,1,874,0.0314146346236412,0.021708809626410364,0.0009868792685368763
875,0,1,875,0.03141463462364115,0.04491052492157044,0.000986879268536874
876,0,1,876,0.03141463462364126,0.004605422365808298,0.0009868792685368778
877,0,0,877,0.031414634623641094,0.009225856285608902,0.0009868792685368702
878,0,0,878,0.03141463462364121,0.03240106588920777,0.0009868792685368774
879,0,2,879,0.0314146346236412,0.06630212716329137,0.0009868792685368756
880,0,2,880,0.03141463462364132,0.023030943344659383,0.0009868792685368837
881,0,1,881,0.031414634623641205,0.023066091833189528,0.0009868792685368778
882,0,2,882,0.03141463462364141,0.018569128499876797,0.0009868792685368895
883,0,2,883,0.03141463462364134,0.04805944589908728,0.0009868792685368852
884,0,0,884,0.03141463462364137,0.12399174146211323,0.000986879268536887
885,0,0,885,0.03141463462364128,0.039240844746501136,0.0009868792685368785
886,0,1,886,0.0,0.0,0.0
887,0,2,887,0.031414634623641205,0.060718498339296545,0.0009868792685368767
888,0,2,888,0.031414634623641274,0.0037406979403842577,0.000986879268536881
889,0,1,889,0.03141463462364114,0.009758133499329025,0.0009868792685368735
890,0,0,890,0.0,0.0,0.0
891,0,1,891,0.03141463462364133,0.059638495989081386,0.0009868792685368843
892,0,1,892,0.03141463462364118,0.012178862591604833,0.0009868792685368724
893,0,0,893,0.03141463462364119,0.09399865258574236,0.0009868792685368759
894,0,1,894,0.031414634623641365,0.010428408477473283,0.0009868792685368871
895,0,2,895,0.031414634623641156,0.003024074356356987,0.000986879268536874
896,0,0,896,0.031414634623641115,0.01423937199295916,0.0009868792685368715
897,0,1,897,0.03141463462364136,0.06385126899532567,0.0009868792685368863
898,0,0,898,0.03141463462364131,0.05356837836015612,0.0009868792685368822
899,0,1,899,0.0314146346236411,0.023309294758721677,0.00098687926853687
900,0,0,900,0.031414634623641184,0.06590354861651981,0.0009868792685368795
901,0,0,901,0.03141463462364116,0.027626925705256156,0.000986879268536874
902,0,1,902,0.031414634623641205,0.11701811543372242,0.000986879268536876
903,0,1,903,0.031414634623641205,0.12300679008829185,0.0009868792685368763
904,0,0,904,0.0,0.0,0.0
905,0,2,905,0.03141463462364117,0.041155990342955584,0.000986879268536874
906,0,2,906,0.031414634623641205,0.020995959966229716,0.0009868792685368754
907,0,1,907,0.031414634623641094,0.05062557753590724,0.0009868792685368683
908,0,0,908,0.03141463462364126,0.0698953980305621,0.0009868792685368798
909,0,0,909,0.03141463462364126,9.854330232842833e-05,0.0009868792685368798
910,0,2,910,0.03141463462364122,0.045621801743400026,0.000986879268536877
911,0,1,911,0.03141463462364113,0.06739364753435795,0.000986879268536871
912,0,2,912,0.03141463462364125,0.057420425715394074,0.000986879268536879
913,0,0,913,0.031414634623641316,0.016017868072070174,0.0009868792685368843
914,0,1,914,0.03141463462364135,0.0867677343046449,0.0009868792685368852
915,0,1,915,0.03141463462364128,0.05249532093010334,0.000986879268536881
916,0,2,916,0.03141463462364119,0.11004315428856798,0.0009868792685368752
917,0,1,917,0.0,0.0,0.0
918,0,0,918,0.031414634623641205,0.10707615122548075,0.0009868792685368767
919,0,2,919,0.03141463462364146,0.014781233107100888,0.000986879268536893
920,0,1,920,0.0,0.0,0.0
921,0,1,921,0.03141463462364143,0.00363358827619642,0.0009868792685368895
922,0,0,922,0.03141463462364114,0.05868083151109105,0.0009868792685368735
923,0,2,923,0.0314146346236412,0.05005336258758375,0.0009868792685368778
924,0,0,924,0.03141463462364138,0.012756983250717724,0.0009868792685368871
925,0,1,925,0.03141463462364119,0.05987728272185544,0.0009868792685368759
926,0,0,926,0.0,0.0,0.0
927,0,0,927,0.0314146346236412,0.04004794856220917,0.0009868792685368772
928,0,2,928,0.03141463462364126,0.08803644346698514,0.0009868792685368774
929,0,1,929,0.0314146346236413,0.07105324782178533,0.000986879268536882
930,0,0,930,0.03141463462364124,0.10929068545825693,0.000986879268536878
931,0,1,931,0.0314146346236412,0.09729999360184838,0.0009868792685368752
932,0,2,932,0.031414634623641226,0.10699300996249717,0.0009868792685368782
933,0,0,933,0.031414634623641184,0.11581874678424597,0.0009868792685368754
934,0,0,934,0.03141463462364125,0.04056467073703181,0.0009868792685368813
935,0,0,935,0.03141463462364139,0.10785778646952737,0.0009868792685368865
936,0,2,936,0.031414634623641184,0.14569742863914437,0.000986879268536876
937,0,1,937,0.031414634623641365,0.09955212066415253,0.0009868792685368867
938,0,0,938,0.0,0.0,0.0
939,0,0,939,0.0,0.0,0.0
940,0,1,940,0.03141463462364146,0.00850058579891444,0.000986879268536893
941,0,1,941,0.03141463462364122,0.0010184914070709948,0.0009868792685368776
942,0,0,942,0.031414634623641295,0.01653936480522411,0.0009868792685368822
943,0,1,943,0.0,0.0,0.0
944,0,1,944,0.03141463462364132,0.017810853098745416,0.0009868792685368848
945,0,2,945,0.031414634623641254,0.04699938596987785,0.0009868792685368806
946,0,2,946,0.03141463462364134,0.03710512160636714,0.0009868792685368848
947,0,2,947,0.0,0.0,0.0
948,0,1,948,0.031414634623641365,0.06803009614131028,0.0009868792685368854
949,0,2,949,0.03141463462364121,0.10476343894749462,0.0009868792685368778
950,0,2,950,0.03141463462364126,0.00413700842349974,0.0009868792685368826
951,0,0,951,0.031414634623641295,0.0031644665370323677,0.000986879268536882
952,0,0,952,0.03141463462364131,0.02223360232411753,0.0009868792685368832
953,0,2,953,0.03141463462364151,0.16159035742846672,0.0009868792685368947
954,0,1,954,0.03141463462364131,0.05120123244884428,0.000986879268536884
955,0,1,955,0.03141463462364118,0.06246555883384386,0.0009868792685368756
956,0,0,956,0.03141463462364142,0.013214081485249829,0.0009868792685368902
957,0,2,957,0.0,0.0,0.0
958,0,2,958,0.03141463462364128,0.026105946401801194,0.0009868792685368809
959,0,0,959,0.03141463462364131,0.09209833690143787,0.0009868792685368824
960,0,2,960,0.03141463462364144,0.0880443426655253,0.0009868792685368906
961,0,0,961,0.03141463462364143,0.08458501741759905,0.0009868792685368915
962,0,0,962,0.03141463462364144,0.018793246485015125,0.0009868792685368913
963,0,2,963,0.03141463462364135,0.05240278349889538,0.0009868792685368856
964,0,1,964,0.03141463462364127,0.1072509309453189,0.0009868792685368809
965,0,1,965,0.0,0.0,0.0
966,0,0,966,0.03141463462364129,0.026116562083102812,0.0009868792685368837
967,0,0,967,0.031414634623641365,0.004367014813272507,0.0009868792685368874
968,0,2,968,0.03141463462364115,0.03534893742512868,0.0009868792685368754
969,0,2,969,0.03141463462364139,0.0028006551211290365,0.0009868792685368889
970,0,1,970,0.031414634623641385,0.059657359040862445,0.0009868792685368878
971,0,2,971,0.031414634623641184,0.027600482690969486,0.000986879268536876
972,0,1,972,0.031414634623641524,0.0015968407166060336,0.0009868792685368947
973,0,1,973,0.031414634623641205,0.0037697744430257307,0.000986879268536876
974,0,0,974,0.03141463462364115,0.006250822580329496,0.0009868792685368735
975,0,0,975,0.031414634623641184,0.07516417722705082,0.0009868792685368756
976,0,1,976,0.03141463462364115,0.16730685680686452,0.0009868792685368735
977,0,1,977,0.03141463462364132,0.056946263948387976,0.0009868792685368837
978,0,2,978,0.031414634623641184,0.009073960331477338,0.0009868792685368743
979,0,2,979,0.03141463462364119,0.041435234154546974,0.0009868792685368743
980,0,1,980,0.03141463462364115,0.0016233324367633493,0.0009868792685368733
981,0,1,981,0.03141463462364143,0.10732024139636387,0.0009868792685368895
982,0,1,982,0.0,0.0,0.0
983,0,1,983,2.0,0.02713405864300076,0.0009868792685368895
984,0,0,984,0.0,0.0,0.0
985,0,2,985,0.03141463462364117,4.649526502120693e-05,0.0009868792685368743
986,0,2,986,0.03141463462364129,0.09561073165025968,0.0009868792685368822
987,0,1,987,0.03141463462364119,0.004954896065567212,0.0009868792685368756
988,0,2,988,0.031414634623641455,0.02675299556029498,0.0009868792685368926
989,0,1,989,0.031414634623641406,0.03736851006073216,0.0009868792685368887
990,0,1,990,0.03141463462364121,0.10256115568471724,0.000986879268536874
991,0,1,991,0.0,0.0,0.0
992,0,0,992,0.0,0.0,0.0
993,0,2,993,0.0314146346236413,0.0036261510497204164,0.0009868792685368826
994,0,1,994,0.03141463462364123,0.11009988054039788,0.0009868792685368776
995,0,0,995,0.031414634623641434,0.03463117678447958,0.0009868792685368906
996,0,2,996,0.03141463462364113,0.0053276701940232485,0.0009868792685368715
997,0,2,997,0.0,0.0,0.0
998,0,1,998,0.03141463462364147,0.07784890466203809,0.0009868792685368943
999,0,1,999,0.03141463462364121,0.09644197491268924,0.0009868792685368772
1000,0,2,1000,0.031414634623641274,0.043827823289154355,0.00098687926853688
1001,0,1,1001,0.03141463462364126,0.06977188625597952,0.0009868792685368782
1002,0,1,1002,0.03141463462364125,0.09182887234146142,0.000986879268536879
1003,0,0,1003,0.03141463462364127,0.09865261897094957,0.0009868792685368793
1004,0,2,1004,0.03141463462364128,0.09618418369840542,0.000986879268536881
1005,0,2,1005,0.03141463462364113,0.08886499045570373,0.000986879268536868
1006,0,0,1006,0.03141463462364102,0.04023457988430412,0.0009868792685368648
1007,0,2,1007,0.03141463462364136,0.03653498006850375,0.000986879268536886
1008,0,1,1008,0.03141463462364115,0.12057008337856168,0.000986879268536873
1009,0,1,1009,0.03141463462364118,0.06307634455455435,0.0009868792685368748
1010,0,2,1010,0.031414634623641274,0.031221798818473312,0.0009868792685368809
1011,0,0,1011,0.03141463462364123,0.04397830533671865,0.0009868792685368787
1012,0,2,1012,0.03141463462364127,0.11004474676838694,0.0009868792685368804
1013,0,1,1013,0.031414634623641385,0.09003988462650181,0.0009868792685368884
1014,0,2,1014,0.0,0.0,0.0
1015,0,1,1015,0.031414634623641254,0.0006762746173729593,0.0009868792685368798
1016,0,1,1016,0.03141463462364118,0.007854988206059677,0.0009868792685368752
1017,0,0,1017,0.03141463462364119,0.04749250246101111,0.0009868792685368756
1018,0,2,1018,0.03141463462364131,0.03008851024711015,0.0009868792685368832
1019,0,1,1019,0.0314146346236412,0.031103121251863652,0.000986879268536876
1020,0,1,1020,0.03141463462364132,0.014117364376862174,0.0009868792685368845
1021,0,2,1021,0.03141463462364118,0.1136308008627851,0.000986879268536875
1022,0,1,1022,0.031414634623641295,0.03094599705762746,0.0009868792685368824
1023,0,1,1023,0.03141463462364147,0.12180732490823365,0.0009868792685368936
1024,0,1,1024,0.03141463462364122,0.025171229906802865,0.000986879268536878
1025,0,2,1025,0.03141463462364116,0.019475166056935223,0.0009868792685368743
1026,0,0,1026,0.03141463462364144,0.07097722301674203,0.000986879268536892
1027,0,2,1027,0.0,0.0,0.0
1028,0,1,1028,0.031414634623641254,0.036374140688541556,0.0009868792685368798
1029,0,0,1029,0.031414634623641205,0.0017611314997906247,0.0009868792685368772
1030,0,2,1030,0.03141463462364135,0.056115767631131686,0.0009868792685368858
1031,0,1,1031,0.03141463462364133,0.03378533171080167,0.0009868792685368828
1032,0,0,1032,0.03141463462364121,0.041644008633896584,0.000986879268536876
1033,0,0,1033,0.0,0.0,0.0
1034,0,0,1034,0.0,0.0,0.0
1035,0,2,1035,0.031414634623641455,0.03143682906064171,0.0009868792685368923
1036,0,1,1036,0.031414634623641406,0.09111046786065202,0.00098687926853689
1037,0,2,1037,0.03141463462364113,0.09542272817223041,0.0009868792685368709
1038,0,1,1038,0.031414634623641344,0.11340427593056734,0.0009868792685368848
1039,0,0,1039,0.03141463462364116,0.09454518658330846,0.0009868792685368741
1040,0,2,1040,0.031414634623641205,0.12494134341908869,0.000986879268536877
1041,0,0,1041,0.03141463462364136,0.03389800855469205,0.000986879268536887
1042,0,0,1042,0.03141463462364114,0.04700321349322323,0.0009868792685368735
1043,0,0,1043,0.0314146346236413,0.09740983708651862,0.0009868792685368822
1044,0,1,1044,0.031414634623641545,0.07640997461059307,0.0009868792685368975
1045,0,2,1045,0.03141463462364124,0.048666058239679955,0.0009868792685368787
1046,0,1,1046,0.03141463462364118,0.005573037164922745,0.0009868792685368756
1047,0,0,1047,0.03141463462364125,0.077477199372471,0.0009868792685368778
1048,0,1,1048,0.03141463462364115,0.02137106514649867,0.0009868792685368737
1049,0,0,1049,0.031414634623641344,0.0063074080399423416,0.0009868792685368863
1050,0,0,1050,0.03141463462364132,0.045700273327390434,0.000986879268536884
1051,0,2,1051,0.03141463462364124,0.04439554853516314,0.0009868792685368767
1052,0,1,1052,0.031414634623641136,0.0855875406768063,0.0009868792685368741
1053,0,2,1053,0.03141463462364135,0.07291636559070414,0.0009868792685368852
1054,0,1,1054,0.0,0.0,0.0
1055,0,2,1055,0.03141463462364118,0.0189183050363263,0.000986879268536875
1056,0,1,1056,0.0314146346236413,0.004869773800651345,0.0009868792685368826
1057,0,2,1057,0.03141463462364133,0.085073008246622,0.0009868792685368837
1058,0,2,1058,0.031414634623641406,0.03153408316379647,0.0009868792685368865
1059,0,0,1059,0.03141463462364112,0.0014689549298134152,0.000986879268536871
1060,0,0,1060,0.0,0.0,0.0
1061,0,0,1061,0.031414634623641226,0.018020571788030293,0.0009868792685368785
1062,0,1,1062,0.03141463462364127,0.11940397791729018,0.000986879268536881
1063,0,0,1063,0.031414634623641295,0.02082801572226245,0.0009868792685368822
1064,0,0,1064,0.03141463462364124,0.10734174601318625,0.0009868792685368778
1065,0,2,1065,0.03141463462364126,0.09854871193766557,0.0009868792685368804
1066,0,2,1066,0.03141463462364111,0.11709129131706497,0.0009868792685368698
1067,0,1,1067,0.031414634623641184,0.03048309176751124,0.0009868792685368743
1068,0,0,1068,0.03141463462364135,0.0990058498284514,0.0009868792685368852
1069,0,2,1069,0.03141463462364145,0.03541049573178068,0.0009868792685368895
1070,0,0,1070,0.0,0.0,0.0
1071,0,1,1071,0.03141463462364133,0.06259547286579703,0.0009868792685368843
1072,0,2,1072,0.03141463462364139,0.09047170472802346,0.0009868792685368884
1073,0,2,1073,0.031414634623641156,0.02170056074357704,0.0009868792685368735
1074,0,2,1074,0.0314146346236412,0.06787529682054672,0.0009868792685368748
1075,0,1,1075,0.0,0.0,0.0
1076,0,0,1076,0.0314146346236414,0.004848139639442195,0.000986879268536889
1077,0,1,1077,0.03141463462364124,0.0798047643169707,0.0009868792685368798
1078,0,0,1078,0.03141463462364146,0.009441021893724533,0.000986879268536893
1079,0,1,1079,0.03141463462364119,0.07299835504656049,0.000986879268536874
1080,0,2,1080,0.03141463462364137,0.0029171655947984876,0.0009868792685368863
1081,0,2,1081,0.03141463462364147,0.07268005196641969,0.0009868792685368921
1082,0,1,1082,0.03141463462364128,0.016600008036730562,0.000986879268536882
1083,0,1,1083,0.031414634623641316,0.023668432900723957,0.0009868792685368835
1084,0,0,1084,0.03141463462364119,0.039766780751213676,0.0009868792685368754
1085,0,1,1085,0.03141463462364114,0.03948829397511133,0.0009868792685368722
1086,0,1,1086,0.03141463462364126,0.03970968448195933,0.00098687926853688
1087,0,1,1087,0.0,0.0,0.0
1088,0,1,1088,0.031414634623641094,0.06520061890827888,0.0009868792685368685
1089,0,1,1089,0.03141463462364132,0.05335708196876521,0.0009868792685368832
1090,0,0,1090,0.0,0.0,0.0
1091,0,1,1091,0.031414634623641344,0.0837709662543924,0.0009868792685368852
1092,0,1,1092,0.031414634623641274,0.005834381673465394,0.0009868792685368802
1093,0,0,1093,0.03141463462364123,0.02754697305425724,0.0009868792685368774
1094,0,0,1094,0.03141463462364141,0.12925071824762746,0.0009868792685368893
1095,0,0,1095,0.03141463462364117,0.010996279435211698,0.0009868792685368743
1096,0,0,1096,0.03141463462364148,0.01907840493788515,0.0009868792685368965
1097,0,1,1097,0.03141463462364122,0.05277995087690601,0.0009868792685368765
1098,0,2,1098,0.031414634623641184,0.10469460177800666,0.0009868792685368748
1099,0,1,1099,0.03141463462364137,0.03823483743536116,0.000986879268536888
1100,0,1,1100,0.03141463462364113,0.014246609613669747,0.0009868792685368722
1101,0,1,1101,0.03141463462364115,0.05675285326107582,0.0009868792685368733
1102,0,1,1102,0.0,0.0,0.0
1103,0,2,1103,0.031414634623641316,0.06550884699965653,0.0009868792685368835
1104,0,1,1104,0.0,0.0,0.0
1105,0,2,1105,0.031414634623641205,0.0826098308488099,0.0009868792685368767
1106,0,1,1106,0.031414634623641205,0.07526926000592692,0.0009868792685368756
1107,0,2,1107,0.031414634623641254,0.11895309059090664,0.0009868792685368802
1108,0,2,1108,0.0,0.0,0.0
1109,0,0,1109,0.03141463462364126,0.10155107980860645,0.0009868792685368806
1110,0,1,1110,0.03141463462364117,0.19209265794051622,0.000986879268536874
1111,0,1,1111,0.0,0.0,0.0
1112,0,2,1112,0.0,0.0,0.0
1113,0,1,1113,0.031414634623641226,0.06965938403928784,0.0009868792685368776
1114,0,0,1114,0.031414634623641226,0.11777430999361727,0.0009868792685368765
1115,0,2,1115,0.03141463462364127,0.020022174101486323,0.0009868792685368806
1116,0,0,1116,0.0314146346236411,0.10238045303272125,0.00098687926853687
1117,0,2,1117,0.0314146346236413,0.041067079705233656,0.000986879268536882
1118,0,2,1118,0.03141463462364122,0.008821882679774573,0.0009868792685368782
1119,0,2,1119,0.031414634623641205,0.042854396548495655,0.000986879268536876
1120,0,0,1120,0.03141463462364122,0.20772978785589324,0.000986879268536879
1121,0,2,1121,0.031414634623641226,0.018763672153914994,0.0009868792685368759
1122,0,2,1122,0.03141463462364134,0.1079954874516258,0.0009868792685368835
1123,0,0,1123,0.031414634623641434,0.002459254971027225,0.0009868792685368913
1124,0,1,1124,0.03141463462364121,0.03552904451730288,0.0009868792685368776
1125,0,2,1125,0.03141463462364115,0.016366898680877984,0.0009868792685368733
1126,0,1,1126,0.03141463462364139,0.0032491418572955233,0.0009868792685368889
1127,0,0,1127,0.0,0.0,0.0
1128,0,2,1128,0.031414634623641136,0.02121643991773059,0.0009868792685368722
1129,0,0,1129,0.03141463462364112,0.08541495363901586,0.0009868792685368715
1130,0,1,1130,0.031414634623641205,0.024456281631470622,0.000986879268536877
1131,0,2,1131,0.03141463462364135,0.040005700464153415,0.0009868792685368813
1132,0,1,1132,0.031414634623641254,0.021802540837158726,0.0009868792685368809
1133,0,1,1133,1.0216659765847963e-16,0.0,1.0438013677109649e-32
1134,0,1,1134,0.03141463462364122,0.026071773547148264,0.0009868792685368776
1135,0,1,1135,0.031414634623641316,0.01612202851423357,0.0009868792685368843
1136,0,1,1136,0.0,0.0,0.0
1137,0,2,1137,0.03141463462364133,0.11114732998950716,0.0009868792685368835
1138,0,0,1138,0.03141463462364121,0.020324315832914497,0.0009868792685368772
1139,0,2,1139,0.03141463462364129,0.05218317695233021,0.00098687926853688
1140,0,0,1140,0.031414634623641184,0.03301375943555551,0.000986879268536875
1141,0,2,1141,0.03141463462364137,0.07539837484726064,0.0009868792685368874
1142,0,2,1142,0.0,0.0,0.0
1143,0,2,1143,0.03141463462364123,0.08470732198603903,0.000986879268536876
1144,0,0,1144,0.03141463462364124,0.03188958680995199,0.0009868792685368798
1145,0,2,1145,0.031414634623641136,0.026929020943351922,0.0009868792685368724
1146,0,0,1146,0.03141463462364111,0.07635323907865055,0.0009868792685368707
1147,0,2,1147,0.0,0.0,0.0
1148,0,2,1148,0.03141463462364128,0.09430635855721747,0.0009868792685368778
1149,0,0,1149,0.03141463462364116,0.026280451648011294,0.000986879268536874
1150,0,0,1150,0.03141463462364132,0.04176789368707534,0.0009868792685368837
1151,0,2,1151,0.03141463462364135,0.051082629179274086,0.0009868792685368858
1152,0,2,1152,0.0,0.0,0.0
1153,0,2,1153,0.03141463462364119,0.07863939529424901,0.0009868792685368754
1154,0,2,1154,0.03141463462364125,0.08183715411515369,0.0009868792685368795
1155,0,0,1155,0.03141463462364116,0.07648878831359318,0.000986879268536874
1156,0,2,1156,0.031414634623641274,0.01402548054285746,0.0009868792685368782
1157,0,2,1157,0.03141463462364136,0.002504503882670206,0.0009868792685368867
1158,0,1,1158,0.03141463462364131,0.07549844182803556,0.0009868792685368856
1159,0,2,1159,0.0,0.0,0.0
1160,0,2,1160,0.03141463462364144,0.02319441600161376,0.0009868792685368889
1161,0,1,1161,0.03141463462364145,0.048041782754480525,0.0009868792685368917
1162,0,0,1162,0.031414634623641316,0.07901132654208531,0.0009868792685368839
1163,0,1,1163,0.03141463462364115,0.21485422455725223,0.000986879268536873
1164,0,2,1164,0.0314146346236414,0.009269816761166005,0.0009868792685368882
1165,0,1,1165,0.03141463462364126,0.1160781254027552,0.00098687926853688
1166,0,1,1166,0.0314146346236413,0.028667532864311784,0.0009868792685368826
1167,0,1,1167,0.031414634623641434,0.0002688350614656887,0.0009868792685368908
1168,0,2,1168,0.03141463462364122,0.05152904334971409,0.0009868792685368759
1169,0,2,1169,0.03141463462364126,0.013031191140220333,0.000986879268536882
1170,0,2,1170,0.0,0.0,0.0
1171,0,1,1171,0.03141463462364114,0.11123864584301857,0.0009868792685368728
1172,0,0,1172,0.031414634623641385,0.05993546850506437,0.0009868792685368884
1173,0,2,1173,0.03141463462364113,0.16564597775489576,0.000986879268536872
1174,0,2,1174,0.03141463462364132,0.001950392278240315,0.0009868792685368839
1175,0,2,1175,0.03141463462364138,0.05432754241742588,0.000986879268536888
1176,0,2,1176,0.03141463462364128,0.011737177940650767,0.000986879268536881
1177,0,2,1177,0.03141463462364125,0.08345424526342748,0.0009868792685368798
1178,0,0,1178,0.03141463462364125,0.10970248446990905,0.0009868792685368793
1179,0,2,1179,0.0,0.0,0.0
1180,0,2,1180,0.03141463462364119,0.02772753212609419,0.0009868792685368754
1181,0,2,1181,0.031414634623641184,0.023512750443297557,0.0009868792685368765
1182,0,0,1182,0.03141463462364121,0.02827822819851658,0.000986879268536877
1183,0,1,1183,0.03141463462364117,0.03407985563454524,0.0009868792685368741
1184,0,1,1184,0.03141463462364118,0.10215442624985593,0.0009868792685368735
1185,0,0,1185,0.03141463462364126,0.10732101373950953,0.0009868792685368798
1186,0,1,1186,0.0314146346236415,0.02257456272127245,0.0009868792685368967
1187,0,2,1187,0.03141463462364124,0.08076520099622342,0.0009868792685368763
1188,0,0,1188,0.0314146346236414,0.08045339774120563,0.000986879268536888
1189,0,1,1189,0.031414634623641004,0.1322940542029123,0.0009868792685368644
1190,0,0,1190,0.0,0.0,0.0
1191,0,2,1191,0.03141463462364126,0.020751873086628292,0.0009868792685368809
1192,0,1,1192,0.031414634623641316,0.011435687743682532,0.000986879268536884
1193,0,2,1193,0.031414634623641316,0.004599663365977058,0.000986879268536884
1194,0,0,1194,0.031414634623641094,0.03289628299581304,0.0009868792685368707
1195,0,2,1195,0.031414634623641226,0.13332408575319743,0.0009868792685368774
1196,0,1,1196,0.03141463462364117,0.03369284933035316,0.0009868792685368746
1197,0,2,1197,0.03141463462364118,0.00020655062584288815,0.0009868792685368752
1198,0,0,1198,0.03141463462364133,0.033763337806755,0.0009868792685368837
1199,0,1,1199,0.0,0.0,0.0
1200,0,2,1200,0.031414634623641184,0.07527685999898615,0.0009868792685368752
1201,0,0,1201,0.0,0.0,0.0
1202,0,2,1202,0.0,0.0,0.0
1203,0,0,1203,0.0,0.0,0.0
1204,0,2,1204,0.0,0.0,0.0
1205,0,2,1205,0.031414634623641184,0.11316372192519708,0.0009868792685368759
1206,0,0,1206,0.03141463462364133,0.07778678998172772,0.000986879268536884
1207,0,0,1207,0.03141463462364136,0.03580137906673686,0.0009868792685368856
1208,0,2,1208,0.031414634623641136,0.10693143128311977,0.000986879268536872
1209,0,2,1209,0.031414634623641226,0.15447484563472147,0.0009868792685368776
1210,0,2,1210,0.03141463462364136,0.005194035351231641,0.0009868792685368863
1211,0,0,1211,0.031414634623641066,0.10861048486264369,0.0009868792685368672
1212,0,0,1212,0.0,0.0,0.0
1213,0,1,1213,0.031414634623641316,0.09960425855435862,0.000986879268536883
1214,0,2,1214,0.03141463462364131,0.10821820280853034,0.0009868792685368837
1215,0,0,1215,0.0,0.0,0.0
1216,0,0,1216,0.03141463462364117,0.04298486872681623,0.0009868792685368741
1217,0,2,1217,0.0,0.0,0.0
1218,0,1,1218,0.0,0.0,0.0
1219,0,0,1219,0.03141463462364125,0.058675158313199915,0.0009868792685368776
1220,0,2,1220,0.0,0.0,0.0
1221,0,0,1221,0.0314146346236412,0.005132855035436007,0.0009868792685368767
1222,0,1,1222,0.03141463462364117,0.040653227779110956,0.0009868792685368746
1223,0,0,1223,0.0,0.0,0.0
1224,0,2,1224,0.03141463462364115,0.027571220956813747,0.0009868792685368737
1225,0,2,1225,0.03141463462364127,2.878799135512047e-08,0.0009868792685368793
1226,0,0,1226,0.0,0.0,0.0
1227,0,2,1227,0.031414634623641344,0.022288428573786767,0.0009868792685368863
1228,0,2,1228,0.03141463462364119,0.05370837311936569,0.0009868792685368759
1229,0,1,1229,0.031414634623641205,0.034823879736360475,0.000986879268536876
1230,0,0,1230,0.03141463462364138,0.06507542788872467,0.0009868792685368884
1231,0,0,1231,0.031414634623641254,0.051169410938668,0.00098687926853688
1232,0,2,1232,0.03141463462364117,0.0016008352933340186,0.0009868792685368741
1233,0,1,1233,0.0314146346236412,0.0003371170221692227,0.000986879268536876
1234,0,0,1234,0.03141463462364142,0.014700053178956951,0.0009868792685368902
1235,0,2,1235,0.03141463462364124,0.05929732847133118,0.0009868792685368785
1236,0,1,1236,0.0,0.0,0.0
1237,0,1,1237,0.03141463462364127,0.005724949016829836,0.0009868792685368804
1238,0,0,1238,0.0,0.0,0.0
1239,0,1,1239,0.03141463462364123,0.0553074386614979,0.0009868792685368772
1240,0,1,1240,0.031414634623641344,0.08148822638401398,0.0009868792685368824
1241,0,1,1241,0.031414634623641344,0.10115290511534036,0.0009868792685368856
1242,0,0,1242,0.031414634623641205,0.07276422363780322,0.0009868792685368763
1243,0,0,1243,0.03141463462364122,0.013915794939853565,0.0009868792685368782
1244,0,1,1244,0.0,0.0,0.0
1245,0,0,1245,0.0314146346236414,0.03375980735585227,0.0009868792685368882
1246,0,1,1246,0.03141463462364137,0.078815889126302,0.0009868792685368863
1247,0,2,1247,0.03141463462364145,0.12244657522542468,0.0009868792685368917
1248,0,2,1248,0.031414634623641295,0.03999775189171384,0.0009868792685368802
1249,0,2,1249,0.031414634623641136,0.07470053027988932,0.0009868792685368724
1250,0,1,1250,0.0314146346236412,0.0175830388511391,0.0009868792685368763
1251,0,0,1251,0.03141463462364119,0.052581326690035735,0.0009868792685368752
1252,0,0,1252,0.031414634623641316,0.012964813105256212,0.000986879268536887
1253,0,1,1253,0.031414634623641316,0.018671964448989442,0.0009868792685368828
1254,0,0,1254,0.031414634623641254,0.010731972970702941,0.0009868792685368802
1255,0,2,1255,0.03141463462364119,0.023210832469119147,0.0009868792685368748
1256,0,1,1256,0.0,0.0,0.0
1257,0,2,1257,0.0,0.0,0.0
1258,0,2,1258,0.03141463462364145,0.1325789591830735,0.0009868792685368926
1259,0,1,1259,0.031414634623641274,0.05227198526216359,0.0009868792685368806
1260,0,2,1260,0.03141463462364119,0.0850023441688803,0.0009868792685368759
1261,0,1,1261,0.03141463462364126,0.027872665070670877,0.0009868792685368782
1262,0,2,1262,0.03141463462364128,0.07408436015625758,0.0009868792685368776
1263,0,0,1263,0.03141463462364149,0.07209404965475041,0.000986879268536891
1264,0,2,1264,0.03141463462364137,0.002378336210917098,0.0009868792685368871
1265,0,1,1265,0.03141463462364126,0.09133667320173178,0.000986879268536879
1266,0,2,1266,0.0,0.0,0.0
1267,0,0,1267,0.03141463462364118,0.09773743282826183,0.000986879268536875
1268,0,2,1268,0.031414634623641156,0.03612900146358766,0.0009868792685368741
1269,0,2,1269,0.0314146346236414,0.05395865881058359,0.0009868792685368917
1270,0,0,1270,0.031414634623641295,0.08845415599771256,0.0009868792685368815
1271,0,2,1271,0.03141463462364117,0.002336143648586947,0.0009868792685368752
1272,0,0,1272,0.031414634623641385,0.03628030934397097,0.0009868792685368882
1273,0,1,1273,0.03141463462364114,0.01730199048091134,0.0009868792685368724
1274,0,1,1274,0.031414634623641136,0.046505975827218826,0.0009868792685368722
1275,0,2,1275,0.0314146346236413,0.03129273357322404,0.0009868792685368826
1276,0,2,1276,0.03141463462364134,0.12564801318544827,0.0009868792685368845
1277,0,1,1277,0.0,0.0,0.0
1278,0,1,1278,0.0,0.0,0.0
1279,0,1,1279,0.03141463462364131,0.011562387343442282,0.000986879268536883
1280,0,1,1280,0.03141463462364116,0.07347728612171894,0.0009868792685368748
1281,0,2,1281,0.03141463462364134,0.025293135780956266,0.000986879268536885
1282,0,0,1282,0.031414634623641344,0.08281529154928169,0.0009868792685368858
1283,0,0,1283,0.03141463462364116,0.07185039679244426,0.0009868792685368741
1284,0,0,1284,0.031414634623641316,0.050549786528453655,0.0009868792685368852
1285,0,0,1285,0.03141463462364118,0.021063558235012658,0.0009868792685368752
1286,0,2,1286,0.03141463462364149,0.0068790549951900926,0.000986879268536894
1287,0,0,1287,0.03141463462364137,0.07082086636353235,0.0009868792685368871
1288,0,2,1288,0.03141463462364142,0.023782774686788244,0.0009868792685368906
1289,0,0,1289,0.0,0.0,0.0
1290,0,1,1290,0.03141463462364119,0.018508268768860803,0.000986879268536877
1291,0,1,1291,0.03141463462364123,0.007304782737832971,0.0009868792685368817
1292,0,1,1292,0.03141463462364117,0.02402634203815035,0.000986879268536874
1293,0,1,1293,0.03141463462364119,0.021296688116990644,0.0009868792685368759
1294,0,0,1294,0.0,0.0,0.0
1295,0,1,1295,0.031414634623641205,0.08046217865036942,0.0009868792685368767
1296,0,2,1296,0.03141463462364119,0.02886944198591332,0.000986879268536877
1297,0,1,1297,0.0,0.0,0.0
1298,0,2,1298,0.0,0.0,0.0
1299,0,1,1299,0.03141463462364129,0.00335124700810141,0.000986879268536881
1300,0,0,1300,0.03141463462364124,0.1879227884317234,0.0009868792685368791
1301,0,2,1301,0.03141463462364116,0.07683421290189774,0.0009868792685368741
1302,0,2,1302,0.03141463462364103,0.05956987149915194,0.0009868792685368657
1303,0,2,1303,0.031414634623641254,0.0421410731352197,0.000986879268536878
1304,0,1,1304,0.031414634623641205,0.07661971656151767,0.0009868792685368767
1305,0,2,1305,0.0,0.0,0.0
1306,0,1,1306,0.0,0.0,0.0
1307,0,1,1307,0.0,0.0,0.0
1308,0,2,1308,0.0314146346236412,0.01785326686770805,0.0009868792685368772
1309,0,1,1309,0.03141463462364116,0.022624263901827202,0.0009868792685368746
1310,0,2,1310,0.03141463462364104,0.11699941073530162,0.0009868792685368663
1311,0,2,1311,0.03141463462364121,0.034990916405049255,0.0009868792685368778
1312,0,2,1312,0.0314146346236412,0.02418521218265779,0.0009868792685368754
1313,0,2,1313,0.0,0.0,0.0
1314,0,1,1314,0.03141463462364124,0.02352725735589445,0.0009868792685368787
1315,0,2,1315,0.03141463462364141,0.008254397945034686,0.0009868792685368893
1316,0,0,1316,0.031414634623641524,0.005383429963398273,0.000986879268536897
1317,0,2,1317,0.0,0.0,0.0
1318,0,0,1318,0.031414634623641385,0.04202753512834079,0.0009868792685368876
1319,0,1,1319,0.03141463462364132,0.07860707684644863,0.0009868792685368835
1320,0,1,1320,0.031414634623641365,0.0034782056116609006,0.0009868792685368871
1321,0,1,1321,0.03141463462364143,0.0011753171319734967,0.0009868792685368902
1322,0,1,1322,0.03141463462364159,0.033604097640839825,0.000986879268536901
1323,0,2,1323,0.03141463462364131,0.006893899047092589,0.0009868792685368832
1324,0,2,1324,0.031414634623641115,0.07668148870175107,0.0009868792685368717
1325,0,1,1325,0.03141463462364118,0.005833379345260292,0.0009868792685368754
1326,0,0,1326,0.0314146346236411,0.09656415233812643,0.0009868792685368702
1327,0,0,1327,0.03141463462364137,0.011292209729892422,0.0009868792685368871
1328,0,2,1328,0.031414634623641156,0.0015329321848880917,0.0009868792685368741
1329,0,2,1329,0.03141463462364118,0.01487401243936115,0.000986879268536875
1330,0,0,1330,0.03141463462364125,0.01569812660632275,0.0009868792685368791
1331,0,2,1331,0.03141463462364127,0.0688609010778296,0.0009868792685368806
1332,0,2,1332,0.03141463462364143,0.048650229656573174,0.0009868792685368904
1333,0,2,1333,0.03141463462364112,0.08041782481552762,0.000986879268536871
1334,0,0,1334,0.0314146346236413,0.03763846330870324,0.0009868792685368809
1335,0,0,1335,0.03141463462364125,0.061605551495722555,0.0009868792685368813
1336,0,1,1336,0.03141463462364126,0.0001679100239690562,0.0009868792685368798
1337,0,0,1337,0.0,0.0,0.0
1338,0,0,1338,0.03141463462364137,0.0618043929569696,0.0009868792685368876
1339,0,1,1339,0.031414634623641226,0.09628516463225023,0.000986879268536878
1340,0,1,1340,0.03141463462364128,0.0033236600352685025,0.0009868792685368817
1341,0,1,1341,0.031414634623641184,0.09279282452924065,0.0009868792685368748
1342,0,0,1342,0.0314146346236411,0.04548438797661247,0.000986879268536868
1343,0,1,1343,0.031414634623641136,0.06856293606251956,0.0009868792685368722
1344,0,1,1344,0.03141463462364124,0.0038755476263836464,0.000986879268536875
1345,0,1,1345,0.031414634623641205,0.04980270973234202,0.0009868792685368763
1346,0,1,1346,0.0,0.0,0.0
1347,0,0,1347,0.031414634623641316,0.0618591957880219,0.000986879268536886
1348,0,1,1348,0.03141463462364125,0.1011820569070705,0.0009868792685368791
1349,0,2,1349,0.03141463462364118,0.10276291512484548,0.0009868792685368754
1350,0,2,1350,0.0,0.0,0.0
1351,0,0,1351,0.031414634623641295,0.10853076505824388,0.0009868792685368809
1352,0,0,1352,0.03141463462364145,0.044213339736322244,0.000986879268536893
1353,0,1,1353,0.0,0.0,0.0
1354,0,0,1354,0.03141463462364126,0.030889022593902915,0.0009868792685368804
1355,0,1,1355,0.031414634623641365,0.104091964528512,0.0009868792685368854
1356,0,0,1356,0.03141463462364128,0.015240689508513872,0.0009868792685368804
1357,0,1,1357,0.0,0.0,0.0
1358,0,2,1358,0.0,0.0,0.0
1359,0,0,1359,0.03141463462364123,0.026137166969717712,0.0009868792685368774
1360,0,2,1360,0.031414634623641385,0.04720786599418636,0.0009868792685368874
1361,0,1,1361,0.03141463462364125,0.08026760844544167,0.0009868792685368791
1362,0,1,1362,0.0,0.0,0.0
1363,0,0,1363,0.03141463462364118,0.05533360951420918,0.000986879268536875
1364,0,2,1364,0.031414634623641406,0.056899355048225075,0.0009868792685368889
1365,0,1,1365,0.03141463462364122,0.06572661863114071,0.0009868792685368776
1366,0,2,1366,0.031414634623641524,0.0045364611509557395,0.0009868792685368943
1367,0,0,1367,0.0314146346236411,0.008745406705478409,0.0009868792685368698
1368,0,2,1368,0.0314146346236414,0.09334525009043482,0.0009868792685368882
1369,0,0,1369,0.0314146346236411,0.0699658659361797,0.0009868792685368709
1370,0,0,1370,0.031414634623641316,0.10273544813302737,0.000986879268536882
1371,0,1,1371,0.03141463462364128,0.06693779376172326,0.00098687926853688
1372,0,0,1372,0.0,0.0,0.0
1373,0,2,1373,0.03141463462364118,0.01525141874569691,0.0009868792685368748
1374,0,2,1374,0.0,0.0,0.0
1375,0,0,1375,0.03141463462364124,0.01613097144421588,0.000986879268536879
1376,0,0,1376,0.0,0.0,0.0
1377,0,2,1377,0.03141463462364122,0.055131115221730864,0.0009868792685368795
1378,0,0,1378,0.031414634623641344,0.01440687827153786,0.0009868792685368856
1379,0,0,1379,0.0,0.0,0.0
1380,0,0,1380,0.03141463462364132,0.04342406207495575,0.000986879268536884
1381,0,2,1381,0.031414634623641316,0.023943161676171942,0.0009868792685368845
1382,0,0,1382,0.031414634623641136,0.15743383718249238,0.0009868792685368728
1383,0,1,1383,0.03141463462364127,0.00020567002905465606,0.0009868792685368809
1384,0,2,1384,0.03141463462364135,0.051477582310829995,0.0009868792685368856
1385,0,1,1385,0.0,0.0,0.0
1386,0,1,1386,0.0,0.0,0.0
1387,0,0,1387,0.0,0.0,0.0
1388,0,1,1388,0.0,0.0,0.0
1389,0,1,1389,0.031414634623641205,0.010620360011105612,0.0009868792685368778
1390,0,0,1390,0.0,0.0,0.0
1391,0,2,1391,0.0314146346236413,0.0021520762882822897,0.0009868792685368798
1392,0,2,1392,0.03141463462364129,0.08799062298202293,0.0009868792685368804
1393,0,2,1393,0.03141463462364128,0.054376986988814435,0.0009868792685368815
1394,0,2,1394,0.0314146346236413,0.018228401010579987,0.0009868792685368826
1395,0,1,1395,0.03141463462364136,0.045383576930868585,0.0009868792685368852
1396,0,0,1396,0.03141463462364135,0.09028761422314258,0.0009868792685368858
1397,0,2,1397,0.031414634623641344,0.035589448190012085,0.0009868792685368856
1398,0,2,1398,0.03141463462364117,0.07698484550044693,0.0009868792685368741
1399,0,0,1399,0.03141463462364113,0.03230027932825344,0.000986879268536872
1400,0,1,1400,0.03141463462364134,0.05485883131430036,0.0009868792685368839
1401,0,0,1401,0.031414634623641226,0.05483062468896205,0.0009868792685368795
1402,0,2,1402,0.031414634623641184,0.02426570888572166,0.0009868792685368754
1403,0,1,1403,0.03141463462364109,0.08499060498525246,0.0009868792685368691
1404,0,1,1404,0.031414634623641254,0.027959306981714338,0.0009868792685368793
1405,0,0,1405,0.031414634623641316,0.09431159660713306,0.0009868792685368835
1406,0,0,1406,0.0314146346236411,0.03670358898020587,0.0009868792685368694
1407,0,1,1407,0.031414634623641136,0.004687068418316455,0.000986879268536872
1408,0,0,1408,0.0,0.0,0.0
1409,0,2,1409,0.03141463462364138,0.023837522729412974,0.0009868792685368878
1410,0,0,1410,0.031414634623641274,0.1158005010915244,0.0009868792685368813
1411,0,1,1411,0.031414634623641274,0.0512264296222435,0.0009868792685368782
1412,0,2,1412,0.03141463462364125,0.030139490351117626,0.0009868792685368798
1413,0,0,1413,0.031414634623641254,0.04221274194524982,0.00098687926853688
1414,0,1,1414,0.031414634623641094,0.055897811333907255,0.00098687926853687
1415,0,2,1415,0.0,0.0,0.0
1416,0,1,1416,0.031414634623641254,0.07814486961940892,0.0009868792685368798
1417,0,2,1417,0.03141463462364118,0.09098862994639756,0.0009868792685368752
1418,0,2,1418,0.03141463462364133,0.04228338064579962,0.0009868792685368845
1419,0,2,1419,0.03141463462364119,0.18536671588924336,0.0009868792685368754
1420,0,2,1420,0.031414634623641476,0.0759699627849737,0.0009868792685368923
1421,0,1,1421,0.031414634623641205,0.010715215790993049,0.000986879268536877
1422,0,1,1422,0.031414634623641136,0.019540036454723353,0.0009868792685368724
1423,0,1,1423,0.03141463462364143,0.032329978368757395,0.0009868792685368908
1424,0,2,1424,0.03141463462364125,0.1957962771587458,0.0009868792685368785
1425,0,0,1425,0.031414634623641254,0.03380114612410523,0.00098687926853688
1426,0,2,1426,0.031414634623641274,0.10048329669835221,0.0009868792685368793
1427,0,0,1427,0.031414634623641274,0.0780321306015925,0.0009868792685368813
1428,0,1,1428,0.0314146346236412,0.09964808212396026,0.0009868792685368763
1429,0,1,1429,0.03141463462364128,0.025151097340869732,0.0009868792685368809
1430,0,0,1430,0.03141463462364126,0.10011149592078605,0.0009868792685368804
1431,0,1,1431,0.031414634623641365,0.08515197881794911,0.0009868792685368863
1432,0,1,1432,0.0,0.0,0.0
1433,0,0,1433,0.0,0.0,0.0
1434,0,1,1434,0.031414634623641115,0.03429361698680822,0.0009868792685368702
1435,0,1,1435,0.03141463462364129,0.1069986409684045,0.0009868792685368824
1436,0,0,1436,0.031414634623641274,0.03258436965617406,0.0009868792685368813
1437,0,0,1437,0.03141463462364119,0.03427538242541618,0.0009868792685368754
1438,0,2,1438,0.03141463462364129,0.1069524167238538,0.0009868792685368828
1439,0,0,1439,0.031414634623641066,0.03251759996555004,0.0009868792685368676
1440,0,2,1440,0.0314146346236412,0.07475915725576687,0.0009868792685368774
1441,0,2,1441,0.03141463462364133,0.03186113377228761,0.000986879268536885
1442,0,2,1442,0.031414634623641184,0.012636442261082598,0.0009868792685368754
1443,0,2,1443,0.031414634623641254,0.012450440169631455,0.0009868792685368791
1444,0,2,1444,0.03141463462364133,0.07867706956708531,0.0009868792685368826
1445,0,1,1445,0.03141463462364127,0.0031716230622030155,0.0009868792685368806
1446,0,0,1446,0.031414634623641254,0.05899707382973407,0.0009868792685368798
1447,0,1,1447,0.03141463462364122,0.03730525413193897,0.000986879268536878
1448,0,2,1448,0.0,0.0,0.0
1449,0,0,1449,0.031414634623641205,0.06750873856306366,0.000986879268536877
1450,0,0,1450,0.03141463462364117,0.0010619361873324268,0.000986879268536874
1451,0,1,1451,0.03141463462364121,0.009973985029416599,0.0009868792685368774
1452,0,1,1452,0.03141463462364129,0.02944824365005516,0.0009868792685368817
1453,0,1,1453,0.03141463462364125,0.02564301733022442,0.0009868792685368804
1454,0,2,1454,0.031414634623641344,0.04876974029439951,0.0009868792685368863
1455,0,1,1455,0.0,0.0,0.0
1456,0,1,1456,0.031414634623641274,0.028917468932319945,0.00098687926853688
1457,0,1,1457,0.0,0.0,0.0
1458,0,1,1458,0.031414634623641295,0.020100882742527526,0.000986879268536881
1459,0,1,1459,0.031414634623641156,0.02418154116852378,0.000986879268536874
1460,0,0,1460,0.031414634623641476,0.03771228490485168,0.0009868792685368858
1461,0,0,1461,0.0,0.0,0.0
1462,0,1,1462,0.031414634623641316,0.08466944131594195,0.000986879268536883
1463,0,2,1463,0.0,0.0,0.0
1464,0,1,1464,0.03141463462364122,0.15972731099679205,0.0009868792685368767
1465,0,2,1465,0.03141463462364141,0.01247838594182138,0.0009868792685368906
1466,0,1,1466,0.0,0.0,0.0
1467,0,1,1467,0.031414634623641254,0.1155040491685222,0.0009868792685368793
1468,0,0,1468,0.03141463462364133,0.06721973069509835,0.000986879268536884
1469,0,1,1469,0.03141463462364118,0.10969807920139152,0.0009868792685368748
1470,0,0,1470,0.031414634623641156,0.22495249703456,0.000986879268536874
1471,0,1,1471,0.03141463462364134,0.1628324192694608,0.0009868792685368845
1472,0,2,1472,0.03141463462364119,0.06436518374995981,0.0009868792685368759
1473,0,2,1473,0.0,0.0,0.0
1474,0,0,1474,0.031414634623641156,0.06665229035569986,0.0009868792685368746
1475,0,0,1475,0.03141463462364123,0.15871408725482228,0.000986879268536878
1476,0,1,1476,0.03141463462364133,0.04078270938325468,0.0009868792685368824
1477,0,0,1477,0.03141463462364112,0.0008813071340522775,0.0009868792685368713
1478,0,0,1478,0.031414634623641136,0.032308578873762483,0.0009868792685368722
1479,0,1,1479,0.03141463462364136,0.006206836683255723,0.0009868792685368856
1480,0,1,1480,0.03141463462364118,0.027057150275248798,0.0009868792685368746
1481,0,0,1481,0.03141463462364121,0.023648402866732976,0.0009868792685368765
1482,0,1,1482,0.03141463462364144,0.09983959555681876,0.000986879268536886
1483,0,1,1483,0.0,0.0,0.0
1484,0,2,1484,0.03141463462364119,0.0845266505617781,0.000986879268536876
1485,0,0,1485,0.03141463462364137,0.10878262823354723,0.0009868792685368863
1486,0,1,1486,0.03141463462364132,0.05078955111624728,0.0009868792685368839
1487,0,1,1487,0.031414634623641254,0.09700659289056057,0.0009868792685368798
1488,0,1,1488,0.03141463462364105,0.08735996603224994,0.000986879268536868
1489,0,1,1489,0.03141463462364128,0.0027225895785658594,0.0009868792685368817
1490,0,0,1490,0.0,0.0,0.0
1491,0,2,1491,0.03141463462364136,0.05410535440320974,0.000986879268536886
1492,0,0,1492,0.03141463462364134,0.12334940228630664,0.0009868792685368848
1493,0,0,1493,0.031414634623641226,0.08201950226708132,0.0009868792685368809
1494,0,1,1494,0.031414634623641254,0.047086944204190795,0.0009868792685368778
1495,0,2,1495,0.031414634623641184,0.0343645089942024,0.0009868792685368748
1496,0,0,1496,0.0,0.0,0.0
1497,0,1,1497,0.03141463462364135,0.07743067601998632,0.0009868792685368854
1498,0,1,1498,0.03141463462364112,0.013732840143229175,0.0009868792685368717
1499,0,1,1499,0.03141463462364119,0.12396680138011273,0.0009868792685368756
