,Layer,Qubit,Run,2-Norm,Trace Norm,Diamond Norm
0,0,0,0,0.031414634623641406,1.1857187100668868e-16,0.0009868792685368893
1,0,1,1,0.03141463462364123,0.031414634623641205,0.0009868792685368782
2,0,1,2,0.031414634623641344,0.031414634623641344,0.0009868792685368854
3,0,0,3,0.0,0.0,0.0
4,0,1,4,0.0,0.0,0.0
5,0,2,5,0.0,0.0,0.0
6,0,2,6,0.03141463462364126,1.1102230246251565e-16,0.0009868792685368802
7,0,1,7,0.03141463462364126,0.03141463462364121,0.0009868792685368802
8,0,2,8,0.03141463462364124,0.03141463462364123,0.0009868792685368785
9,0,0,9,0.0,0.0,0.0
10,0,1,10,0.03141463462364137,1.1123893155135927e-16,0.0009868792685368871
11,0,0,11,0.031414634623641226,0.031414634623641184,0.000986879268536878
12,0,1,12,0.0,0.0,0.0
13,0,0,13,0.031414634623641455,0.031414634623641406,0.0009868792685368923
14,0,0,14,0.03141463462364134,0.03141463462364131,0.0009868792685368852
15,0,1,15,0.031414634623641205,0.031414634623641205,0.0009868792685368765
16,0,2,16,0.03141463462364116,0.03141463462364111,0.0009868792685368741
17,0,0,17,0.031414634623641295,0.031414634623641295,0.0009868792685368824
18,0,1,18,2.0,1.999753264963321,0.0009868792685368984
19,0,2,19,0.031414634623641184,1.1102230246251565e-16,0.0009868792685368754
20,0,2,20,0.03141463462364114,0.0,0.0009868792685368728
21,0,2,21,0.0,0.0,0.0
22,0,2,22,0.03141463462364115,0.03141463462364114,0.0009868792685368733
23,0,0,23,0.031414634623641385,0.031414634623641385,0.0009868792685368882
24,0,2,24,0.031414634623641205,0.03141463462364119,0.0009868792685368765
25,0,2,25,0.031414634623641184,1.1102230246251565e-16,0.0009868792685368754
26,0,2,26,0.0314146346236413,1.5700924586837752e-16,0.0009868792685368828
27,0,0,27,0.031414634623641254,0.03141463462364116,0.0009868792685368798
28,0,0,28,0.031414634623641156,1.1102230246251565e-16,0.000986879268536874
29,0,2,29,0.0314146346236415,1.1443916996305594e-16,0.0009868792685368954
30,0,0,30,0.031414634623641344,0.03141463462364128,0.0009868792685368854
31,0,1,31,2.0000000000000004,2.0,0.000986879268536889
32,0,0,32,0.03141463462364118,0.03141463462364111,0.000986879268536875
33,0,1,33,0.0,0.0,1.88079096131566e-37
34,0,0,34,0.031414634623641344,2.482534153247273e-16,0.0009868792685368856
35,0,2,35,0.0,0.0,0.0
36,0,0,36,0.03141463462364131,0.031414634623641295,0.0009868792685368832
37,0,1,37,0.03141463462364138,1.1102230246251565e-16,0.0009868792685368876
38,0,1,38,0.0,0.0,0.0
39,0,1,39,0.03141463462364124,0.031414634623641205,0.000986879268536879
40,0,0,40,0.03141463462364135,9.71445146547012e-17,0.000986879268536886
41,0,1,41,0.0,0.0,0.0
42,0,2,42,0.0,0.0,0.0
43,0,2,43,0.0,0.0,4.81482486096809e-35
44,0,2,44,0.031414634623641295,0.03141463462364124,0.0009868792685368824
45,0,0,45,0.031414634623641184,1.2412670766236366e-16,0.0009868792685368756
46,0,0,46,0.0314146346236412,0.03141463462364113,0.0009868792685368763
47,0,1,47,0.03141463462364123,1.1102230246251565e-16,0.0009868792685368787
48,0,1,48,0.0314146346236412,0.0314146346236412,0.000986879268536876
49,0,1,49,0.03141463462364134,0.03141463462364134,0.0009868792685368852
50,0,1,50,0.03141463462364134,1.1102230246251565e-16,0.0009868792685368848
51,0,0,51,0.03141463462364145,1.1102230246251565e-16,0.000986879268536892
52,0,2,52,0.03141463462364131,2.220446049250313e-16,0.0009868792685368832
53,0,0,53,0.031414634623641184,0.03141463462364116,0.0009868792685368752
54,0,0,54,0.031414634623641226,0.03141463462364115,0.0009868792685368778
55,0,0,55,0.03141463462364137,0.031414634623641226,0.0009868792685368874
56,0,1,56,0.03141463462364122,1.3877787807814457e-16,0.0009868792685368774
57,0,1,57,0.0314146346236412,0.0314146346236412,0.0009868792685368763
58,0,0,58,0.0,0.0,0.0
59,0,1,59,0.03141463462364124,0.031414634623641205,0.0009868792685368787
60,0,2,60,0.031414634623641434,0.031414634623641434,0.000986879268536891
61,0,1,61,0.031414634623641344,0.0,0.0009868792685368854
62,0,0,62,0.0314146346236412,0.03141463462364119,0.0009868792685368763
63,0,1,63,0.03141463462364126,1.8041124150158794e-16,0.0009868792685368802
64,0,0,64,0.031414634623641274,2.2887833992611187e-16,0.0009868792685368809
65,0,2,65,0.03141463462364115,2.7755575615628914e-17,0.0009868792685368735
66,0,2,66,0.03141463462364128,1.5700924586837752e-16,0.0009868792685368813
67,0,0,67,0.031414634623641295,1.2412670766236366e-16,0.0009868792685368826
68,0,0,68,0.031414634623641205,0.0,0.0009868792685368767
69,0,0,69,0.031414634623641136,0.03141463462364108,0.0009868792685368724
70,0,2,70,0.0,0.0,0.0
71,0,2,71,0.03141463462364122,0.03141463462364122,0.0009868792685368778
72,0,2,72,0.0,0.0,1.7085994060194265e-37
73,0,1,73,0.03141463462364118,0.03141463462364118,0.000986879268536875
74,0,0,74,0.03141463462364137,1.3183898417423734e-16,0.0009868792685368871
75,0,0,75,0.03141463462364124,1.1102230246251565e-16,0.000986879268536879
76,0,2,76,0.03141463462364122,5.551115123125783e-17,0.000986879268536878
77,0,0,77,0.03141463462364126,1.3877787807814457e-16,0.0009868792685368802
78,0,2,78,0.031414634623641406,3.1401849173675503e-16,0.000986879268536889
79,0,0,79,0.0,0.0,0.0
80,0,1,80,0.03141463462364115,0.03141463462364115,0.000986879268536873
81,0,2,81,0.03141463462364123,0.0,0.000986879268536878
82,0,1,82,0.0314146346236412,0.031414634623641136,0.0009868792685368767
83,0,2,83,0.03141463462364129,1.3877787807814457e-16,0.0009868792685368822
84,0,1,84,0.03141463462364131,2.482534153247273e-16,0.0009868792685368835
85,0,1,85,0.03141463462364145,0.031414634623641455,0.0009868792685368923
86,0,0,86,0.03141463462364119,2.220446049250313e-16,0.0009868792685368759
87,0,0,87,0.0,0.0,0.0
88,0,1,88,0.03141463462364126,1.5700924586837752e-16,0.0009868792685368802
89,0,1,89,0.03141463462364121,2.0014830212433607e-16,0.000986879268536877
90,0,2,90,0.031414634623641205,0.03141463462364119,0.0009868792685368765
91,0,0,91,0.031414634623641226,1.1102230246251565e-16,0.0009868792685368778
92,0,0,92,0.03141463462364131,0.03141463462364131,0.0009868792685368837
93,0,0,93,0.0,0.0,0.0
94,0,1,94,0.03141463462364133,0.03141463462364133,0.0009868792685368848
95,0,0,95,0.03141463462364115,2.0014830212433607e-16,0.0009868792685368735
96,0,2,96,0.0314146346236411,0.031414634623641094,0.0009868792685368698
97,0,1,97,0.03141463462364155,0.03141463462364155,0.0009868792685368986
98,0,2,98,0.031414634623641094,0.0,0.0009868792685368696
99,0,0,99,2.0000000000000004,1.9997532649633214,0.0009868792685368982
100,0,2,100,0.0,0.0,0.0
101,0,0,101,0.0314146346236412,1.2412670766236366e-16,0.0009868792685368765
102,0,1,102,2.0,2.0,0.0009868792685369001
103,0,2,103,0.031414634623641226,0.03141463462364121,0.0009868792685368782
104,0,2,104,0.03141463462364121,0.0,0.0009868792685368774
105,0,2,105,0.0,0.0,0.0
106,0,1,106,0.031414634623641274,1.5700924586837752e-16,0.000986879268536881
107,0,1,107,0.0,0.0,0.0
108,0,2,108,0.03141463462364136,1.1102230246251565e-16,0.0009868792685368863
109,0,2,109,0.031414634623641184,1.3877787807814457e-16,0.0009868792685368752
110,0,0,110,0.0314146346236414,3.510833468576701e-16,0.0009868792685368887
111,0,0,111,0.0,0.0,0.0
112,0,0,112,0.031414634623641254,1.1102230246251565e-16,0.0009868792685368798
113,0,0,113,0.031414634623641455,0.03141463462364145,0.0009868792685368926
114,0,2,114,0.03141463462364112,0.031414634623641115,0.0009868792685368713
115,0,2,115,0.03141463462364131,0.0314146346236412,0.0009868792685368832
116,0,2,116,0.03141463462364149,0.03141463462364142,0.0009868792685368945
117,0,1,117,0.031414634623641316,0.0,0.0009868792685368839
118,0,2,118,0.031414634623641136,1.5700924586837752e-16,0.0009868792685368726
119,0,0,119,0.031414634623641254,0.03141463462364111,0.00098687926853688
120,0,1,120,0.0,0.0,0.0
121,0,0,121,0.03141463462364132,1.1102230246251565e-16,0.0009868792685368839
122,0,1,122,0.031414634623641184,1.1102230246251565e-16,0.0009868792685368754
123,0,2,123,0.0,0.0,0.0
124,0,0,124,0.0,0.0,0.0
125,0,0,125,0.03141463462364135,1.1102230246251565e-16,0.000986879268536886
126,0,1,126,0.03141463462364143,0.03141463462364143,0.0009868792685368908
127,0,2,127,0.0,0.0,0.0
128,0,2,128,0.031414634623641205,0.0314146346236412,0.000986879268536877
129,0,2,129,0.031414634623641316,0.03141463462364124,0.0009868792685368839
130,0,0,130,0.03141463462364127,1.2118257228641695e-16,0.0009868792685368806
131,0,0,131,0.03141463462364123,1.1102230246251565e-16,0.0009868792685368785
132,0,0,132,0.031414634623641295,0.03141463462364118,0.0009868792685368824
133,0,0,133,0.0314146346236412,0.0,0.0009868792685368765
134,0,1,134,0.03141463462364105,0.03141463462364105,0.000986879268536867
135,0,2,135,0.03141463462364137,0.03141463462364119,0.0009868792685368874
136,0,1,136,0.0314146346236412,0.031414634623641156,0.0009868792685368763
137,0,1,137,0.03141463462364131,0.03141463462364127,0.0009868792685368832
138,0,1,138,0.03141463462364131,2.220446049250313e-16,0.0009868792685368835
139,0,2,139,0.03141463462364117,0.0,0.0009868792685368746
140,0,2,140,0.03141463462364133,1.1102230246251565e-16,0.0009868792685368848
141,0,0,141,0.03141463462364119,1.1443916996305594e-16,0.000986879268536876
142,0,2,142,0.0314146346236413,1.1443916996305594e-16,0.0009868792685368826
143,0,1,143,0.0,0.0,0.0
144,0,1,144,0.03141463462364131,1.5700924586837752e-16,0.0009868792685368835
145,0,2,145,0.03141463462364119,0.0,0.000986879268536876
146,0,2,146,0.0,0.0,0.0
147,0,0,147,0.031414634623641434,2.220446049250313e-16,0.000986879268536891
148,0,0,148,0.03141463462364136,0.03141463462364133,0.0009868792685368863
149,0,0,149,0.03141463462364123,1.1102230246251565e-16,0.0009868792685368782
150,0,2,150,0.0314146346236412,0.03141463462364117,0.0009868792685368763
151,0,2,151,0.031414634623641205,0.0,0.000986879268536877
152,0,1,152,0.03141463462364149,1.3877787807814457e-16,0.0009868792685368947
153,0,0,153,0.031414634623641344,0.031414634623641316,0.0009868792685368854
154,0,2,154,0.031414634623641476,0.03141463462364138,0.0009868792685368939
155,0,2,155,0.031414634623641205,2.220446049250313e-16,0.0009868792685368767
156,0,2,156,0.03141463462364115,0.03141463462364115,0.0009868792685368735
157,0,1,157,0.031414634623641496,0.0,0.000986879268536895
158,0,0,158,0.031414634623641295,0.031414634623641295,0.0009868792685368826
159,0,1,159,0.03141463462364119,0.03141463462364119,0.0009868792685368759
160,0,1,160,0.031414634623641316,0.031414634623641226,0.0009868792685368837
161,0,1,161,0.0,0.0,0.0
162,0,1,162,0.0314146346236414,0.03141463462364138,0.0009868792685368889
163,0,2,163,0.031414634623641274,1.2412670766236366e-16,0.0009868792685368813
164,0,0,164,0.031414634623641226,0.031414634623641226,0.000986879268536878
165,0,0,165,0.0314146346236414,1.1102230246251565e-16,0.0009868792685368889
166,0,0,166,0.03141463462364131,0.031414634623641254,0.0009868792685368835
167,0,0,167,0.03141463462364156,0.03141463462364148,0.000986879268536899
168,0,2,168,0.0,0.0,0.0
169,0,1,169,0.0314146346236414,0.03141463462364139,0.0009868792685368889
170,0,1,170,0.03141463462364129,0.03141463462364129,0.0009868792685368824
171,0,2,171,0.0,0.0,0.0
172,0,2,172,0.031414634623641115,0.0,0.0009868792685368713
173,0,0,173,0.03141463462364136,5.551115123125783e-17,0.0009868792685368865
174,0,0,174,0.0,0.0,0.0
175,0,2,175,0.03141463462364153,0.03141463462364153,0.0009868792685368971
176,0,1,176,0.0314146346236411,0.0,0.0009868792685368704
177,0,2,177,0.03141463462364123,0.031414634623641184,0.0009868792685368787
178,0,1,178,0.03141463462364131,0.03141463462364131,0.0009868792685368832
179,0,2,179,0.0,0.0,0.0
180,0,1,180,0.03141463462364133,0.0314146346236413,0.0009868792685368845
181,0,1,181,0.0,0.0,0.0
182,0,1,182,0.03141463462364122,0.03141463462364115,0.0009868792685368776
183,0,2,183,0.031414634623641254,0.0,0.0009868792685368798
184,0,0,184,0.031414634623641205,0.03141463462364115,0.0009868792685368765
185,0,2,185,0.03141463462364134,1.1102230246251565e-16,0.000986879268536885
186,0,2,186,0.0,0.0,0.0
187,0,2,187,0.031414634623641274,0.0314146346236412,0.000986879268536881
188,0,1,188,0.03141463462364118,0.03141463462364118,0.0009868792685368748
189,0,2,189,0.03141463462364122,0.03141463462364121,0.0009868792685368776
190,0,2,190,0.0,0.0,3.009265538105056e-36
191,0,1,191,0.0,0.0,0.0
192,0,1,192,0.03141463462364134,1.5700924586837752e-16,0.000986879268536885
193,0,1,193,0.031414634623641274,1.5700924586837752e-16,0.000986879268536881
194,0,0,194,0.0,0.0,0.0
195,0,0,195,0.03141463462364117,0.0314146346236411,0.0009868792685368746
196,0,0,196,0.03141463462364142,0.03141463462364141,0.0009868792685368897
197,0,1,197,0.031414634623641406,0.03141463462364132,0.0009868792685368895
198,0,1,198,0.03141463462364133,0.03141463462364133,0.0009868792685368848
199,0,1,199,0.0,0.0,0.0
200,0,1,200,0.0,0.0,0.0
201,0,1,201,0.0,0.0,0.0
202,0,2,202,0.031414634623641295,1.6653345369377348e-16,0.0009868792685368826
203,0,0,203,0.03141463462364125,0.03141463462364125,0.0009868792685368795
204,0,1,204,0.03141463462364125,1.5700924586837752e-16,0.0009868792685368793
205,0,1,205,0.03141463462364138,0.03141463462364138,0.0009868792685368874
206,0,0,206,0.031414634623641274,0.03141463462364127,0.000986879268536881
207,0,1,207,0.03141463462364121,0.0314146346236412,0.0009868792685368763
208,0,2,208,0.0,0.0,0.0
209,0,2,209,0.03141463462364127,1.5700924586837752e-16,0.0009868792685368804
210,0,0,210,0.031414634623641385,2.482534153247273e-16,0.0009868792685368882
211,0,2,211,0.0314146346236413,0.03141463462364117,0.0009868792685368826
212,0,1,212,0.031414634623641184,0.03141463462364113,0.0009868792685368756
213,0,0,213,0.0,0.0,0.0
214,0,2,214,0.03141463462364124,0.03141463462364121,0.000986879268536879
215,0,0,215,0.03141463462364152,5.551115123125783e-17,0.0009868792685368958
216,0,1,216,0.031414634623641254,1.5700924586837752e-16,0.0009868792685368798
217,0,0,217,0.03141463462364135,0.03141463462364134,0.0009868792685368858
218,0,2,218,0.031414634623641365,0.03141463462364132,0.000986879268536887
219,0,1,219,0.0,0.0,0.0
220,0,0,220,0.031414634623641254,1.5700924586837752e-16,0.00098687926853688
221,0,2,221,0.03141463462364138,0.03141463462364136,0.0009868792685368876
222,0,1,222,0.03141463462364128,0.03141463462364128,0.0009868792685368817
223,0,2,223,0.03141463462364121,0.03141463462364115,0.0009868792685368774
224,0,0,224,0.031414634623641295,0.0,0.0009868792685368824
225,0,0,225,0.03141463462364137,0.0314146346236413,0.0009868792685368871
226,0,2,226,0.03141463462364121,0.03141463462364117,0.000986879268536877
227,0,0,227,0.03141463462364139,1.5700924586837752e-16,0.0009868792685368884
228,0,1,228,0.0,0.0,0.0
229,0,0,229,0.03141463462364141,0.031414634623641344,0.00098687926853689
230,0,0,230,0.03141463462364132,1.3877787807814457e-16,0.000986879268536884
231,0,0,231,0.03141463462364117,0.03141463462364114,0.0009868792685368748
232,0,0,232,0.03141463462364127,0.0314146346236412,0.0009868792685368806
233,0,0,233,0.0314146346236412,0.03141463462364114,0.0009868792685368763
234,0,0,234,0.031414634623641226,0.0,0.000986879268536878
235,0,2,235,0.031414634623641254,1.1102230246251565e-16,0.0009868792685368798
236,0,2,236,0.031414634623641385,0.031414634623641385,0.0009868792685368882
237,0,2,237,0.03141463462364132,1.7235854893846466e-16,0.000986879268536884
238,0,2,238,0.0,0.0,0.0
239,0,1,239,0.03141463462364141,0.031414634623641385,0.0009868792685368897
240,0,0,240,0.0,0.0,0.0
241,0,1,241,0.03141463462364134,0.03141463462364129,0.0009868792685368854
242,0,1,242,0.0314146346236413,0.03141463462364129,0.0009868792685368822
243,0,0,243,0.0,0.0,0.0
244,0,2,244,0.0,0.0,0.0
245,0,2,245,0.03141463462364133,1.1102230246251565e-16,0.0009868792685368848
246,0,0,246,0.031414634623641274,1.2412670766236366e-16,0.0009868792685368813
247,0,2,247,0.03141463462364134,1.5700924586837752e-16,0.000986879268536885
248,0,2,248,0.03141463462364118,0.0,0.0009868792685368752
249,0,0,249,0.03141463462364121,0.0,0.0009868792685368774
250,0,0,250,0.0,0.0,0.0
251,0,1,251,0.03141463462364127,0.03141463462364127,0.0009868792685368809
252,0,1,252,0.031414634623641274,0.03141463462364127,0.0009868792685368809
253,0,1,253,0.0314146346236411,1.5700924586837752e-16,0.0009868792685368702
254,0,1,254,0.03141463462364117,1.5700924586837752e-16,0.0009868792685368746
255,0,2,255,0.0,0.0,0.0
256,0,2,256,0.03141463462364145,0.0314146346236414,0.0009868792685368921
257,0,0,257,0.03141463462364129,0.031414634623641184,0.0009868792685368822
258,0,0,258,0.031414634623641344,7.632783294297951e-17,0.0009868792685368852
259,0,2,259,0.0,0.0,1.2037062152420224e-35
260,0,0,260,0.03141463462364147,0.03141463462364146,0.000986879268536893
261,0,0,261,0.03141463462364142,1.1857187100668868e-16,0.0009868792685368904
262,0,2,262,0.031414634623641365,2.220446049250313e-16,0.000986879268536887
263,0,1,263,0.03141463462364114,2.0014830212433607e-16,0.000986879268536873
264,0,1,264,0.0,0.0,0.0
265,0,1,265,0.0,0.0,0.0
266,0,1,266,0.031414634623641094,0.03141463462364109,0.0009868792685368696
267,0,0,267,0.031414634623641316,1.5700924586837752e-16,0.0009868792685368837
268,0,2,268,0.031414634623641344,1.1102230246251565e-16,0.0009868792685368856
269,0,1,269,0.031414634623641434,0.031414634623641434,0.0009868792685368913
270,0,2,270,0.0,0.0,1.5234406786656846e-35
271,0,2,271,0.03141463462364137,0.031414634623641316,0.0009868792685368871
272,0,1,272,0.03141463462364124,0.03141463462364123,0.0009868792685368787
273,0,0,273,0.031414634623641184,0.031414634623641184,0.0009868792685368754
274,0,2,274,0.03141463462364131,0.0314146346236413,0.0009868792685368835
275,0,1,275,0.03141463462364133,1.5700924586837752e-16,0.0009868792685368845
276,0,2,276,0.031414634623641254,1.1102230246251565e-16,0.0009868792685368798
277,0,1,277,0.03141463462364143,0.03141463462364142,0.0009868792685368908
278,0,2,278,0.03141463462364126,0.031414634623641205,0.00098687926853688
279,0,1,279,0.03141463462364122,0.031414634623641136,0.0009868792685368774
280,0,2,280,0.0,0.0,0.0
281,0,0,281,0.0,0.0,0.0
282,0,0,282,0.0,0.0,1.2037062152420224e-35
283,0,2,283,0.0,0.0,0.0
284,0,2,284,0.03141463462364122,1.1102230246251565e-16,0.0009868792685368776
285,0,0,285,0.03141463462364119,0.0,0.0009868792685368756
286,0,1,286,0.0,0.0,0.0
287,0,1,287,0.03141463462364126,0.0,0.0009868792685368802
288,0,2,288,0.03141463462364114,0.0,0.0009868792685368728
289,0,0,289,0.03141463462364139,1.5700924586837752e-16,0.0009868792685368884
290,0,2,290,0.03141463462364115,0.031414634623641094,0.0009868792685368733
291,0,1,291,0.03141463462364135,1.5700924586837752e-16,0.0009868792685368858
292,0,1,292,0.03141463462364131,1.1102230246251565e-16,0.0009868792685368832
293,0,2,293,0.031414634623641434,0.031414634623641434,0.0009868792685368908
294,0,1,294,0.031414634623641226,0.03141463462364115,0.0009868792685368778
295,0,1,295,0.03141463462364144,0.03141463462364144,0.0009868792685368913
296,0,2,296,0.0,0.0,0.0
297,0,2,297,0.03141463462364117,1.1102230246251565e-16,0.0009868792685368748
298,0,0,298,0.03141463462364138,1.1102230246251565e-16,0.0009868792685368878
299,0,2,299,0.03141463462364117,0.03141463462364117,0.0009868792685368748
300,0,0,300,0.0,0.0,0.0
301,0,1,301,0.03141463462364116,2.220446049250313e-16,0.000986879268536874
302,0,2,302,0.03141463462364125,0.03141463462364124,0.0009868792685368793
303,0,0,303,0.031414634623641205,1.1102230246251565e-16,0.0009868792685368765
304,0,0,304,0.03141463462364131,0.03141463462364131,0.0009868792685368835
305,0,0,305,0.03141463462364117,0.03141463462364116,0.0009868792685368746
306,0,1,306,0.0314146346236412,2.220446049250313e-16,0.0009868792685368765
307,0,1,307,0.031414634623641254,0.031414634623641254,0.00098687926853688
308,0,2,308,0.0314146346236413,0.0314146346236413,0.0009868792685368828
309,0,0,309,0.03141463462364126,0.03141463462364126,0.0009868792685368806
310,0,2,310,0.03141463462364143,2.482534153247273e-16,0.0009868792685368908
311,0,1,311,0.0,0.0,0.0
312,0,1,312,0.0,0.0,0.0
313,0,1,313,0.03141463462364133,0.03141463462364133,0.000986879268536885
314,0,1,314,0.031414634623641254,0.03141463462364121,0.0009868792685368795
315,0,0,315,0.03141463462364121,5.551115123125783e-17,0.0009868792685368772
316,0,2,316,0.031414634623641274,0.031414634623641274,0.000986879268536881
317,0,1,317,0.03141463462364122,1.1102230246251565e-16,0.0009868792685368778
318,0,0,318,0.031414634623641316,0.03141463462364125,0.0009868792685368837
319,0,2,319,0.03141463462364128,0.03141463462364124,0.0009868792685368815
320,0,1,320,0.0,0.0,0.0
321,0,2,321,0.03141463462364128,0.031414634623641184,0.0009868792685368817
322,0,2,322,0.03141463462364135,0.03141463462364126,0.000986879268536886
323,0,2,323,0.03141463462364108,0.0,0.0009868792685368687
324,0,2,324,0.031414634623641254,0.03141463462364122,0.0009868792685368795
325,0,2,325,0.03141463462364151,0.03141463462364148,0.000986879268536896
326,0,0,326,0.03141463462364114,0.03141463462364113,0.0009868792685368728
327,0,2,327,0.03141463462364143,2.42861286636753e-16,0.0009868792685368906
328,0,2,328,0.0,0.0,0.0
329,0,1,329,0.03141463462364119,0.03141463462364119,0.0009868792685368759
330,0,2,330,0.03141463462364127,0.03141463462364122,0.0009868792685368806
331,0,0,331,0.0314146346236414,0.0314146346236414,0.0009868792685368889
332,0,1,332,0.03141463462364135,0.031414634623641344,0.0009868792685368856
333,0,2,333,0.031414634623641184,0.03141463462364118,0.0009868792685368754
334,0,1,334,0.03141463462364126,0.031414634623641136,0.0009868792685368798
335,0,1,335,0.031414634623641205,1.7772239894833365e-16,0.0009868792685368765
336,0,1,336,0.03141463462364114,0.03141463462364114,0.0009868792685368728
337,0,2,337,0.0,0.0,0.0
338,0,1,338,0.031414634623641344,0.0,0.0009868792685368856
339,0,1,339,0.031414634623641316,0.03141463462364121,0.0009868792685368837
340,0,1,340,0.03141463462364123,0.031414634623641156,0.0009868792685368787
341,0,0,341,0.031414634623641184,0.03141463462364118,0.0009868792685368752
342,0,1,342,0.03141463462364112,1.2412670766236366e-16,0.0009868792685368715
343,0,0,343,0.031414634623641434,1.1102230246251565e-16,0.0009868792685368908
344,0,0,344,0.0314146346236413,0.0314146346236413,0.000986879268536883
345,0,2,345,0.03141463462364126,1.5700924586837752e-16,0.0009868792685368802
346,0,0,346,0.03141463462364123,0.0,0.0009868792685368787
347,0,1,347,0.031414634623641254,0.0,0.0009868792685368798
348,0,1,348,0.0,0.0,0.0
349,0,2,349,0.03141463462364127,0.031414634623641184,0.0009868792685368806
350,0,2,350,0.03141463462364115,0.0314146346236411,0.0009868792685368733
351,0,2,351,0.03141463462364142,0.03141463462364129,0.00098687926853689
352,0,1,352,0.03141463462364145,0.03141463462364134,0.000986879268536892
353,0,2,353,0.031414634623641205,1.1102230246251565e-16,0.0009868792685368765
354,0,0,354,0.031414634623641205,0.0314146346236412,0.0009868792685368765
355,0,1,355,0.03141463462364135,1.2412670766236366e-16,0.000986879268536886
356,0,1,356,0.03141463462364119,0.03141463462364115,0.000986879268536876
357,0,0,357,0.03141463462364121,0.0,0.0009868792685368772
358,0,0,358,0.031414634623641316,0.031414634623641316,0.0009868792685368837
359,0,0,359,0.0314146346236412,1.1102230246251565e-16,0.000986879268536876
360,0,2,360,0.03141463462364129,0.0,0.0009868792685368822
361,0,2,361,0.03141463462364113,0.031414634623641,0.0009868792685368722
362,0,0,362,0.0,0.0,0.0
363,0,0,363,0.031414634623641344,1.1102230246251565e-16,0.0009868792685368852
364,0,1,364,0.03141463462364129,0.03141463462364129,0.000986879268536882
365,0,0,365,0.03141463462364121,0.03141463462364109,0.000986879268536877
366,0,2,366,0.031414634623641205,0.031414634623641184,0.000986879268536877
367,0,0,367,0.03141463462364145,0.03141463462364144,0.0009868792685368913
368,0,0,368,0.03141463462364137,0.03141463462364137,0.0009868792685368871
369,0,2,369,0.03141463462364127,0.031414634623641184,0.0009868792685368806
370,0,2,370,0.0,0.0,0.0
371,0,1,371,0.03141463462364132,0.031414634623641316,0.0009868792685368839
372,0,1,372,0.03141463462364127,0.0,0.0009868792685368802
373,0,2,373,0.03141463462364124,0.03141463462364124,0.0009868792685368791
374,0,1,374,0.031414634623641045,0.031414634623641045,0.0009868792685368665
375,0,0,375,0.03141463462364126,2.0014830212433607e-16,0.0009868792685368802
376,0,1,376,0.03141463462364118,1.1102230246251565e-16,0.000986879268536875
377,0,0,377,0.031414634623641136,1.1102230246251565e-16,0.0009868792685368722
378,0,0,378,0.03141463462364115,1.1102230246251565e-16,0.000986879268536873
379,0,1,379,0.03141463462364154,0.0,0.0009868792685368973
380,0,1,380,0.0,0.0,0.0
381,0,1,381,0.03141463462364146,0.031414634623641455,0.0009868792685368923
382,0,0,382,0.0,0.0,0.0
383,0,0,383,0.03141463462364125,1.1102230246251565e-16,0.0009868792685368795
384,0,0,384,0.031414634623641156,1.1102230246251565e-16,0.0009868792685368735
385,0,2,385,0.03141463462364144,0.03141463462364144,0.0009868792685368915
386,0,1,386,0.031414634623641455,0.031414634623641455,0.0009868792685368928
387,0,2,387,0.031414634623641434,0.03141463462364143,0.000986879268536891
388,0,0,388,0.03141463462364117,1.1102230246251565e-16,0.0009868792685368743
389,0,0,389,0.031414634623641274,5.551115123125783e-17,0.0009868792685368813
390,0,2,390,0.0,0.0,0.0
391,0,1,391,0.031414634623641254,0.03141463462364115,0.0009868792685368795
392,0,2,392,0.031414634623641184,0.031414634623641184,0.0009868792685368756
393,0,2,393,0.03141463462364137,0.0,0.0009868792685368871
394,0,1,394,0.0,0.0,0.0
395,0,0,395,0.03141463462364121,1.5700924586837752e-16,0.0009868792685368772
396,0,2,396,0.03141463462364123,0.03141463462364123,0.000986879268536879
397,0,1,397,0.03141463462364148,2.220446049250313e-16,0.0009868792685368943
398,0,1,398,0.0,0.0,0.0
399,0,2,399,0.031414634623641115,0.031414634623641115,0.000986879268536871
400,0,1,400,0.03141463462364137,0.03141463462364127,0.0009868792685368871
401,0,2,401,0.03141463462364124,0.03141463462364122,0.0009868792685368791
402,0,0,402,0.0,0.0,0.0
403,0,2,403,0.0314146346236413,0.0314146346236413,0.0009868792685368828
404,0,2,404,0.03141463462364123,0.03141463462364114,0.0009868792685368785
405,0,0,405,0.0314146346236414,0.031414634623641316,0.000986879268536889
406,0,1,406,0.03141463462364161,1.1102230246251565e-16,0.000986879268536902
407,0,0,407,0.031414634623641205,1.1102230246251565e-16,0.0009868792685368767
408,0,2,408,0.031414634623641344,1.1102230246251565e-16,0.0009868792685368856
409,0,2,409,0.0,0.0,0.0
410,0,1,410,0.031414634623641365,5.551115123125783e-17,0.0009868792685368867
411,0,0,411,0.03141463462364132,1.5700924586837752e-16,0.0009868792685368843
412,0,1,412,0.0314146346236412,0.0314146346236412,0.0009868792685368763
413,0,2,413,0.0,0.0,0.0
414,0,1,414,0.031414634623641226,0.03141463462364122,0.0009868792685368778
415,0,2,415,0.031414634623641066,0.03141463462364103,0.0009868792685368678
416,0,1,416,0.03141463462364137,5.551115123125783e-17,0.000986879268536887
417,0,0,417,0.0314146346236414,2.482534153247273e-16,0.0009868792685368887
418,0,1,418,0.03141463462364125,1.1102230246251565e-16,0.0009868792685368798
419,0,1,419,0.031414634623641115,0.0,0.000986879268536871
420,0,2,420,0.03141463462364132,0.03141463462364132,0.0009868792685368843
421,0,1,421,0.0,0.0,1.2037062152420224e-35
422,0,1,422,0.03141463462364137,0.0,0.0009868792685368874
423,0,2,423,0.03141463462364121,0.031414634623641205,0.000986879268536877
424,0,1,424,0.03141463462364131,1.1102230246251565e-16,0.0009868792685368832
425,0,0,425,0.03141463462364152,0.03141463462364137,0.0009868792685368962
426,0,0,426,0.031414634623641184,0.03141463462364118,0.000986879268536875
427,0,1,427,0.031414634623641156,0.0,0.000986879268536874
428,0,2,428,0.03141463462364109,0.03141463462364109,0.0009868792685368694
429,0,1,429,0.0,0.0,0.0
430,0,2,430,0.03141463462364152,0.03141463462364152,0.0009868792685368962
431,0,0,431,0.031414634623641205,0.03141463462364115,0.0009868792685368767
432,0,0,432,0.03141463462364142,0.03141463462364129,0.0009868792685368902
433,0,2,433,0.0,0.0,0.0
434,0,2,434,0.0,0.0,0.0
435,0,0,435,0.03141463462364159,0.03141463462364159,0.0009868792685369006
436,0,2,436,0.0314146346236415,0.0314146346236415,0.0009868792685368956
437,0,2,437,0.0,0.0,0.0
438,0,0,438,0.0,0.0,0.0
439,0,0,439,0.03141463462364131,0.03141463462364131,0.0009868792685368832
440,0,1,440,0.03141463462364117,0.03141463462364116,0.0009868792685368743
441,0,0,441,0.031414634623641205,0.03141463462364118,0.000986879268536877
442,0,0,442,0.031414634623641184,1.1102230246251565e-16,0.0009868792685368754
443,0,1,443,0.03141463462364124,0.03141463462364109,0.0009868792685368791
444,0,1,444,0.03141463462364114,0.03141463462364114,0.0009868792685368728
445,0,1,445,0.031414634623641226,1.1102230246251565e-16,0.000986879268536878
446,0,2,446,0.03141463462364116,0.031414634623641156,0.0009868792685368743
447,0,2,447,0.03141463462364131,1.5700924586837752e-16,0.0009868792685368832
448,0,1,448,0.03141463462364168,0.03141463462364153,0.0009868792685369062
449,0,1,449,0.03141463462364128,1.1102230246251565e-16,0.0009868792685368815
450,0,0,450,0.0,0.0,0.0
451,0,1,451,0.03141463462364136,0.03141463462364135,0.0009868792685368858
452,0,1,452,0.031414634623641316,1.5700924586837752e-16,0.0009868792685368835
453,0,1,453,0.03141463462364129,0.03141463462364128,0.0009868792685368822
454,0,2,454,0.03141463462364123,0.0,0.0009868792685368787
455,0,0,455,0.0,0.0,0.0
456,0,0,456,0.03141463462364131,0.03141463462364124,0.0009868792685368832
457,0,2,457,0.0314146346236415,0.0314146346236415,0.0009868792685368958
458,0,1,458,0.03141463462364131,1.1102230246251565e-16,0.0009868792685368832
459,0,2,459,0.03141463462364132,0.03141463462364114,0.0009868792685368843
460,0,0,460,0.03141463462364129,0.03141463462364118,0.0009868792685368817
461,0,1,461,0.03141463462364108,5.551115123125783e-17,0.000986879268536869
462,0,0,462,0.0314146346236413,0.0314146346236413,0.0009868792685368828
463,0,1,463,0.03141463462364119,0.0,0.000986879268536876
464,0,1,464,0.03141463462364116,0.031414634623641094,0.0009868792685368743
465,0,1,465,0.0,0.0,0.0
466,0,0,466,0.031414634623641274,0.031414634623641274,0.000986879268536881
467,0,2,467,0.03141463462364137,0.03141463462364137,0.0009868792685368876
468,0,1,468,0.03141463462364116,0.03141463462364116,0.0009868792685368741
469,0,0,469,0.0,0.0,0.0
470,0,0,470,0.031414634623641274,1.5265566588595902e-16,0.000986879268536881
471,0,2,471,0.031414634623641184,0.031414634623641184,0.0009868792685368754
472,0,2,472,0.0,0.0,0.0
473,0,2,473,0.0,0.0,0.0
474,0,0,474,0.031414634623641274,0.03141463462364116,0.000986879268536881
475,0,0,475,0.0,0.0,0.0
476,0,1,476,0.031414634623641226,0.0,0.000986879268536878
477,0,1,477,0.031414634623641254,0.031414634623641184,0.0009868792685368798
478,0,1,478,0.03141463462364107,0.031414634623640976,0.0009868792685368685
479,0,1,479,0.0,0.0,0.0
480,0,0,480,0.031414634623641274,3.1401849173675503e-16,0.0009868792685368813
481,0,1,481,0.0,0.0,0.0
482,0,2,482,0.03141463462364119,0.03141463462364117,0.0009868792685368759
483,0,2,483,0.03141463462364118,0.03141463462364106,0.000986879268536875
484,0,2,484,0.03141463462364126,0.03141463462364126,0.0009868792685368802
485,0,0,485,0.03141463462364131,0.03141463462364129,0.0009868792685368832
486,0,1,486,0.03141463462364115,1.1102230246251565e-16,0.0009868792685368733
487,0,2,487,0.03141463462364139,1.5700924586837752e-16,0.0009868792685368884
488,0,2,488,0.03141463462364113,0.031414634623641115,0.0009868792685368726
489,0,2,489,0.0,0.0,0.0
490,0,2,490,0.0,0.0,0.0
491,0,2,491,0.031414634623641254,2.7755575615628914e-17,0.0009868792685368798
492,0,2,492,0.03141463462364119,0.031414634623641184,0.0009868792685368756
493,0,0,493,0.03141463462364125,1.1102230246251565e-16,0.0009868792685368791
494,0,0,494,0.03141463462364122,0.031414634623641115,0.0009868792685368778
495,0,1,495,0.031414634623641385,0.03141463462364134,0.000986879268536888
496,0,1,496,0.03141463462364127,0.03141463462364127,0.0009868792685368806
497,0,1,497,0.0,0.0,0.0
498,0,0,498,0.03141463462364118,1.2412670766236366e-16,0.0009868792685368752
499,0,0,499,0.03141463462364145,0.03141463462364144,0.0009868792685368917
500,0,0,500,0.0,0.0,0.0
501,0,2,501,0.03141463462364133,0.03141463462364133,0.0009868792685368848
502,0,0,502,0.03141463462364138,0.03141463462364129,0.0009868792685368876
503,0,2,503,0.0314146346236413,1.1102230246251565e-16,0.0009868792685368828
504,0,0,504,2.220446049250313e-16,1.6653345369377348e-16,4.930380657631324e-32
505,0,1,505,0.03141463462364141,0.0,0.0009868792685368897
506,0,0,506,0.031414634623641205,0.03141463462364118,0.0009868792685368765
507,0,1,507,0.03141463462364122,0.0,0.0009868792685368774
508,0,2,508,0.03141463462364117,0.03141463462364116,0.0009868792685368748
509,0,1,509,0.031414634623641184,0.031414634623641184,0.0009868792685368759
510,0,0,510,0.031414634623641365,0.03141463462364125,0.000986879268536887
511,0,1,511,0.03141463462364118,0.0,0.000986879268536875
512,0,2,512,0.03141463462364111,5.551115123125783e-17,0.0009868792685368707
513,0,0,513,0.0,0.0,0.0
514,0,2,514,0.03141463462364131,0.03141463462364125,0.0009868792685368835
515,0,0,515,0.0,0.0,0.0
516,0,1,516,0.03141463462364125,0.03141463462364124,0.0009868792685368793
517,0,1,517,0.031414634623641226,1.1102230246251565e-16,0.0009868792685368782
518,0,2,518,0.0,0.0,0.0
519,0,0,519,0.03141463462364149,1.2412670766236366e-16,0.0009868792685368947
520,0,2,520,0.031414634623641316,0.031414634623641295,0.0009868792685368837
521,0,0,521,0.031414634623641205,0.031414634623641156,0.0009868792685368767
522,0,2,522,0.031414634623641226,1.1102230246251565e-16,0.0009868792685368782
523,0,0,523,0.03141463462364125,0.03141463462364123,0.0009868792685368795
524,0,0,524,0.031414634623641295,1.6653345369377348e-16,0.0009868792685368826
525,0,1,525,0.03141463462364118,0.03141463462364117,0.0009868792685368748
526,0,2,526,0.03141463462364135,0.03141463462364135,0.0009868792685368858
527,0,1,527,0.03141463462364141,1.6653345369377348e-16,0.00098687926853689
528,0,1,528,0.03141463462364132,1.1102230246251565e-16,0.0009868792685368839
529,0,1,529,0.0314146346236413,0.03141463462364115,0.000986879268536883
530,0,2,530,0.03141463462364115,1.1102230246251565e-16,0.000986879268536873
531,0,1,531,0.03141463462364125,0.03141463462364125,0.0009868792685368795
532,0,2,532,0.03141463462364139,0.03141463462364139,0.0009868792685368882
533,0,0,533,0.0,0.0,0.0
534,0,0,534,0.031414634623641476,0.031414634623641476,0.0009868792685368934
535,0,2,535,0.031414634623641274,1.5700924586837752e-16,0.000986879268536881
536,0,1,536,0.03141463462364131,0.03141463462364121,0.0009868792685368832
537,0,0,537,0.0,0.0,0.0
538,0,1,538,0.0,0.0,0.0
539,0,1,539,0.03141463462364126,1.1102230246251565e-16,0.0009868792685368802
540,0,1,540,0.031414634623641385,0.03141463462364138,0.0009868792685368874
541,0,2,541,0.03141463462364124,0.031414634623641094,0.0009868792685368787
542,0,2,542,0.031414634623641295,0.031414634623641254,0.0009868792685368824
543,0,0,543,0.031414634623641205,0.03141463462364109,0.0009868792685368765
544,0,1,544,0.0314146346236413,0.0314146346236413,0.000986879268536883
545,0,0,545,0.0314146346236412,0.031414634623641156,0.0009868792685368759
546,0,2,546,0.03141463462364127,0.03141463462364119,0.0009868792685368809
547,0,1,547,0.03141463462364135,0.03141463462364135,0.000986879268536886
548,0,1,548,0.031414634623641156,1.5700924586837752e-16,0.0009868792685368735
549,0,1,549,0.031414634623641254,0.031414634623641254,0.0009868792685368798
550,0,1,550,0.03141463462364142,0.03141463462364134,0.00098687926853689
551,0,1,551,0.0,0.0,0.0
552,0,1,552,0.031414634623641385,0.031414634623641385,0.000986879268536888
553,0,0,553,0.0,0.0,0.0
554,0,1,554,0.03141463462364125,0.03141463462364125,0.000986879268536879
555,0,2,555,0.0,0.0,3.009265538105056e-36
556,0,0,556,0.0,0.0,0.0
557,0,0,557,0.0,0.0,4.81482486096809e-35
558,0,0,558,0.031414634623641184,0.03141463462364118,0.0009868792685368754
559,0,1,559,0.03141463462364124,0.03141463462364124,0.0009868792685368791
560,0,2,560,0.03141463462364123,0.03141463462364123,0.0009868792685368785
561,0,0,561,0.031414634623641455,1.5700924586837752e-16,0.0009868792685368926
562,0,2,562,0.03141463462364144,1.2412670766236366e-16,0.0009868792685368913
563,0,2,563,0.031414634623641115,1.1102230246251565e-16,0.000986879268536871
564,0,1,564,0.03141463462364135,0.031414634623641316,0.0009868792685368858
565,0,1,565,0.031414634623641184,0.03141463462364107,0.0009868792685368754
566,0,2,566,0.03141463462364135,0.03141463462364119,0.000986879268536886
567,0,0,567,0.03141463462364116,0.031414634623641156,0.000986879268536874
568,0,0,568,0.031414634623641254,2.220446049250313e-16,0.0009868792685368798
569,0,1,569,0.03141463462364128,1.5700924586837752e-16,0.0009868792685368817
570,0,0,570,0.031414634623641226,0.0314146346236412,0.0009868792685368782
571,0,1,571,0.0,0.0,0.0
572,0,1,572,0.03141463462364132,1.5700924586837752e-16,0.0009868792685368843
573,0,2,573,0.03141463462364118,1.3877787807814457e-16,0.0009868792685368752
574,0,0,574,0.03141463462364132,1.6653345369377348e-16,0.0009868792685368845
575,0,2,575,0.0,0.0,0.0
576,0,2,576,0.0,0.0,0.0
577,0,1,577,0.0,0.0,0.0
578,0,0,578,0.031414634623641496,0.03141463462364139,0.0009868792685368952
579,0,2,579,0.03141463462364124,1.5700924586837752e-16,0.000986879268536879
580,0,2,580,0.03141463462364127,2.220446049250313e-16,0.0009868792685368804
581,0,1,581,0.03141463462364122,1.1102230246251565e-16,0.0009868792685368776
582,0,1,582,0.03141463462364139,0.03141463462364139,0.0009868792685368887
583,0,0,583,0.03141463462364141,0.031414634623641344,0.0009868792685368893
584,0,0,584,0.0,0.0,0.0
585,0,1,585,0.03141463462364139,1.5700924586837752e-16,0.0009868792685368887
586,0,2,586,0.031414634623641156,0.031414634623641115,0.0009868792685368737
587,0,0,587,0.0,0.0,0.0
588,0,1,588,0.031414634623641136,0.031414634623641136,0.0009868792685368726
589,0,2,589,0.0314146346236412,0.0314146346236412,0.0009868792685368763
590,0,2,590,0.03141463462364129,0.031414634623641226,0.0009868792685368822
591,0,0,591,0.0,0.0,0.0
592,0,0,592,0.0,0.0,0.0
593,0,0,593,0.0,0.0,0.0
594,0,0,594,0.03141463462364122,0.03141463462364122,0.0009868792685368776
595,0,0,595,0.03141463462364105,1.1102230246251565e-16,0.0009868792685368672
596,0,2,596,0.03141463462364117,0.031414634623641156,0.0009868792685368746
597,0,2,597,0.0,0.0,0.0
598,0,0,598,0.031414634623641136,0.0314146346236411,0.0009868792685368726
599,0,2,599,0.03141463462364134,0.03141463462364126,0.0009868792685368852
600,0,1,600,0.03141463462364121,0.0314146346236412,0.0009868792685368765
601,0,1,601,0.031414634623641254,0.03141463462364122,0.0009868792685368795
602,0,0,602,0.031414634623641226,0.031414634623641094,0.0009868792685368782
603,0,1,603,0.03141463462364117,0.03141463462364107,0.0009868792685368746
604,0,1,604,0.031414634623641254,0.03141463462364116,0.00098687926853688
605,0,0,605,0.03141463462364147,0.03141463462364145,0.0009868792685368932
606,0,2,606,0.03141463462364114,1.1102230246251565e-16,0.0009868792685368726
607,0,1,607,0.031414634623641274,0.031414634623641274,0.0009868792685368813
608,0,2,608,0.0,0.0,0.0
609,0,1,609,0.03141463462364121,0.0,0.0009868792685368772
610,0,2,610,0.03141463462364129,0.03141463462364129,0.000986879268536882
611,0,1,611,0.03141463462364143,0.031414634623641344,0.0009868792685368904
612,0,0,612,0.03141463462364138,0.03141463462364132,0.0009868792685368876
613,0,2,613,0.031414634623641226,0.031414634623641226,0.000986879268536878
614,0,0,614,0.031414634623641545,0.031414634623641434,0.0009868792685368984
615,0,1,615,0.031414634623641205,1.1102230246251565e-16,0.0009868792685368765
616,0,0,616,0.031414634623641274,0.03141463462364109,0.000986879268536881
617,0,0,617,0.03141463462364135,0.03141463462364135,0.000986879268536886
618,0,2,618,0.031414634623641344,5.551115123125783e-17,0.0009868792685368856
619,0,1,619,0.0314146346236413,1.1102230246251565e-16,0.0009868792685368828
620,0,1,620,0.031414634623641226,0.03141463462364112,0.0009868792685368782
621,0,1,621,0.03141463462364133,1.3183898417423734e-16,0.0009868792685368845
622,0,1,622,0.0314146346236413,0.0314146346236413,0.000986879268536883
623,0,0,623,0.03141463462364121,6.938893903907228e-17,0.0009868792685368772
624,0,0,624,0.03141463462364116,0.031414634623641156,0.0009868792685368741
625,0,0,625,0.03141463462364119,0.0,0.0009868792685368756
626,0,1,626,0.031414634623641226,1.3877787807814457e-16,0.0009868792685368782
627,0,2,627,0.0,0.0,0.0
628,0,1,628,0.03141463462364143,0.03141463462364143,0.0009868792685368906
629,0,1,629,0.03141463462364125,0.03141463462364118,0.0009868792685368795
630,0,0,630,0.031414634623641045,0.03141463462364103,0.0009868792685368668
631,0,2,631,0.03141463462364116,2.2887833992611187e-16,0.0009868792685368741
632,0,0,632,0.03141463462364138,0.031414634623641316,0.0009868792685368878
633,0,2,633,0.03141463462364124,1.1102230246251565e-16,0.0009868792685368785
634,0,0,634,0.0314146346236413,0.031414634623641226,0.0009868792685368832
635,0,2,635,0.03141463462364127,0.03141463462364125,0.0009868792685368806
636,0,0,636,0.03141463462364134,1.8041124150158794e-16,0.0009868792685368852
637,0,1,637,0.03141463462364131,0.03141463462364116,0.0009868792685368832
638,0,2,638,0.0,0.0,7.52316384526264e-37
639,0,0,639,0.0,0.0,0.0
640,0,1,640,0.0,0.0,0.0
641,0,2,641,0.03141463462364146,1.5700924586837752e-16,0.0009868792685368926
642,0,1,642,0.0,0.0,1.2037062152420224e-35
643,0,1,643,0.0314146346236412,0.03141463462364117,0.0009868792685368763
644,0,1,644,0.03141463462364118,0.03141463462364116,0.0009868792685368748
645,0,2,645,0.03141463462364128,0.03141463462364128,0.0009868792685368813
646,0,2,646,0.031414634623641344,0.03141463462364128,0.0009868792685368854
647,0,2,647,0.03141463462364129,0.03141463462364129,0.000986879268536882
648,0,0,648,0.03141463462364116,0.031414634623641156,0.0009868792685368737
649,0,2,649,0.0,0.0,0.0
650,0,2,650,0.03141463462364145,1.1102230246251565e-16,0.000986879268536892
651,0,2,651,0.03141463462364129,0.03141463462364114,0.0009868792685368822
652,0,2,652,0.031414634623641156,0.03141463462364113,0.0009868792685368737
653,0,1,653,0.03141463462364142,2.482534153247273e-16,0.0009868792685368904
654,0,1,654,0.0314146346236412,0.0314146346236412,0.0009868792685368763
655,0,2,655,0.03141463462364118,1.3877787807814457e-17,0.000986879268536875
656,0,1,656,0.03141463462364124,0.031414634623641226,0.0009868792685368787
657,0,2,657,0.03141463462364123,0.031414634623641226,0.000986879268536878
658,0,2,658,0.0,0.0,0.0
659,0,2,659,0.03141463462364123,0.031414634623641226,0.0009868792685368782
660,0,1,660,0.0,0.0,7.52316384526264e-37
661,0,0,661,0.0,0.0,0.0
662,0,2,662,0.031414634623641316,0.03141463462364123,0.0009868792685368837
663,0,0,663,0.03141463462364116,0.0,0.0009868792685368741
664,0,1,664,0.031414634623641156,0.031414634623641156,0.0009868792685368735
665,0,1,665,0.0,0.0,0.0
666,0,0,666,0.0314146346236413,1.1102230246251565e-16,0.0009868792685368828
667,0,2,667,0.03141463462364123,1.1443916996305594e-16,0.0009868792685368785
668,0,1,668,0.0,0.0,0.0
669,0,0,669,0.03141463462364123,0.03141463462364117,0.0009868792685368782
670,0,1,670,0.03141463462364121,0.03141463462364121,0.0009868792685368772
671,0,1,671,0.031414634623641406,0.031414634623641406,0.000986879268536889
672,0,2,672,0.031414634623641094,0.03141463462364107,0.00098687926853687
673,0,1,673,0.031414634623641115,1.1102230246251565e-16,0.000986879268536871
674,0,2,674,0.031414634623641156,2.482534153247273e-16,0.0009868792685368737
675,0,0,675,0.03141463462364118,2.220446049250313e-16,0.0009868792685368748
676,0,2,676,0.03141463462364119,0.03141463462364116,0.0009868792685368754
677,0,1,677,0.031414634623641344,1.5700924586837752e-16,0.0009868792685368854
678,0,1,678,0.0314146346236411,0.0,0.0009868792685368704
679,0,0,679,0.03141463462364121,5.551115123125783e-17,0.0009868792685368772
680,0,0,680,0.031414634623641406,0.031414634623641344,0.0009868792685368893
681,0,1,681,0.03141463462364115,0.0314146346236411,0.0009868792685368735
682,0,0,682,0.031414634623641156,0.0,0.0009868792685368737
683,0,1,683,0.03141463462364131,1.5700924586837752e-16,0.000986879268536883
684,0,1,684,0.031414634623641184,1.1102230246251565e-16,0.0009868792685368756
685,0,0,685,0.0314146346236412,0.031414634623641184,0.000986879268536876
686,0,2,686,0.03141463462364127,0.031414634623641254,0.0009868792685368804
687,0,1,687,0.03141463462364133,0.0,0.0009868792685368845
688,0,0,688,0.0,0.0,0.0
689,0,2,689,0.03141463462364119,0.03141463462364118,0.000986879268536876
690,0,2,690,0.03141463462364146,0.03141463462364145,0.000986879268536893
691,0,1,691,0.031414634623641226,1.1102230246251565e-16,0.000986879268536878
692,0,2,692,0.0,0.0,0.0
693,0,1,693,0.0,0.0,0.0
694,0,1,694,0.03141463462364131,0.03141463462364123,0.0009868792685368835
695,0,1,695,0.0,0.0,0.0
696,0,0,696,0.0314146346236412,0.0,0.0009868792685368765
697,0,1,697,0.0314146346236412,0.0314146346236412,0.0009868792685368763
698,0,0,698,0.03141463462364137,0.03141463462364137,0.0009868792685368874
699,0,2,699,0.03141463462364137,0.03141463462364134,0.0009868792685368871
700,0,0,700,0.0,0.0,0.0
701,0,0,701,0.03141463462364122,0.03141463462364117,0.0009868792685368776
702,0,2,702,0.03141463462364121,0.03141463462364119,0.0009868792685368772
703,0,2,703,0.031414634623641226,1.5700924586837752e-16,0.0009868792685368778
704,0,0,704,0.03141463462364123,0.03141463462364123,0.0009868792685368785
705,0,1,705,0.03141463462364137,0.031414634623641226,0.0009868792685368874
706,0,2,706,0.031414634623641476,1.1102230246251565e-16,0.0009868792685368939
707,0,1,707,0.0,0.0,0.0
708,0,2,708,0.031414634623641316,0.031414634623641316,0.0009868792685368839
709,0,1,709,0.0,0.0,0.0
710,0,1,710,0.03141463462364152,0.031414634623641385,0.000986879268536896
711,0,2,711,0.031414634623641295,1.5700924586837752e-16,0.0009868792685368826
712,0,2,712,0.03141463462364127,1.1102230246251565e-16,0.0009868792685368806
713,0,1,713,0.03141463462364125,0.031414634623641136,0.0009868792685368795
714,0,2,714,0.031414634623641455,0.03141463462364144,0.0009868792685368926
715,0,0,715,0.03141463462364136,0.031414634623641156,0.0009868792685368863
716,0,2,716,0.03141463462364135,0.03141463462364135,0.0009868792685368863
717,0,1,717,0.031414634623641254,0.031414634623641205,0.0009868792685368795
718,0,2,718,0.031414634623641254,0.03141463462364122,0.0009868792685368793
719,0,2,719,0.03141463462364145,0.031414634623641344,0.0009868792685368921
720,0,1,720,0.03141463462364106,1.1102230246251565e-16,0.0009868792685368676
721,0,0,721,0.03141463462364143,0.03141463462364143,0.000986879268536891
722,0,0,722,0.03141463462364115,0.03141463462364115,0.0009868792685368737
723,0,1,723,0.03141463462364119,2.482534153247273e-16,0.0009868792685368759
724,0,1,724,0.0314146346236413,1.1102230246251565e-16,0.0009868792685368826
725,0,2,725,0.031414634623641406,0.0314146346236414,0.000986879268536889
726,0,0,726,0.03141463462364116,1.5700924586837752e-16,0.000986879268536874
727,0,2,727,0.031414634623641406,1.942890293094024e-16,0.0009868792685368893
728,0,2,728,0.031414634623641226,0.03141463462364113,0.000986879268536878
729,0,0,729,0.03141463462364134,0.03141463462364132,0.000986879268536885
730,0,2,730,0.031414634623641254,1.2412670766236366e-16,0.00098687926853688
731,0,2,731,0.0314146346236412,0.031414634623641156,0.0009868792685368763
732,0,0,732,0.03141463462364136,0.03141463462364136,0.0009868792685368865
733,0,0,733,0.031414634623641316,0.031414634623641316,0.0009868792685368837
734,0,2,734,0.031414634623641274,1.2412670766236366e-16,0.000986879268536881
735,0,1,735,0.03141463462364143,0.03141463462364143,0.0009868792685368908
736,0,2,736,0.031414634623641254,0.031414634623641254,0.0009868792685368798
737,0,2,737,0.03141463462364117,0.031414634623641156,0.0009868792685368746
738,0,0,738,0.03141463462364114,6.938893903907228e-18,0.000986879268536873
739,0,2,739,0.03141463462364124,0.0,0.000986879268536879
740,0,0,740,0.031414634623641295,0.0,0.0009868792685368824
741,0,1,741,0.0,0.0,0.0
742,0,1,742,0.031414634623641406,2.2887833992611187e-16,0.0009868792685368895
743,0,0,743,0.03141463462364124,0.03141463462364122,0.0009868792685368785
744,0,0,744,0.03141463462364133,0.03141463462364132,0.0009868792685368845
745,0,1,745,0.03141463462364128,0.03141463462364107,0.0009868792685368817
746,0,0,746,0.031414634623641205,0.031414634623641205,0.0009868792685368767
747,0,0,747,0.031414634623641365,0.031414634623641365,0.0009868792685368865
748,0,0,748,0.03141463462364123,0.031414634623641226,0.0009868792685368782
749,0,2,749,0.031414634623641545,0.031414634623641545,0.0009868792685368984
750,0,2,750,0.0,0.0,0.0
751,0,1,751,0.03141463462364118,0.0,0.0009868792685368752
752,0,0,752,0.031414634623641295,0.03141463462364119,0.0009868792685368822
753,0,2,753,0.03141463462364113,0.03141463462364113,0.000986879268536872
754,0,0,754,0.031414634623641316,0.031414634623641316,0.0009868792685368837
755,0,2,755,0.03141463462364123,1.5700924586837752e-16,0.0009868792685368787
756,0,2,756,0.0,0.0,0.0
757,0,2,757,0.0,0.0,0.0
758,0,0,758,0.03141463462364127,0.031414634623641136,0.0009868792685368809
759,0,1,759,0.03141463462364118,0.03141463462364113,0.0009868792685368748
760,0,2,760,0.03141463462364121,0.03141463462364111,0.0009868792685368774
761,0,2,761,0.031414634623641365,1.2412670766236366e-16,0.0009868792685368867
762,0,1,762,0.0314146346236412,0.031414634623641156,0.0009868792685368765
763,0,0,763,0.0,0.0,0.0
764,0,0,764,0.03141463462364121,0.03141463462364118,0.000986879268536877
765,0,2,765,0.03141463462364141,2.7755575615628914e-17,0.00098687926853689
766,0,0,766,0.03141463462364146,0.031414634623641455,0.0009868792685368928
767,0,0,767,0.03141463462364137,0.031414634623641316,0.0009868792685368874
768,0,2,768,0.03141463462364147,0.03141463462364147,0.0009868792685368932
769,0,0,769,0.031414634623641406,1.5700924586837752e-16,0.0009868792685368895
770,0,2,770,0.03141463462364119,0.03141463462364114,0.000986879268536876
771,0,0,771,0.03141463462364123,1.2412670766236366e-16,0.000986879268536878
772,0,1,772,0.03141463462364124,1.1102230246251565e-16,0.0009868792685368791
773,0,0,773,0.03141463462364119,2.220446049250313e-16,0.0009868792685368759
774,0,1,774,0.03141463462364116,0.03141463462364116,0.0009868792685368743
775,0,0,775,0.03141463462364125,0.03141463462364122,0.0009868792685368791
776,0,0,776,0.03141463462364118,1.1102230246251565e-16,0.0009868792685368752
777,0,1,777,0.03141463462364109,0.0,0.0009868792685368691
778,0,0,778,0.031414634623641226,2.2887833992611187e-16,0.000986879268536878
779,0,0,779,0.031414634623641295,1.1102230246251565e-16,0.0009868792685368826
780,0,2,780,0.03141463462364128,1.5700924586837752e-16,0.0009868792685368813
781,0,1,781,0.031414634623641344,2.482534153247273e-16,0.0009868792685368854
782,0,0,782,0.03141463462364129,0.031414634623641274,0.0009868792685368817
783,0,2,783,0.03141463462364126,0.031414634623641184,0.0009868792685368802
784,0,0,784,0.0,0.0,0.0
785,0,0,785,0.03141463462364127,0.03141463462364127,0.0009868792685368806
786,0,2,786,0.03141463462364141,1.5265566588595902e-16,0.0009868792685368902
787,0,1,787,0.03141463462364124,1.1102230246251565e-16,0.000986879268536879
788,0,2,788,0.03141463462364132,2.2887833992611187e-16,0.0009868792685368843
789,0,2,789,0.0,0.0,0.0
790,0,0,790,0.0,0.0,0.0
791,0,1,791,0.031414634623641344,0.03141463462364133,0.0009868792685368856
792,0,0,792,0.031414634623641316,1.1102230246251565e-16,0.0009868792685368835
793,0,2,793,0.03141463462364141,0.03141463462364138,0.0009868792685368902
794,0,2,794,0.03141463462364125,0.03141463462364119,0.0009868792685368798
795,0,1,795,0.031414634623641365,0.03141463462364122,0.0009868792685368867
796,0,1,796,0.03141463462364122,0.03141463462364122,0.0009868792685368778
797,0,2,797,0.031414634623641156,0.031414634623641115,0.000986879268536874
798,0,1,798,0.0,0.0,0.0
799,0,0,799,0.03141463462364127,0.03141463462364123,0.0009868792685368809
800,0,2,800,0.031414634623641406,2.237726045655905e-16,0.0009868792685368893
801,0,0,801,0.031414634623641365,0.03141463462364136,0.0009868792685368867
802,0,2,802,0.03141463462364146,1.1102230246251565e-16,0.000986879268536893
803,0,0,803,0.03141463462364137,0.0314146346236413,0.0009868792685368871
804,0,2,804,0.0314146346236413,0.0314146346236413,0.0009868792685368828
805,0,2,805,0.031414634623641184,0.031414634623641184,0.0009868792685368754
806,0,2,806,0.03141463462364122,1.5700924586837752e-16,0.0009868792685368776
807,0,1,807,0.03141463462364113,0.031414634623641115,0.0009868792685368722
808,0,1,808,0.0,0.0,0.0
809,0,1,809,0.031414634623641226,1.1102230246251565e-16,0.0009868792685368778
810,0,2,810,0.031414634623641365,0.031414634623641365,0.000986879268536887
811,0,1,811,0.03141463462364145,0.03141463462364143,0.0009868792685368917
812,0,2,812,0.0314146346236412,1.1102230246251565e-16,0.0009868792685368765
813,0,0,813,0.03141463462364139,2.7755575615628914e-16,0.0009868792685368887
814,0,1,814,0.03141463462364129,1.2412670766236366e-16,0.0009868792685368822
815,0,2,815,0.031414634623641254,0.031414634623641254,0.00098687926853688
816,0,1,816,0.031414634623641365,1.6653345369377348e-16,0.000986879268536887
817,0,1,817,0.03141463462364129,1.6653345369377348e-16,0.0009868792685368817
818,0,2,818,0.03141463462364128,1.545754455680272e-16,0.0009868792685368815
819,0,0,819,0.0,0.0,0.0
820,0,2,820,0.03141463462364126,2.482534153247273e-16,0.00098687926853688
821,0,1,821,0.031414634623641344,1.2412670766236366e-16,0.0009868792685368854
822,0,2,822,0.031414634623641295,0.031414634623641295,0.0009868792685368822
823,0,1,823,0.0,0.0,0.0
824,0,2,824,0.0,0.0,0.0
825,0,1,825,0.03141463462364125,1.2412670766236366e-16,0.0009868792685368793
826,0,0,826,0.031414634623641385,0.03141463462364133,0.0009868792685368884
827,0,0,827,0.03141463462364122,0.03141463462364122,0.0009868792685368776
828,0,0,828,0.0314146346236412,0.03141463462364119,0.0009868792685368759
829,0,0,829,0.03141463462364139,2.0014830212433607e-16,0.0009868792685368887
830,0,0,830,0.0,0.0,0.0
831,0,2,831,0.0,0.0,0.0
832,0,2,832,0.03141463462364133,2.482534153247273e-16,0.0009868792685368843
833,0,1,833,0.031414634623641316,0.03141463462364131,0.0009868792685368832
834,0,0,834,0.031414634623641254,0.031414634623641254,0.0009868792685368795
835,0,0,835,0.03141463462364126,1.1102230246251565e-16,0.0009868792685368802
836,0,0,836,0.03141463462364121,0.0314146346236412,0.0009868792685368774
837,0,0,837,0.0,0.0,0.0
838,0,2,838,0.0,0.0,0.0
839,0,1,839,0.03141463462364125,0.03141463462364123,0.0009868792685368791
840,0,2,840,0.03141463462364135,0.03141463462364131,0.000986879268536886
841,0,0,841,0.0314146346236414,0.0,0.0009868792685368889
842,0,0,842,0.0314146346236413,0.03141463462364114,0.000986879268536883
843,0,1,843,0.03141463462364122,1.2412670766236366e-16,0.0009868792685368776
844,0,0,844,0.03141463462364124,0.03141463462364124,0.000986879268536879
845,0,2,845,0.03141463462364127,1.5700924586837752e-16,0.0009868792685368804
846,0,2,846,0.0,0.0,0.0
847,0,1,847,0.03141463462364107,0.03141463462364107,0.0009868792685368687
848,0,0,848,0.03141463462364121,1.1102230246251565e-16,0.000986879268536877
849,0,1,849,0.031414634623641094,0.031414634623641094,0.0009868792685368698
850,0,0,850,0.03141463462364125,0.03141463462364123,0.0009868792685368787
851,0,1,851,0.03141463462364131,1.5700924586837752e-16,0.0009868792685368835
852,0,1,852,0.03141463462364136,0.03141463462364136,0.0009868792685368863
853,0,2,853,0.03141463462364156,1.2412670766236366e-16,0.0009868792685368986
854,0,0,854,0.031414634623641156,0.0,0.0009868792685368737
855,0,2,855,0.031414634623641226,0.031414634623641136,0.000986879268536878
856,0,1,856,0.03141463462364137,0.03141463462364137,0.000986879268536887
857,0,2,857,0.031414634623641274,0.03141463462364125,0.0009868792685368813
858,0,0,858,0.0,0.0,7.52316384526264e-37
859,0,0,859,0.03141463462364121,1.3877787807814457e-16,0.0009868792685368772
860,0,0,860,2.0000000000000004,2.0000000000000004,0.000986879268536901
861,0,2,861,0.03141463462364141,0.031414634623641274,0.0009868792685368895
862,0,2,862,0.031414634623641274,0.03141463462364115,0.0009868792685368813
863,0,0,863,0.031414634623641316,1.5700924586837752e-16,0.0009868792685368839
864,0,2,864,0.03141463462364125,1.1102230246251565e-16,0.0009868792685368793
865,0,0,865,0.03141463462364143,0.03141463462364138,0.0009868792685368908
866,0,0,866,0.03141463462364129,0.03141463462364115,0.0009868792685368822
867,0,2,867,0.03141463462364144,0.031414634623641365,0.000986879268536892
868,0,0,868,1.9997532649633218,1.9997532649633214,0.0009868792685368956
869,0,0,869,0.031414634623641274,0.03141463462364118,0.0009868792685368809
870,0,0,870,0.0,0.0,0.0
871,0,0,871,0.03141463462364131,0.031414634623641295,0.0009868792685368832
872,0,0,872,0.031414634623641316,1.1102230246251565e-16,0.0009868792685368837
873,0,1,873,0.031414634623641274,0.0,0.0009868792685368809
874,0,0,874,0.0,0.0,0.0
875,0,2,875,0.03141463462364139,0.03141463462364139,0.0009868792685368887
876,0,2,876,0.0314146346236413,5.551115123125783e-17,0.0009868792685368828
877,0,0,877,0.03141463462364114,0.03141463462364114,0.0009868792685368728
878,0,1,878,0.031414634623641254,0.031414634623641254,0.00098687926853688
879,0,0,879,0.031414634623641094,0.03141463462364108,0.00098687926853687
880,0,0,880,0.03141463462364138,2.7755575615628914e-16,0.0009868792685368878
881,0,1,881,0.031414634623641344,0.03141463462364126,0.0009868792685368854
882,0,2,882,0.03141463462364124,0.03141463462364115,0.0009868792685368787
883,0,2,883,0.03141463462364116,0.0,0.0009868792685368737
884,0,2,884,0.03141463462364141,1.1102230246251565e-16,0.0009868792685368902
885,0,0,885,0.031414634623641476,0.03141463462364146,0.000986879268536893
886,0,0,886,0.0,0.0,0.0
887,0,1,887,0.03141463462364118,0.0,0.0009868792685368746
888,0,2,888,0.031414634623641365,0.031414634623641365,0.000986879268536887
889,0,0,889,0.03141463462364117,0.03141463462364113,0.0009868792685368746
890,0,1,890,0.031414634623641295,0.03141463462364116,0.0009868792685368824
891,0,1,891,0.03141463462364134,1.1102230246251565e-16,0.000986879268536885
892,0,1,892,0.031414634623641115,0.0314146346236411,0.000986879268536871
893,0,1,893,0.03141463462364121,0.031414634623641156,0.0009868792685368774
894,0,0,894,0.0,0.0,0.0
895,0,2,895,0.03141463462364118,0.03141463462364118,0.0009868792685368754
896,0,2,896,0.03141463462364117,1.5700924586837752e-16,0.0009868792685368746
897,0,2,897,0.03141463462364125,0.03141463462364125,0.0009868792685368793
898,0,2,898,0.03141463462364125,0.03141463462364123,0.0009868792685368787
899,0,0,899,0.03141463462364122,0.03141463462364115,0.0009868792685368774
900,0,0,900,0.03141463462364146,1.3877787807814457e-16,0.0009868792685368932
901,0,1,901,0.031414634623641226,0.03141463462364118,0.000986879268536878
902,0,1,902,0.031414634623641254,2.220446049250313e-16,0.0009868792685368802
903,0,1,903,0.031414634623641316,0.031414634623641274,0.0009868792685368837
904,0,0,904,0.03141463462364117,1.1102230246251565e-16,0.0009868792685368743
905,0,2,905,0.031414634623641385,1.7772239894833365e-16,0.000986879268536888
906,0,2,906,0.03141463462364121,0.0,0.000986879268536877
907,0,2,907,0.0,0.0,0.0
908,0,1,908,0.031414634623641316,0.031414634623641136,0.0009868792685368837
909,0,2,909,0.031414634623641406,0.031414634623641406,0.0009868792685368895
910,0,0,910,0.03141463462364142,1.5700924586837752e-16,0.0009868792685368902
911,0,0,911,0.031414634623641434,0.03141463462364135,0.0009868792685368917
912,0,0,912,0.03141463462364114,1.1102230246251565e-16,0.0009868792685368724
913,0,2,913,0.03141463462364135,0.03141463462364132,0.000986879268536886
914,0,0,914,0.0,0.0,3.009265538105056e-36
915,0,0,915,0.031414634623641226,0.031414634623641226,0.0009868792685368782
916,0,1,916,0.031414634623641406,0.031414634623641406,0.000986879268536889
917,0,0,917,0.031414634623641205,0.03141463462364111,0.0009868792685368767
918,0,0,918,0.03141463462364125,0.03141463462364125,0.0009868792685368793
919,0,1,919,0.031414634623641434,0.0,0.0009868792685368913
920,0,1,920,0.03141463462364133,0.031414634623641316,0.0009868792685368845
921,0,2,921,0.0314146346236413,0.031414634623641295,0.0009868792685368828
922,0,1,922,0.03141463462364146,1.1102230246251565e-16,0.0009868792685368928
923,0,0,923,0.03141463462364119,0.03141463462364119,0.0009868792685368763
924,0,0,924,0.03141463462364126,0.031414634623641205,0.0009868792685368802
925,0,1,925,0.03141463462364131,0.03141463462364131,0.0009868792685368832
926,0,0,926,0.03141463462364127,0.031414634623641254,0.00098687926853688
927,0,1,927,0.0,0.0,0.0
928,0,2,928,0.03141463462364122,1.5700924586837752e-16,0.0009868792685368776
929,0,0,929,0.03141463462364126,0.03141463462364123,0.0009868792685368806
930,0,1,930,0.03141463462364131,2.0014830212433607e-16,0.0009868792685368835
931,0,2,931,0.031414634623641184,0.0,0.0009868792685368754
932,0,1,932,0.031414634623641406,0.031414634623641406,0.0009868792685368897
933,0,0,933,0.0,0.0,0.0
934,0,2,934,0.03141463462364118,2.2591401799415137e-16,0.0009868792685368752
935,0,0,935,0.03141463462364135,2.220446049250313e-16,0.0009868792685368858
936,0,1,936,0.03141463462364149,0.031414634623641476,0.000986879268536894
937,0,1,937,0.0,0.0,0.0
938,0,1,938,0.03141463462364135,0.03141463462364135,0.0009868792685368858
939,0,1,939,0.03141463462364126,1.1102230246251565e-16,0.0009868792685368804
940,0,1,940,0.03141463462364115,0.03141463462364115,0.000986879268536873
941,0,2,941,0.031414634623641274,0.03141463462364115,0.0009868792685368813
942,0,2,942,0.03141463462364109,0.0,0.0009868792685368696
943,0,1,943,0.03141463462364136,0.031414634623641274,0.0009868792685368865
944,0,1,944,0.03141463462364119,1.942890293094024e-16,0.000986879268536876
945,0,1,945,0.03141463462364121,1.2412670766236366e-16,0.0009868792685368772
946,0,0,946,0.03141463462364131,0.03141463462364128,0.0009868792685368832
947,0,1,947,0.03141463462364148,0.03141463462364148,0.0009868792685368943
948,0,0,948,2.0,1.9997532649633212,0.0009868792685368889
949,0,1,949,0.03141463462364134,0.03141463462364134,0.0009868792685368854
950,0,0,950,0.0314146346236411,5.551115123125783e-17,0.0009868792685368702
951,0,2,951,0.03141463462364125,0.031414634623641205,0.000986879268536879
952,0,0,952,0.0,0.0,0.0
953,0,0,953,0.031414634623641274,0.03141463462364117,0.000986879268536881
954,0,2,954,0.03141463462364107,2.7755575615628914e-17,0.0009868792685368685
955,0,0,955,0.031414634623641205,1.1102230246251565e-16,0.0009868792685368767
956,0,1,956,0.03141463462364126,0.031414634623641205,0.00098687926853688
957,0,0,957,0.03141463462364132,0.03141463462364128,0.0009868792685368843
958,0,0,958,0.03141463462364124,0.0314146346236412,0.0009868792685368791
959,0,0,959,0.0,0.0,3.009265538105056e-36
960,0,1,960,0.03141463462364144,0.03141463462364144,0.0009868792685368917
961,0,0,961,0.031414634623641156,0.031414634623641156,0.000986879268536874
962,0,0,962,0.0314146346236412,0.0,0.0009868792685368763
963,0,1,963,0.031414634623641365,0.031414634623641365,0.0009868792685368871
964,0,2,964,0.03141463462364112,1.1857187100668868e-16,0.0009868792685368713
965,0,1,965,0.03141463462364145,1.5700924586837752e-16,0.0009868792685368921
966,0,2,966,0.031414634623641434,0.03141463462364135,0.0009868792685368908
967,0,2,967,0.031414634623641406,1.3877787807814457e-16,0.0009868792685368895
968,0,2,968,0.03141463462364119,0.03141463462364119,0.0009868792685368759
969,0,1,969,0.031414634623641385,0.0314146346236413,0.000986879268536888
970,0,2,970,0.03141463462364119,0.031414634623641184,0.0009868792685368759
971,0,2,971,0.03141463462364134,0.03141463462364134,0.000986879268536885
972,0,0,972,0.03141463462364124,0.03141463462364124,0.000986879268536879
973,0,2,973,0.031414634623641274,1.5700924586837752e-16,0.0009868792685368809
974,0,0,974,0.03141463462364131,1.249000902703301e-16,0.0009868792685368835
975,0,1,975,0.03141463462364137,1.1102230246251565e-16,0.0009868792685368871
976,0,2,976,0.03141463462364119,2.220446049250313e-16,0.0009868792685368754
977,0,2,977,0.03141463462364125,1.2412670766236366e-16,0.0009868792685368795
978,0,0,978,0.03141463462364125,1.2412670766236366e-16,0.0009868792685368793
979,0,0,979,0.03141463462364113,8.326672684688674e-17,0.000986879268536872
980,0,2,980,0.031414634623641184,0.03141463462364113,0.0009868792685368756
981,0,1,981,0.03141463462364133,0.03141463462364132,0.0009868792685368843
982,0,1,982,0.03141463462364118,0.03141463462364118,0.000986879268536875
983,0,0,983,0.0,0.0,0.0
984,0,0,984,0.031414634623641545,0.031414634623641476,0.000986879268536898
985,0,0,985,0.0,0.0,0.0
986,0,0,986,0.0,0.0,0.0
987,0,2,987,0.03141463462364147,2.220446049250313e-16,0.0009868792685368934
988,0,1,988,0.03141463462364126,5.551115123125783e-17,0.0009868792685368802
989,0,0,989,0.03141463462364112,0.03141463462364112,0.0009868792685368715
990,0,1,990,0.0,0.0,0.0
991,0,0,991,0.0,0.0,0.0
992,0,0,992,0.03141463462364136,0.03141463462364136,0.0009868792685368863
993,0,0,993,0.031414634623641184,0.031414634623641066,0.0009868792685368754
994,0,1,994,0.03141463462364128,0.03141463462364128,0.0009868792685368813
995,0,0,995,0.0,0.0,0.0
996,0,1,996,0.03141463462364118,1.1102230246251565e-16,0.000986879268536875
997,0,1,997,0.03141463462364114,0.03141463462364114,0.0009868792685368726
998,0,0,998,0.0,0.0,0.0
999,0,2,999,0.03141463462364127,1.2412670766236366e-16,0.0009868792685368809
1000,0,2,1000,2.0000000000000004,1.9997532649633214,0.0009868792685368854
1001,0,0,1001,0.031414634623641226,0.03141463462364122,0.0009868792685368776
1002,0,2,1002,0.031414634623641156,0.03141463462364113,0.0009868792685368735
1003,0,1,1003,0.03141463462364125,0.03141463462364123,0.0009868792685368793
1004,0,0,1004,0.03141463462364139,0.03141463462364131,0.0009868792685368887
1005,0,2,1005,0.03141463462364147,0.03141463462364147,0.0009868792685368932
1006,0,1,1006,0.0314146346236412,0.03141463462364115,0.0009868792685368763
1007,0,0,1007,0.031414634623641274,1.6653345369377348e-16,0.0009868792685368813
1008,0,2,1008,0.0,0.0,0.0
1009,0,1,1009,0.031414634623641254,1.1102230246251565e-16,0.0009868792685368798
1010,0,2,1010,0.0314146346236413,0.0,0.0009868792685368828
1011,0,1,1011,0.0314146346236413,0.0,0.000986879268536883
1012,0,0,1012,0.03141463462364147,0.03141463462364147,0.000986879268536893
1013,0,1,1013,0.031414634623641254,0.03141463462364118,0.00098687926853688
1014,0,0,1014,0.03141463462364133,0.031414634623641295,0.0009868792685368848
1015,0,2,1015,0.03141463462364125,1.5218182408308987e-16,0.0009868792685368793
1016,0,2,1016,0.03141463462364129,0.03141463462364124,0.000986879268536882
1017,0,0,1017,0.031414634623641184,0.031414634623641184,0.0009868792685368756
1018,0,2,1018,0.03141463462364116,0.03141463462364111,0.0009868792685368743
1019,0,2,1019,0.03141463462364129,0.03141463462364108,0.0009868792685368822
1020,0,1,1020,0.0314146346236412,0.0314146346236412,0.0009868792685368763
1021,0,1,1021,0.03141463462364128,1.1102230246251565e-16,0.000986879268536881
1022,0,0,1022,0.03141463462364116,1.1443916996305594e-16,0.0009868792685368741
1023,0,0,1023,0.03141463462364149,0.03141463462364149,0.0009868792685368945
1024,0,2,1024,0.0,0.0,0.0
1025,0,2,1025,0.03141463462364142,0.03141463462364141,0.0009868792685368902
1026,0,0,1026,0.031414634623641205,0.031414634623641205,0.000986879268536877
1027,0,2,1027,0.031414634623641385,1.5700924586837752e-16,0.000986879268536888
1028,0,1,1028,0.03141463462364119,1.1150912609939193e-16,0.0009868792685368756
1029,0,2,1029,2.0000000000000004,2.0,0.0009868792685368936
1030,0,1,1030,0.03141463462364121,0.03141463462364121,0.0009868792685368772
1031,0,1,1031,0.03141463462364133,0.031414634623641254,0.0009868792685368845
1032,0,2,1032,0.03141463462364129,0.03141463462364125,0.000986879268536882
1033,0,0,1033,0.03141463462364133,0.03141463462364132,0.0009868792685368843
1034,0,1,1034,0.031414634623641184,0.031414634623641184,0.0009868792685368752
1035,0,2,1035,0.03141463462364137,0.03141463462364119,0.0009868792685368874
1036,0,0,1036,0.0314146346236414,0.031414634623641385,0.0009868792685368889
1037,0,1,1037,0.031414634623641254,0.03141463462364103,0.0009868792685368795
1038,0,1,1038,0.0,0.0,6.770847460736376e-36
1039,0,2,1039,0.03141463462364153,0.03141463462364141,0.0009868792685368971
1040,0,0,1040,0.0,0.0,0.0
1041,0,0,1041,0.031414634623641184,0.031414634623641184,0.0009868792685368759
1042,0,1,1042,0.03141463462364121,1.1102230246251565e-16,0.0009868792685368772
1043,0,2,1043,0.03141463462364123,0.031414634623641115,0.0009868792685368785
1044,0,0,1044,0.031414634623641205,8.326672684688674e-17,0.0009868792685368767
1045,0,0,1045,0.0,0.0,0.0
1046,0,1,1046,0.03141463462364126,1.1102230246251565e-16,0.0009868792685368802
1047,0,2,1047,0.0,0.0,0.0
1048,0,2,1048,0.03141463462364135,0.03141463462364135,0.0009868792685368863
1049,0,1,1049,0.03141463462364122,5.551115123125783e-17,0.0009868792685368774
1050,0,1,1050,0.0314146346236413,1.2412670766236366e-16,0.0009868792685368828
1051,0,0,1051,0.0314146346236412,0.0314146346236412,0.0009868792685368765
1052,0,2,1052,0.03141463462364133,1.5337349416169413e-16,0.0009868792685368843
1053,0,2,1053,0.03141463462364128,0.0314146346236412,0.0009868792685368813
1054,0,0,1054,0.03141463462364144,2.498001805406602e-16,0.0009868792685368915
1055,0,1,1055,0.03141463462364125,0.03141463462364124,0.0009868792685368791
1056,0,1,1056,0.03141463462364153,0.03141463462364146,0.0009868792685368973
1057,0,0,1057,0.0,0.0,0.0
1058,0,0,1058,0.0,0.0,0.0
1059,0,1,1059,0.031414634623641476,0.031414634623641476,0.0009868792685368934
1060,0,2,1060,0.03141463462364126,0.03141463462364122,0.0009868792685368802
1061,0,1,1061,0.03141463462364127,0.03141463462364126,0.0009868792685368806
1062,0,1,1062,0.0,0.0,0.0
1063,0,0,1063,0.031414634623641406,2.2887833992611187e-16,0.0009868792685368893
1064,0,0,1064,0.031414634623641184,0.03141463462364118,0.0009868792685368754
1065,0,2,1065,0.0314146346236413,0.0314146346236412,0.000986879268536883
1066,0,1,1066,0.03141463462364149,0.03141463462364149,0.0009868792685368947
1067,0,0,1067,0.03141463462364135,0.03141463462364135,0.0009868792685368856
1068,0,2,1068,0.0,0.0,0.0
1069,0,2,1069,0.031414634623641254,0.031414634623641254,0.0009868792685368798
1070,0,2,1070,0.031414634623641274,0.031414634623641274,0.0009868792685368813
1071,0,1,1071,0.031414634623641184,1.1102230246251565e-16,0.0009868792685368754
1072,0,1,1072,0.03141463462364134,0.03141463462364134,0.0009868792685368848
1073,0,2,1073,0.03141463462364123,1.2412670766236366e-16,0.0009868792685368785
1074,0,1,1074,0.03141463462364125,0.03141463462364124,0.0009868792685368793
1075,0,0,1075,0.03141463462364138,1.5700924586837752e-16,0.0009868792685368876
1076,0,1,1076,0.03141463462364138,0.0,0.0009868792685368878
1077,0,0,1077,0.03141463462364116,0.0,0.000986879268536874
1078,0,1,1078,0.0,0.0,0.0
1079,0,0,1079,0.0314146346236413,1.5700924586837752e-16,0.0009868792685368828
1080,0,2,1080,0.03141463462364136,0.031414634623641344,0.0009868792685368865
1081,0,0,1081,0.0314146346236415,0.0314146346236415,0.0009868792685368954
1082,0,1,1082,0.0,0.0,0.0
1083,0,0,1083,0.0314146346236414,0.031414634623641385,0.0009868792685368889
1084,0,0,1084,0.03141463462364141,0.03141463462364141,0.0009868792685368897
1085,0,2,1085,0.0,0.0,0.0
1086,0,1,1086,0.03141463462364133,0.03141463462364132,0.0009868792685368839
1087,0,0,1087,0.03141463462364127,0.031414634623641254,0.0009868792685368806
1088,0,0,1088,0.03141463462364148,0.03141463462364148,0.000986879268536894
1089,0,2,1089,0.03141463462364131,0.031414634623641274,0.0009868792685368832
1090,0,1,1090,0.031414634623641365,0.031414634623641365,0.000986879268536887
1091,0,1,1091,0.03141463462364118,0.03141463462364107,0.0009868792685368746
1092,0,2,1092,0.031414634623641226,0.031414634623641205,0.0009868792685368778
1093,0,2,1093,0.0,0.0,0.0
1094,0,2,1094,0.031414634623641025,1.1102230246251565e-16,0.0009868792685368655
1095,0,0,1095,0.03141463462364138,1.2412670766236366e-16,0.0009868792685368876
1096,0,1,1096,0.0,0.0,0.0
1097,0,1,1097,0.03141463462364131,1.5700924586837752e-16,0.000986879268536883
1098,0,0,1098,0.031414634623641254,0.03141463462364125,0.0009868792685368793
1099,0,1,1099,0.03141463462364139,0.03141463462364139,0.0009868792685368884
1100,0,2,1100,0.03141463462364121,0.03141463462364121,0.0009868792685368774
1101,0,0,1101,0.03141463462364131,0.0314146346236413,0.000986879268536883
1102,0,0,1102,0.031414634623641434,0.031414634623641434,0.0009868792685368913
1103,0,1,1103,0.03141463462364127,0.03141463462364127,0.0009868792685368809
1104,0,0,1104,0.031414634623641205,0.03141463462364117,0.0009868792685368767
1105,0,2,1105,0.03141463462364121,1.1102230246251565e-16,0.000986879268536877
1106,0,1,1106,0.031414634623641385,1.1102230246251565e-16,0.0009868792685368878
1107,0,2,1107,0.03141463462364119,0.03141463462364111,0.0009868792685368759
1108,0,1,1108,0.03141463462364136,0.031414634623641274,0.0009868792685368863
1109,0,2,1109,0.03141463462364124,1.2412670766236366e-16,0.0009868792685368791
1110,0,2,1110,0.03141463462364137,1.2412670766236366e-16,0.000986879268536887
1111,0,0,1111,0.03141463462364129,2.220446049250313e-16,0.0009868792685368822
1112,0,0,1112,0.03141463462364126,0.031414634623641254,0.0009868792685368795
1113,0,0,1113,0.0,0.0,0.0
1114,0,2,1114,0.03141463462364127,1.2412670766236366e-16,0.0009868792685368806
1115,0,0,1115,0.0,0.0,0.0
1116,0,1,1116,0.0,0.0,0.0
1117,0,1,1117,0.031414634623641365,1.1102230246251565e-16,0.000986879268536887
1118,0,1,1118,0.0,0.0,0.0
1119,0,2,1119,0.031414634623641156,0.03141463462364105,0.0009868792685368737
1120,0,1,1120,0.031414634623641406,1.942890293094024e-16,0.0009868792685368893
1121,0,0,1121,0.03141463462364126,5.551115123125783e-17,0.0009868792685368802
1122,0,0,1122,0.031414634623641226,0.031414634623641226,0.0009868792685368785
1123,0,2,1123,0.031414634623641406,0.03141463462364132,0.0009868792685368893
1124,0,0,1124,0.0,0.0,0.0
1125,0,2,1125,0.031414634623641136,0.0,0.0009868792685368726
1126,0,0,1126,0.03141463462364126,1.1102230246251565e-16,0.0009868792685368804
1127,0,0,1127,0.03141463462364117,0.031414634623641136,0.0009868792685368748
1128,0,2,1128,0.0314146346236413,2.0014830212433607e-16,0.0009868792685368828
1129,0,1,1129,0.03141463462364142,1.5700924586837752e-16,0.0009868792685368908
1130,0,0,1130,0.03141463462364138,0.03141463462364135,0.0009868792685368878
1131,0,1,1131,0.03141463462364136,0.0,0.0009868792685368865
1132,0,0,1132,0.031414634623641295,2.220446049250313e-16,0.0009868792685368826
1133,0,2,1133,0.03141463462364118,0.03141463462364117,0.0009868792685368743
1134,0,0,1134,0.031414634623641254,2.0014830212433607e-16,0.00098687926853688
1135,0,0,1135,0.03141463462364123,1.1102230246251565e-16,0.0009868792685368787
1136,0,0,1136,0.03141463462364124,0.03141463462364119,0.000986879268536879
1137,0,0,1137,0.03141463462364113,1.2412670766236366e-16,0.0009868792685368717
1138,0,0,1138,0.031414634623641226,0.031414634623641226,0.000986879268536878
1139,0,0,1139,0.0,0.0,0.0
1140,0,0,1140,0.03141463462364116,0.031414634623641115,0.0009868792685368743
1141,0,1,1141,0.031414634623641434,1.2412670766236366e-16,0.0009868792685368913
1142,0,2,1142,0.03141463462364129,1.1102230246251565e-16,0.0009868792685368824
1143,0,0,1143,0.03141463462364156,4.163336342344337e-17,0.000986879268536899
1144,0,1,1144,0.03141463462364123,0.03141463462364123,0.0009868792685368782
1145,0,1,1145,0.03141463462364129,0.0314146346236412,0.000986879268536882
1146,0,0,1146,0.0,0.0,0.0
1147,0,2,1147,0.031414634623641156,0.031414634623641156,0.0009868792685368737
1148,0,2,1148,0.0,0.0,0.0
1149,0,2,1149,0.03141463462364121,0.0314146346236412,0.000986879268536877
1150,0,0,1150,0.03141463462364138,1.5700924586837752e-16,0.0009868792685368876
1151,0,2,1151,0.03141463462364128,1.5700924586837752e-16,0.0009868792685368817
1152,0,1,1152,0.0,0.0,3.009265538105056e-36
1153,0,0,1153,0.0,0.0,2.7083389842945504e-35
1154,0,2,1154,0.031414634623641455,0.03141463462364143,0.0009868792685368926
1155,0,1,1155,0.03141463462364137,1.1102230246251565e-16,0.000986879268536887
1156,0,0,1156,0.0314146346236413,0.03141463462364126,0.0009868792685368832
1157,0,2,1157,0.0314146346236412,0.03141463462364112,0.0009868792685368767
1158,0,2,1158,0.0,0.0,1.2037062152420224e-35
1159,0,0,1159,0.0,0.0,0.0
1160,0,1,1160,0.03141463462364123,0.0,0.0009868792685368785
1161,0,1,1161,0.0,0.0,0.0
1162,0,0,1162,0.03141463462364118,0.031414634623641156,0.000986879268536875
1163,0,2,1163,0.03141463462364147,0.031414634623641434,0.0009868792685368934
1164,0,2,1164,0.03141463462364127,1.6653345369377348e-16,0.0009868792685368809
1165,0,2,1165,0.03141463462364129,5.551115123125783e-17,0.000986879268536882
1166,0,0,1166,0.031414634623641226,0.03141463462364113,0.000986879268536878
1167,0,2,1167,0.03141463462364121,0.03141463462364117,0.0009868792685368767
1168,0,2,1168,0.03141463462364119,0.03141463462364119,0.0009868792685368759
1169,0,2,1169,0.0,0.0,0.0
1170,0,2,1170,0.031414634623641365,0.03141463462364129,0.0009868792685368867
1171,0,2,1171,0.0,0.0,0.0
1172,0,2,1172,0.03141463462364122,1.1102230246251565e-16,0.0009868792685368776
1173,0,1,1173,0.0,0.0,0.0
1174,0,2,1174,0.031414634623641295,1.3877787807814457e-16,0.0009868792685368822
1175,0,2,1175,0.0314146346236412,0.0314146346236412,0.0009868792685368763
1176,0,2,1176,0.03141463462364113,0.03141463462364113,0.000986879268536872
1177,0,2,1177,0.03141463462364129,0.031414634623641254,0.0009868792685368822
1178,0,2,1178,0.031414634623641434,0.03141463462364131,0.0009868792685368913
1179,0,2,1179,0.031414634623641205,0.0,0.0009868792685368765
1180,0,1,1180,0.0,0.0,0.0
1181,0,2,1181,0.03141463462364117,2.482534153247273e-16,0.0009868792685368746
1182,0,1,1182,0.0314146346236413,1.5700924586837752e-16,0.0009868792685368828
1183,0,1,1183,0.0,0.0,0.0
1184,0,0,1184,0.0,0.0,0.0
1185,0,0,1185,0.0,0.0,0.0
1186,0,2,1186,0.03141463462364126,1.1102230246251565e-16,0.0009868792685368798
1187,0,1,1187,0.03141463462364124,1.2412670766236366e-16,0.000986879268536879
1188,0,2,1188,0.03141463462364127,0.03141463462364117,0.0009868792685368809
1189,0,2,1189,0.0314146346236414,1.1102230246251565e-16,0.0009868792685368887
1190,0,0,1190,0.031414634623641274,0.031414634623641205,0.000986879268536881
1191,0,1,1191,0.03141463462364128,0.03141463462364128,0.0009868792685368817
1192,0,2,1192,0.0314146346236412,0.03141463462364112,0.0009868792685368763
1193,0,1,1193,0.0314146346236415,0.031414634623641496,0.0009868792685368954
1194,0,1,1194,0.03141463462364125,0.0,0.0009868792685368795
1195,0,2,1195,0.0,0.0,0.0
1196,0,0,1196,0.031414634623641316,0.031414634623641316,0.0009868792685368839
1197,0,2,1197,0.031414634623641274,0.031414634623641226,0.0009868792685368809
1198,0,0,1198,0.03141463462364132,1.1102230246251565e-16,0.0009868792685368843
1199,0,0,1199,0.031414634623641156,0.031414634623641156,0.0009868792685368737
1200,0,1,1200,0.0,0.0,0.0
1201,0,1,1201,0.0314146346236413,1.1102230246251565e-16,0.0009868792685368828
1202,0,2,1202,0.03141463462364116,0.03141463462364116,0.0009868792685368743
1203,0,0,1203,0.0314146346236412,0.0314146346236412,0.0009868792685368759
1204,0,1,1204,0.03141463462364135,0.031414634623641295,0.000986879268536886
1205,0,0,1205,0.03141463462364127,2.0014830212433607e-16,0.0009868792685368806
1206,0,1,1206,0.03141463462364125,1.2412670766236366e-16,0.0009868792685368793
1207,0,2,1207,0.0,0.0,0.0
1208,0,1,1208,0.03141463462364127,0.031414634623641254,0.0009868792685368802
1209,0,1,1209,0.03141463462364103,0.0,0.0009868792685368657
1210,0,0,1210,0.03141463462364121,1.1102230246251565e-16,0.0009868792685368772
1211,0,1,1211,0.0,0.0,0.0
1212,0,2,1212,0.03141463462364133,1.1102230246251565e-16,0.0009868792685368843
1213,0,0,1213,0.03141463462364128,0.031414634623641226,0.0009868792685368817
1214,0,0,1214,0.03141463462364153,0.03141463462364153,0.0009868792685368975
1215,0,1,1215,0.03141463462364117,0.03141463462364116,0.0009868792685368743
1216,0,1,1216,0.031414634623641156,0.0,0.0009868792685368737
1217,0,0,1217,0.03141463462364117,0.03141463462364117,0.000986879268536875
1218,0,2,1218,0.03141463462364115,0.0,0.000986879268536873
1219,0,1,1219,0.03141463462364132,0.03141463462364132,0.0009868792685368839
1220,0,1,1220,0.03141463462364117,0.03141463462364111,0.0009868792685368748
1221,0,1,1221,0.03141463462364137,1.2412670766236366e-16,0.0009868792685368874
1222,0,2,1222,0.03141463462364111,0.03141463462364111,0.0009868792685368709
1223,0,2,1223,0.03141463462364103,0.03141463462364102,0.0009868792685368659
1224,0,1,1224,0.0,0.0,0.0
1225,0,1,1225,0.031414634623641156,0.03141463462364111,0.0009868792685368735
1226,0,2,1226,0.0,0.0,0.0
1227,0,1,1227,0.03141463462364125,0.03141463462364115,0.0009868792685368793
1228,0,1,1228,0.031414634623641274,0.03141463462364127,0.0009868792685368809
1229,0,1,1229,0.0,0.0,0.0
1230,0,2,1230,0.03141463462364119,1.1102230246251565e-16,0.0009868792685368759
1231,0,2,1231,0.03141463462364144,0.031414634623641365,0.0009868792685368917
1232,0,1,1232,0.03141463462364111,1.1295700899707568e-16,0.0009868792685368709
1233,0,1,1233,0.03141463462364129,0.03141463462364129,0.0009868792685368824
1234,0,1,1234,0.031414634623641094,0.031414634623641025,0.0009868792685368698
1235,0,2,1235,0.031414634623641455,1.1102230246251565e-16,0.0009868792685368928
1236,0,0,1236,0.031414634623641136,0.03141463462364113,0.0009868792685368724
1237,0,1,1237,1.9997532649633214,1.999753264963321,0.000986879268536902
1238,0,1,1238,0.03141463462364134,0.0,0.0009868792685368852
1239,0,0,1239,0.03141463462364121,0.03141463462364121,0.0009868792685368774
1240,0,2,1240,0.0,0.0,0.0
1241,0,1,1241,0.0,0.0,0.0
1242,0,2,1242,0.031414634623641184,0.03141463462364118,0.0009868792685368752
1243,0,2,1243,0.031414634623641365,1.5700924586837752e-16,0.0009868792685368867
1244,0,1,1244,0.0,0.0,0.0
1245,0,2,1245,0.03141463462364128,0.03141463462364128,0.0009868792685368815
1246,0,1,1246,0.031414634623641136,0.031414634623641136,0.000986879268536872
1247,0,1,1247,0.03141463462364114,0.0314146346236411,0.0009868792685368728
1248,0,1,1248,0.0,0.0,0.0
1249,0,0,1249,0.0,0.0,0.0
1250,0,0,1250,0.031414634623641524,0.031414634623641476,0.000986879268536897
1251,0,1,1251,0.0314146346236413,0.0314146346236413,0.0009868792685368832
1252,0,2,1252,0.03141463462364125,5.551115123125783e-17,0.0009868792685368795
1253,0,0,1253,0.03141463462364121,0.031414634623641205,0.000986879268536877
1254,0,2,1254,0.0,0.0,0.0
1255,0,2,1255,0.031414634623641344,0.031414634623641344,0.0009868792685368854
1256,0,2,1256,0.031414634623641316,1.5700924586837752e-16,0.0009868792685368835
1257,0,1,1257,0.03141463462364129,0.0,0.000986879268536882
1258,0,0,1258,0.03141463462364116,0.03141463462364107,0.0009868792685368741
1259,0,0,1259,0.031414634623641365,0.03141463462364136,0.0009868792685368865
1260,0,2,1260,0.03141463462364128,0.03141463462364128,0.0009868792685368815
1261,0,2,1261,0.03141463462364118,0.03141463462364117,0.0009868792685368752
1262,0,2,1262,0.03141463462364119,1.1102230246251565e-16,0.0009868792685368759
1263,0,0,1263,0.031414634623641344,0.031414634623641344,0.0009868792685368854
1264,0,2,1264,0.03141463462364112,1.5700924586837752e-16,0.0009868792685368715
1265,0,2,1265,0.031414634623641205,0.031414634623641205,0.000986879268536877
1266,0,1,1266,0.03141463462364115,0.03141463462364115,0.0009868792685368733
1267,0,2,1267,0.0,0.0,0.0
1268,0,1,1268,0.03141463462364121,0.0314146346236412,0.000986879268536877
1269,0,0,1269,0.03141463462364124,1.1102230246251565e-16,0.000986879268536879
1270,0,2,1270,0.03141463462364116,0.03141463462364107,0.0009868792685368741
1271,0,0,1271,0.03141463462364135,0.03141463462364135,0.000986879268536886
1272,0,2,1272,0.03141463462364139,0.031414634623641295,0.0009868792685368887
1273,0,0,1273,0.03141463462364123,0.03141463462364119,0.0009868792685368787
1274,0,2,1274,0.031414634623641184,5.551115123125783e-17,0.0009868792685368754
1275,0,0,1275,0.0,0.0,0.0
1276,0,0,1276,0.03141463462364144,0.031414634623641434,0.0009868792685368915
1277,0,0,1277,0.031414634623641115,5.551115123125783e-17,0.0009868792685368713
1278,0,0,1278,0.03141463462364134,0.03141463462364134,0.000986879268536885
1279,0,0,1279,0.0314146346236415,0.031414634623641295,0.0009868792685368954
1280,0,0,1280,0.03141463462364126,2.220446049250313e-16,0.0009868792685368802
1281,0,0,1281,0.03141463462364113,0.03141463462364113,0.000986879268536872
1282,0,1,1282,0.03141463462364133,1.942890293094024e-16,0.0009868792685368845
1283,0,0,1283,0.03141463462364137,0.031414634623641344,0.0009868792685368871
1284,0,0,1284,0.03141463462364127,0.03141463462364125,0.0009868792685368806
1285,0,0,1285,0.0,0.0,0.0
1286,0,0,1286,0.03141463462364136,2.237726045655905e-16,0.0009868792685368865
1287,0,1,1287,0.03141463462364116,0.03141463462364113,0.0009868792685368743
1288,0,0,1288,0.03141463462364143,1.1102230246251565e-16,0.0009868792685368908
1289,0,0,1289,0.03141463462364135,1.1188630228279524e-16,0.0009868792685368858
1290,0,2,1290,0.0,0.0,0.0
1291,0,1,1291,0.03141463462364145,1.5700924586837752e-16,0.000986879268536892
1292,0,0,1292,0.031414634623641274,0.031414634623641274,0.000986879268536881
1293,0,0,1293,0.03141463462364125,0.03141463462364125,0.0009868792685368793
1294,0,1,1294,0.03141463462364128,0.03141463462364128,0.0009868792685368817
1295,0,1,1295,0.0,0.0,0.0
1296,0,0,1296,0.031414634623641226,0.031414634623641226,0.000986879268536878
1297,0,1,1297,0.03141463462364128,5.551115123125783e-17,0.0009868792685368815
1298,0,0,1298,0.03141463462364137,0.031414634623641205,0.0009868792685368874
1299,0,0,1299,0.031414634623641316,5.551115123125783e-17,0.0009868792685368839
1300,0,0,1300,0.03141463462364119,0.03141463462364118,0.0009868792685368756
1301,0,0,1301,0.031414634623641344,1.1102230246251565e-16,0.0009868792685368854
1302,0,1,1302,0.03141463462364122,0.03141463462364121,0.0009868792685368776
1303,0,1,1303,0.031414634623641205,0.031414634623641205,0.000986879268536877
1304,0,2,1304,0.031414634623641205,0.031414634623641184,0.0009868792685368767
1305,0,0,1305,0.03141463462364124,5.551115123125783e-17,0.0009868792685368791
1306,0,2,1306,0.0314146346236415,0.031414634623641365,0.0009868792685368956
1307,0,2,1307,0.03141463462364145,0.03141463462364135,0.0009868792685368921
1308,0,2,1308,0.03141463462364118,0.03141463462364118,0.000986879268536875
1309,0,0,1309,0.03141463462364123,0.03141463462364118,0.0009868792685368785
1310,0,0,1310,0.031414634623641274,0.0314146346236412,0.0009868792685368809
1311,0,0,1311,0.031414634623641476,0.031414634623641434,0.0009868792685368936
1312,0,1,1312,0.031414634623641205,0.03141463462364118,0.000986879268536877
1313,0,1,1313,0.0,0.0,0.0
1314,0,1,1314,0.03141463462364123,0.0,0.0009868792685368785
1315,0,1,1315,0.031414634623641274,0.03141463462364117,0.0009868792685368813
1316,0,2,1316,0.031414634623641094,0.03141463462364101,0.0009868792685368698
1317,0,0,1317,0.03141463462364135,0.03141463462364128,0.0009868792685368858
1318,0,1,1318,0.0,0.0,0.0
1319,0,1,1319,0.0,0.0,0.0
1320,0,2,1320,0.0,0.0,0.0
1321,0,1,1321,0.03141463462364114,0.03141463462364114,0.0009868792685368728
1322,0,0,1322,0.03141463462364129,1.1102230246251565e-16,0.0009868792685368828
1323,0,1,1323,0.03141463462364143,0.031414634623641316,0.000986879268536891
1324,0,1,1324,0.031414634623641136,1.1102230246251565e-16,0.0009868792685368726
1325,0,2,1325,0.031414634623641226,0.031414634623641226,0.0009868792685368782
1326,0,1,1326,0.03141463462364121,0.0,0.0009868792685368774
1327,0,1,1327,0.03141463462364133,0.03141463462364128,0.0009868792685368845
1328,0,2,1328,0.031414634623641274,2.7755575615628914e-17,0.0009868792685368813
1329,0,0,1329,0.03141463462364125,0.031414634623641184,0.0009868792685368793
1330,0,1,1330,0.03141463462364127,1.1188630228279524e-16,0.0009868792685368806
1331,0,1,1331,0.0,0.0,0.0
1332,0,2,1332,0.03141463462364136,2.482534153247273e-16,0.0009868792685368865
1333,0,1,1333,0.0,0.0,0.0
1334,0,2,1334,0.03141463462364137,1.5700924586837752e-16,0.0009868792685368871
1335,0,0,1335,0.0,0.0,1.2037062152420224e-35
1336,0,0,1336,0.0,0.0,0.0
1337,0,2,1337,0.03141463462364115,1.1102230246251565e-16,0.0009868792685368733
1338,0,1,1338,0.031414634623641316,1.5700924586837752e-16,0.0009868792685368839
1339,0,1,1339,0.03141463462364147,0.03141463462364143,0.000986879268536893
1340,0,2,1340,0.03141463462364125,0.03141463462364122,0.0009868792685368793
1341,0,0,1341,0.03141463462364138,0.03141463462364137,0.0009868792685368874
1342,0,1,1342,0.0314146346236412,0.03141463462364119,0.0009868792685368759
1343,0,0,1343,0.03141463462364145,0.031414634623641434,0.0009868792685368917
1344,0,2,1344,0.03141463462364128,1.1102230246251565e-16,0.000986879268536882
1345,0,2,1345,0.03141463462364128,0.031414634623641254,0.0009868792685368813
1346,0,1,1346,0.03141463462364116,1.22614398128331e-16,0.0009868792685368741
1347,0,1,1347,0.0,0.0,0.0
1348,0,1,1348,0.0,0.0,0.0
1349,0,1,1349,0.03141463462364121,0.0,0.0009868792685368772
1350,0,1,1350,0.0314146346236412,0.03141463462364119,0.000986879268536876
1351,0,2,1351,0.03141463462364117,0.03141463462364106,0.0009868792685368748
1352,0,2,1352,0.03141463462364128,0.03141463462364126,0.0009868792685368817
1353,0,1,1353,0.031414634623641406,0.0314146346236414,0.0009868792685368893
1354,0,2,1354,0.03141463462364136,0.031414634623641344,0.0009868792685368858
1355,0,2,1355,0.03141463462364132,1.5700924586837752e-16,0.0009868792685368843
1356,0,1,1356,0.03141463462364135,0.03141463462364114,0.0009868792685368858
1357,0,1,1357,0.031414634623641385,2.7755575615628914e-16,0.000986879268536888
1358,0,1,1358,0.031414634623641385,0.031414634623641385,0.0009868792685368882
1359,0,2,1359,0.03141463462364118,1.1102230246251565e-16,0.000986879268536875
1360,0,2,1360,0.03141463462364139,0.03141463462364139,0.0009868792685368889
1361,0,1,1361,0.03141463462364126,0.03141463462364126,0.0009868792685368804
1362,0,0,1362,0.03141463462364131,0.03141463462364112,0.0009868792685368832
1363,0,1,1363,0.03141463462364134,2.482534153247273e-16,0.000986879268536885
1364,0,2,1364,0.031414634623641115,1.2412670766236366e-16,0.0009868792685368713
1365,0,1,1365,0.03141463462364141,8.326672684688674e-17,0.00098687926853689
1366,0,2,1366,0.0,0.0,0.0
1367,0,0,1367,0.0314146346236413,0.03141463462364126,0.000986879268536883
1368,0,0,1368,0.03141463462364125,2.220446049250313e-16,0.0009868792685368795
1369,0,0,1369,0.03141463462364117,5.551115123125783e-17,0.0009868792685368748
1370,0,0,1370,0.03141463462364132,1.1102230246251565e-16,0.0009868792685368843
1371,0,0,1371,0.0,0.0,0.0
1372,0,0,1372,0.031414634623641156,0.03141463462364112,0.0009868792685368737
1373,0,0,1373,0.03141463462364115,0.03141463462364114,0.0009868792685368735
1374,0,0,1374,0.031414634623641295,0.0,0.0009868792685368826
1375,0,2,1375,0.0,0.0,0.0
1376,0,1,1376,0.0,0.0,0.0
1377,0,1,1377,0.0,0.0,0.0
1378,0,0,1378,0.03141463462364121,1.1102230246251565e-16,0.000986879268536877
1379,0,1,1379,0.03141463462364124,0.03141463462364124,0.000986879268536879
1380,0,2,1380,0.03141463462364128,0.031414634623641254,0.0009868792685368815
1381,0,1,1381,0.0314146346236412,0.03141463462364108,0.0009868792685368763
1382,0,0,1382,0.0314146346236412,0.03141463462364119,0.0009868792685368765
1383,0,1,1383,0.031414634623641136,0.03141463462364113,0.0009868792685368726
1384,0,2,1384,0.031414634623641184,1.5700924586837752e-16,0.0009868792685368756
1385,0,1,1385,0.03141463462364115,0.03141463462364113,0.0009868792685368735
1386,0,1,1386,0.03141463462364129,0.031414634623641156,0.000986879268536882
1387,0,0,1387,0.031414634623641274,0.03141463462364123,0.0009868792685368813
1388,0,2,1388,0.03141463462364113,0.03141463462364113,0.0009868792685368722
1389,0,1,1389,0.03141463462364119,0.03141463462364119,0.0009868792685368759
1390,0,1,1390,0.0,0.0,0.0
1391,0,2,1391,0.03141463462364137,0.03141463462364137,0.0009868792685368876
1392,0,0,1392,0.0,0.0,0.0
1393,0,1,1393,0.03141463462364139,1.5700924586837752e-16,0.0009868792685368887
1394,0,2,1394,0.0,0.0,4.81482486096809e-35
1395,0,1,1395,0.031414634623641226,0.031414634623641226,0.000986879268536878
1396,0,2,1396,0.031414634623641524,1.6199010924212651e-16,0.0009868792685368967
1397,0,1,1397,0.03141463462364126,1.5700924586837752e-16,0.0009868792685368804
1398,0,2,1398,0.0314146346236412,0.03141463462364113,0.000986879268536876
1399,0,0,1399,0.03141463462364134,0.03141463462364133,0.0009868792685368845
1400,0,0,1400,0.031414634623641226,1.6653345369377348e-16,0.0009868792685368782
1401,0,2,1401,0.03141463462364131,1.1102230246251565e-16,0.0009868792685368835
1402,0,0,1402,0.03141463462364119,0.03141463462364117,0.000986879268536876
1403,0,1,1403,0.0,0.0,0.0
1404,0,2,1404,0.031414634623641455,0.03141463462364127,0.0009868792685368923
1405,0,0,1405,0.03141463462364125,1.1188630228279524e-16,0.0009868792685368791
1406,0,2,1406,0.031414634623641115,0.031414634623641115,0.000986879268536871
1407,0,1,1407,0.03141463462364136,0.03141463462364117,0.0009868792685368863
1408,0,2,1408,0.0,0.0,0.0
1409,0,0,1409,0.0314146346236412,0.0314146346236412,0.0009868792685368763
1410,0,1,1410,0.031414634623641365,0.031414634623641365,0.0009868792685368867
1411,0,2,1411,0.03141463462364143,2.7755575615628914e-17,0.0009868792685368908
1412,0,1,1412,0.03141463462364119,0.03141463462364119,0.000986879268536876
1413,0,0,1413,0.03141463462364134,0.03141463462364134,0.0009868792685368852
1414,0,0,1414,0.03141463462364123,0.031414634623641094,0.0009868792685368785
1415,0,0,1415,0.03141463462364129,0.0,0.000986879268536882
1416,0,1,1416,0.0,0.0,0.0
1417,0,0,1417,0.03141463462364125,2.0014830212433607e-16,0.0009868792685368793
1418,0,1,1418,0.0314146346236414,2.2887833992611187e-16,0.000986879268536889
1419,0,2,1419,0.0314146346236413,0.0,0.0009868792685368826
1420,0,1,1420,0.031414634623641226,1.1102230246251565e-16,0.0009868792685368782
1421,0,1,1421,0.031414634623641344,4.440892098500626e-16,0.0009868792685368856
1422,0,0,1422,0.0,0.0,0.0
1423,0,1,1423,0.03141463462364121,0.03141463462364106,0.0009868792685368772
1424,0,0,1424,0.031414634623641094,6.938893903907228e-17,0.0009868792685368696
1425,0,0,1425,0.0,0.0,0.0
1426,0,0,1426,0.0314146346236413,1.6653345369377348e-16,0.0009868792685368828
1427,0,2,1427,0.03141463462364131,8.326672684688674e-17,0.0009868792685368835
1428,0,1,1428,0.03141463462364124,1.5700924586837752e-16,0.0009868792685368791
1429,0,2,1429,0.0,0.0,0.0
1430,0,1,1430,0.0314146346236412,0.0314146346236412,0.000986879268536876
1431,0,2,1431,0.03141463462364128,0.03141463462364108,0.0009868792685368813
1432,0,0,1432,0.031414634623641156,0.03141463462364115,0.0009868792685368735
1433,0,0,1433,0.03141463462364121,0.031414634623641205,0.0009868792685368767
1434,0,0,1434,0.0,0.0,0.0
1435,0,2,1435,0.0314146346236413,0.031414634623641254,0.000986879268536883
1436,0,2,1436,0.031414634623641184,0.03141463462364116,0.0009868792685368756
1437,0,0,1437,0.03141463462364125,0.03141463462364125,0.0009868792685368795
1438,0,2,1438,0.031414634623641406,0.031414634623641365,0.000986879268536889
1439,0,0,1439,0.031414634623641184,1.1102230246251565e-16,0.0009868792685368754
1440,0,0,1440,0.03141463462364125,2.482534153247273e-16,0.0009868792685368793
1441,0,0,1441,0.03141463462364118,0.0,0.000986879268536875
1442,0,0,1442,0.03141463462364118,0.03141463462364117,0.0009868792685368748
1443,0,2,1443,0.0,0.0,0.0
1444,0,2,1444,0.03141463462364133,0.03141463462364132,0.0009868792685368843
1445,0,0,1445,0.03141463462364124,0.03141463462364106,0.0009868792685368791
1446,0,1,1446,0.03141463462364122,0.03141463462364109,0.0009868792685368778
1447,0,2,1447,0.0314146346236413,0.0314146346236413,0.000986879268536883
1448,0,2,1448,0.03141463462364142,1.1102230246251565e-16,0.0009868792685368904
1449,0,1,1449,0.03141463462364129,0.03141463462364129,0.0009868792685368822
1450,0,0,1450,0.0,0.0,0.0
1451,0,2,1451,0.03141463462364121,0.0314146346236412,0.0009868792685368772
1452,0,1,1452,0.03141463462364124,0.031414634623641156,0.0009868792685368791
1453,0,1,1453,0.03141463462364114,0.031414634623641066,0.0009868792685368728
1454,0,0,1454,0.031414634623641434,0.03141463462364142,0.000986879268536891
1455,0,0,1455,0.03141463462364119,0.031414634623641184,0.0009868792685368756
1456,0,0,1456,0.031414634623641295,1.6653345369377348e-16,0.0009868792685368824
1457,0,1,1457,0.03141463462364147,0.03141463462364138,0.0009868792685368934
1458,0,2,1458,0.031414634623641184,1.5700924586837752e-16,0.0009868792685368752
1459,0,2,1459,0.03141463462364107,5.551115123125783e-17,0.0009868792685368683
1460,0,2,1460,0.03141463462364115,2.7755575615628914e-17,0.000986879268536873
1461,0,1,1461,0.0,0.0,4.81482486096809e-35
1462,0,2,1462,0.03141463462364132,1.1102230246251565e-16,0.0009868792685368843
1463,0,2,1463,0.03141463462364127,0.03141463462364116,0.0009868792685368804
1464,0,2,1464,0.031414634623641295,1.5700924586837752e-16,0.0009868792685368824
1465,0,2,1465,0.03141463462364126,0.03141463462364111,0.0009868792685368802
1466,0,0,1466,0.0,0.0,0.0
1467,0,2,1467,0.03141463462364116,0.031414634623641094,0.0009868792685368737
1468,0,2,1468,0.03141463462364127,0.03141463462364127,0.0009868792685368809
1469,0,0,1469,0.0,0.0,0.0
1470,0,2,1470,0.0314146346236413,0.03141463462364124,0.0009868792685368828
1471,0,1,1471,0.031414634623641274,0.0314146346236412,0.000986879268536881
1472,0,2,1472,0.0,0.0,0.0
1473,0,2,1473,0.03141463462364128,1.5700924586837752e-16,0.0009868792685368815
1474,0,1,1474,0.031414634623641254,0.031414634623641254,0.0009868792685368798
1475,0,1,1475,0.03141463462364139,2.0014830212433607e-16,0.0009868792685368882
1476,0,2,1476,0.031414634623641295,0.031414634623641254,0.0009868792685368824
1477,0,0,1477,0.031414634623641385,0.031414634623641385,0.0009868792685368884
1478,0,0,1478,0.0314146346236414,0.0314146346236414,0.0009868792685368889
1479,0,1,1479,0.03141463462364124,0.03141463462364114,0.0009868792685368787
1480,0,0,1480,0.0314146346236412,0.03141463462364119,0.0009868792685368759
1481,0,1,1481,0.03141463462364099,0.03141463462364099,0.0009868792685368633
1482,0,0,1482,0.03141463462364128,1.1102230246251565e-16,0.0009868792685368817
1483,0,2,1483,0.03141463462364121,1.6653345369377348e-16,0.0009868792685368772
1484,0,0,1484,0.03141463462364139,0.03141463462364137,0.0009868792685368882
1485,0,0,1485,0.031414634623641156,0.031414634623641156,0.0009868792685368737
1486,0,0,1486,0.0,0.0,0.0
1487,0,2,1487,0.031414634623641156,1.1102230246251565e-16,0.000986879268536873
1488,0,0,1488,0.0314146346236414,2.0014830212433607e-16,0.0009868792685368887
1489,0,2,1489,0.0314146346236412,0.0314146346236411,0.000986879268536877
1490,0,0,1490,0.03141463462364122,0.03141463462364122,0.0009868792685368774
1491,0,1,1491,0.031414634623641254,1.5700924586837752e-16,0.0009868792685368798
1492,0,1,1492,0.031414634623641295,2.237726045655905e-16,0.0009868792685368826
1493,0,1,1493,0.03141463462364143,0.03141463462364133,0.0009868792685368906
1494,0,0,1494,0.03141463462364117,0.03141463462364102,0.0009868792685368746
1495,0,2,1495,0.03141463462364134,1.3877787807814457e-16,0.0009868792685368852
1496,0,0,1496,0.0,0.0,0.0
1497,0,1,1497,2.0000000000000004,2.0000000000000004,0.00098687926853691
1498,0,1,1498,0.03141463462364131,0.03141463462364131,0.0009868792685368832
1499,0,1,1499,0.031414634623641136,1.2412670766236366e-16,0.0009868792685368724
