,Layer,Qubit,Run,2-Norm,Trace Norm,Diamond Norm
0,0,0,0,0.01570780177742267,0.029807642546308244,0.00024673503667880283
1,1,0,1,0.015707801777422564,0.006598698089301358,0.0002467350366787995
2,1,0,2,0.01570780177742252,0.031335782830739844,0.00024673503667879806
3,1,0,3,0.015707801777422644,0.023129264607060662,0.00024673503667880197
4,1,0,4,0.015707801777422762,0.015844104772888334,0.00024673503667880565
5,0,0,5,0.015707801777422856,0.025935194082782664,0.0002467350366788087
6,0,0,6,0.015707801777422495,0.0269448322680661,0.00024673503667879725
7,1,0,7,0.015707801777422623,0.020570531349414,0.00024673503667880126
8,0,0,8,0.015707801777422627,0.024804744329357864,0.00024673503667880153
9,0,0,9,0.015707801777422745,0.011967981445742404,0.0002467350366788052
10,1,0,10,0.015707801777422727,0.003088925567883427,0.00024673503667880457
11,1,0,11,0.015707801777422543,0.02232689116105524,0.0002467350366787988
12,1,0,12,0.01570780177742267,0.02113462492474416,0.0002467350366788028
13,0,0,13,0.015707801777422755,0.030414802424338333,0.00024673503667880554
14,1,0,14,0.015707801777422623,0.02481780920750143,0.0002467350366788013
15,1,0,15,0.01570780177742272,0.0229666778074884,0.0002467350366788044
16,0,0,16,0.015707801777422533,0.02592396657463747,0.0002467350366787985
17,1,0,17,0.01570780177742264,0.01319629418948376,0.00024673503667880186
18,0,0,18,0.015707801777422533,0.005136257284731105,0.00024673503667879855
19,0,0,19,0.015707801777422592,0.0037809347169353025,0.0002467350366788004
20,0,0,20,0.015707801777422613,0.0010821399204303805,0.00024673503667880104
21,0,0,21,0.015707801777422627,0.03130274399706373,0.0002467350366788015
22,1,0,22,0.015707801777422595,0.01399770337835271,0.00024673503667880045
23,0,0,23,0.015707801777422696,0.010098401824347292,0.0002467350366788036
24,1,0,24,0.015707801777422654,0.0232398748823871,0.0002467350366788024
25,1,0,25,0.015707801777422637,0.004712561529754633,0.00024673503667880175
26,1,0,26,0.015707801777422696,0.018344039101000575,0.00024673503667880365
27,1,0,27,0.015707801777422706,0.01582957139034913,0.0002467350366788039
28,1,0,28,0.015707801777422717,0.03089817476958845,0.0002467350366788043
29,0,0,29,0.015707801777422637,0.030116934869554246,0.00024673503667880175
30,1,0,30,0.01570780177742267,0.027122215527453586,0.0002467350366788028
31,0,0,31,0.015707801777422793,0.015543582755718321,0.00024673503667880663
32,1,0,32,0.01570780177742259,0.02851118475644282,0.0002467350366788003
33,0,0,33,0.015707801777422516,0.030150095432078916,0.00024673503667879795
34,0,0,34,0.01570780177742264,0.004989269603048019,0.00024673503667880186
35,0,0,35,0.015707801777422606,0.03125961936415349,0.0002467350366788007
36,1,0,36,0.015707801777422703,0.00513670041351888,0.0002467350366788038
37,1,0,37,0.015707801777422824,0.005159101184744164,0.00024673503667880777
38,1,0,38,0.015707801777422644,0.03085355356521932,0.000246735036678802
39,0,0,39,0.015707801777422686,0.02367032420493509,0.0002467350366788033
40,1,0,40,0.0157078017774226,0.005749603164348915,0.00024673503667880056
41,0,0,41,0.015707801777422738,0.001456686363891957,0.0002467350366788049
42,1,0,42,0.015707801777422616,0.029399506151493005,0.0002467350366788011
43,1,0,43,0.015707801777422637,0.020532089404382448,0.00024673503667880175
44,1,0,44,0.01570780177742274,0.00015043147464532947,0.00024673503667880506
45,0,0,45,0.01570780177742269,0.006986085069605741,0.0002467350366788033
46,0,0,46,0.01570780177742268,0.01836886690279882,0.00024673503667880305
47,1,0,47,0.015707801777422616,0.024128411454911403,0.0002467350366788011
48,1,0,48,0.01570780177742259,0.03139356218790078,0.00024673503667880023
49,0,0,49,0.015707801777422647,0.0251640886860367,0.0002467350366788021
50,0,0,50,0.015707801777422644,0.025586158229332634,0.00024673503667880186
51,0,0,51,0.015707801777422706,0.029003554619690564,0.00024673503667880386
52,1,0,52,0.01570780177742262,0.0035155405630991066,0.00024673503667880126
53,0,0,53,0.015707801777422533,0.019507774309330816,0.00024673503667879844
54,1,0,54,0.01570780177742275,0.022864813083800284,0.0002467350366788053
55,1,0,55,0.015707801777422717,0.02212815685257019,0.00024673503667880435
56,1,0,56,0.01570780177742279,0.007691819588308779,0.0002467350366788066
57,1,0,57,0.015707801777422665,0.030689293482435126,0.0002467350366788026
58,0,0,58,0.01570780177742264,0.020683675299812743,0.0002467350366788018
59,0,0,59,0.015707801777422762,0.0038673158402093843,0.0002467350366788057
60,0,0,60,0.01570780177742262,0.029448149794592093,0.00024673503667880126
61,1,0,61,0.015707801777422762,0.031210443503993657,0.00024673503667880565
62,0,0,62,0.01570780177742258,0.006935181463700424,0.00024673503667880007
63,0,0,63,0.01570780177742263,0.027941056247500706,0.00024673503667880153
64,1,0,64,0.01570780177742259,0.021886420688432717,0.00024673503667880023
65,0,0,65,0.015707801777422703,0.009014488974247614,0.0002467350366788038
66,0,0,66,0.0157078017774227,0.026395218560851585,0.0002467350366788037
67,1,0,67,0.01570780177742265,0.016066100697904595,0.00024673503667880213
68,0,0,68,0.01570780177742254,0.018137124231939916,0.00024673503667879866
69,0,0,69,1.9999383152895795,2.369938043009928,0.0002467350366788078
70,1,0,70,0.01570780177742272,0.0303612195456488,0.00024673503667880446
71,0,0,71,0.015707801777422502,0.0125067259680256,0.00024673503667879736
72,0,0,72,0.015707801777422745,0.03138716796035979,0.0002467350366788051
73,1,0,73,0.015707801777422585,0.011271609798077842,0.00024673503667880007
74,0,0,74,0.015707801777422658,0.002705426407821343,0.00024673503667880245
75,1,0,75,0.015707801777422696,0.030838918983600944,0.00024673503667880365
76,1,0,76,0.015707801777422634,0.01770173625762439,0.0002467350366788016
77,0,0,77,0.015707801777422575,0.030490391074237122,0.0002467350366787998
78,0,0,78,0.01570780177742259,0.02474707030328649,0.0002467350366788003
79,0,0,79,0.015707801777422665,0.0060777794701278864,0.00024673503667880267
80,1,0,80,0.015707801777422557,0.006598642728666393,0.0002467350366787992
81,1,0,81,0.015707801777422564,0.016181916896691906,0.0002467350366787994
82,1,0,82,0.01570780177742255,0.008896753422460879,0.000246735036678799
83,1,0,83,0.01570780177742264,0.030141050471132358,0.0002467350366788018
84,1,0,84,0.01570780177742271,0.031323022453131,0.0002467350366788041
85,1,0,85,0.0157078017774226,0.029962507449521614,0.00024673503667880056
86,1,0,86,0.01570780177742269,0.015258342738225017,0.0002467350366788035
87,1,0,87,0.015707801777422658,0.01180026134349177,0.00024673503667880234
88,1,0,88,0.015707801777422654,0.01944082476649356,0.00024673503667880234
89,0,0,89,0.01570780177742267,0.030948585809975004,0.0002467350366788028
90,0,0,90,0.01570780177742259,0.004572290298526238,0.0002467350366788003
91,0,0,91,0.01570780177742262,0.03120108920724017,0.00024673503667880115
92,1,0,92,0.015707801777422755,0.024399071569387143,0.0002467350366788055
93,1,0,93,0.015707801777422713,0.028006559501449868,0.0002467350366788042
94,0,0,94,0.015707801777422706,0.00915788523580563,0.0002467350366788039
95,1,0,95,0.015707801777422592,0.020586354481857083,0.00024673503667880034
96,1,0,96,0.015707801777422693,0.0070392582989772245,0.0002467350366788035
97,1,0,97,0.015707801777422713,0.0249351976688007,0.0002467350366788042
98,1,0,98,0.015707801777422606,0.0009259055835857399,0.0002467350366788008
99,0,0,99,0.015707801777422682,0.030381113381486607,0.0002467350366788032
100,1,0,100,0.015707801777422644,0.025292529000805808,0.0002467350366788019
101,1,0,101,0.015707801777422658,0.03130437697306561,0.0002467350366788024
102,1,0,102,0.0157078017774226,0.02369930915889984,0.00024673503667880056
103,1,0,103,0.015707801777422606,0.024966375432574406,0.00024673503667880077
104,0,0,104,0.01570780177742259,0.005171964965871911,0.00024673503667880023
105,0,0,105,0.01570780177742259,0.028047861818923103,0.00024673503667880023
106,0,0,106,0.015707801777422526,0.010423512241019672,0.0002467350366787983
107,0,0,107,0.01570780177742267,0.03090997291420078,0.00024673503667880283
108,1,0,108,0.015707801777422578,0.009998291707144391,0.00024673503667879996
109,0,0,109,0.015707801777422585,0.008129093930862696,0.00024673503667880007
110,1,0,110,0.015707801777422578,0.03139479040568484,0.00024673503667879996
111,0,0,111,0.01570780177742261,0.03031656764300983,0.0002467350366788009
112,1,0,112,0.015707801777422547,0.022777077885633545,0.00024673503667879893
113,1,0,113,0.01570780177742261,0.01875794175823331,0.00024673503667880094
114,1,0,114,0.015707801777422696,0.0119899755355658,0.0002467350366788036
115,1,0,115,0.015707801777422616,0.01888844234894771,0.00024673503667880104
116,0,0,116,0.015707801777422713,0.027416119542152784,0.00024673503667880413
117,1,0,117,0.015707801777422592,0.008318460714281217,0.0002467350366788005
118,0,0,118,0.015707801777422817,0.030058637928675525,0.00024673503667880744
119,0,0,119,0.015707801777422755,0.03067492439284239,0.0002467350366788055
120,0,0,120,0.015707801777422557,0.02947173647665191,0.00024673503667879925
121,0,0,121,0.01570780177742256,0.004430490225928008,0.0002467350366787993
122,0,0,122,0.0157078017774226,0.01586654653717079,0.0002467350366788006
123,0,0,123,0.015707801777422606,0.01964947682511098,0.0002467350366788008
124,0,0,124,0.01570780177742289,0.026692815009475623,0.00024673503667880977
125,1,0,125,0.01570780177742268,0.004192197318383606,0.00024673503667880305
126,0,0,126,0.015707801777422585,0.02797844745448863,0.0002467350366788
127,1,0,127,0.015707801777422578,0.007056714428333333,0.0002467350366787999
128,1,0,128,0.01570780177742261,0.014618814737427765,0.0002467350366788008
129,1,0,129,0.01570780177742258,0.014508796782216615,0.0002467350366788
130,0,0,130,0.015707801777422686,0.0312997737835989,0.00024673503667880327
131,1,0,131,0.015707801777422634,0.0007343745978742877,0.0002467350366788016
132,0,0,132,0.01570780177742263,0.0038963181559993343,0.00024673503667880153
133,1,0,133,0.015707801777422644,0.013217424668326538,0.00024673503667880197
134,0,0,134,0.015707801777422703,0.02216132522453984,0.0002467350366788038
135,0,0,135,0.0157078017774228,0.025966035142335864,0.0002467350366788069
136,1,0,136,0.01570780177742262,0.023898484356019045,0.00024673503667880126
137,0,0,137,0.015707801777422613,0.018557448728917403,0.00024673503667880094
138,0,0,138,0.015707801777422724,0.027046930910519462,0.0002467350366788045
139,0,0,139,0.015707801777422578,0.00426902247726213,0.00024673503667879996
140,1,0,140,0.015707801777422738,0.031406891041669605,0.0002467350366788049
141,1,0,141,0.01570780177742267,0.010685282637552529,0.00024673503667880267
142,1,0,142,0.015707801777422786,0.02490508445151307,0.00024673503667880646
143,0,0,143,0.015707801777422727,0.016391334927919665,0.0002467350366788046
144,1,0,144,0.01570780177742263,0.029270274854510725,0.0002467350366788015
145,1,0,145,0.015707801777422738,0.03124197740657851,0.0002467350366788049
146,1,0,146,0.015707801777422627,0.030453962092052728,0.0002467350366788015
147,0,0,147,0.015707801777422557,0.031291880959280746,0.0002467350366787993
148,1,0,148,0.015707801777422602,0.017997465654370326,0.00024673503667880077
149,0,0,149,0.015707801777422703,0.023468623797925692,0.00024673503667880375
150,1,0,150,0.015707801777422575,0.022277997430104945,0.0002467350366787997
151,1,0,151,0.01570780177742266,0.007484197221429123,0.00024673503667880256
152,1,0,152,0.015707801777422613,0.011602235083219892,0.000246735036678801
153,0,0,153,0.015707801777422602,0.02709890372755508,0.0002467350366788007
154,1,0,154,0.015707801777422602,0.03139327127179063,0.00024673503667880066
155,1,0,155,0.015707801777422578,0.015575067584337576,0.00024673503667879996
156,1,0,156,0.015707801777422748,0.029448685263036956,0.0002467350366788051
157,1,0,157,0.015707801777422578,0.02746008006461742,0.0002467350366787999
158,0,0,158,0.015707801777422654,0.03139953659899267,0.0002467350366788023
159,1,0,159,0.015707801777422585,0.031114736350366295,0.0002467350366788001
160,0,0,160,0.015707801777422644,0.01950037704407015,0.0002467350366788019
161,0,0,161,0.015707801777422637,0.02530017432442211,0.00024673503667880186
162,0,0,162,0.01570780177742264,0.021870457694521006,0.00024673503667880186
163,1,0,163,0.01570780177742263,0.024735387354921423,0.0002467350366788016
164,1,0,164,0.01570780177742273,0.02458706664667709,0.0002467350366788047
165,1,0,165,0.015707801777422602,0.014915492119779161,0.0002467350366788006
166,1,0,166,0.01570780177742256,0.01095716823580617,0.0002467350366787994
167,1,0,167,1.9999383152895798,2.2624614717078,0.0002467350366788064
168,1,0,168,0.015707801777422686,0.02541101222407982,0.00024673503667880327
169,1,0,169,0.015707801777422602,0.016948684057457197,0.00024673503667880066
170,0,0,170,0.01570780177742274,0.007876876715996795,0.000246735036678805
171,0,0,171,0.015707801777422762,0.0020189851187869534,0.0002467350366788056
172,0,0,172,0.015707801777422592,0.0015116175755849337,0.0002467350366788002
173,1,0,173,0.01570780177742283,0.023082155062820076,0.0002467350366788079
174,0,0,174,0.015707801777422786,0.009174057050820195,0.00024673503667880646
175,0,0,175,0.015707801777422602,0.02544143249934383,0.00024673503667880066
176,0,0,176,0.015707801777422783,0.02161015725714599,0.0002467350366788063
177,1,0,177,0.015707801777422706,0.013927709807592836,0.00024673503667880397
178,1,0,178,0.015707801777422797,0.019510821702604764,0.0002467350366788068
179,0,0,179,0.015707801777422623,0.015828302227956725,0.00024673503667880126
180,1,0,180,0.01570780177742283,0.018356321276344456,0.0002467350366788079
181,1,0,181,0.015707801777422665,0.0016136122340961734,0.0002467350366788026
182,1,0,182,0.01570780177742275,0.008545226058216393,0.00024673503667880527
183,0,0,183,0.015707801777422717,0.0278959964060706,0.0002467350366788042
184,1,0,184,0.015707801777422713,0.006757541363991981,0.00024673503667880413
185,1,0,185,0.015707801777422647,0.03136943694885807,0.0002467350366788021
186,0,0,186,0.01570780177742269,0.014030267939961094,0.0002467350366788034
187,0,0,187,0.015707801777422814,0.025167206949811338,0.0002467350366788073
188,1,0,188,0.015707801777422793,0.013634737983113543,0.0002467350366788066
189,0,0,189,0.015707801777422647,0.02478893511383473,0.00024673503667880213
190,1,0,190,0.015707801777422658,0.03141236601640686,0.0002467350366788024
191,0,0,191,0.015707801777422613,0.03045361654764761,0.00024673503667880094
192,1,0,192,0.01570780177742263,0.019507328858741957,0.0002467350366788016
193,0,0,193,0.0157078017774225,0.026068091810985683,0.0002467350366787974
194,0,0,194,0.01570780177742264,0.027038837635992463,0.00024673503667880186
195,0,0,195,1.9999383152895798,2.9291160322936207,0.00024673503667880684
196,0,0,196,0.01570780177742255,0.02009533164656019,0.00024673503667879904
197,0,0,197,0.01570780177742262,0.020691315073603223,0.0002467350366788012
198,0,0,198,0.015707801777422672,0.0239692244682419,0.0002467350366788029
199,1,0,199,0.015707801777422682,0.030135524264333913,0.0002467350366788032
200,1,0,200,0.01570780177742278,0.020165541099288586,0.00024673503667880614
201,1,0,201,0.01570780177742265,0.030436422925482154,0.0002467350366788023
202,1,0,202,0.015707801777422804,0.03138222991637375,0.0002467350366788069
203,0,0,203,0.015707801777422616,0.02014390729416271,0.0002467350366788011
204,0,0,204,0.015707801777422696,0.030112423230463647,0.0002467350366788036
205,0,0,205,0.0157078017774227,0.029166965997248717,0.00024673503667880375
206,0,0,206,0.0157078017774227,0.013718028822080841,0.00024673503667880375
207,1,0,207,0.01570780177742255,0.02642638038548406,0.000246735036678799
208,1,0,208,0.015707801777422613,0.02201088061526779,0.000246735036678801
209,0,0,209,0.015707801777422682,0.030997729983030825,0.0002467350366788031
210,0,0,210,0.01570780177742274,0.019553815679987596,0.000246735036678805
211,1,0,211,0.015707801777422734,0.006756912900865442,0.0002467350366788048
212,1,0,212,0.015707801777422602,0.006981013608297837,0.00024673503667880077
213,0,0,213,0.015707801777422613,0.027423037696330477,0.00024673503667880104
214,1,0,214,0.015707801777422658,0.0287566300350775,0.0002467350366788024
215,1,0,215,0.015707801777422595,0.029983328523393082,0.00024673503667880056
216,0,0,216,0.01570780177742267,0.03141314346886508,0.0002467350366788027
217,1,0,217,0.01570780177742266,0.0025993324337902912,0.00024673503667880245
218,0,0,218,0.015707801777422696,0.012709164544769225,0.00024673503667880354
219,0,0,219,0.01570780177742269,0.014278706142961228,0.0002467350366788034
220,1,0,220,0.015707801777422658,0.024667867585995595,0.00024673503667880245
221,1,0,221,0.015707801777422613,0.01963606720999367,0.000246735036678801
222,1,0,222,0.015707801777422807,0.01968139815102543,0.00024673503667880706
223,0,0,223,0.015707801777422717,0.015267189617171106,0.0002467350366788043
224,1,0,224,0.01570780177742259,0.028969390890754954,0.0002467350366788002
225,1,0,225,0.015707801777422543,0.012846285222016585,0.0002467350366787989
226,0,0,226,0.01570780177742274,0.02076712596451924,0.000246735036678805
227,0,0,227,0.015707801777422516,0.022652271297943782,0.0002467350366787979
228,1,0,228,0.015707801777422564,0.010654826921173477,0.0002467350366787994
229,0,0,229,0.015707801777422585,0.002643764281412553,0.0002467350366788001
230,1,0,230,0.01570780177742268,0.012870386767116049,0.0002467350366788031
231,1,0,231,0.015707801777422592,0.010338263013967897,0.0002467350366788003
232,0,0,232,0.015707801777422578,0.013275729657976854,0.0002467350366787998
233,1,0,233,0.015707801777422672,0.014189181271673679,0.0002467350366788028
234,1,0,234,0.015707801777422672,0.03124599096611881,0.00024673503667880283
235,0,0,235,0.015707801777422654,0.012581712580664983,0.0002467350366788023
236,0,0,236,0.01570780177742278,0.01300092192886848,0.0002467350366788062
237,1,0,237,0.015707801777422658,0.031414751742136385,0.00024673503667880245
238,0,0,238,0.01570780177742261,0.008212292148494504,0.00024673503667880094
239,1,0,239,0.01570780177742258,0.008541352409508818,0.00024673503667879996
240,1,0,240,0.015707801777422772,0.03141552574084528,0.00024673503667880603
241,0,0,241,0.01570780177742273,0.017690962859597703,0.0002467350366788046
242,0,0,242,0.015707801777422547,0.023879798263092722,0.000246735036678799
243,1,0,243,0.015707801777422658,0.027274186544521684,0.00024673503667880234
244,1,0,244,0.015707801777422706,5.759481927736232e-05,0.00024673503667880397
245,1,0,245,0.01570780177742263,0.022121591678153862,0.00024673503667880153
246,1,0,246,0.015707801777422585,0.010567455223764566,0.00024673503667880007
247,1,0,247,0.0157078017774226,0.00023825002088839753,0.0002467350366788005
248,0,0,248,0.015707801777422647,0.01668956131815813,0.000246735036678802
249,1,0,249,0.0157078017774226,0.012314088279962832,0.0002467350366788005
250,1,0,250,0.015707801777422703,0.019254845329832904,0.0002467350366788039
251,0,0,251,0.015707801777422623,0.022925946384746432,0.00024673503667880126
252,0,0,252,0.015707801777422592,0.016684130592389934,0.0002467350366788003
253,0,0,253,0.0157078017774227,0.021355959356114784,0.00024673503667880375
254,1,0,254,0.015707801777422724,0.0034279470488666197,0.00024673503667880435
255,1,0,255,0.01570780177742259,0.029685050785405065,0.00024673503667880023
256,1,0,256,0.01570780177742257,0.024308848344873013,0.0002467350366787997
257,1,0,257,0.01570780177742272,0.02994773927287475,0.0002467350366788044
258,1,0,258,0.01570780177742269,0.028131549654257293,0.0002467350366788034
259,0,0,259,0.015707801777422523,0.018055893558880376,0.00024673503667879817
260,0,0,260,0.01570780177742259,0.01902633073580773,0.00024673503667880023
261,1,0,261,0.01570780177742259,0.022866223720915402,0.0002467350366788002
262,1,0,262,0.015707801777422772,0.02498602534450567,0.0002467350366788061
263,0,0,263,0.015707801777422578,0.031399407410414956,0.0002467350366787999
264,1,0,264,0.015707801777422665,0.011389432389426357,0.00024673503667880256
265,0,0,265,0.01570780177742258,0.0054620821167366,0.00024673503667879996
266,0,0,266,0.015707801777422748,0.026195143614785255,0.00024673503667880527
267,0,0,267,0.015707801777422647,0.031155791310021594,0.0002467350366788021
268,1,0,268,0.0157078017774225,0.03139171077533767,0.0002467350366787974
269,1,0,269,0.015707801777422665,0.03138244056209266,0.00024673503667880256
270,0,0,270,0.015707801777422578,0.008968474489283507,0.00024673503667879996
271,0,0,271,0.015707801777422713,0.03141437924004692,0.0002467350366788042
272,1,0,272,0.015707801777422686,0.026641593259811303,0.00024673503667880327
273,1,0,273,0.01570780177742257,0.027871495384042155,0.00024673503667879963
274,1,0,274,0.015707801777422568,0.022996370849837078,0.0002467350366787996
275,1,0,275,0.015707801777422703,0.01162101128968196,0.00024673503667880386
276,1,0,276,0.015707801777422613,0.026506673740074427,0.00024673503667880104
277,0,0,277,0.01570780177742268,0.030866119262388553,0.00024673503667880305
278,0,0,278,0.015707801777422658,0.025027148220721385,0.0002467350366788025
279,0,0,279,0.015707801777422543,0.011002345532685087,0.00024673503667879877
280,1,0,280,0.0157078017774226,0.017725082348801546,0.0002467350366788005
281,1,0,281,0.015707801777422578,0.015503215260581404,0.0002467350366787999
282,0,0,282,0.015707801777422647,0.002342218745961966,0.0002467350366788021
283,0,0,283,0.015707801777422543,0.009055644096897852,0.0002467350366787988
284,1,0,284,0.015707801777422672,0.015789487699953364,0.00024673503667880294
285,1,0,285,0.01570780177742258,0.031170808854615192,0.00024673503667880007
286,0,0,286,0.015707801777422533,0.018075610710503787,0.00024673503667879844
287,1,0,287,0.01570780177742277,0.03129994455079953,0.00024673503667880587
288,0,0,288,0.01570780177742265,0.030362407742681757,0.0002467350366788022
289,0,0,289,0.015707801777422786,0.031407178361678986,0.00024673503667880646
290,0,0,290,0.015707801777422748,0.004451516345227113,0.0002467350366788054
291,1,0,291,0.015707801777422564,0.03134557071921372,0.0002467350366787994
292,0,0,292,0.015707801777422783,0.028863090338276276,0.00024673503667880636
293,0,0,293,0.01570780177742257,0.018432678747126063,0.0002467350366787997
294,1,0,294,0.015707801777422575,0.030805415666851244,0.0002467350366787997
295,0,0,295,0.015707801777422543,0.030854684061719817,0.0002467350366787989
296,0,0,296,0.01570780177742261,0.021935483097611064,0.0002467350366788008
297,1,0,297,0.015707801777422637,0.011034241239646803,0.00024673503667880175
298,1,0,298,0.01570780177742266,0.029936921306017605,0.0002467350366788025
299,0,0,299,0.015707801777422623,0.030764967488336153,0.0002467350366788014
300,0,0,300,0.015707801777422665,0.031169872928630563,0.0002467350366788026
301,0,0,301,0.015707801777422717,0.03140443816182669,0.00024673503667880424
302,0,0,302,0.015707801777422568,0.027555244147457914,0.0002467350366787995
303,1,0,303,0.015707801777422575,0.016968276126613224,0.00024673503667879974
304,0,0,304,0.015707801777422696,0.030583086403635967,0.00024673503667880365
305,1,0,305,0.01570780177742262,0.010050162082520298,0.0002467350366788013
306,1,0,306,0.015707801777422592,0.03133156728929323,0.0002467350366788003
307,1,0,307,0.015707801777422644,0.02920608232369143,0.00024673503667880197
308,0,0,308,0.01570780177742265,0.0240758409429086,0.0002467350366788022
309,1,0,309,0.01570780177742264,0.027334777368891727,0.00024673503667880186
310,0,0,310,0.015707801777422755,0.02498248240520118,0.00024673503667880554
311,0,0,311,0.015707801777422592,0.029446717865149297,0.0002467350366788004
312,0,0,312,0.015707801777422675,0.024131257398768646,0.00024673503667880283
313,1,0,313,0.01570780177742272,0.012705676754130257,0.0002467350366788044
314,0,0,314,0.01570780177742274,0.025355080005827535,0.00024673503667880495
315,1,0,315,0.01570780177742271,0.01219902815497853,0.0002467350366788041
316,0,0,316,0.015707801777422523,0.02185361628627769,0.0002467350366787983
317,1,0,317,0.015707801777422675,0.02068040683391048,0.00024673503667880294
318,1,0,318,0.015707801777422713,0.007963769718818958,0.00024673503667880413
319,0,0,319,0.01570780177742278,0.02434655086120685,0.00024673503667880625
320,1,0,320,0.015707801777422554,0.00714193804933938,0.0002467350366787991
321,1,0,321,0.01570780177742279,0.0044686727661713554,0.0002467350366788065
322,0,0,322,0.015707801777422835,0.016111822253547015,0.00024673503667880804
323,0,0,323,0.0157078017774226,0.007813092516609887,0.0002467350366788005
324,1,0,324,0.015707801777422665,0.011496836798086774,0.00024673503667880267
325,1,0,325,0.01570780177742259,0.027621590698481302,0.00024673503667880023
326,1,0,326,0.015707801777422672,0.016745603370779905,0.00024673503667880283
327,1,0,327,0.015707801777422693,0.030007951986834203,0.0002467350366788036
328,1,0,328,0.01570780177742273,0.014746657207845737,0.0002467350366788048
329,1,0,329,0.015707801777422717,0.004684932180478829,0.00024673503667880424
330,1,0,330,0.01570780177742268,0.006267502457270369,0.0002467350366788031
331,1,0,331,0.015707801777422637,0.02425978521651473,0.00024673503667880175
332,1,0,332,0.015707801777422682,0.030505276024310107,0.0002467350366788031
333,1,0,333,0.015707801777422672,0.026431266271007114,0.00024673503667880283
334,1,0,334,0.015707801777422623,0.02230419082230861,0.0002467350366788012
335,0,0,335,0.015707801777422592,0.006122825493556472,0.0002467350366788004
336,1,0,336,0.015707801777422804,0.02233464626107473,0.000246735036678807
337,0,0,337,0.01570780177742275,0.025015091743833318,0.0002467350366788054
338,0,0,338,0.01570780177742252,0.015079554179752153,0.0002467350366787981
339,0,0,339,0.015707801777422703,0.022323601193177334,0.0002467350366788038
340,0,0,340,0.015707801777422665,0.012501031798662021,0.0002467350366788025
341,0,0,341,0.015707801777422543,0.016261105388023944,0.00024673503667879877
342,1,0,342,0.015707801777422613,0.027213677575734674,0.00024673503667880094
343,1,0,343,0.01570780177742258,0.018683975999278735,0.00024673503667879996
344,0,0,344,0.015707801777422575,0.029655794952487713,0.00024673503667879974
345,0,0,345,0.015707801777422772,0.017952333419847588,0.00024673503667880603
346,1,0,346,0.01570780177742267,0.030521068905438042,0.0002467350366788027
347,1,0,347,0.015707801777422554,0.022564143177354,0.0002467350366787991
348,0,0,348,0.015707801777422623,0.030619019703653688,0.0002467350366788013
349,0,0,349,0.015707801777422543,0.023002185984885903,0.0002467350366787989
350,1,0,350,0.015707801777422717,0.031032447524544954,0.00024673503667880435
351,0,0,351,0.015707801777422575,0.01997253098158791,0.00024673503667879974
352,1,0,352,0.015707801777422637,0.023650106645924263,0.0002467350366788017
353,1,0,353,0.015707801777422748,0.020129018170832902,0.00024673503667880527
354,0,0,354,0.015707801777422554,0.029469748953254715,0.00024673503667879915
355,0,0,355,0.015707801777422585,0.03141332915311801,0.0002467350366788002
356,0,0,356,0.015707801777422682,0.030176339349032855,0.00024673503667880316
357,1,0,357,0.015707801777422724,0.031308073896043134,0.00024673503667880446
358,1,0,358,0.01570780177742258,0.03064538133214606,0.0002467350366788
359,1,0,359,0.015707801777422634,0.02925422225427604,0.0002467350366788017
360,0,0,360,0.015707801777422613,0.023196701875514925,0.00024673503667880104
361,1,0,361,0.015707801777422713,0.028701487997746078,0.0002467350366788042
362,1,0,362,0.015707801777422568,0.011623833954166995,0.0002467350366787996
363,1,0,363,0.015707801777422616,0.0255946635537323,0.0002467350366788011
364,1,0,364,0.0157078017774226,0.01114253138266974,0.00024673503667880056
365,0,0,365,0.015707801777422748,0.0018646891274410882,0.0002467350366788052
366,0,0,366,0.015707801777422634,0.006531359206118803,0.00024673503667880164
367,1,0,367,0.01570780177742268,0.009393671484709487,0.0002467350366788031
368,1,0,368,0.015707801777422703,0.0009524684054049715,0.0002467350366788038
369,1,0,369,0.015707801777422634,0.015854229951065557,0.0002467350366788017
370,0,0,370,0.015707801777422783,0.030158241875898717,0.0002467350366788063
371,1,0,371,0.01570780177742262,0.015186545977465826,0.0002467350366788012
372,1,0,372,0.015707801777422654,0.009477884903837275,0.0002467350366788023
373,1,0,373,0.01570780177742268,0.029158361834237867,0.00024673503667880316
374,0,0,374,0.015707801777422564,0.024152697246171417,0.0002467350366787994
375,0,0,375,0.015707801777422634,0.002538723848755864,0.00024673503667880164
376,0,0,376,0.015707801777422745,0.005479689707341029,0.0002467350366788051
377,1,0,377,0.015707801777422592,0.02321638834716966,0.00024673503667880034
378,1,0,378,0.01570780177742258,0.028085213679344856,0.0002467350366788
379,0,0,379,0.015707801777422817,0.011425028406716331,0.0002467350366788075
380,1,0,380,0.01570780177742263,0.030058309757212243,0.00024673503667880153
381,1,0,381,0.01570780177742256,0.028451275264655518,0.00024673503667879936
382,0,0,382,0.01570780177742258,0.007384563845032055,0.0002467350366788
383,0,0,383,0.015707801777422706,0.031280426984819004,0.0002467350366788039
384,1,0,384,0.01570780177742254,0.01460573946393362,0.00024673503667879866
385,1,0,385,0.01570780177742259,0.020185578699615125,0.00024673503667880023
386,1,0,386,0.015707801777422734,0.03096486967355616,0.0002467350366788048
387,0,0,387,0.015707801777422616,0.015124783888302518,0.00024673503667880104
388,0,0,388,0.015707801777422595,0.017651814369189722,0.0002467350366788004
389,1,0,389,0.01570780177742256,0.009020603130506455,0.00024673503667879936
390,0,0,390,0.015707801777422675,0.013371079976117306,0.00024673503667880294
391,1,0,391,0.01570780177742265,0.028598298043405357,0.00024673503667880213
392,1,0,392,0.01570780177742278,0.011424586895094513,0.00024673503667880614
393,1,0,393,0.015707801777422592,0.028527697248638795,0.00024673503667880034
394,0,0,394,0.015707801777422623,0.018859718011591697,0.0002467350366788013
395,1,0,395,0.015707801777422592,0.01502312360631608,0.0002467350366788003
396,0,0,396,0.01570780177742256,0.03002958021859259,0.0002467350366787994
397,1,0,397,0.015707801777422613,0.008125820894596014,0.00024673503667880104
398,0,0,398,0.015707801777422585,0.021160280664312525,0.00024673503667880007
399,1,0,399,0.015707801777422595,0.021603560862385573,0.0002467350366788004
400,1,0,400,0.015707801777422627,0.029466905540634747,0.0002467350366788014
401,0,0,401,0.01570780177742265,0.030958880999272853,0.0002467350366788022
402,0,0,402,0.015707801777422575,0.027264930107955387,0.00024673503667879974
403,0,0,403,0.015707801777422602,0.012351598646764494,0.00024673503667880066
404,1,0,404,0.01570780177742268,0.016369425792478465,0.0002467350366788032
405,0,0,405,0.015707801777422578,0.00027036667486779464,0.0002467350366787999
406,1,0,406,0.015707801777422793,0.00879487795005407,0.00024673503667880674
407,0,0,407,0.015707801777422727,0.008109564420440085,0.00024673503667880457
408,0,0,408,0.01570780177742255,0.007750880845063035,0.00024673503667879904
409,0,0,409,0.015707801777422585,0.022420128061548805,0.00024673503667880007
410,0,0,410,0.015707801777422842,0.0312934556824203,0.0002467350366788083
411,1,0,411,0.01570780177742262,0.008062760530418989,0.00024673503667880126
412,0,0,412,0.015707801777422783,0.011966549890634837,0.0002467350366788063
413,1,0,413,0.01570780177742261,0.030823011719468274,0.0002467350366788008
414,1,0,414,0.01570780177742267,0.028118224564741223,0.0002467350366788028
415,0,0,415,0.01570780177742275,0.005631371169571908,0.00024673503667880543
416,0,0,416,0.01570780177742262,0.025338098767554662,0.00024673503667880115
417,0,0,417,0.015707801777422616,0.028475473864839285,0.00024673503667880104
418,1,0,418,0.015707801777422658,0.0117052939710649,0.0002467350366788024
419,1,0,419,0.015707801777422672,0.005482162314928485,0.00024673503667880294
420,0,0,420,0.01570780177742259,0.0028531703970735567,0.0002467350366788002
421,1,0,421,0.015707801777422502,0.019908389818139804,0.00024673503667879747
422,0,0,422,0.01570780177742254,0.01711072492379817,0.00024673503667879877
423,0,0,423,0.015707801777422606,0.004621625158732656,0.0002467350366788009
424,1,0,424,1.9999383152895798,3.42988710498083,0.0002467350366788147
425,1,0,425,0.015707801777422706,0.03117043031428217,0.0002467350366788039
426,0,0,426,0.015707801777422585,0.024562542527095887,0.00024673503667880007
427,0,0,427,0.015707801777422647,0.02443399616631925,0.0002467350366788021
428,1,0,428,0.01570780177742265,0.024842393086860426,0.0002467350366788022
429,1,0,429,0.015707801777422592,0.027964387274993507,0.0002467350366788003
430,1,0,430,0.015707801777422696,0.0056812143159779005,0.00024673503667880365
431,1,0,431,0.015707801777422665,0.012625837689487773,0.0002467350366788026
432,0,0,432,0.015707801777422592,0.03091413092183798,0.0002467350366788003
433,1,0,433,0.01570780177742265,0.03087416356990949,0.0002467350366788022
434,1,0,434,0.015707801777422564,0.012999868885912091,0.0002467350366787995
435,0,0,435,0.0157078017774228,0.02543127909818177,0.0002467350366788069
436,0,0,436,0.015707801777422706,0.010503931454666215,0.000246735036678804
437,1,0,437,0.015707801777422557,0.030391682835280515,0.0002467350366787993
438,0,0,438,0.015707801777422637,0.005675219769401441,0.00024673503667880175
439,0,0,439,0.015707801777422755,0.013561587559843269,0.0002467350366788054
440,1,0,440,0.01570780177742264,0.0158752035444375,0.0002467350366788019
441,1,0,441,0.015707801777422717,0.012311738881125245,0.0002467350366788043
442,0,0,442,0.015707801777422606,0.021067492536519072,0.0002467350366788008
443,0,0,443,0.01570780177742267,0.03130004156317956,0.0002467350366788027
444,0,0,444,0.015707801777422634,0.0240378783315619,0.00024673503667880164
445,0,0,445,0.01570780177742267,0.0054067634123818875,0.0002467350366788027
446,1,0,446,0.015707801777422654,0.006423162723790621,0.0002467350366788023
447,0,0,447,0.015707801777422564,0.010744939220664218,0.00024673503667879947
448,0,0,448,0.015707801777422647,0.01696038256087684,0.0002467350366788022
449,1,0,449,0.015707801777422658,0.021527205586718612,0.00024673503667880245
450,0,0,450,0.01570780177742272,0.03137407484299744,0.00024673503667880435
451,0,0,451,0.0157078017774226,0.031408345435656085,0.0002467350366788005
452,0,0,452,0.0157078017774228,0.022097353022681232,0.00024673503667880684
453,0,0,453,0.015707801777422783,0.021074428722820282,0.0002467350366788064
454,1,0,454,0.015707801777422654,0.017406198536691453,0.0002467350366788023
455,1,0,455,0.015707801777422807,0.02274130328076307,0.00024673503667880706
456,1,0,456,0.015707801777422745,0.029970885470646746,0.00024673503667880516
457,0,0,457,0.015707801777422686,0.010328706837446577,0.00024673503667880327
458,1,0,458,0.015707801777422786,0.024592558462262715,0.0002467350366788064
459,1,0,459,0.015707801777422613,0.027955878800466794,0.0002467350366788009
460,1,0,460,0.01570780177742275,0.011125840745993987,0.00024673503667880527
461,0,0,461,0.015707801777422703,0.03068942329100649,0.00024673503667880386
462,1,0,462,0.015707801777422592,0.02989216094777558,0.00024673503667880034
463,0,0,463,0.015707801777422578,0.016236937699415144,0.0002467350366787999
464,0,0,464,0.015707801777422606,0.028543036663703225,0.0002467350366788007
465,1,0,465,0.01570780177742266,0.011779213030488567,0.0002467350366788026
466,1,0,466,0.01570780177742264,0.011556478456290264,0.0002467350366788019
467,1,0,467,0.0157078017774227,0.011456344747282632,0.00024673503667880365
468,1,0,468,0.01570780177742286,0.016404946125775255,0.00024673503667880874
469,0,0,469,0.015707801777422616,0.0019131341944279567,0.0002467350366788011
470,0,0,470,0.01570780177742282,0.012524526917131573,0.00024673503667880755
471,1,0,471,0.015707801777422627,0.03020507472108447,0.0002467350366788014
472,1,0,472,0.015707801777422536,0.02251923099211095,0.00024673503667879855
473,1,0,473,0.015707801777422738,0.02797866417088074,0.000246735036678805
474,0,0,474,0.015707801777422613,0.0012554305497600726,0.00024673503667880094
475,0,0,475,0.015707801777422654,0.031358223911395096,0.00024673503667880234
476,0,0,476,0.01570780177742267,0.03138571297855806,0.00024673503667880283
477,1,0,477,0.0157078017774226,0.017603740245557775,0.0002467350366788005
478,1,0,478,0.015707801777422672,0.014113612282165011,0.0002467350366788028
479,0,0,479,0.015707801777422783,0.00670499837047811,0.0002467350366788064
480,1,0,480,0.015707801777422547,0.03093481709974813,0.0002467350366787989
481,0,0,481,0.015707801777422644,0.027880506493825064,0.00024673503667880197
482,0,0,482,0.015707801777422606,0.00978977442874629,0.00024673503667880077
483,1,0,483,0.015707801777422578,0.011131010777201578,0.00024673503667879985
484,1,0,484,0.01570780177742261,0.012941347124800662,0.0002467350366788008
485,1,0,485,0.015707801777422786,0.01579479206008727,0.00024673503667880646
486,1,0,486,0.015707801777422665,0.002769011979455449,0.00024673503667880267
487,1,0,487,0.015707801777422613,0.012208825884615693,0.0002467350366788011
488,1,0,488,0.015707801777422526,0.027520883172220345,0.00024673503667879833
489,0,0,489,0.015707801777422578,0.03045748120186695,0.00024673503667879996
490,1,0,490,0.01570780177742259,0.01908456194629382,0.00024673503667880023
491,0,0,491,0.01570780177742262,0.015841506763463964,0.00024673503667880115
492,0,0,492,0.015707801777422634,0.03110395550137049,0.00024673503667880164
493,0,0,493,0.01570780177742264,0.006574996681514511,0.00024673503667880186
494,1,0,494,0.01570780177742283,0.02260438482603644,0.00024673503667880793
495,0,0,495,0.015707801777422523,0.015296601868089788,0.0002467350366787981
496,1,0,496,0.015707801777422568,0.03117038797231969,0.0002467350366787996
497,1,0,497,0.015707801777422592,0.02987302799242897,0.0002467350366788003
498,0,0,498,0.015707801777422727,0.031187650059592065,0.00024673503667880457
499,0,0,499,0.015707801777422745,0.013277186125736473,0.00024673503667880516
500,1,0,500,0.015707801777422765,0.03083659333313632,0.0002467350366788057
501,1,0,501,0.01570780177742258,0.01897514081357854,0.0002467350366787999
502,0,0,502,0.015707801777422595,0.02945754153016955,0.0002467350366788004
503,0,0,503,0.015707801777422602,0.009571024983707321,0.00024673503667880077
504,1,0,504,0.015707801777422616,0.03141541800792354,0.00024673503667880104
505,1,0,505,0.015707801777422717,0.026629970918101487,0.0002467350366788043
506,0,0,506,0.015707801777422717,0.00503951061750485,0.0002467350366788042
507,0,0,507,0.015707801777422568,0.03053773930389203,0.00024673503667879947
508,1,0,508,0.015707801777422453,0.01681783452662211,0.00024673503667879595
509,1,0,509,0.015707801777422647,0.03091053005317229,0.0002467350366788022
510,0,0,510,0.01570780177742256,0.03104789120042728,0.0002467350366787994
511,0,0,511,0.01570780177742269,0.005462235213242961,0.0002467350366788033
512,0,0,512,0.01570780177742273,0.004558198978770744,0.0002467350366788047
513,0,0,513,0.01570780177742256,0.030967560173957492,0.00024673503667879936
514,0,0,514,0.015707801777422672,0.020921380558446168,0.0002467350366788029
515,1,0,515,0.015707801777422786,0.006307866597034417,0.00024673503667880636
516,0,0,516,0.015707801777422602,0.006922459317206031,0.0002467350366788007
517,0,0,517,0.015707801777422682,0.004066646291788323,0.0002467350366788032
518,1,0,518,0.0157078017774226,0.026385817677954893,0.00024673503667880056
519,0,0,519,0.015707801777422748,0.025600022603337824,0.00024673503667880527
520,0,0,520,0.01570780177742257,0.02440568508304397,0.00024673503667879974
521,0,0,521,0.015707801777422557,0.02431221372729575,0.0002467350366787992
522,1,0,522,0.01570780177742266,0.024234909570710728,0.0002467350366788025
523,0,0,523,0.015707801777422717,0.004306071373380793,0.00024673503667880424
524,0,0,524,0.01570780177742267,0.02185019090998508,0.0002467350366788028
525,0,0,525,0.015707801777422554,0.031129239424005473,0.0002467350366787992
526,0,0,526,0.015707801777422543,0.012234018297461846,0.0002467350366787987
527,0,0,527,0.01570780177742264,0.03083379248326279,0.0002467350366788019
528,0,0,528,0.015707801777422613,0.02700135849102847,0.0002467350366788009
529,1,0,529,0.01570780177742259,0.03077328982398539,0.00024673503667880023
530,1,0,530,0.015707801777422536,0.016617001356938887,0.00024673503667879855
531,1,0,531,0.01570780177742267,0.026773473729260977,0.00024673503667880283
532,0,0,532,0.015707801777422634,0.027827804963262093,0.0002467350366788016
533,0,0,533,0.01570780177742258,0.02818730422719129,0.00024673503667879996
534,0,0,534,0.01570780177742254,0.02844444507016869,0.0002467350366787987
535,1,0,535,0.01570780177742275,0.030201380606563077,0.0002467350366788054
536,0,0,536,0.015707801777422623,0.0023251241638775344,0.0002467350366788013
537,1,0,537,0.015707801777422693,0.018456192805097138,0.00024673503667880343
538,1,0,538,0.015707801777422724,0.01877153215000127,0.0002467350366788045
539,0,0,539,0.015707801777422665,0.00959158145845973,0.00024673503667880267
540,1,0,540,0.015707801777422727,0.010483849905791875,0.0002467350366788046
541,0,0,541,0.015707801777422658,0.010253561511788134,0.0002467350366788025
542,1,0,542,0.01570780177742257,0.014777037729299725,0.0002467350366787997
543,1,0,543,0.015707801777422765,0.021059985821945792,0.0002467350366788058
544,1,0,544,0.015707801777422647,0.0015080038259224215,0.00024673503667880213
545,0,0,545,0.015707801777422706,0.026602962809782138,0.00024673503667880397
546,1,0,546,0.015707801777422613,0.01988212381144705,0.000246735036678801
547,0,0,547,0.015707801777422592,0.026855144632433436,0.0002467350366788003
548,0,0,548,0.015707801777422613,0.03007267505605704,0.000246735036678801
549,0,0,549,0.015707801777422533,0.03141381703406192,0.0002467350366787985
550,0,0,550,0.015707801777422797,0.014384223201826307,0.0002467350366788068
551,0,0,551,0.01570780177742255,0.001166993585878906,0.0002467350366787991
552,1,0,552,0.015707801777422828,0.03135838678699501,0.0002467350366788077
553,0,0,553,0.015707801777422585,0.02082215001771437,0.00024673503667880007
554,1,0,554,0.015707801777422623,0.02554626762450196,0.00024673503667880126
555,1,0,555,0.015707801777422713,0.015316485735417551,0.0002467350366788041
556,0,0,556,0.01570780177742259,0.031290453977161556,0.00024673503667880023
557,0,0,557,0.015707801777422637,0.03041939823717954,0.00024673503667880175
558,0,0,558,0.015707801777422623,0.03066916802887598,0.0002467350366788013
559,1,0,559,0.01570780177742269,0.018991113658604397,0.0002467350366788034
560,0,0,560,0.015707801777422706,0.010157361288600786,0.00024673503667880386
561,1,0,561,0.015707801777422634,0.02446665626813682,0.0002467350366788016
562,1,0,562,0.015707801777422745,0.03087704591791779,0.0002467350366788052
563,1,0,563,0.01570780177742275,0.006978903725654351,0.00024673503667880543
564,1,0,564,0.015707801777422627,0.019336732475536245,0.00024673503667880137
565,0,0,565,0.01570780177742274,0.012177353531774737,0.00024673503667880506
566,1,0,566,0.015707801777422557,0.02676082642539157,0.00024673503667879925
567,1,0,567,0.01570780177742271,0.0009604285259829926,0.00024673503667880413
568,0,0,568,0.015707801777422637,0.02964290188645291,0.0002467350366788018
569,1,0,569,0.01570780177742256,0.03135271772925731,0.0002467350366787993
570,0,0,570,0.015707801777422693,0.025434262880842162,0.00024673503667880354
571,1,0,571,0.01570780177742267,0.022798362485985435,0.00024673503667880283
572,0,0,572,0.015707801777422557,0.0026485012719643652,0.00024673503667879925
573,1,0,573,0.015707801777422762,0.0021466418823424815,0.0002467350366788057
574,1,0,574,0.0157078017774226,0.005009097729552936,0.0002467350366788006
575,0,0,575,0.015707801777422602,0.02170860996926638,0.0002467350366788006
576,0,0,576,0.015707801777422644,0.02855358131484409,0.0002467350366788019
577,0,0,577,0.015707801777422703,0.00709940526638575,0.00024673503667880386
578,0,0,578,0.015707801777422592,0.02485781929295605,0.0002467350366788004
579,1,0,579,0.01570780177742268,0.0009656718180789392,0.0002467350366788031
580,1,0,580,0.015707801777422745,0.016617086328041264,0.0002467350366788051
581,0,0,581,0.015707801777422554,0.018562526569735338,0.0002467350366787991
582,1,0,582,0.01570780177742271,0.017375434813081903,0.00024673503667880397
583,1,0,583,0.01570780177742264,0.021061671468737053,0.0002467350366788018
584,0,0,584,0.01570780177742255,0.031415448057173924,0.00024673503667879904
585,0,0,585,0.015707801777422672,0.029266056968527743,0.0002467350366788028
586,1,0,586,0.015707801777422578,0.0030576359324132607,0.00024673503667879985
587,0,0,587,0.015707801777422693,0.016732186827121742,0.0002467350366788035
588,0,0,588,0.015707801777422793,0.020312062778428674,0.00024673503667880663
589,1,0,589,0.01570780177742285,0.020119292443957604,0.00024673503667880836
590,0,0,590,0.015707801777422654,0.025781915894415475,0.00024673503667880224
591,1,0,591,0.015707801777422734,0.017135653036958742,0.0002467350366788048
592,1,0,592,0.015707801777422623,0.008759961752333845,0.00024673503667880137
593,1,0,593,0.015707801777422606,0.01458295706476509,0.0002467350366788009
594,0,0,594,0.015707801777422578,0.014175613326953274,0.0002467350366788
595,1,0,595,0.015707801777422696,0.009736529302823982,0.00024673503667880365
596,1,0,596,0.015707801777422644,0.01618920394886858,0.00024673503667880186
597,0,0,597,0.01570780177742274,0.019647357966860457,0.000246735036678805
598,1,0,598,0.015707801777422536,0.02655046977698583,0.0002467350366787986
599,1,0,599,0.015707801777422647,0.018149645846104012,0.0002467350366788021
600,0,0,600,0.015707801777422658,0.03019140514395191,0.00024673503667880245
601,0,0,601,0.015707801777422696,0.029491968113633804,0.0002467350366788036
602,1,0,602,0.015707801777422706,0.016446851959125652,0.000246735036678804
603,1,0,603,0.01570780177742257,0.03141438828161129,0.00024673503667879963
604,0,0,604,0.015707801777422713,0.031070822236245882,0.0002467350366788043
605,0,0,605,0.015707801777422738,0.02224837838622773,0.00024673503667880484
606,1,0,606,0.0157078017774227,0.031092541411768787,0.0002467350366788037
607,0,0,607,0.01570780177742265,0.024185321058499243,0.0002467350366788022
608,0,0,608,0.0157078017774227,0.029796204946885174,0.00024673503667880375
609,1,0,609,0.015707801777422644,0.030893400533485077,0.000246735036678802
610,0,0,610,0.015707801777422575,0.029592939779279015,0.00024673503667879985
611,0,0,611,0.015707801777422672,0.005290400735177281,0.00024673503667880283
612,0,0,612,0.015707801777422623,0.015616684883259069,0.0002467350366788013
613,1,0,613,0.015707801777422686,0.01442586490299369,0.0002467350366788032
614,0,0,614,0.01570780177742262,0.01292840343087176,0.0002467350366788013
615,1,0,615,0.015707801777422713,0.030759789221369488,0.0002467350366788041
616,1,0,616,0.015707801777422665,0.0150764116434422,0.0002467350366788026
617,1,0,617,0.015707801777422672,0.030350315236382097,0.000246735036678803
618,1,0,618,0.01570780177742253,0.031165502706201026,0.0002467350366787984
619,1,0,619,0.015707801777422578,0.01901067406674284,0.00024673503667879985
620,0,0,620,0.015707801777422713,0.01885552438559923,0.0002467350366788042
621,1,0,621,0.01570780177742265,0.010582201488204879,0.00024673503667880224
622,1,0,622,0.015707801777422557,0.01694732851417613,0.0002467350366787993
623,1,0,623,0.015707801777422665,0.019802326943048953,0.00024673503667880256
624,0,0,624,0.015707801777422748,0.03015958394775764,0.00024673503667880516
625,0,0,625,0.015707801777422564,0.02415276102640762,0.00024673503667879947
626,1,0,626,0.015707801777422606,0.018093092718890147,0.0002467350366788007
627,0,0,627,0.015707801777422637,0.019842913515487726,0.00024673503667880175
628,1,0,628,0.015707801777422623,0.029243426621939184,0.0002467350366788014
629,0,0,629,0.01570780177742257,0.031238877770367865,0.0002467350366787997
630,1,0,630,0.015707801777422824,0.02887218700352162,0.0002467350366788076
631,0,0,631,0.01570780177742261,0.030804460119831845,0.0002467350366788009
632,0,0,632,0.015707801777422616,0.02591048011802677,0.00024673503667880104
633,1,0,633,0.01570780177742272,0.02217839724780224,0.00024673503667880435
634,0,0,634,0.01570780177742259,0.0064566276997835015,0.0002467350366788003
635,1,0,635,0.015707801777422765,0.01046749984198525,0.0002467350366788058
636,1,0,636,0.015707801777422672,0.01543906977913967,0.0002467350366788028
637,0,0,637,0.01570780177742265,0.010202094332844136,0.0002467350366788022
638,1,0,638,0.01570780177742259,0.03130042701747765,0.0002467350366788002
639,1,0,639,0.01570780177742274,0.027849144527800018,0.00024673503667880506
640,0,0,640,0.015707801777422575,0.013532334298969051,0.00024673503667879974
641,1,0,641,0.01570780177742271,0.030542527616378018,0.0002467350366788041
642,0,0,642,0.01570780177742265,0.030380335958329674,0.0002467350366788022
643,0,0,643,0.015707801777422672,0.02858578591876515,0.0002467350366788029
644,0,0,644,0.015707801777422568,0.024980441720524493,0.0002467350366787996
645,0,0,645,0.015707801777422665,0.02409853979800558,0.00024673503667880267
646,1,0,646,0.015707801777422623,0.030876577149669127,0.00024673503667880137
647,0,0,647,0.015707801777422682,0.004958916239389932,0.0002467350366788032
648,0,0,648,0.01570780177742257,0.007537127383557163,0.0002467350366787996
649,1,0,649,0.015707801777422717,0.024816564365617078,0.00024673503667880435
650,0,0,650,0.01570780177742262,0.008730239259533645,0.0002467350366788012
651,1,0,651,0.015707801777422592,0.01906962684420055,0.0002467350366788003
652,0,0,652,0.01570780177742272,0.013422266571495145,0.00024673503667880435
653,0,0,653,0.015707801777422585,0.02784250003197969,0.0002467350366788001
654,1,0,654,0.015707801777422644,0.0023785827266384896,0.000246735036678802
655,1,0,655,0.015707801777422634,0.02557977104687703,0.0002467350366788016
656,1,0,656,0.015707801777422623,0.02715397804379538,0.0002467350366788013
657,0,0,657,0.01570780177742268,0.025081466035153932,0.00024673503667880316
658,0,0,658,0.015707801777422713,0.01653634357531142,0.000246735036678804
659,1,0,659,0.015707801777422672,0.014798055659294707,0.00024673503667880283
660,1,0,660,0.015707801777422568,0.024928456503294227,0.0002467350366787996
661,1,0,661,1.9999383152895798,0.03744113261910405,0.00024673503667881405
662,1,0,662,0.01570780177742271,0.013445623492597036,0.00024673503667880397
663,1,0,663,0.01570780177742261,0.0312402621528233,0.0002467350366788009
664,1,0,664,0.01570780177742259,0.031405291021374966,0.0002467350366788003
665,1,0,665,0.015707801777422578,0.030983659019034215,0.00024673503667879985
666,1,0,666,0.015707801777422616,0.028364476565840124,0.0002467350366788011
667,1,0,667,0.01570780177742263,0.0020181509791405983,0.0002467350366788015
668,1,0,668,0.015707801777422616,0.027177252451744793,0.00024673503667880104
669,1,0,669,0.015707801777422783,0.022838829150023,0.0002467350366788063
670,0,0,670,0.015707801777422672,0.0109696737245224,0.00024673503667880294
671,0,0,671,0.01570780177742262,0.016395281894456937,0.0002467350366788012
672,0,0,672,0.015707801777422526,0.017257456961302986,0.0002467350366787983
673,1,0,673,0.01570780177742257,0.029977661083492257,0.0002467350366787997
674,1,0,674,0.015707801777422654,0.018186594697929714,0.00024673503667880245
675,0,0,675,0.015707801777422568,0.006369910878069929,0.0002467350366787996
676,0,0,676,0.015707801777422613,0.02251717310442325,0.0002467350366788011
677,0,0,677,0.015707801777422734,0.030094379544538197,0.00024673503667880484
678,0,0,678,0.015707801777422682,0.010647111476927207,0.00024673503667880316
679,0,0,679,0.01570780177742259,0.009978622769976297,0.00024673503667880023
680,0,0,680,0.015707801777422474,0.027333198547199178,0.0002467350366787966
681,1,0,681,0.01570780177742271,0.02547927593670285,0.000246735036678804
682,0,0,682,0.01570780177742269,0.0027479171324784613,0.0002467350366788033
683,1,0,683,0.015707801777422724,0.03034978683874734,0.0002467350366788045
684,1,0,684,0.015707801777422516,0.025455984778165908,0.0002467350366787979
685,0,0,685,0.015707801777422585,0.0004575863615581266,0.0002467350366788001
686,1,0,686,0.01570780177742262,0.005430304023133381,0.0002467350366788012
687,1,0,687,0.015707801777422547,0.021327321499726493,0.00024673503667879893
688,0,0,688,0.01570780177742258,0.0312638998803664,0.00024673503667879996
689,0,0,689,0.01570780177742263,0.011482927099303097,0.0002467350366788015
690,1,0,690,0.015707801777422738,0.0195143028452468,0.000246735036678805
691,1,0,691,0.01570780177742269,0.0041401601238098,0.0002467350366788034
692,1,0,692,0.01570780177742259,0.010639646761275379,0.0002467350366788003
693,0,0,693,0.015707801777422644,0.008515086619079737,0.00024673503667880197
694,0,0,694,0.015707801777422706,0.004656974985920437,0.0002467350366788039
695,0,0,695,0.015707801777422592,0.03104200891572395,0.00024673503667880034
696,0,0,696,0.0157078017774228,0.030829555727958008,0.0002467350366788068
697,1,0,697,0.015707801777422634,0.009254435225478863,0.0002467350366788017
698,1,0,698,0.01570780177742263,0.004165557889636573,0.0002467350366788015
699,1,0,699,0.015707801777422765,0.026574760415385645,0.0002467350366788058
700,0,0,700,0.015707801777422592,0.00897320282850278,0.0002467350366788003
701,0,0,701,0.015707801777422686,0.027645330436634474,0.0002467350366788033
702,1,0,702,0.015707801777422613,0.01389266827730573,0.00024673503667880094
703,1,0,703,0.015707801777422665,0.02537801461296496,0.00024673503667880256
704,1,0,704,0.015707801777422658,0.0032877999560955162,0.0002467350366788024
705,0,0,705,0.015707801777422783,0.018407585785079172,0.00024673503667880636
706,1,0,706,0.015707801777422647,0.021804467786182058,0.00024673503667880197
707,0,0,707,0.01570780177742258,0.028740287335264514,0.0002467350366788
708,1,0,708,0.015707801777422717,0.023429703947410396,0.00024673503667880424
709,0,0,709,0.015707801777422734,0.00130519424176756,0.0002467350366788048
710,0,0,710,0.01570780177742268,0.031216992473037913,0.00024673503667880305
711,0,0,711,0.015707801777422724,0.02453939218390344,0.00024673503667880446
712,0,0,712,0.015707801777422568,0.00716651807671842,0.0002467350366787996
713,0,0,713,0.015707801777422606,0.014053225072353959,0.0002467350366788007
714,0,0,714,0.01570780177742283,0.0029891162746192856,0.0002467350366788078
715,1,0,715,0.01570780177742259,0.03141458009835861,0.00024673503667880023
716,0,0,716,0.015707801777422724,0.031394837416476605,0.0002467350366788045
717,1,0,717,0.015707801777422585,0.03132163876633934,0.00024673503667880007
718,0,0,718,0.015707801777422797,0.02235924249309096,0.00024673503667880684
719,1,0,719,0.015707801777422554,0.010150959467918552,0.0002467350366787991
720,1,0,720,0.0157078017774227,0.030241459535079285,0.00024673503667880375
721,0,0,721,0.015707801777422658,0.03109476041050871,0.0002467350366788024
722,1,0,722,0.015707801777422765,0.025310673143650986,0.00024673503667880576
723,0,0,723,0.01570780177742271,0.021340236114080313,0.0002467350366788041
724,0,0,724,0.015707801777422755,0.029435022913339937,0.0002467350366788055
725,1,0,725,0.01570780177742267,0.015596839197627443,0.0002467350366788027
726,0,0,726,0.01570780177742267,0.01390582817576258,0.0002467350366788027
727,0,0,727,0.015707801777422613,0.02916164522251863,0.00024673503667880094
728,0,0,728,0.015707801777422748,0.01909562021072675,0.00024673503667880527
729,1,0,729,0.015707801777422765,0.031361854643085905,0.00024673503667880576
730,1,0,730,0.015707801777422516,0.02753381040370101,0.00024673503667879795
731,0,0,731,0.015707801777422672,0.003864843408722396,0.0002467350366788028
732,0,0,732,0.01570780177742267,0.004610542736985357,0.0002467350366788028
733,0,0,733,0.015707801777422575,0.02092717007541922,0.0002467350366787998
734,1,0,734,0.015707801777422734,0.03095280676754039,0.0002467350366788048
735,0,0,735,0.015707801777422634,0.0028743798165917767,0.0002467350366788016
736,0,0,736,0.015707801777422665,0.028511698744531633,0.0002467350366788027
737,1,0,737,0.015707801777422592,0.004114932967595797,0.0002467350366788004
738,0,0,738,0.015707801777422557,0.02456366811827393,0.0002467350366787992
739,1,0,739,0.015707801777422658,0.024742153208106243,0.00024673503667880234
740,0,0,740,0.015707801777422634,0.0246465930152443,0.00024673503667880164
741,0,0,741,0.015707801777422623,0.025544440834612492,0.00024673503667880137
742,0,0,742,0.01570780177742257,0.030474920562809316,0.00024673503667879963
743,1,0,743,0.015707801777422908,0.021169322557405446,0.00024673503667881026
744,0,0,744,0.015707801777422575,0.03127603929468019,0.00024673503667879974
745,0,0,745,0.01570780177742253,0.006211975101021894,0.00024673503667879833
746,0,0,746,0.015707801777422772,0.021052626144701825,0.0002467350366788061
747,1,0,747,0.01570780177742253,0.0019384334773921985,0.0002467350366787982
748,0,0,748,0.01570780177742264,0.027427350225597558,0.00024673503667880186
749,1,0,749,0.01570780177742266,0.019855040252847678,0.00024673503667880256
750,0,0,750,0.01570780177742262,0.03070411740092016,0.0002467350366788012
751,0,0,751,0.01570780177742259,0.02976735732732655,0.0002467350366788003
752,0,0,752,0.015707801777422824,0.02639999362241785,0.0002467350366788077
753,1,0,753,0.01570780177742271,0.02914970464807609,0.000246735036678804
754,1,0,754,0.01570780177742257,0.029154673070936832,0.00024673503667879963
755,0,0,755,0.015707801777422696,0.023184406212430342,0.00024673503667880354
756,1,0,756,0.015707801777422585,0.03092944017584126,0.00024673503667880007
757,1,0,757,0.015707801777422783,0.030809001456717333,0.0002467350366788063
758,1,0,758,0.015707801777422575,0.00022141469294401084,0.0002467350366787998
759,0,0,759,0.015707801777422703,0.021466093628717098,0.0002467350366788038
760,0,0,760,0.015707801777422606,0.022986642020813575,0.0002467350366788008
761,1,0,761,0.01570780177742265,0.022647599428564424,0.0002467350366788022
762,0,0,762,0.01570780177742265,0.0031525401954920484,0.0002467350366788022
763,0,0,763,0.01570780177742265,0.0029911964982450856,0.0002467350366788022
764,1,0,764,0.01570780177742257,0.0006273024589960041,0.00024673503667879974
765,1,0,765,0.01570780177742264,0.022135493940723006,0.00024673503667880186
766,0,0,766,0.015707801777422647,0.02652234935519482,0.000246735036678802
767,0,0,767,0.015707801777422602,0.03132625456097539,0.0002467350366788007
768,0,0,768,0.015707801777422627,0.024066285121488784,0.0002467350366788015
769,1,0,769,0.015707801777422602,0.013157324464984077,0.00024673503667880066
770,1,0,770,0.015707801777422523,0.026220291975228793,0.0002467350366787982
771,1,0,771,0.015707801777422783,0.011606329939810034,0.0002467350366788063
772,1,0,772,0.015707801777422703,0.004385003359710371,0.00024673503667880375
773,0,0,773,0.015707801777422606,0.03136854689353324,0.0002467350366788007
774,1,0,774,0.015707801777422564,0.013164342408982677,0.00024673503667879947
775,0,0,775,0.015707801777422665,0.03084821289393594,0.0002467350366788025
776,0,0,776,0.0157078017774227,0.03071278472206604,0.0002467350366788036
777,1,0,777,0.01570780177742261,0.014611155021031719,0.0002467350366788008
778,1,0,778,0.015707801777422755,0.005875788240688906,0.0002467350366788054
779,0,0,779,0.015707801777422637,0.005644302949603719,0.0002467350366788017
780,0,0,780,0.015707801777422557,0.01868819435509017,0.0002467350366787993
781,1,0,781,0.01570780177742273,0.026723867679569024,0.0002467350366788048
782,1,0,782,0.015707801777422585,0.029442725363287903,0.0002467350366788002
783,0,0,783,0.01570780177742279,0.03133666139078359,0.0002467350366788065
784,1,0,784,0.015707801777422748,0.03040806687532574,0.00024673503667880527
785,0,0,785,0.015707801777422564,0.028090335437563008,0.0002467350366787995
786,0,0,786,0.015707801777422592,0.029272923093176362,0.00024673503667880034
787,0,0,787,0.01570780177742255,0.011344523050904831,0.00024673503667879904
788,1,0,788,0.01570780177742262,0.0013911087130591415,0.00024673503667880126
789,0,0,789,0.015707801777422727,0.02401323687597723,0.00024673503667880457
790,1,0,790,0.015707801777422772,0.029255286806196046,0.0002467350366788061
791,0,0,791,0.015707801777422693,0.02991080235295196,0.00024673503667880354
792,0,0,792,0.015707801777422634,0.025969053652053042,0.00024673503667880153
793,1,0,793,0.015707801777422717,0.031409136211391415,0.00024673503667880435
794,0,0,794,0.01570780177742265,0.026606356310330814,0.0002467350366788022
795,1,0,795,0.015707801777422672,0.01197824339771214,0.0002467350366788029
796,1,0,796,0.015707801777422658,0.021188947978162287,0.0002467350366788024
797,1,0,797,0.015707801777422693,0.010976429876670024,0.0002467350366788035
798,0,0,798,0.015707801777422647,0.013178013660289811,0.0002467350366788021
799,1,0,799,0.01570780177742271,0.01812924738301902,0.000246735036678804
800,1,0,800,0.015707801777422488,0.018073913087046645,0.0002467350366787971
801,1,0,801,0.015707801777422606,0.028186844961483326,0.0002467350366788008
802,0,0,802,0.015707801777422644,0.02272162180038606,0.00024673503667880186
803,0,0,803,0.01570780177742272,0.03109519647126785,0.0002467350366788044
804,1,0,804,0.01570780177742269,0.0286480996892986,0.0002467350366788034
805,1,0,805,0.015707801777422557,0.029483482173786824,0.0002467350366787993
806,1,0,806,0.015707801777422526,0.0063431494337411465,0.00024673503667879833
807,0,0,807,0.01570780177742257,0.028362724442759335,0.0002467350366787997
808,1,0,808,0.01570780177742264,0.02713322152731318,0.0002467350366788019
809,1,0,809,0.015707801777422647,0.031408362063088786,0.00024673503667880213
810,1,0,810,0.01570780177742274,0.017500165571965987,0.00024673503667880506
811,0,0,811,0.015707801777422786,0.026070292659949867,0.0002467350366788064
812,1,0,812,0.015707801777422682,0.012465023732284086,0.0002467350366788032
813,0,0,813,0.01570780177742257,0.030728390003015665,0.0002467350366787996
814,1,0,814,0.015707801777422682,0.031358790457175524,0.00024673503667880316
815,1,0,815,0.015707801777422602,0.031361951219983246,0.0002467350366788007
816,0,0,816,0.015707801777422637,0.01685147647718821,0.00024673503667880175
817,1,0,817,0.015707801777422686,0.0020997809282043978,0.0002467350366788033
818,1,0,818,0.015707801777422724,0.03137868787683451,0.00024673503667880446
819,0,0,819,0.015707801777422536,0.014526041068582352,0.00024673503667879866
820,1,0,820,0.01570780177742258,0.0019825782320207486,0.00024673503667880007
821,1,0,821,0.01570780177742266,0.028761420452601716,0.0002467350366788025
822,1,0,822,0.01570780177742253,0.02764141235359091,0.0002467350366787984
823,1,0,823,0.015707801777422658,0.001665110299566508,0.00024673503667880256
824,1,0,824,0.015707801777422616,0.02835036536674973,0.00024673503667880104
825,1,0,825,0.015707801777422602,0.030307001181428372,0.0002467350366788006
826,0,0,826,0.015707801777422734,0.027718347548556677,0.00024673503667880484
827,1,0,827,0.01570780177742271,0.031175152177929905,0.0002467350366788041
828,1,0,828,0.01570780177742264,0.031406356645827006,0.0002467350366788019
829,1,0,829,0.01570780177742266,0.031414641304353015,0.00024673503667880256
830,1,0,830,0.015707801777422634,0.005368439340893594,0.00024673503667880164
831,0,0,831,0.01570780177742262,0.028762578161444452,0.0002467350366788011
832,1,0,832,0.015707801777422675,0.020864504753030144,0.000246735036678803
833,0,0,833,0.015707801777422717,0.024120462036628654,0.00024673503667880424
834,0,0,834,0.015707801777422602,0.017158334981242418,0.00024673503667880077
835,0,0,835,0.01570780177742272,0.023366674826354794,0.00024673503667880446
836,1,0,836,0.015707801777422575,0.02249113995164742,0.0002467350366787998
837,1,0,837,0.015707801777422658,0.03131514565535301,0.0002467350366788024
838,1,0,838,0.015707801777422613,0.02148110740083653,0.000246735036678801
839,0,0,839,0.01570780177742263,0.007886550684918059,0.00024673503667880153
840,0,0,840,0.01570780177742267,0.0045449658837520834,0.0002467350366788028
841,1,0,841,0.01570780177742263,0.023019079173434598,0.00024673503667880153
842,1,0,842,0.015707801777422706,0.010754546737105852,0.00024673503667880397
843,0,0,843,0.01570780177742272,0.009523552772654265,0.0002467350366788044
844,1,0,844,0.015707801777422585,0.030155581488665595,0.00024673503667880007
845,1,0,845,0.015707801777422627,0.01043550328826659,0.0002467350366788015
846,1,0,846,0.01570780177742277,0.022751106871196414,0.00024673503667880587
847,1,0,847,0.015707801777422575,0.029515557355473232,0.0002467350366787998
848,1,0,848,0.015707801777422623,0.030721030935527582,0.0002467350366788013
849,0,0,849,0.015707801777422672,0.030152736121617785,0.00024673503667880283
850,0,0,850,0.015707801777422616,0.02996308730362718,0.00024673503667880115
851,1,0,851,0.015707801777422738,0.03128302289339459,0.00024673503667880495
852,0,0,852,0.015707801777422658,0.006621994382221219,0.0002467350366788024
853,1,0,853,0.015707801777422797,0.01411822306724686,0.0002467350366788068
854,1,0,854,0.0157078017774227,0.02644577533270065,0.00024673503667880375
855,0,0,855,0.015707801777422616,0.030327551316577883,0.00024673503667880115
856,0,0,856,0.01570780177742258,0.00706537388751971,0.00024673503667879996
857,1,0,857,0.015707801777422613,0.025463019647606333,0.00024673503667880094
858,0,0,858,0.015707801777422713,0.02830441521019339,0.00024673503667880413
859,1,0,859,0.015707801777422554,0.014996103350404022,0.0002467350366787991
860,1,0,860,0.01570780177742287,0.01706531808903866,0.0002467350366788091
861,1,0,861,0.015707801777422425,0.017812711890127897,0.000246735036678795
862,1,0,862,0.01570780177742263,0.012145149373864572,0.0002467350366788015
863,0,0,863,0.015707801777422623,0.01116019809558566,0.00024673503667880126
864,1,0,864,0.015707801777422696,0.0307854135465728,0.00024673503667880365
865,1,0,865,0.015707801777422616,0.00856163245141417,0.0002467350366788011
866,0,0,866,0.01570780177742253,0.01814746460826,0.00024673503667879833
867,1,0,867,0.015707801777422693,0.02697416010967968,0.00024673503667880343
868,0,0,868,0.015707801777422547,0.0092622683256125,0.0002467350366787989
869,0,0,869,0.015707801777422554,0.03128712909191392,0.0002467350366787992
870,0,0,870,0.01570780177742256,0.029014266563277324,0.00024673503667879936
871,0,0,871,0.015707801777422856,0.018748404563769916,0.0002467350366788087
872,1,0,872,0.01570780177742259,0.029689907787400382,0.0002467350366788003
873,0,0,873,0.015707801777422564,0.030485835114784116,0.00024673503667879947
874,0,0,874,0.015707801777422637,0.019298887356934857,0.00024673503667880175
875,0,0,875,0.015707801777422658,0.010675328332482192,0.00024673503667880245
876,1,0,876,0.01570780177742264,0.023783423321456998,0.00024673503667880186
877,1,0,877,0.01570780177742266,0.02468444114239099,0.00024673503667880245
878,1,0,878,0.01570780177742266,0.024614860458150867,0.00024673503667880256
879,0,0,879,0.015707801777422654,0.004549586452723631,0.0002467350366788023
880,1,0,880,0.015707801777422578,0.023229880864807484,0.0002467350366787999
881,1,0,881,0.015707801777422578,0.006826642293263907,0.0002467350366787999
882,1,0,882,0.015707801777422623,0.02643246263611232,0.0002467350366788014
883,1,0,883,0.015707801777422647,0.01852875145500299,0.00024673503667880213
884,1,0,884,0.015707801777422575,0.03133249838069417,0.0002467350366787998
885,1,0,885,0.015707801777422647,0.026386098166560346,0.000246735036678802
886,1,0,886,0.015707801777422488,0.024352801409425306,0.000246735036678797
887,1,0,887,0.015707801777422634,0.030221881278434948,0.0002467350366788017
888,1,0,888,0.01570780177742272,0.023709531692974406,0.0002467350366788045
889,1,0,889,0.01570780177742258,0.022706993979460077,0.00024673503667880007
890,0,0,890,0.01570780177742268,0.02949111024042067,0.00024673503667880316
891,1,0,891,0.015707801777422634,0.01819073027099416,0.00024673503667880164
892,1,0,892,0.01570780177742258,0.01896379900528311,0.00024673503667879996
893,1,0,893,0.015707801777422745,0.0046147080065664925,0.00024673503667880527
894,0,0,894,0.01570780177742261,0.0006355388535906892,0.0002467350366788009
895,1,0,895,0.015707801777422703,0.028287588684171527,0.00024673503667880386
896,1,0,896,0.015707801777422606,0.01956917523036461,0.0002467350366788008
897,0,0,897,0.015707801777422654,0.030817387532511176,0.0002467350366788023
898,1,0,898,0.01570780177742257,0.03141135501856879,0.00024673503667879974
899,1,0,899,0.01570780177742257,0.03055369555704479,0.00024673503667879963
900,1,0,900,0.015707801777422647,0.029404009805736098,0.0002467350366788021
901,0,0,901,0.015707801777422595,0.0120229456143508,0.0002467350366788004
902,1,0,902,0.01570780177742266,0.01962621974380485,0.00024673503667880256
903,0,0,903,0.015707801777422578,0.028827125911860096,0.00024673503667879996
904,1,0,904,0.01570780177742267,0.03141014650638631,0.0002467350366788027
905,0,0,905,0.01570780177742278,0.023511877974968343,0.0002467350366788063
906,0,0,906,0.015707801777422717,0.018025014626382063,0.0002467350366788042
907,1,0,907,0.015707801777422554,0.03139072395765666,0.00024673503667879925
908,0,0,908,0.015707801777422578,0.031384227313580246,0.00024673503667879985
909,0,0,909,0.01570780177742255,0.031032647352210813,0.00024673503667879904
910,0,0,910,0.01570780177742264,0.02853834371308439,0.00024673503667880186
911,0,0,911,0.015707801777422557,0.006706658689599854,0.00024673503667879925
912,1,0,912,0.015707801777422765,0.01846280083280316,0.0002467350366788057
913,0,0,913,0.015707801777422613,0.02060401274167123,0.00024673503667880094
914,0,0,914,0.01570780177742257,0.0033517419397102177,0.00024673503667879963
915,1,0,915,0.015707801777422755,0.03102885057807364,0.0002467350366788055
916,1,0,916,0.015707801777422602,0.027677028583930507,0.00024673503667880066
917,1,0,917,0.01570780177742284,0.022670728097260895,0.000246735036678808
918,1,0,918,0.01570780177742267,0.02017799361654804,0.0002467350366788027
919,0,0,919,0.015707801777422665,0.03140990484544912,0.0002467350366788026
920,0,0,920,0.015707801777422623,0.011060652662590376,0.0002467350366788013
921,1,0,921,0.015707801777422696,0.028149833753443432,0.00024673503667880365
922,0,0,922,0.015707801777422613,0.02594138977052296,0.00024673503667880104
923,0,0,923,0.01570780177742266,0.016824160454701254,0.0002467350366788026
924,1,0,924,0.01570780177742255,0.03080768501654796,0.00024673503667879904
925,0,0,925,0.015707801777422557,0.009429349438236478,0.0002467350366787992
926,0,0,926,0.01570780177742252,0.006106933798360359,0.000246735036678798
927,0,0,927,0.015707801777422557,0.02654132543120702,0.0002467350366787992
928,1,0,928,0.01570780177742259,0.03136819491491357,0.00024673503667880023
929,1,0,929,0.01570780177742274,0.024469587457389252,0.000246735036678805
930,0,0,930,0.015707801777422616,0.02852749308072039,0.0002467350366788011
931,0,0,931,0.015707801777422637,0.028547657380532943,0.0002467350366788018
932,1,0,932,0.01570780177742259,0.023166862486205697,0.0002467350366788002
933,1,0,933,0.015707801777422658,0.03141127625049908,0.00024673503667880234
934,1,0,934,0.015707801777422706,0.005236506799626395,0.00024673503667880397
935,1,0,935,0.015707801777422693,0.0001353597252043981,0.0002467350366788035
936,1,0,936,0.015707801777422738,0.022502328264018323,0.00024673503667880484
937,1,0,937,0.01570780177742263,0.029016565004237438,0.0002467350366788015
938,0,0,938,0.01570780177742262,0.005306451430194481,0.0002467350366788012
939,1,0,939,0.015707801777422637,0.026028567740054243,0.0002467350366788017
940,0,0,940,0.015707801777422755,0.03140581154445926,0.0002467350366788055
941,0,0,941,0.015707801777422637,0.031183379447832657,0.0002467350366788018
942,0,0,942,0.015707801777422512,0.023217764199197077,0.0002467350366787978
943,1,0,943,0.015707801777422748,0.006013373039975067,0.00024673503667880527
944,1,0,944,0.01570780177742256,0.028231779338987906,0.0002467350366787993
945,0,0,945,0.01570780177742262,0.03104332880631705,0.0002467350366788012
946,0,0,946,0.015707801777422606,0.030938573350262177,0.0002467350366788007
947,1,0,947,0.01570780177742259,0.0259418206649481,0.00024673503667880023
948,1,0,948,0.015707801777422564,0.026448262208409457,0.0002467350366787994
949,0,0,949,0.015707801777422606,0.0309141136938888,0.0002467350366788007
950,0,0,950,0.015707801777422602,0.008121332419217864,0.0002467350366788007
951,0,0,951,0.01570780177742258,0.027363723538282758,0.00024673503667880007
952,1,0,952,0.01570780177742261,0.016581443277463137,0.0002467350366788009
953,0,0,953,0.01570780177742265,0.01622969617534331,0.00024673503667880213
954,0,0,954,0.01570780177742254,0.008238506693105885,0.00024673503667879877
955,0,0,955,0.0157078017774224,0.026761376751005317,0.0002467350366787943
956,0,0,956,0.01570780177742258,0.005513047247065028,0.00024673503667879996
957,1,0,957,0.015707801777422536,0.031230629973501983,0.00024673503667879866
958,1,0,958,0.01570780177742258,0.015506784181362199,0.0002467350366788
959,1,0,959,0.015707801777422627,0.014364235157562688,0.0002467350366788014
960,1,0,960,0.01570780177742266,0.011801829724240265,0.00024673503667880245
961,1,0,961,0.015707801777422696,0.0125764622069382,0.00024673503667880354
962,0,0,962,0.015707801777422637,0.02793252615960584,0.0002467350366788018
963,0,0,963,0.01570780177742275,0.028985197505813354,0.0002467350366788054
964,1,0,964,0.015707801777422575,0.004597934925574476,0.00024673503667879974
965,1,0,965,0.015707801777422807,0.03049725937983383,0.00024673503667880706
966,0,0,966,0.01570780177742284,0.030885677683187812,0.0002467350366788081
967,0,0,967,0.015707801777422575,0.027028228200679294,0.00024673503667879985
968,0,0,968,0.015707801777422724,0.018104063397203385,0.0002467350366788044
969,1,0,969,0.01570780177742274,0.030302043350627028,0.00024673503667880506
970,0,0,970,0.01570780177742255,0.006123561270332312,0.0002467350366787991
971,0,0,971,0.01570780177742259,0.008186645620509081,0.00024673503667880023
972,0,0,972,0.015707801777422585,0.030976500839370452,0.00024673503667880023
973,0,0,973,0.01570780177742276,0.03094536854458696,0.0002467350366788055
974,0,0,974,0.015707801777422595,0.028568330838085576,0.0002467350366788005
975,0,0,975,0.015707801777422585,0.02962245543698505,0.0002467350366788001
976,0,0,976,0.015707801777422765,0.017221250261376664,0.0002467350366788057
977,1,0,977,0.015707801777422634,0.02252935481929852,0.0002467350366788017
978,0,0,978,0.01570780177742259,0.030032553089551828,0.0002467350366788002
979,1,0,979,0.015707801777422734,0.013213561299427523,0.00024673503667880484
980,1,0,980,0.015707801777422738,0.03140980481257975,0.00024673503667880484
981,1,0,981,0.015707801777422776,0.03123024105408989,0.00024673503667880603
982,0,0,982,0.015707801777422745,0.010443243172973848,0.0002467350366788051
983,1,0,983,0.015707801777422717,0.03141412928986652,0.00024673503667880424
984,0,0,984,0.015707801777422776,0.018363561436162912,0.0002467350366788061
985,1,0,985,0.01570780177742256,0.004886304983652501,0.0002467350366787994
986,1,0,986,0.015707801777422783,0.01900999290977523,0.00024673503667880636
987,1,0,987,0.01570780177742258,0.031059215075287305,0.00024673503667880007
988,1,0,988,0.01570780177742263,0.007407547117291746,0.00024673503667880153
989,0,0,989,0.015707801777422654,0.01945277846918836,0.00024673503667880224
990,1,0,990,0.015707801777422682,0.028255647719883314,0.0002467350366788032
991,0,0,991,0.01570780177742263,0.028014449868400515,0.00024673503667880153
992,0,0,992,0.015707801777422738,0.027476401105618886,0.00024673503667880495
993,0,0,993,0.015707801777422606,0.01328002429752706,0.0002467350366788007
994,1,0,994,0.01570780177742258,0.024303120274338896,0.00024673503667879996
995,1,0,995,0.015707801777422814,0.030916199554184093,0.00024673503667880733
996,0,0,996,0.015707801777422623,0.005067446826720778,0.00024673503667880137
997,1,0,997,0.015707801777422672,0.0032938886645137444,0.0002467350366788028
998,1,0,998,0.015707801777422703,0.018512421801525458,0.00024673503667880386
999,1,0,999,0.01570780177742283,0.0028884215872891916,0.00024673503667880777
