,Layer,Qubit,Run,2-Norm,Trace Norm,Diamond Norm
0,0,0,0,0.0031415913616618042,0.006128421551691576,9.869596283668066e-06
1,0,0,1,0.0031415913616616212,0.006245392625774976,9.86959628366692e-06
2,1,0,2,0.003141591361661546,0.006117230694328318,9.869596283666445e-06
3,1,0,3,0.003141591361661861,0.0003287002124677807,9.869596283668426e-06
4,1,0,4,0.0031415913616615653,0.006247726858402747,9.869596283666569e-06
5,1,0,5,0.003141591361661561,0.0006201478333227595,9.869596283666543e-06
6,0,0,6,0.003141591361661492,0.002526652417537356,9.869596283666108e-06
7,1,0,7,0.0031415913616617943,0.005903522116170179,9.869596283668007e-06
8,0,0,8,0.003141591361661783,0.003870686748945862,9.869596283667934e-06
9,0,0,9,0.0031415913616616685,0.005200786177259054,9.869596283667216e-06
10,1,0,10,0.00314159136166178,0.004455422273781262,9.869596283667916e-06
11,1,0,11,0.003141591361661502,0.004305794369730664,9.869596283666167e-06
12,1,0,12,0.003141591361661788,0.005799591064547693,9.869596283667966e-06
13,0,0,13,0.003141591361661718,0.005157209249108341,9.869596283667528e-06
14,1,0,14,0.0031415913616618567,0.005861009827393571,9.869596283668402e-06
15,0,0,15,0.0031415913616617912,0.0011104891285997898,9.86959628366799e-06
16,0,0,16,0.003141591361661624,0.005072210957565604,9.869596283666936e-06
17,0,0,17,0.0031415913616616217,0.005542017016674672,9.869596283666921e-06
18,0,0,18,0.0031415913616618463,0.004841407003584486,9.869596283668334e-06
19,0,0,19,0.0031415913616617904,0.00573647326075688,9.869596283667983e-06
20,1,0,20,0.0031415913616616754,0.006004312507598253,9.86959628366726e-06
21,0,0,21,0.0031415913616617244,0.0011342933165778835,9.869596283667567e-06
22,1,0,22,0.0031415913616618047,0.0061356870029156685,9.869596283668071e-06
23,1,0,23,0.003141591361661807,0.005572968594845795,9.869596283668085e-06
24,1,0,24,0.003141591361661733,0.00392077622123721,9.869596283667621e-06
25,1,0,25,0.003141591361661558,0.004789874704391961,9.869596283666521e-06
26,1,0,26,0.0031415913616617973,0.000332220373256642,9.869596283668027e-06
27,0,0,27,0.0031415913616618424,0.0051913127591345365,9.869596283668305e-06
28,1,0,28,0.0031415913616615627,0.005154497675482483,9.869596283666547e-06
29,1,0,29,0.0031415913616619105,0.004994272608948469,9.869596283668739e-06
30,0,0,30,0.0031415913616616694,0.0021777414970457487,9.869596283667221e-06
31,0,0,31,0.0031415913616616316,0.004224852634902687,9.869596283666986e-06
32,0,0,32,0.003141591361661783,0.0020054712459303126,9.869596283667936e-06
33,0,0,33,0.003141591361661458,0.005343656571086486,9.869596283665896e-06
34,1,0,34,0.003141591361661824,0.006046769059926904,9.869596283668195e-06
35,1,0,35,0.0031415913616616225,0.006275745788453281,9.869596283666931e-06
36,0,0,36,0.0031415913616616464,0.006157683180611467,9.869596283667072e-06
37,1,0,37,0.003141591361661575,0.0020644010006243274,9.869596283666626e-06
38,1,0,38,0.0031415913616618537,0.0027615121607226234,9.86959628366838e-06
39,1,0,39,0.003141591361661723,0.004988913192560007,9.869596283667558e-06
40,0,0,40,0.0031415913616616243,0.006226717288133038,9.869596283666938e-06
41,0,0,41,0.0031415913616615106,0.0029893655524952933,9.869596283666225e-06
42,1,0,42,0.0031415913616618285,0.0016839031196159704,9.86959628366822e-06
43,1,0,43,0.0031415913616618567,0.004029892529020418,9.869596283668395e-06
44,1,0,44,0.0031415913616615393,0.005632742938707691,9.869596283666408e-06
45,0,0,45,0.0031415913616618172,0.006254604896158686,9.86959628366815e-06
46,0,0,46,0.0031415913616616078,0.005308585499266827,9.86959628366684e-06
47,0,0,47,0.0031415913616616073,0.005706461392460893,9.869596283666831e-06
48,1,0,48,0.0031415913616618775,0.004913450241470274,9.869596283668532e-06
49,1,0,49,0.0031415913616615904,0.004757876331787481,9.869596283666721e-06
50,1,0,50,0.003141591361661727,0.0009070351019719869,9.869596283667584e-06
51,1,0,51,0.0031415913616618385,0.0062819509998917646,9.869596283668282e-06
52,0,0,52,0.0031415913616615974,0.0026906480765476193,9.86959628366677e-06
53,0,0,53,0.00314159136166188,0.0051806273886063625,9.869596283668544e-06
54,1,0,54,0.003141591361661825,0.0024774412579993133,9.869596283668202e-06
55,0,0,55,0.003141591361661802,0.0007855831483609688,9.869596283668058e-06
56,0,0,56,0.003141591361661741,0.0042475492197022735,9.869596283667672e-06
57,0,0,57,0.003141591361661853,0.00505136047628596,9.869596283668376e-06
58,0,0,58,0.0031415913616616113,0.006224381015400932,9.86959628366686e-06
59,0,0,59,0.0031415913616615982,0.005398580676527098,9.869596283666777e-06
60,1,0,60,0.003141591361661523,0.005755682156828312,9.869596283666303e-06
61,1,0,61,0.003141591361661712,0.0048198034755142505,9.869596283667489e-06
62,0,0,62,0.0031415913616616603,0.0033339781938124258,9.869596283667163e-06
63,0,0,63,0.003141591361661775,0.004009910106646863,9.869596283667883e-06
64,1,0,64,0.0031415913616618632,0.005531153366842512,9.869596283668439e-06
65,0,0,65,0.003141591361661719,0.0048378800975446,9.869596283667531e-06
66,0,0,66,0.003141591361661521,0.0055598183550013,9.86959628366629e-06
67,1,0,67,0.003141591361661588,0.0008497631794811555,9.86959628366671e-06
68,0,0,68,0.0031415913616616204,0.00583509796754994,9.869596283666913e-06
69,1,0,69,0.0031415913616616373,0.0051609658265704406,9.869596283667014e-06
70,1,0,70,0.0031415913616617422,0.003266091015864392,9.869596283667678e-06
71,1,0,71,0.003141591361661838,0.006210267638575517,9.869596283668282e-06
72,0,0,72,0.00314159136166183,0.005997745045732195,9.869596283668236e-06
73,0,0,73,0.0031415913616615943,0.0021555430786895924,9.86959628366675e-06
74,1,0,74,0.003141591361661831,0.0011248485833156296,9.869596283668238e-06
75,0,0,75,0.0031415913616617474,0.0061760531845744815,9.869596283667712e-06
76,1,0,76,0.0031415913616616134,0.005738547608753142,9.869596283666869e-06
77,1,0,77,0.0031415913616618775,0.0020134995922790333,9.869596283668529e-06
78,1,0,78,0.003141591361661769,0.004288396284897633,9.869596283667846e-06
79,1,0,79,0.0031415913616616516,0.005972666090724721,9.869596283667113e-06
80,1,0,80,0.0031415913616616277,0.006113669949053296,9.869596283666957e-06
81,0,0,81,0.003141591361661805,0.006246898248937691,9.869596283668073e-06
82,0,0,82,0.0031415913616618107,0.0022531397875718007,9.869596283668109e-06
83,0,0,83,0.0031415913616615458,0.0014873609329236759,9.869596283666443e-06
84,1,0,84,0.0031415913616614807,0.005036347066397884,9.86959628366604e-06
85,1,0,85,0.003141591361661805,0.000614866339545328,9.869596283668078e-06
86,1,0,86,0.0031415913616615445,0.004544139390049828,9.869596283666437e-06
87,1,0,87,0.0031415913616615666,0.0009162830072334538,9.869596283666579e-06
88,0,0,88,0.0031415913616615813,0.0035159622698799353,9.869596283666669e-06
89,0,0,89,0.003141591361661627,0.006236727152094168,9.869596283666953e-06
90,1,0,90,0.0031415913616618684,0.006230183874963685,9.869596283668473e-06
91,1,0,91,0.0031415913616617223,0.006011960676484351,9.869596283667553e-06
92,1,0,92,0.0031415913616618216,0.0027692046252978386,9.869596283668178e-06
93,0,0,93,1.999997532599407,3.5472985981539757,9.869596283669066e-06
94,1,0,94,0.003141591361661585,0.0051031948033963825,9.86959628366669e-06
95,1,0,95,0.0031415913616617817,0.005437447388969174,9.869596283667926e-06
96,1,0,96,0.003141591361661603,0.0009528956816711176,9.869596283666796e-06
97,0,0,97,0.0031415913616615865,0.005513269327892645,9.8695962836667e-06
98,0,0,98,0.0031415913616618532,0.005560439638416903,9.869596283668382e-06
99,1,0,99,0.003141591361661581,0.0051524004529984735,9.869596283666664e-06
100,0,0,100,0.0031415913616618515,0.002959257731253495,9.869596283668366e-06
101,1,0,101,0.0031415913616616295,0.0008973600518760172,9.869596283666972e-06
102,0,0,102,0.0031415913616618715,0.005093923618915808,9.869596283668492e-06
103,1,0,103,0.00314159136166184,0.0007103906435700358,9.869596283668283e-06
104,1,0,104,0.0031415913616617583,0.0029451090371173105,9.869596283667777e-06
105,0,0,105,0.0031415913616618532,0.0009260678760906194,9.869596283668375e-06
106,0,0,106,0.0031415913616616433,0.005020851937690529,9.869596283667057e-06
107,0,0,107,0.0031415913616617817,0.0034815821307571104,9.869596283667926e-06
108,0,0,108,0.003141591361661911,0.0012044090919437478,9.869596283668742e-06
109,0,0,109,0.003141591361661635,0.0058983628288449275,9.869596283667003e-06
110,1,0,110,0.0031415913616617583,0.0061491774567383195,9.86959628366778e-06
111,0,0,111,0.00314159136166165,0.0025109586742589896,9.869596283667096e-06
112,0,0,112,0.0031415913616618155,0.005570740417274178,9.869596283668144e-06
113,0,0,113,0.003141591361661848,0.004227742304682702,9.869596283668346e-06
114,0,0,114,0.003141591361661808,0.0007239407440881029,9.869596283668092e-06
115,0,0,115,0.003141591361661818,0.0060676898317553185,9.86959628366816e-06
116,0,0,116,0.0031415913616615553,0.0016746832192248151,9.869596283666504e-06
117,0,0,117,0.003141591361661628,0.005835426109499109,9.869596283666965e-06
118,0,0,118,0.0031415913616617756,0.005764869326946753,9.869596283667889e-06
119,0,0,119,0.0031415913616617865,0.003787061969555472,9.869596283667958e-06
120,1,0,120,0.00314159136166169,0.0015708781286313256,9.86959628366735e-06
121,1,0,121,0.00314159136166186,0.005677598528652239,9.869596283668419e-06
122,0,0,122,0.0031415913616617813,0.005988196785329636,9.869596283667927e-06
123,1,0,123,0.0031415913616614907,0.0052524562656577345,9.869596283666098e-06
124,1,0,124,0.0031415913616618172,0.006055824366137164,9.86959628366815e-06
125,1,0,125,0.003141591361661615,0.005050734884574748,9.869596283666882e-06
126,0,0,126,0.0031415913616619066,0.001057414218887054,9.869596283668715e-06
127,1,0,127,0.0031415913616615657,0.005151488508286284,9.86959628366657e-06
128,1,0,128,0.0031415913616618,0.0061940630413042375,9.869596283668043e-06
129,1,0,129,0.0031415913616618936,0.005038215150098391,9.869596283668629e-06
130,0,0,130,0.0031415913616617973,0.0013972288037578107,9.869596283668029e-06
131,1,0,131,0.003141591361661848,0.002351578511958441,9.869596283668348e-06
132,0,0,132,0.0031415913616615948,0.0033956362178795274,9.86959628366675e-06
133,0,0,133,0.003141591361661774,0.004578497435233531,9.869596283667878e-06
134,1,0,134,0.0031415913616615193,0.00028630588436695525,9.869596283666281e-06
135,0,0,135,0.0031415913616618376,0.0060401116603698846,9.869596283668278e-06
136,0,0,136,0.003141591361661765,0.0037805300241257056,9.869596283667822e-06
137,1,0,137,0.0031415913616616316,0.003910190820534898,9.869596283666987e-06
138,1,0,138,0.003141591361661777,0.0014830954461797496,9.869596283667894e-06
139,1,0,139,0.0031415913616615427,0.0016975558967982085,9.869596283666425e-06
140,1,0,140,0.0031415913616615575,0.0037148505817076183,9.86959628366652e-06
141,0,0,141,0.0031415913616617986,0.006267363808193038,9.86959628366803e-06
142,0,0,142,0.0031415913616615887,0.006248984066835481,9.869596283666713e-06
143,0,0,143,0.0031415913616615783,0.005816940574166873,9.869596283666652e-06
144,0,0,144,0.003141591361661539,0.0013411344347573628,9.869596283666401e-06
145,0,0,145,0.003141591361661789,0.006282198280595119,9.869596283667975e-06
146,1,0,146,0.003141591361661844,0.005480728699367388,9.869596283668317e-06
147,0,0,147,0.003141591361661819,0.001924579591465303,9.86959628366816e-06
148,0,0,148,0.003141591361661646,0.00016090964244008799,9.869596283667074e-06
149,0,0,149,0.003141591361661784,0.00212455159425029,9.86959628366794e-06
150,0,0,150,0.003141591361661801,0.0005636623924969442,9.869596283668048e-06
151,0,0,151,0.0031415913616615818,0.0032276478282968757,9.869596283666669e-06
152,1,0,152,0.0031415913616617414,0.0058125997642123894,9.869596283667673e-06
153,0,0,153,0.0031415913616615336,0.00590388862085095,9.869596283666366e-06
154,1,0,154,0.0031415913616617314,0.0048026818231057256,9.869596283667612e-06
155,0,0,155,0.0031415913616615844,0.0009276262895745457,9.869596283666687e-06
156,1,0,156,0.0031415913616615883,0.0026913667717922696,9.869596283666708e-06
157,1,0,157,0.0031415913616618047,0.004461118935081609,9.869596283668071e-06
158,1,0,158,0.003141591361661521,0.003426520414293144,9.86959628366629e-06
159,0,0,159,0.0031415913616618593,0.006276569103218298,9.869596283668414e-06
160,0,0,160,0.0031415913616618333,0.002319654780269742,9.869596283668251e-06
161,0,0,161,0.0031415913616618606,9.667751770181532e-05,9.869596283668422e-06
162,0,0,162,0.0031415913616619786,0.004075287344113554,9.869596283669166e-06
163,1,0,163,0.00314159136166179,0.006256655831014896,9.86959628366798e-06
164,1,0,164,0.003141591361661776,0.0033127322436052875,9.869596283667892e-06
165,1,0,165,0.0031415913616617977,0.006215685217368899,9.869596283668027e-06
166,1,0,166,0.003141591361661613,0.006184897246801768,9.869596283666867e-06
167,0,0,167,0.0031415913616616854,0.0034962767182546983,9.869596283667326e-06
168,0,0,168,0.003141591361661818,0.005736627583551535,9.869596283668156e-06
169,0,0,169,0.003141591361661592,0.0031558945402672123,9.869596283666735e-06
170,1,0,170,0.0031415913616616754,0.0037099568961505014,9.869596283667258e-06
171,0,0,171,0.0031415913616619252,0.004942857329809258,9.86959628366883e-06
172,0,0,172,0.0031415913616615575,0.0024682155891009305,9.869596283666518e-06
173,1,0,173,0.003141591361661821,0.005387987126926452,9.86959628366818e-06
174,0,0,174,0.00314159136166182,0.004341445520121834,9.869596283668168e-06
175,0,0,175,0.0031415913616615666,0.00014832364553774013,9.86959628366658e-06
176,1,0,176,0.0031415913616618077,0.0007293416832578892,9.869596283668092e-06
177,1,0,177,0.003141591361661839,0.006277299328049511,9.86959628366829e-06
178,0,0,178,0.003141591361661748,0.005436697069440499,9.869596283667714e-06
179,0,0,179,0.0031415913616617925,0.006041829394653364,9.869596283667995e-06
180,0,0,180,0.00314159136166185,0.0062044774721648766,9.869596283668358e-06
181,0,0,181,0.00314159136166156,0.005004767745161898,9.869596283666537e-06
182,1,0,182,0.003141591361661756,0.0022629557667170896,9.869596283667758e-06
183,0,0,183,0.0031415913616618333,0.004511735181727761,9.869596283668248e-06
184,1,0,184,0.003141591361661552,0.006264632483087715,9.869596283666484e-06
185,0,0,185,0.003141591361661891,0.002495083394069453,9.869596283668617e-06
186,0,0,186,0.003141591361661799,0.0038338728875043637,9.869596283668038e-06
187,0,0,187,0.003141591361661802,0.005631124765204498,9.869596283668058e-06
188,0,0,188,0.0031415913616618394,0.004624277082834749,9.869596283668288e-06
189,1,0,189,0.003141591361661665,0.0021147377721564276,9.86959628366719e-06
190,0,0,190,0.0031415913616615783,0.003897734736192815,9.869596283666652e-06
191,0,0,191,0.003141591361661764,0.006283100843897004,9.869596283667816e-06
192,0,0,192,0.003141591361661681,0.005595229786810596,9.869596283667292e-06
193,0,0,193,0.0031415913616616746,0.003319542810482079,9.869596283667253e-06
194,1,0,194,0.0031415913616616178,0.004936455232028791,9.869596283666901e-06
195,1,0,195,0.0031415913616618363,0.006236981129066496,9.86959628366827e-06
196,0,0,196,0.0031415913616617986,0.0055089759327431875,9.869596283668033e-06
197,0,0,197,0.0031415913616616637,0.005608975768651603,9.869596283667184e-06
198,0,0,198,0.0031415913616618346,0.004765987124691118,9.869596283668261e-06
199,1,0,199,0.0031415913616614916,0.006080351299065367,9.869596283666108e-06
200,1,0,200,0.0031415913616615644,0.0018273502580778977,9.86959628366656e-06
201,0,0,201,0.003141591361661868,0.002796848352811576,9.869596283668471e-06
202,1,0,202,0.0031415913616616824,0.003944975431938502,9.8695962836673e-06
203,0,0,203,0.0031415913616617986,0.004713083289582531,9.869596283668034e-06
204,1,0,204,0.0031415913616617834,0.005802463105507583,9.86959628366794e-06
205,1,0,205,0.0031415913616617925,0.0014981204910597956,9.869596283667994e-06
206,0,0,206,0.003141591361661555,0.00026322286983315735,9.869596283666503e-06
207,0,0,207,0.003141591361661863,0.0062217442966409076,9.869596283668437e-06
208,1,0,208,0.003141591361661808,0.00499983873083365,9.869596283668094e-06
209,0,0,209,0.003141591361661618,0.0025877214185753283,9.869596283666896e-06
210,0,0,210,0.003141591361661797,0.004228844948749422,9.86959628366802e-06
211,1,0,211,0.003141591361661806,0.004302459422431015,9.869596283668085e-06
212,0,0,212,0.0031415913616618186,0.006060883793692351,9.86959628366816e-06
213,1,0,213,0.0031415913616615393,0.006110170833839745,9.869596283666405e-06
214,0,0,214,0.003141591361661811,0.00018051537729946165,9.869596283668114e-06
215,1,0,215,0.0031415913616616867,0.0011200985087227444,9.86959628366733e-06
216,1,0,216,0.0031415913616617943,0.004821451420165879,9.869596283668004e-06
217,1,0,217,0.0031415913616615015,0.005861626544591436,9.869596283666167e-06
218,1,0,218,0.003141591361661796,0.002384205750622259,9.869596283668019e-06
219,1,0,219,0.0031415913616618008,0.0010537256944392892,9.869596283668051e-06
220,1,0,220,0.003141591361661824,0.0026451510330141037,9.869596283668192e-06
221,1,0,221,0.003141591361661742,0.005858798938479126,9.869596283667675e-06
222,1,0,222,0.0031415913616616407,0.004211381294249028,9.869596283667047e-06
223,1,0,223,0.0031415913616614543,0.005235722234019691,9.869596283665874e-06
224,1,0,224,0.0031415913616619448,0.0036820579642559137,9.869596283668954e-06
225,0,0,225,0.0031415913616616702,0.005852978431275191,9.869596283667231e-06
226,0,0,226,0.0031415913616618697,0.003927766414340006,9.869596283668478e-06
227,0,0,227,0.0031415913616618858,0.006281263393104964,9.869596283668581e-06
228,1,0,228,0.0031415913616616494,0.0026920535925617495,9.8695962836671e-06
229,0,0,229,0.003141591361661791,0.005740641542398284,9.869596283667983e-06
230,0,0,230,0.0031415913616616217,0.0007551359769899513,9.869596283666921e-06
231,0,0,231,0.003141591361661782,0.005862141746938554,9.869596283667933e-06
232,1,0,232,0.003141591361661838,0.005401238526992147,9.869596283668283e-06
233,1,0,233,0.0031415913616618485,0.005924144742716131,9.86959628366835e-06
234,1,0,234,0.003141591361661832,0.0062711649055169835,9.869596283668244e-06
235,0,0,235,0.003141591361661832,0.006106130136043858,9.869596283668243e-06
236,1,0,236,0.003141591361661507,0.0010332025034880399,9.869596283666201e-06
237,0,0,237,0.0031415913616615362,0.004770952763773817,9.869596283666386e-06
238,0,0,238,0.0031415913616618194,0.0030278576580061722,9.869596283668163e-06
239,1,0,239,0.0031415913616618177,0.00044708906267809656,9.869596283668153e-06
240,1,0,240,0.003141591361661838,0.0062814158513563555,9.869596283668282e-06
241,0,0,241,0.003141591361661614,0.003663384111478707,9.869596283666874e-06
242,1,0,242,0.0031415913616615635,0.0011656580010783735,9.869596283666557e-06
243,0,0,243,0.003141591361661698,0.0018578523459358287,9.869596283667399e-06
244,1,0,244,0.0031415913616618116,0.0010819808175600576,9.869596283668117e-06
245,0,0,245,0.003141591361661863,0.006219214495571779,9.869596283668439e-06
246,0,0,246,0.0031415913616619235,0.00556259099716494,9.869596283668822e-06
247,0,0,247,0.003141591361661683,0.0053702942191914405,9.869596283667307e-06
248,0,0,248,0.0031415913616617782,0.006120732974439408,9.8695962836679e-06
249,1,0,249,0.0031415913616617457,0.0022006713143188916,9.869596283667699e-06
250,1,0,250,0.0031415913616615956,0.005734870244863188,9.869596283666757e-06
251,1,0,251,0.0031415913616618073,0.004291013109988917,9.86959628366809e-06
252,1,0,252,0.003141591361661997,0.00326316758686207,9.869596283669281e-06
253,1,0,253,0.0031415913616618554,0.002368813047085583,9.869596283668388e-06
254,0,0,254,0.0031415913616617782,0.003992632643502025,9.869596283667905e-06
255,1,0,255,0.0031415913616617734,0.006032949726738512,9.869596283667875e-06
256,1,0,256,0.00314159136166185,0.006146865655031142,9.869596283668361e-06
257,0,0,257,0.0031415913616618116,0.00610543410562428,9.86959628366811e-06
258,0,0,258,0.003141591361661876,0.003633362983558319,9.869596283668514e-06
259,0,0,259,0.0031415913616615497,0.006161015402518372,9.869596283666469e-06
260,1,0,260,0.0031415913616618272,0.0014246625684645187,9.869596283668212e-06
261,1,0,261,0.003141591361661561,0.006207419123423014,9.86959628366654e-06
262,0,0,262,0.0031415913616618463,0.0017927320849361328,9.869596283668334e-06
263,1,0,263,0.003141591361661841,0.002305043958402031,9.869596283668297e-06
264,0,0,264,0.003141591361661836,0.006259164830189234,9.869596283668271e-06
265,0,0,265,0.003141591361661761,0.005718208795168045,9.869596283667795e-06
266,0,0,266,0.003141591361661735,0.0036766657010537385,9.869596283667631e-06
267,1,0,267,0.0031415913616617353,0.00612261561682334,9.869596283667633e-06
268,1,0,268,0.0031415913616618125,0.005872129817746485,9.869596283668116e-06
269,1,0,269,0.0031415913616615115,0.004617906743826561,9.869596283666227e-06
270,0,0,270,0.0031415913616616104,0.002559203996845727,9.869596283666852e-06
271,0,0,271,0.003141591361661802,0.006239572723476874,9.869596283668056e-06
272,1,0,272,0.003141591361661809,0.002254443404240747,9.8695962836681e-06
273,1,0,273,0.0031415913616618107,0.006264568005827559,9.86959628366811e-06
274,0,0,274,0.0031415913616618246,0.004656183820311188,9.869596283668197e-06
275,0,0,275,0.0031415913616617023,0.004787018268910259,9.869596283667426e-06
276,0,0,276,0.0031415913616618307,0.00551317141350699,9.869596283668234e-06
277,1,0,277,0.003141591361661687,0.004970952080130653,9.869596283667335e-06
278,1,0,278,0.003141591361661847,0.00620400465332116,9.869596283668336e-06
279,0,0,279,0.003141591361661657,0.00580094943190651,9.869596283667143e-06
280,1,0,280,0.0031415913616615887,0.003105250013527572,9.869596283666713e-06
281,1,0,281,0.003141591361661864,0.0034254104590301093,9.869596283668446e-06
282,1,0,282,0.0031415913616615995,0.0018278208675314156,9.869596283666779e-06
283,0,0,283,0.003141591361661843,0.0028904549357180453,9.869596283668314e-06
284,0,0,284,0.0031415913616616303,0.005613659081674716,9.869596283666982e-06
285,1,0,285,0.003141591361661634,0.001248601852672393,9.869596283667e-06
286,1,0,286,0.003141591361661816,0.0016887776817341438,9.869596283668144e-06
287,0,0,287,0.003141591361661799,0.00621406411189851,9.869596283668033e-06
288,1,0,288,0.003141591361661781,0.006129673894761989,9.869596283667922e-06
289,1,0,289,0.0031415913616615037,0.005845569586807042,9.869596283666181e-06
290,1,0,290,0.0031415913616617774,0.0047440518158794465,9.8695962836679e-06
291,1,0,291,0.003141591361661619,0.0020881012917064457,9.869596283666904e-06
292,1,0,292,0.003141591361661813,0.0015678511076056,9.869596283668124e-06
293,1,0,293,0.003141591361661757,0.0048391477871028155,9.86959628366777e-06
294,0,0,294,0.003141591361661862,0.004020117010431146,9.869596283668427e-06
295,0,0,295,0.0031415913616618606,0.0015414810494591702,9.869596283668427e-06
296,1,0,296,0.0031415913616616594,0.004886855242338672,9.869596283667157e-06
297,0,0,297,0.0031415913616615223,0.00597088335378726,9.869596283666298e-06
298,0,0,298,0.0031415913616618073,0.00026075021526272835,9.869596283668088e-06
299,0,0,299,0.0031415913616616247,0.006281599332422262,9.869596283666942e-06
300,1,0,300,0.003141591361661672,0.0053611388090812895,9.869596283667238e-06
301,0,0,301,0.003141591361661884,0.006276613148434279,9.869596283668571e-06
302,0,0,302,0.00314159136166183,0.004659952146129909,9.869596283668229e-06
303,1,0,303,0.003141591361661865,0.005596126707791693,9.869596283668451e-06
304,0,0,304,0.0031415913616615375,0.003432872638260198,9.869596283666384e-06
305,1,0,305,0.0031415913616618255,0.0010294719744501357,9.869596283668202e-06
306,1,0,306,0.0031415913616618003,0.0022653703700227235,9.869596283668044e-06
307,0,0,307,0.0031415913616616004,0.004251533629990867,9.869596283666787e-06
308,1,0,308,0.003141591361661766,0.00045718849164699815,9.869596283667826e-06
309,0,0,309,0.0031415913616617856,0.0016707059738527708,9.86959628366795e-06
310,1,0,310,0.0031415913616615297,0.0008291552166030947,9.869596283666342e-06
311,1,0,311,0.0031415913616618177,0.006257040823560905,9.869596283668155e-06
312,1,0,312,0.0031415913616618008,0.005455110665333718,9.869596283668051e-06
313,0,0,313,0.0031415913616618016,0.00604067464329483,9.869596283668051e-06
314,0,0,314,0.0031415913616618186,0.004299193003287849,9.86959628366816e-06
315,1,0,315,0.0031415913616619716,0.00448906444751862,9.869596283669122e-06
316,0,0,316,0.0031415913616617917,0.00032632829325163204,9.869596283667987e-06
317,0,0,317,0.00314159136166156,0.0017960584264611335,9.869596283666535e-06
318,1,0,318,0.003141591361661829,0.0006675191869105479,9.869596283668227e-06
319,1,0,319,0.003141591361661593,0.005013847011289707,9.869596283666742e-06
320,0,0,320,0.0031415913616618307,0.006153222546005949,9.86959628366824e-06
321,1,0,321,0.003141591361661787,0.003125382573767488,9.86959628366796e-06
322,0,0,322,0.0031415913616616516,0.0017196718598474492,9.869596283667111e-06
323,1,0,323,0.003141591361661892,0.004615422910648093,9.86959628366862e-06
324,0,0,324,0.003141591361661801,0.0018768517497584902,9.86959628366805e-06
325,1,0,325,0.0031415913616617544,0.003250132452902732,9.869596283667753e-06
326,1,0,326,0.003141591361661858,0.006069729901845622,9.86959628366841e-06
327,1,0,327,0.003141591361661524,0.005567787502476662,9.869596283666306e-06
328,1,0,328,0.003141591361661858,0.0005035913134093795,9.869596283668409e-06
329,0,0,329,0.0031415913616618116,0.004528787646686294,9.869596283668117e-06
330,0,0,330,0.003141591361661577,0.004161402959201643,9.869596283666642e-06
331,1,0,331,0.0031415913616618415,0.005114566361151596,9.869596283668307e-06
332,0,0,332,0.0031415913616618285,0.0025811986543151644,9.869596283668224e-06
333,1,0,333,0.0031415913616617973,0.004797167589349338,9.869596283668022e-06
334,1,0,334,0.003141591361661843,0.0002849580026382803,9.869596283668314e-06
335,1,0,335,0.003141591361661474,0.005526516271442072,9.869596283665995e-06
336,0,0,336,0.0031415913616618264,0.004275322105899537,9.86959628366821e-06
337,1,0,337,0.0031415913616614664,0.003132731850870707,9.869596283665947e-06
338,1,0,338,0.0031415913616618615,0.00327077614328386,9.869596283668424e-06
339,1,0,339,0.003141591361661765,0.006250677464776477,9.869596283667824e-06
340,1,0,340,0.0031415913616615362,0.005855519479317728,9.869596283666386e-06
341,1,0,341,0.003141591361661779,0.0005382137815094223,9.869596283667914e-06
342,1,0,342,0.003141591361661599,0.0057417768904912125,9.869596283666782e-06
343,0,0,343,0.003141591361661782,0.004610944476846401,9.869596283667926e-06
344,0,0,344,0.0031415913616618303,0.0027494531319672832,9.869596283668236e-06
345,1,0,345,0.0031415913616617453,0.005776868987348305,9.869596283667699e-06
346,1,0,346,0.003141591361661581,0.006224917277327852,9.869596283666665e-06
347,0,0,347,0.0031415913616617904,0.00573486628957931,9.869596283667982e-06
348,1,0,348,0.0031415913616617734,0.005948260540146522,9.869596283667875e-06
349,0,0,349,0.003141591361661736,0.003276844383560462,9.869596283667643e-06
350,1,0,350,0.003141591361661491,0.00573008631735844,9.8695962836661e-06
351,1,0,351,0.0031415913616618897,0.004203352546362615,9.869596283668609e-06
352,1,0,352,0.0031415913616618203,0.00627203725363832,9.86959628366817e-06
353,1,0,353,0.0031415913616618524,0.0049691958892906785,9.86959628366837e-06
354,1,0,354,0.0031415913616617964,0.0056217174478928045,9.869596283668019e-06
355,0,0,355,0.0031415913616616533,0.004979059394299323,9.869596283667123e-06
356,1,0,356,0.0031415913616618233,0.00542294077748251,9.86959628366819e-06
357,1,0,357,0.0031415913616618094,0.006281717255587769,9.869596283668104e-06
358,0,0,358,0.0031415913616615492,0.006146376652259672,9.86959628366646e-06
359,0,0,359,0.003141591361661843,0.0002794605096263503,9.869596283668314e-06
360,0,0,360,0.0031415913616615874,0.005249105521323183,9.869596283666708e-06
361,1,0,361,0.003141591361661548,0.0034802078332485387,9.86959628366646e-06
362,0,0,362,0.0031415913616617574,0.0010369665626178692,9.86959628366778e-06
363,0,0,363,0.0031415913616616104,0.004860874142880833,9.869596283666847e-06
364,1,0,364,0.0031415913616618433,0.006264899463575863,9.869596283668314e-06
365,1,0,365,0.003141591361661559,0.0004883645533747538,9.86959628366653e-06
366,0,0,366,0.003141591361661916,0.006280633389120466,9.869596283668776e-06
367,1,0,367,0.0031415913616618047,0.005543579817709032,9.86959628366807e-06
368,0,0,368,0.0031415913616616668,0.006168108750245177,9.869596283667206e-06
369,1,0,369,0.0031415913616617635,0.005702973711577186,9.869596283667812e-06
370,0,0,370,0.003141591361661875,0.0055451658743606025,9.869596283668512e-06
371,1,0,371,0.0031415913616617865,0.0061812172018088085,9.869596283667956e-06
372,0,0,372,0.003141591361661753,0.0012699477192287256,9.869596283667746e-06
373,0,0,373,0.0031415913616615375,0.0004498451812766646,9.869596283666391e-06
374,0,0,374,0.003141591361661857,0.0022411574501092213,9.869596283668404e-06
375,1,0,375,0.0031415913616618316,0.0018899450203265777,9.869596283668238e-06
376,1,0,376,0.0031415913616617674,0.005533627808582964,9.869596283667838e-06
377,1,0,377,0.003141591361661661,0.004399561569391031,9.869596283667167e-06
378,0,0,378,0.00314159136166162,0.0028472355284199224,9.86959628366691e-06
379,1,0,379,0.0031415913616615948,0.005145115768729003,9.869596283666747e-06
380,0,0,380,0.003141591361661698,0.00529678664702371,9.8695962836674e-06
381,0,0,381,0.0031415913616618077,0.006249018997245059,9.869596283668092e-06
382,1,0,382,0.00314159136166193,0.005581585272828815,9.869596283668854e-06
383,0,0,383,0.0031415913616616143,0.004628521936523744,9.869596283666875e-06
384,0,0,384,0.0031415913616616993,0.006221225216518522,9.86959628366741e-06
385,0,0,385,0.0031415913616615644,0.0011597539742302931,9.86959628366656e-06
386,1,0,386,0.003141591361661768,0.00614972606357686,9.869596283667838e-06
387,0,0,387,0.003141591361661799,0.0013688717813766793,9.869596283668034e-06
388,0,0,388,0.0031415913616617817,0.006246302135017895,9.869596283667927e-06
389,1,0,389,0.0031415913616616026,0.0030067439958961772,9.869596283666801e-06
390,1,0,390,0.00314159136166176,0.000992553802397378,9.869596283667795e-06
391,1,0,391,0.003141591361661641,0.0053899632434475375,9.869596283667043e-06
392,1,0,392,0.0031415913616617665,0.00349353186000656,9.869596283667838e-06
393,0,0,393,0.003141591361661565,0.006267978699032256,9.869596283666565e-06
394,0,0,394,0.003141591361661805,0.0009818418692276731,9.869596283668073e-06
395,0,0,395,0.003141591361661872,0.003986890868201365,9.869596283668497e-06
396,0,0,396,0.0031415913616618376,0.006234844274667625,9.869596283668275e-06
397,1,0,397,0.0031415913616616624,0.006208072114762486,9.869596283667177e-06
398,1,0,398,0.003141591361661894,0.0038292076463644076,9.869596283668636e-06
399,0,0,399,0.0031415913616617635,0.0017005124182232212,9.869596283667814e-06
400,1,0,400,0.0031415913616618285,0.00492043897993566,9.869596283668219e-06
401,0,0,401,0.0031415913616618424,0.0021463202888992727,9.869596283668307e-06
402,1,0,402,0.0031415913616616078,0.005962116007264817,9.869596283666838e-06
403,0,0,403,0.003141591361661762,0.00564533002472839,9.869596283667807e-06
404,1,0,404,0.0031415913616616585,0.002096780063991721,9.869596283667153e-06
405,0,0,405,0.0031415913616618307,0.0009016682050737579,9.86959628366824e-06
406,0,0,406,0.0031415913616618155,0.002457905391812676,9.869596283668141e-06
407,0,0,407,0.0031415913616618394,0.0002816482144555321,9.869596283668293e-06
408,0,0,408,0.0031415913616618194,0.0015244515155589111,9.869596283668161e-06
409,0,0,409,0.003141591361661826,0.00408288191734496,9.869596283668207e-06
410,1,0,410,0.0031415913616618177,0.001136401439748469,9.869596283668151e-06
411,0,0,411,0.003141591361661851,0.0017375871719519376,9.869596283668368e-06
412,1,0,412,0.0031415913616617956,0.000944144984324935,9.869596283668017e-06
413,0,0,413,0.0031415913616615527,0.0005096813008036438,9.869596283666491e-06
414,1,0,414,0.0031415913616618294,0.004009820178554446,9.869596283668222e-06
415,1,0,415,0.0031415913616616047,0.0005775700450414423,9.869596283666813e-06
416,0,0,416,0.0031415913616615926,0.006214122276476386,9.869596283666742e-06
417,1,0,417,0.0031415913616617912,0.003907557098815295,9.869596283667982e-06
418,1,0,418,0.00314159136166152,0.004672060601470851,9.869596283666281e-06
419,0,0,419,0.0031415913616618944,0.005708620220046423,9.869596283668636e-06
420,1,0,420,0.0031415913616618437,0.005642029578186436,9.869596283668317e-06
421,0,0,421,0.003141591361661548,0.0034243772821997975,9.869596283666459e-06
422,1,0,422,0.003141591361661817,0.0017097410099095045,9.86959628366815e-06
423,1,0,423,0.0031415913616618034,0.00579962970862441,9.869596283668061e-06
424,0,0,424,0.003141591361661626,0.0025946630120297076,9.869596283666953e-06
425,0,0,425,0.003141591361661569,0.0037857230759978933,9.869596283666593e-06
426,1,0,426,0.003141591361661553,0.005806577008630631,9.869596283666491e-06
427,1,0,427,0.003141591361661784,0.006141940016501285,9.869596283667938e-06
428,0,0,428,0.0031415913616615453,0.004469339603989653,9.869596283666442e-06
429,1,0,429,0.0031415913616616043,0.005179966348435094,9.869596283666813e-06
430,0,0,430,0.0031415913616615145,0.00439165621887283,9.869596283666249e-06
431,0,0,431,0.003141591361661717,0.006177603425028155,9.869596283667521e-06
432,0,0,432,0.0031415913616617665,0.005569120732586974,9.869596283667831e-06
433,1,0,433,0.0031415913616617552,0.005983182661493169,9.86959628366776e-06
434,1,0,434,0.0031415913616616702,0.004737090149312229,9.869596283667224e-06
435,1,0,435,0.003141591361661766,0.0044214284843346885,9.869596283667828e-06
436,0,0,436,0.0031415913616619014,0.0018138388453018406,9.869596283668676e-06
437,1,0,437,0.0031415913616615635,0.00622532684885771,9.869596283666557e-06
438,0,0,438,0.003141591361661771,0.0026397910798587887,9.86959628366786e-06
439,0,0,439,0.0031415913616618316,0.0035491370916846954,9.86959628366824e-06
440,1,0,440,0.0031415913616618545,0.005719511106369701,9.869596283668382e-06
441,1,0,441,0.00314159136166182,0.006263355140450344,9.869596283668168e-06
442,1,0,442,0.0031415913616615436,0.005475200729611163,9.86959628366643e-06
443,0,0,443,0.003141591361661824,0.005764723337932043,9.869596283668193e-06
444,0,0,444,0.00314159136166186,0.0053998077831425295,9.86959628366842e-06
445,0,0,445,0.0031415913616617544,0.004161001229256001,9.869596283667753e-06
446,0,0,446,0.003141591361661575,0.00028764691570581924,9.869596283666632e-06
447,1,0,447,0.003141591361661793,0.004464967923841101,9.869596283667994e-06
448,1,0,448,0.003141591361661847,0.004431787994958469,9.869596283668341e-06
449,0,0,449,0.0031415913616616455,0.004600021747412364,9.869596283667069e-06
450,0,0,450,0.0031415913616615566,0.005702386089228573,9.869596283666515e-06
451,0,0,451,0.0031415913616618337,0.006144049602735763,9.869596283668254e-06
452,1,0,452,0.0031415913616616004,0.0019361545823891602,9.869596283666789e-06
453,0,0,453,0.003141591361661757,0.005533055273544418,9.869596283667768e-06
454,0,0,454,0.0031415913616616837,0.00624271937175154,9.869596283667314e-06
455,0,0,455,0.003141591361661849,0.0002162707744808312,9.869596283668348e-06
456,1,0,456,0.0031415913616618394,0.005928802159888058,9.869596283668285e-06
457,1,0,457,0.003141591361661723,0.0025284648542345245,9.86959628366756e-06
458,1,0,458,0.003141591361661649,0.006213011156270515,9.869596283667092e-06
459,0,0,459,0.0031415913616617665,0.0052018286840262995,9.869596283667831e-06
460,1,0,460,0.0031415913616618016,0.0013625906777277041,9.869596283668053e-06
461,0,0,461,0.003141591361661648,0.003211808271359806,9.869596283667084e-06
462,1,0,462,0.0031415913616618272,0.003924628334398106,9.869596283668212e-06
463,0,0,463,0.00314159136166159,0.004591820740490471,9.869596283666723e-06
464,1,0,464,0.0031415913616615523,0.003031128643049108,9.869596283666488e-06
465,0,0,465,0.0031415913616615865,0.0011145474260864097,9.869596283666701e-06
466,1,0,466,0.003141591361661745,0.004957857414521261,9.869596283667694e-06
467,0,0,467,0.0031415913616618576,0.006282683224804431,9.869596283668405e-06
468,1,0,468,0.0031415913616618346,0.006005001782983133,9.86959628366826e-06
469,1,0,469,0.0031415913616616316,0.0020409691607666813,9.869596283666989e-06
470,1,0,470,0.00314159136166182,0.005250654344839734,9.86959628366817e-06
471,1,0,471,0.003141591361661848,0.0062464060910761565,9.869596283668346e-06
472,1,0,472,0.0031415913616617587,0.006282999471879836,9.869596283667784e-06
473,1,0,473,0.003141591361661742,0.0020624937545083988,9.86959628366768e-06
474,0,0,474,0.0031415913616616733,0.0033041276352854254,9.86959628366725e-06
475,1,0,475,0.0031415913616618567,0.0006750950009534185,9.869596283668402e-06
476,1,0,476,0.0031415913616618806,0.005312103796149326,9.869596283668554e-06
477,0,0,477,0.0031415913616617587,0.006279736874281697,9.869596283667778e-06
478,1,0,478,0.003141591361661563,0.0019342655623038052,9.869596283666552e-06
479,1,0,479,0.003141591361661803,0.0062821088008675405,9.86959628366806e-06
480,1,0,480,0.003141591361661586,0.003884230949816714,9.869596283666696e-06
481,0,0,481,0.0031415913616617236,0.004933435710175016,9.869596283667563e-06
482,1,0,482,0.0031415913616618975,0.003459002797553956,9.869596283668653e-06
483,0,0,483,0.0031415913616619274,0.005801486789519195,9.869596283668842e-06
484,1,0,484,0.003141591361661822,0.002688845384716365,9.869596283668178e-06
485,1,0,485,0.003141591361661718,0.0020214837040408717,9.869596283667526e-06
486,1,0,486,0.0031415913616617813,0.006224647160865182,9.869596283667924e-06
487,1,0,487,0.0031415913616618316,0.001913189234423962,9.869596283668243e-06
488,1,0,488,0.0031415913616618034,0.0024005762583354517,9.869596283668063e-06
489,0,0,489,0.0031415913616615553,0.006283098216000359,9.869596283666504e-06
490,0,0,490,0.003141591361661734,0.0008996362956705806,9.86959628366763e-06
491,1,0,491,0.003141591361661843,0.003725637422238526,9.869596283668312e-06
492,0,0,492,0.0031415913616618155,0.0017938707539353338,9.869596283668141e-06
493,0,0,493,0.0031415913616616204,0.003087094741407337,9.869596283666911e-06
494,1,0,494,0.0031415913616618034,0.0005672604203523779,9.869596283668065e-06
495,1,0,495,0.003141591361661787,0.0022474611967111535,9.86959628366796e-06
496,0,0,496,0.0031415913616615163,0.0008748363791468705,9.869596283666257e-06
497,1,0,497,0.00314159136166157,0.004357067398842118,9.869596283666594e-06
498,0,0,498,0.0031415913616616034,0.005723140124022252,9.869596283666806e-06
499,0,0,499,0.003141591361661614,0.0007080382227114823,9.869596283666872e-06
500,0,0,500,0.003141591361661621,0.006201188743137798,9.869596283666916e-06
501,0,0,501,0.003141591361661878,0.006282874376213658,9.869596283668537e-06
502,1,0,502,0.0031415913616617873,0.004875726137873904,9.869596283667961e-06
503,0,0,503,0.0031415913616618047,0.0032751203008913876,9.86959628366807e-06
504,0,0,504,0.003141591361661608,0.005858577978111401,9.869596283666837e-06
505,1,0,505,0.0031415913616615007,0.0057246222245411205,9.86959628366616e-06
506,1,0,506,0.0031415913616618454,0.001167069763455597,9.86959628366833e-06
507,1,0,507,0.0031415913616616507,0.006102592616948205,9.869596283667102e-06
508,0,0,508,0.0031415913616616204,0.005225889777254578,9.869596283666913e-06
509,1,0,509,0.003141591361661584,0.005712402123114024,9.869596283666684e-06
510,1,0,510,0.003141591361661569,0.003939192805797798,9.869596283666591e-06
511,1,0,511,0.003141591361661626,0.0014610934548324739,9.86959628366695e-06
512,0,0,512,0.0031415913616617643,2.9624386380655565e-05,9.869596283667816e-06
513,1,0,513,0.0031415913616618203,0.005732491627634395,9.869596283668168e-06
514,0,0,514,0.003141591361661836,0.00625841235516407,9.869596283668268e-06
515,1,0,515,0.003141591361661873,0.0050860426160963534,9.869596283668509e-06
516,1,0,516,0.00314159136166159,0.0044377281562324455,9.869596283666723e-06
517,1,0,517,0.00314159136166179,0.0002607314885032519,9.869596283667978e-06
518,1,0,518,0.003141591361661773,0.00620677549500831,9.869596283667872e-06
519,0,0,519,0.003141591361661789,0.002008584998636209,9.869596283667977e-06
520,0,0,520,0.003141591361661809,0.00563228843775343,9.869596283668097e-06
521,1,0,521,0.003141591361661873,0.006225318915031808,9.8695962836685e-06
522,1,0,522,0.0031415913616617912,0.0055743100295758685,9.869596283667987e-06
523,1,0,523,0.0031415913616616503,0.0007196298702244475,9.869596283667108e-06
524,1,0,524,0.003141591361661575,0.0037699322837254634,9.869596283666628e-06
525,0,0,525,0.0031415913616616668,0.004499534105729341,9.869596283667202e-06
526,0,0,526,0.0031415913616619313,0.0028123133427789826,9.86959628366887e-06
527,1,0,527,0.0031415913616618238,0.005875193528442069,9.869596283668188e-06
528,1,0,528,0.0031415913616615622,0.0058505199144415765,9.869596283666549e-06
529,0,0,529,0.0031415913616618233,0.0031912259423353406,9.869596283668192e-06
530,0,0,530,0.0031415913616615857,0.001475497358429445,9.869596283666698e-06
531,0,0,531,0.0031415913616614486,0.0003897444858651511,9.869596283665832e-06
532,1,0,532,0.003141591361661653,0.006046681501602091,9.869596283667116e-06
533,0,0,533,0.0031415913616616034,0.0028310703474205834,9.869596283666806e-06
534,1,0,534,0.00314159136166181,0.0003482868965516417,9.869596283668102e-06
535,0,0,535,0.003141591361661602,0.005314706897415422,9.869596283666801e-06
536,1,0,536,0.0031415913616618064,0.0003567134607336264,9.869596283668085e-06
537,1,0,537,0.003141591361661571,0.006083159396256532,9.869596283666603e-06
538,0,0,538,0.0031415913616615787,0.006280593157492145,9.86959628366665e-06
539,0,0,539,0.0031415913616616915,0.0062308405370812,9.86959628366736e-06
540,0,0,540,0.0031415913616615458,0.005976807470158829,9.869596283666447e-06
541,1,0,541,0.0031415913616617834,0.0057241182692503445,9.869596283667936e-06
542,0,0,542,0.0031415913616618446,0.005007965676626314,9.869596283668322e-06
543,1,0,543,0.0031415913616616485,0.005804527325218745,9.869596283667092e-06
544,0,0,544,0.0031415913616617856,0.0002969710514533208,9.869596283667955e-06
545,1,0,545,0.0031415913616614764,0.005062012553839201,9.86959628366601e-06
546,0,0,546,0.003141591361661508,0.004236871737854475,9.86959628366621e-06
547,1,0,547,0.0031415913616617886,0.005765640879762279,9.869596283667973e-06
548,0,0,548,0.003141591361661879,0.0021015429487458714,9.869596283668536e-06
549,1,0,549,0.0031415913616617643,0.0062805002584925725,9.869596283667817e-06
550,0,0,550,0.0031415913616618597,0.0017655357439747554,9.869596283668417e-06
551,0,0,551,0.0031415913616618914,0.002318540402527325,9.869596283668619e-06
552,0,0,552,0.0031415913616618216,0.002967706523201441,9.869596283668175e-06
553,0,0,553,0.0031415913616617943,0.003872200529307701,9.869596283668005e-06
554,0,0,554,0.0031415913616618376,0.004993134316024217,9.869596283668278e-06
555,1,0,555,0.0031415913616617873,0.005227459431516479,9.869596283667961e-06
556,0,0,556,0.0031415913616618836,0.0015900837720992378,9.869596283668568e-06
557,1,0,557,0.0031415913616616637,0.00405674567923453,9.869596283667184e-06
558,1,0,558,0.0031415913616618606,0.00466785855668661,9.869596283668424e-06
559,0,0,559,0.003141591361661803,0.0015531167138242985,9.86959628366806e-06
560,0,0,560,0.0031415913616618506,0.0060254711581073095,9.86959628366836e-06
561,1,0,561,0.0031415913616615835,0.00580726324771208,9.869596283666682e-06
562,0,0,562,0.003141591361661825,0.0012150564568941258,9.8695962836682e-06
563,0,0,563,0.003141591361661829,0.00509667745695408,9.869596283668224e-06
564,1,0,564,0.0031415913616617817,0.002610506013866809,9.86959628366793e-06
565,1,0,565,0.003141591361661773,0.005930241607838782,9.869596283667877e-06
566,0,0,566,0.0031415913616616455,0.0048634858377665235,9.869596283667069e-06
567,0,0,567,0.0031415913616618216,0.004690122135624142,9.869596283668178e-06
568,0,0,568,0.003141591361661793,0.0057073217807446786,9.869596283667999e-06
569,0,0,569,0.0031415913616615926,0.0051281861361960335,9.86959628366674e-06
570,1,0,570,0.0031415913616615735,0.006279610838994774,9.86959628366662e-06
571,0,0,571,0.003141591361661642,0.006276672621019254,9.869596283667052e-06
572,0,0,572,0.003141591361661744,0.004836792062266282,9.869596283667689e-06
573,1,0,573,0.0031415913616616264,0.006280135749180418,9.869596283666952e-06
574,1,0,574,0.0031415913616617487,0.002036618481086272,9.869596283667719e-06
575,1,0,575,0.0031415913616617557,0.0016705554159166525,9.869596283667761e-06
576,0,0,576,0.003141591361661749,0.006070761947643444,9.869596283667723e-06
577,1,0,577,0.0031415913616618,0.00396864499873395,9.86959628366804e-06
578,1,0,578,0.0031415913616618333,0.0007256758923358531,9.86959628366825e-06
579,0,0,579,0.003141591361661596,0.005763522508054286,9.86959628366676e-06
580,0,0,580,0.0031415913616617505,0.0021212492153841467,9.869596283667733e-06
581,0,0,581,0.003141591361661782,0.006127815033530576,9.869596283667926e-06
582,0,0,582,0.0031415913616617414,0.006261646807379048,9.869596283667672e-06
583,1,0,583,0.003141591361661791,0.0030511720838559686,9.869596283667983e-06
584,0,0,584,0.0031415913616617028,0.001956986263654592,9.869596283667435e-06
585,0,0,585,0.003141591361661819,0.003927289117278798,9.869596283668161e-06
586,1,0,586,0.003141591361661762,0.002873211297510947,9.869596283667807e-06
587,1,0,587,0.0031415913616619144,0.0029801757955884023,9.869596283668761e-06
588,1,0,588,0.0031415913616618476,0.0036111116275958643,9.869596283668344e-06
589,0,0,589,0.0031415913616618,0.003341255269168064,9.869596283668041e-06
590,0,0,590,0.003141591361661746,0.005676841108773645,9.869596283667702e-06
591,0,0,591,0.0031415913616617895,0.003899876130878832,9.869596283667977e-06
592,0,0,592,0.003141591361661607,0.0061112326184045995,9.869596283666826e-06
593,1,0,593,0.003141591361661842,7.199502843158179e-05,9.869596283668305e-06
594,0,0,594,0.003141591361661807,0.0062801446181787735,9.869596283668087e-06
595,1,0,595,0.003141591361661797,0.004456523415860003,9.86959628366802e-06
596,0,0,596,0.003141591361661785,0.0062334254518132265,9.869596283667956e-06
597,0,0,597,0.003141591361661706,0.005217678232995349,9.869596283667451e-06
598,1,0,598,0.0031415913616615176,0.004277046717541255,9.869596283666267e-06
599,0,0,599,0.0031415913616615397,0.0019204878158338712,9.869596283666406e-06
600,1,0,600,0.0031415913616618255,0.0015943285641273341,9.869596283668202e-06
601,0,0,601,0.003141591361661574,0.0011596946755350057,9.869596283666615e-06
602,1,0,602,0.003141591361661823,0.00037132375766668613,9.869596283668185e-06
603,0,0,603,0.003141591361661842,0.001282711110741186,9.8695962836683e-06
604,1,0,604,0.003141591361661606,0.0004238163134679951,9.869596283666823e-06
605,1,0,605,0.0031415913616617847,0.00524294260810132,9.869596283667948e-06
606,0,0,606,0.003141591361661904,0.003372663011482868,9.869596283668692e-06
607,1,0,607,0.003141591361661808,0.003811651843855346,9.869596283668092e-06
608,1,0,608,0.0031415913616616533,0.006192733971778858,9.869596283667121e-06
609,0,0,609,0.003141591361661791,0.0024896882232752215,9.869596283667982e-06
610,0,0,610,0.0031415913616617856,0.005707872569733263,9.869596283667951e-06
611,0,0,611,0.003141591361661613,0.00546868903270914,9.869596283666864e-06
612,0,0,612,0.003141591361661676,0.006222073335762496,9.869596283667258e-06
613,1,0,613,0.0031415913616618402,0.004901818847842576,9.8695962836683e-06
614,0,0,614,0.003141591361661802,0.001081492476851742,9.869596283668056e-06
615,0,0,615,0.0031415913616617977,0.006281032820465909,9.869596283668029e-06
616,1,0,616,0.0031415913616618016,0.003846821495158692,9.869596283668051e-06
617,1,0,617,0.003141591361661823,0.004897633167993298,9.869596283668185e-06
618,1,0,618,0.0031415913616618485,0.0014751829442819497,9.869596283668344e-06
619,0,0,619,0.0031415913616615254,0.002956075104091127,9.869596283666315e-06
620,0,0,620,0.0031415913616618632,0.0018210621226038004,9.86959628366844e-06
621,0,0,621,0.00314159136166168,0.004933255304374273,9.869596283667292e-06
622,0,0,622,0.003141591361661608,0.0012310938450549314,9.869596283666838e-06
623,1,0,623,0.003141591361661584,0.0062818133820438556,9.869596283666686e-06
624,0,0,624,0.0031415913616617648,0.0042887733184868715,9.86959628366782e-06
625,0,0,625,0.003141591361661775,0.0036067156422063817,9.869596283667885e-06
626,0,0,626,0.003141591361661704,0.0037391548602485614,9.869596283667436e-06
627,1,0,627,0.0031415913616616737,0.005201832338977086,9.86959628366725e-06
628,0,0,628,0.003141591361661802,0.0008175098371273615,9.869596283668055e-06
629,1,0,629,0.003141591361661791,0.006267738264273848,9.869596283667985e-06
630,0,0,630,0.003141591361661618,0.003758979573231791,9.869596283666898e-06
631,1,0,631,0.003141591361661867,0.003979302579521282,9.869596283668468e-06
632,0,0,632,0.0031415913616615588,0.004310151770847259,9.869596283666525e-06
633,0,0,633,0.0031415913616618034,0.0019161080709138023,9.869596283668065e-06
634,1,0,634,0.0031415913616618437,0.0030080857139545003,9.869596283668315e-06
635,0,0,635,0.003141591361661809,0.006261572844032046,9.869596283668099e-06
636,1,0,636,0.003141591361661586,0.00099712802283769,9.869596283666698e-06
637,1,0,637,0.003141591361661849,0.004259849578762243,9.869596283668351e-06
638,1,0,638,0.0031415913616615987,0.004199723639410902,9.869596283666772e-06
639,1,0,639,0.003141591361661528,0.004616655791764845,9.869596283666333e-06
640,1,0,640,0.0031415913616618155,0.005419265148404628,9.869596283668138e-06
641,1,0,641,0.003141591361661662,0.0005015050360041018,9.869596283667179e-06
642,0,0,642,0.0031415913616616104,0.004296686244967374,9.869596283666848e-06
643,0,0,643,0.003141591361661568,0.001897920382037288,9.869596283666584e-06
644,0,0,644,0.0031415913616616095,0.004470482162567402,9.869596283666843e-06
645,1,0,645,0.0031415913616617765,0.005450464208949457,9.869596283667895e-06
646,1,0,646,0.003141591361661793,0.005232401643234463,9.869596283667995e-06
647,0,0,647,0.003141591361661643,0.0048920437579828,9.869596283667055e-06
648,0,0,648,0.0031415913616615965,0.004215312569101015,9.869596283666765e-06
649,1,0,649,0.0031415913616617817,0.006160614625679017,9.869596283667927e-06
650,0,0,650,0.0031415913616618797,0.0062221820057122845,9.869596283668542e-06
651,0,0,651,0.0031415913616615995,0.0014541452885132866,9.869596283666777e-06
652,1,0,652,0.003141591361661843,0.00040078562959056097,9.869596283668314e-06
653,0,0,653,0.003141591361661851,0.00402192489858455,9.86959628366836e-06
654,1,0,654,0.0031415913616616884,0.005069051328212559,9.869596283667343e-06
655,1,0,655,0.003141591361661838,0.0011441707589215921,9.86959628366828e-06
656,1,0,656,0.0031415913616617283,0.005233001267329618,9.869596283667592e-06
657,0,0,657,0.0031415913616618966,0.004779156196704104,9.869596283668651e-06
658,1,0,658,0.003141591361661824,0.003817484646458702,9.869596283668195e-06
659,1,0,659,0.0031415913616618194,0.006182205534896457,9.869596283668168e-06
660,0,0,660,0.003141591361661806,0.00281265072376069,9.86959628366808e-06
661,0,0,661,0.0031415913616616876,0.006283112013981223,9.869596283667336e-06
662,0,0,662,0.003141591361661827,0.0060990132569148925,9.86959628366821e-06
663,0,0,663,0.0031415913616616754,0.00580184766101044,9.869596283667262e-06
664,1,0,664,0.003141591361661848,0.003514912367607148,9.86959628366834e-06
665,1,0,665,0.0031415913616618485,0.004057310416801019,9.869596283668346e-06
666,0,0,666,0.003141591361661807,0.0022251011853804403,9.869596283668085e-06
667,0,0,667,0.003141591361661879,0.002214075598529708,9.869596283668534e-06
668,0,0,668,0.0031415913616616976,0.005191107621666857,9.869596283667396e-06
669,1,0,669,0.0031415913616618823,0.0047828862828827035,9.86959628366856e-06
670,1,0,670,0.003141591361661558,0.005194953366299382,9.86959628366652e-06
671,0,0,671,0.0031415913616618073,0.004634032472597083,9.86959628366809e-06
672,1,0,672,0.003141591361661611,0.0011252921037151475,9.869596283666852e-06
673,0,0,673,0.0031415913616616026,0.005951478972339164,9.869596283666803e-06
674,0,0,674,0.0031415913616616663,0.0016135914415665864,9.869596283667202e-06
675,1,0,675,0.0031415913616618255,0.0023529774082418076,9.869596283668209e-06
676,0,0,676,0.0031415913616617925,0.0054766663531888304,9.869596283667997e-06
677,0,0,677,0.0031415913616618476,0.00437782080371607,9.869596283668343e-06
678,1,0,678,0.0031415913616617587,0.005970679671703283,9.869596283667784e-06
679,1,0,679,0.0031415913616617036,0.005570992223944027,9.869596283667436e-06
680,1,0,680,0.003141591361661794,0.0005783088467623543,9.869596283668005e-06
681,0,0,681,0.0031415913616618207,0.002051065149474174,9.869596283668173e-06
682,1,0,682,0.0031415913616618,0.0017314518127342637,9.869596283668041e-06
683,1,0,683,0.003141591361661755,0.005911419055568468,9.869596283667756e-06
684,0,0,684,0.0031415913616618094,0.00626057964009534,9.869596283668104e-06
685,0,0,685,0.003141591361661674,0.002197548984579689,9.869596283667252e-06
686,1,0,686,0.0031415913616615974,0.006232522689857384,9.86959628366677e-06
687,0,0,687,0.003141591361661859,0.0020615145150820746,9.869596283668415e-06
688,0,0,688,0.003141591361661637,0.0037541157737256414,9.86959628366702e-06
689,1,0,689,0.0031415913616617526,0.0008574852364713337,9.869596283667746e-06
690,1,0,690,0.003141591361661801,0.00042018379003228024,9.86959628366805e-06
691,0,0,691,0.003141591361661847,0.0019731013072733505,9.869596283668343e-06
692,1,0,692,0.0031415913616618892,0.0061463566959572835,9.869596283668603e-06
693,0,0,693,0.003141591361661867,0.0033990278956925746,9.869596283668461e-06
694,1,0,694,0.003141591361661878,0.004406483016480833,9.86959628366853e-06
695,0,0,695,0.003141591361661876,0.003668611010161249,9.869596283668514e-06
696,0,0,696,0.0031415913616618203,0.005137002540387736,9.869596283668166e-06
697,0,0,697,0.0031415913616618025,0.003630783588000508,9.869596283668058e-06
698,0,0,698,0.003141591361661794,0.0037040770443986792,9.869596283668002e-06
699,0,0,699,0.0031415913616618255,0.004900640002873491,9.869596283668204e-06
700,1,0,700,0.0031415913616618524,0.003573840398046535,9.869596283668371e-06
701,1,0,701,0.003141591361661821,0.005276052229671757,9.869596283668178e-06
702,0,0,702,0.0031415913616615453,0.0061586502896952,9.869596283666443e-06
703,1,0,703,0.00314159136166171,0.00468551831528774,9.869596283667475e-06
704,1,0,704,0.003141591361661718,0.0011789822439023379,9.869596283667533e-06
705,1,0,705,0.003141591361661768,0.0015288366749699467,9.869596283667836e-06
706,0,0,706,0.0031415913616618303,0.00143241745260958,9.869596283668229e-06
707,1,0,707,0.003141591361661849,0.0006484873016753268,9.869596283668346e-06
708,0,0,708,0.003141591361661629,0.004897190532252793,9.869596283666965e-06
709,1,0,709,0.0031415913616616668,0.0026091897984072965,9.869596283667208e-06
710,1,0,710,0.003141591361661882,0.006260067665039518,9.869596283668556e-06
711,0,0,711,0.0031415913616618706,0.006143591871928922,9.869596283668481e-06
712,0,0,712,0.0031415913616617253,0.005528342045601431,9.869596283667573e-06
713,1,0,713,0.0031415913616618133,0.005437527698318068,9.869596283668124e-06
714,1,0,714,0.0031415913616616394,0.00517308094075819,9.869596283667033e-06
715,1,0,715,0.0031415913616617743,0.006187897998408465,9.869596283667883e-06
716,0,0,716,0.0031415913616616113,0.004242120841966179,9.869596283666862e-06
717,0,0,717,0.003141591361661802,0.005070277467893347,9.869596283668055e-06
718,0,0,718,0.0031415913616617756,0.0016085708011459587,9.869596283667885e-06
719,1,0,719,0.0031415913616617466,0.00577774216171284,9.869596283667706e-06
720,1,0,720,0.0031415913616618437,0.0010214868037004,9.86959628366832e-06
721,0,0,721,0.0031415913616617947,0.0014548241747927015,9.869596283668005e-06
722,1,0,722,0.0031415913616617856,0.0060610834693081705,9.869596283667953e-06
723,0,0,723,0.0031415913616617275,0.005155182000869285,9.869596283667587e-06
724,1,0,724,0.0031415913616617787,0.0055229044809637085,9.869596283667905e-06
725,0,0,725,0.0031415913616614837,0.002669799928957106,9.86959628366605e-06
726,0,0,726,0.003141591361661801,0.0020213715655057474,9.869596283668048e-06
727,0,0,727,0.0031415913616615904,0.0048825202868496564,9.869596283666725e-06
728,1,0,728,0.0031415913616618125,0.0005324591883419938,9.86959628366812e-06
729,0,0,729,0.0031415913616617765,0.001102582518673012,9.869596283667895e-06
730,1,0,730,0.0031415913616618394,0.004051083142974421,9.869596283668287e-06
731,0,0,731,0.003141591361661581,0.002517925434532775,9.869596283666667e-06
732,0,0,732,0.003141591361661851,0.005456837316324514,9.869596283668363e-06
733,0,0,733,0.0031415913616616845,0.0049391816436531455,9.869596283667313e-06
734,0,0,734,0.0031415913616619174,0.0046170446549961275,9.86959628366878e-06
735,1,0,735,0.0031415913616615588,0.0012400347495136188,9.869596283666527e-06
736,0,0,736,0.0031415913616615753,0.002018270190062177,9.869596283666632e-06
737,1,0,737,0.003141591361661709,0.005479023027105734,9.869596283667472e-06
738,1,0,738,0.003141591361661601,0.006087423336300274,9.869596283666792e-06
739,0,0,739,0.0031415913616617383,0.0036477400038175123,9.869596283667655e-06
740,0,0,740,0.0031415913616618025,0.006201609965327259,9.86959628366806e-06
741,1,0,741,0.003141591361661635,0.0020323240337366544,9.869596283667008e-06
742,0,0,742,0.003141591361661804,0.004918516479844981,9.869596283668063e-06
743,1,0,743,0.0031415913616617665,0.006258178525589464,9.869596283667833e-06
744,1,0,744,0.0031415913616618133,0.00600723208462467,9.869596283668124e-06
745,0,0,745,0.003141591361661817,0.0008513815741398867,9.869596283668148e-06
746,0,0,746,0.0031415913616617895,0.000746783025845188,9.869596283667977e-06
747,1,0,747,0.0031415913616616394,0.001950948455651802,9.869596283667038e-06
748,0,0,748,0.003141591361661833,0.005852436573164921,9.869596283668254e-06
749,0,0,749,0.003141591361661745,0.0062138208867072164,9.869596283667695e-06
750,0,0,750,0.003141591361661693,0.00565677025050576,9.86959628366737e-06
751,1,0,751,0.003141591361661829,0.0005409400252562868,9.869596283668222e-06
752,0,0,752,0.0031415913616619036,0.0016602856091070262,9.869596283668693e-06
753,1,0,753,0.003141591361661868,0.0035602383825692474,9.869596283668468e-06
754,0,0,754,0.0031415913616618368,0.0016442125737937685,9.869596283668276e-06
755,0,0,755,0.00314159136166157,0.0029331337117689538,9.8695962836666e-06
756,1,0,756,0.0031415913616615722,0.0031199378311640436,9.869596283666611e-06
757,0,0,757,0.00314159136166157,0.005407248056484515,9.869596283666598e-06
758,0,0,758,0.003141591361661874,0.006270827310395542,9.869596283668509e-06
759,1,0,759,0.0031415913616617405,0.005021492184737575,9.869596283667667e-06
760,0,0,760,0.0031415913616615844,0.001833909122676225,9.869596283666686e-06
761,0,0,761,0.003141591361661785,0.0016949057530133427,9.86959628366795e-06
762,1,0,762,0.0031415913616615588,0.0062777690348338674,9.869596283666523e-06
763,0,0,763,0.003141591361661532,0.00625046962497755,9.869596283666357e-06
764,0,0,764,0.003141591361661869,0.0011516811656528958,9.869596283668475e-06
765,1,0,765,0.003141591361661567,0.006256831672807425,9.86959628366658e-06
766,0,0,766,0.0031415913616618,0.005240046868631998,9.869596283668043e-06
767,1,0,767,0.0031415913616617036,0.0025784220717862683,9.869596283667438e-06
768,0,0,768,0.003141591361661767,0.006255152344242607,9.869596283667834e-06
769,0,0,769,0.0031415913616615284,0.006122903232590765,9.869596283666333e-06
770,1,0,770,0.0031415913616615453,0.005456665683454043,9.86959628366644e-06
771,1,0,771,0.0031415913616614647,0.0021725397337142294,9.86959628366593e-06
772,1,0,772,0.003141591361661867,0.004177998840728003,9.869596283668465e-06
773,1,0,773,1.9999975325994073,2.8721081151259913,9.869596283668066e-06
774,0,0,774,0.003141591361661779,0.0005214609721666541,9.869596283667909e-06
775,1,0,775,0.003141591361661755,0.00624715088404397,9.869596283667765e-06
776,1,0,776,0.0031415913616618524,0.0012847769675637943,9.86959628366837e-06
777,1,0,777,0.003141591361661816,0.004696100914262091,9.86959628366814e-06
778,1,0,778,0.003141591361661794,0.0062356706957164415,9.869596283668004e-06
779,1,0,779,0.00314159136166178,0.0038716747646382332,9.86959628366792e-06
780,1,0,780,0.00314159136166194,0.001578075707155846,9.869596283668922e-06
781,0,0,781,0.0031415913616617626,0.006175466723048723,9.869596283667806e-06
782,1,0,782,0.003141591361661755,0.006258343005434194,9.869596283667758e-06
783,0,0,783,0.0031415913616615427,0.006025750010948683,9.86959628366643e-06
784,1,0,784,0.0031415913616616897,0.0017649857687922488,9.869596283667353e-06
785,1,0,785,0.003141591361661612,0.006154191832260375,9.869596283666855e-06
786,1,0,786,0.00314159136166177,0.0044329492415449145,9.86959628366785e-06
787,0,0,787,0.0031415913616615605,0.003464312886003462,9.869596283666537e-06
788,0,0,788,0.0031415913616618476,0.0045759620965794,9.869596283668341e-06
789,0,0,789,0.0031415913616617986,0.0039430451187264515,9.869596283668034e-06
790,1,0,790,0.003141591361661863,0.006124461004777898,9.869596283668437e-06
791,0,0,791,0.003141591361661581,0.005820362912416777,9.869596283666664e-06
792,0,0,792,0.0031415913616618073,0.006128652654118855,9.869596283668083e-06
793,0,0,793,0.0031415913616618003,0.0016060117657974438,9.869596283668044e-06
794,0,0,794,0.003141591361661763,0.006283177380312753,9.86959628366781e-06
795,1,0,795,0.003141591361661613,0.00442887226630051,9.869596283666867e-06
796,0,0,796,0.0031415913616618194,0.005788177209743395,9.869596283668163e-06
797,1,0,797,0.0031415913616617904,0.001813826585025824,9.869596283667973e-06
798,1,0,798,0.0031415913616618936,0.006138715272128947,9.869596283668632e-06
799,1,0,799,0.0031415913616618493,0.0061571043503867995,9.86959628366835e-06
800,1,0,800,0.0031415913616618905,0.004537423634997095,9.869596283668609e-06
801,1,0,801,0.003141591361661807,0.006264472624041187,9.869596283668087e-06
802,1,0,802,0.0031415913616618103,0.0012418324979194262,9.869596283668105e-06
803,1,0,803,0.003141591361661671,0.005043242294984984,9.869596283667231e-06
804,1,0,804,0.003141591361661856,0.0010986867996278793,9.869596283668395e-06
805,1,0,805,0.0031415913616616143,0.006276791559993222,9.869596283666875e-06
806,0,0,806,0.0031415913616616134,0.0017268206806135833,9.869596283666869e-06
807,1,0,807,0.0031415913616616525,0.004581142744009559,9.869596283667116e-06
808,0,0,808,0.0031415913616615293,0.005330252707703931,9.86959628366634e-06
809,1,0,809,0.003141591361661456,0.005124081704804606,9.869596283665881e-06
810,0,0,810,0.0031415913616617878,0.0012754929683288507,9.869596283667961e-06
811,0,0,811,0.0031415913616619114,0.0032655810718019707,9.86959628366874e-06
812,0,0,812,0.003141591361661883,0.0055163577241125195,9.869596283668561e-06
813,0,0,813,0.003141591361661848,0.00308439600925392,9.86959628366834e-06
814,0,0,814,0.003141591361661752,0.005994705168178016,9.869596283667746e-06
815,0,0,815,0.0031415913616615093,0.005389310879684195,9.869596283666215e-06
816,1,0,816,0.0031415913616615982,0.002721277127855415,9.869596283666777e-06
817,1,0,817,0.0031415913616615635,0.006283182310963854,9.869596283666559e-06
818,1,0,818,0.003141591361661802,0.005838554347329494,9.869596283668055e-06
819,1,0,819,0.003141591361661592,0.004744191326789493,9.869596283666733e-06
820,1,0,820,0.0031415913616616,0.006078145446297423,9.869596283666786e-06
821,1,0,821,0.0031415913616616026,0.0058634165827620155,9.869596283666803e-06
822,0,0,822,0.003141591361661811,0.006253517229556402,9.86959628366811e-06
823,1,0,823,0.0031415913616617214,0.004615381764510484,9.869596283667548e-06
824,1,0,824,0.0031415913616617713,0.001926125125611522,9.869596283667861e-06
825,0,0,825,0.003141591361661594,0.0059373966419359325,9.869596283666754e-06
826,1,0,826,0.0031415913616618754,0.0024035434828080238,9.869596283668517e-06
827,1,0,827,0.00314159136166162,0.006172405527466729,9.869596283666913e-06
828,1,0,828,0.0031415913616618875,0.004671168920314606,9.869596283668588e-06
829,1,0,829,0.003141591361661676,0.005765275339435938,9.869596283667262e-06
830,1,0,830,0.0031415913616617956,0.001889506034818078,9.869596283668016e-06
831,1,0,831,0.0031415913616618034,0.006246071654490551,9.869596283668065e-06
832,0,0,832,0.003141591361661625,0.005786606013000795,9.869596283666943e-06
833,0,0,833,0.003141591361661562,0.004202180001881661,9.869596283666549e-06
834,0,0,834,0.003141591361661923,0.0033502808002875417,9.869596283668815e-06
835,0,0,835,0.003141591361661867,0.004834690952333798,9.869596283668466e-06
836,1,0,836,0.003141591361661791,0.002074274635631701,9.869596283667983e-06
837,1,0,837,0.0031415913616617947,0.005994802840859459,9.869596283668007e-06
838,0,0,838,0.003141591361661817,0.004401384334974279,9.869596283668146e-06
839,1,0,839,0.003141591361661776,0.005882208744742823,9.869596283667887e-06
840,1,0,840,0.0031415913616615657,0.006282388299230116,9.86959628366657e-06
841,0,0,841,0.0031415913616616086,0.0008029900198126549,9.869596283666842e-06
842,1,0,842,0.0031415913616619105,0.005654433727562469,9.869596283668737e-06
843,1,0,843,0.00314159136166182,0.005387819913412306,9.869596283668165e-06
844,0,0,844,0.0031415913616617795,0.002056393356071995,9.869596283667917e-06
845,1,0,845,0.0031415913616615896,0.004141852145225111,9.869596283666723e-06
846,1,0,846,0.0031415913616615674,0.005001484498506015,9.86959628366658e-06
847,1,0,847,0.0031415913616615982,0.0028347126431559344,9.869596283666776e-06
848,1,0,848,0.0031415913616618346,0.00602458996235905,9.869596283668261e-06
849,0,0,849,0.0031415913616618806,0.0033489494738189185,9.869596283668546e-06
850,1,0,850,0.0031415913616618697,0.0038106611947653635,9.869596283668478e-06
851,0,0,851,0.003141591361661908,0.004117092739161166,9.86959628366872e-06
852,0,0,852,0.0031415913616615887,0.006083157248924442,9.869596283666713e-06
853,1,0,853,0.003141591361661826,0.0058903393107404,9.869596283668205e-06
854,1,0,854,0.003141591361661543,0.005236859118982751,9.86959628366643e-06
855,1,0,855,0.0031415913616618064,0.005840426677131472,9.869596283668082e-06
856,1,0,856,0.003141591361661787,0.005362675680526174,9.869596283667958e-06
857,0,0,857,0.003141591361661814,0.0002544572172227255,9.869596283668129e-06
858,1,0,858,0.0031415913616615727,0.0011752031248610795,9.869596283666615e-06
859,1,0,859,0.003141591361661848,0.002679512528116823,9.869596283668341e-06
860,1,0,860,0.003141591361661797,0.002598886951975521,9.869596283668026e-06
861,1,0,861,0.003141591361661545,0.001163101272780409,9.869596283666433e-06
862,1,0,862,0.003141591361661892,0.005567345722449213,9.86959628366862e-06
863,1,0,863,0.003141591361661582,0.0013608562495489585,9.869596283666676e-06
864,1,0,864,0.003141591361661803,0.002663890863039642,9.869596283668063e-06
865,0,0,865,0.003141591361661592,0.005727058887437686,9.869596283666735e-06
866,1,0,866,0.003141591361661837,0.002835392329999409,9.869596283668276e-06
867,1,0,867,0.003141591361661765,0.0014953848716867668,9.869596283667822e-06
868,0,0,868,0.0031415913616618255,0.00406057790148362,9.869596283668204e-06
869,0,0,869,0.0031415913616616577,0.0027118848580215404,9.869596283667147e-06
870,1,0,870,0.003141591361661731,0.006116616885349896,9.869596283667604e-06
871,1,0,871,0.0031415913616617296,0.006183941536771237,9.869596283667599e-06
872,1,0,872,0.0031415913616618723,0.005086997851071362,9.869596283668497e-06
873,0,0,873,0.0031415913616618407,0.0061363228961564265,9.869596283668298e-06
874,0,0,874,0.0031415913616616676,0.0040327742442357595,9.869596283667214e-06
875,0,0,875,0.0031415913616616923,0.005214312164533386,9.869596283667368e-06
876,0,0,876,0.0031415913616617296,0.00021807910546600695,9.869596283667597e-06
877,1,0,877,0.003141591361661745,0.0062683823838469155,9.869596283667699e-06
878,1,0,878,0.0031415913616617865,0.0056817443638735865,9.869596283667956e-06
879,0,0,879,0.0031415913616618797,0.0034190869025073622,9.869596283668544e-06
880,0,0,880,0.003141591361661676,0.005865971028735983,9.869596283667265e-06
881,1,0,881,0.003141591361661771,0.002550872363583645,9.86959628366786e-06
882,0,0,882,0.003141591361661781,0.0009626222900811499,9.869596283667922e-06
883,0,0,883,0.00314159136166183,0.0019112032481810592,9.86959628366823e-06
884,1,0,884,0.0031415913616618064,0.003142365393765889,9.869596283668083e-06
885,1,0,885,0.0031415913616618324,0.0011541913523877012,9.869596283668246e-06
886,0,0,886,0.0031415913616619274,0.006166928805486971,9.869596283668842e-06
887,0,0,887,0.0031415913616616065,0.00246744557713785,9.869596283666825e-06
888,1,0,888,0.0031415913616617817,0.000121129379798246,9.869596283667927e-06
889,0,0,889,0.003141591361661783,0.006282573724383537,9.869596283667934e-06
890,1,0,890,0.003141591361661564,0.006055961771449847,9.869596283666557e-06
891,0,0,891,0.00314159136166175,0.004473663908979075,9.869596283667728e-06
892,1,0,892,0.003141591361661934,0.003274788142399343,9.869596283668886e-06
893,0,0,893,0.0031415913616617192,0.004203580203731683,9.869596283667536e-06
894,1,0,894,0.0031415913616617743,0.003599478142592316,9.869596283667882e-06
895,0,0,895,0.0031415913616618563,0.0062782585595523785,9.869596283668398e-06
896,1,0,896,0.0031415913616618632,0.0032745125702011713,9.86959628366844e-06
897,0,0,897,0.003141591361661806,0.0019553583024953802,9.86959628366808e-06
898,1,0,898,0.003141591361661867,0.0034039652925158537,9.869596283668465e-06
899,0,0,899,0.0031415913616618845,0.00035461562834504523,9.869596283668571e-06
900,1,0,900,0.0031415913616618554,0.0013251178967617072,9.869596283668385e-06
901,0,0,901,0.0031415913616618897,0.0003851113674261386,9.869596283668605e-06
902,1,0,902,0.003141591361661796,0.0036471742288426423,9.869596283668017e-06
903,0,0,903,0.0031415913616618333,0.003025056465057352,9.869596283668253e-06
904,1,0,904,0.0031415913616617743,0.006014353335173639,9.86959628366788e-06
905,1,0,905,0.0031415913616618363,0.006085910057396393,9.86959628366827e-06
906,1,0,906,0.0031415913616618277,0.0024150597361406456,9.86959628366822e-06
907,1,0,907,0.0031415913616618454,0.005808345585623487,9.869596283668329e-06
908,0,0,908,0.003141591361661645,0.0053803174753565,9.869596283667067e-06
909,1,0,909,0.0031415913616618493,0.004673694951892848,9.869596283668354e-06
910,0,0,910,0.0031415913616615445,0.0062712480924063466,9.869596283666435e-06
911,0,0,911,0.00314159136166175,0.005506857137666521,9.86959628366773e-06
912,0,0,912,0.003141591361661767,0.006282957707081997,9.869596283667834e-06
913,1,0,913,0.0031415913616615683,0.00501011377169891,9.86959628366659e-06
914,0,0,914,0.003141591361661658,0.005165885092214828,9.86959628366715e-06
915,1,0,915,0.0031415913616617643,0.0050304188706472575,9.869596283667817e-06
916,1,0,916,0.003141591361661833,0.000902487708836941,9.86959628366825e-06
917,0,0,917,0.0031415913616618094,0.001477105592617045,9.869596283668097e-06
918,0,0,918,0.003141591361661939,0.0051535424502134886,9.869596283668913e-06
919,1,0,919,0.003141591361661621,0.002316224201885264,9.869596283666913e-06
920,0,0,920,0.0031415913616618524,0.0062495865194689,9.869596283668373e-06
921,0,0,921,0.0031415913616615067,0.006186595100782316,9.8695962836662e-06
922,1,0,922,0.0031415913616617296,0.006245702992911828,9.8695962836676e-06
923,0,0,923,0.0031415913616618923,0.0016457580533282279,9.869596283668625e-06
924,0,0,924,0.003141591361661785,0.003908231999549927,9.869596283667948e-06
925,1,0,925,0.003141591361661717,0.0051720015021705645,9.86959628366752e-06
926,1,0,926,0.0031415913616616546,0.005375661240676788,9.869596283667128e-06
927,0,0,927,0.0031415913616616607,0.004033342457369304,9.869596283667163e-06
928,0,0,928,0.0031415913616616646,0.005678090017006365,9.86959628366719e-06
929,1,0,929,0.0031415913616617587,0.005159420796451597,9.869596283667784e-06
930,0,0,930,0.0031415913616616494,0.002368964072016033,9.869596283667094e-06
931,0,0,931,0.0031415913616617166,0.004579682646927208,9.86959628366752e-06
932,1,0,932,0.003141591361661796,0.006274595585894237,9.869596283668019e-06
933,0,0,933,0.0031415913616616095,0.006022440187892553,9.869596283666845e-06
934,1,0,934,0.0031415913616618567,0.005047413334610784,9.869596283668397e-06
935,0,0,935,0.0031415913616618454,0.002622288145962881,9.869596283668327e-06
936,0,0,936,0.003141591361661884,0.0043638724069174906,9.869596283668573e-06
937,0,0,937,0.0031415913616618,0.00617537392064596,9.869596283668041e-06
938,0,0,938,0.003141591361661658,0.005558858702974068,9.869596283667155e-06
939,0,0,939,0.0031415913616615622,0.006247952204770438,9.869596283666555e-06
940,0,0,940,0.003141591361661581,0.005796548975880833,9.869596283666669e-06
941,1,0,941,0.0031415913616617795,0.002744596046081904,9.869596283667916e-06
942,0,0,942,0.0031415913616618637,0.00298843285548267,9.869596283668439e-06
943,1,0,943,0.0031415913616617813,0.006224387716437185,9.869596283667926e-06
944,0,0,944,0.0031415913616616503,0.005777150968116873,9.8695962836671e-06
945,1,0,945,0.0031415913616617782,0.00408031756116134,9.869596283667905e-06
946,1,0,946,0.0031415913616618394,0.0021675448277916898,9.86959628366829e-06
947,0,0,947,0.0031415913616618606,0.006020084410755633,9.869596283668422e-06
948,0,0,948,0.0031415913616616997,0.00612934115431607,9.86959628366741e-06
949,1,0,949,0.0031415913616615943,0.005833712118815448,9.86959628366675e-06
950,0,0,950,0.0031415913616615818,0.003221379681494052,9.86959628366667e-06
951,1,0,951,0.003141591361661603,0.0025679887718891292,9.869596283666804e-06
952,0,0,952,0.0031415913616617613,0.001045123663443448,9.869596283667799e-06
953,1,0,953,0.0031415913616618563,0.0057081975491311,9.869596283668397e-06
954,1,0,954,0.003141591361661858,0.004377202043388317,9.869596283668404e-06
955,1,0,955,0.003141591361661805,0.005980661942639298,9.869596283668073e-06
956,0,0,956,0.003141591361661845,0.000503520900881127,9.86959628366833e-06
957,0,0,957,0.0031415913616618125,0.0018941347749553694,9.86959628366812e-06
958,0,0,958,0.0031415913616618133,0.0021746245825506882,9.869596283668122e-06
959,0,0,959,0.003141591361661552,0.005909049336406014,9.869596283666484e-06
960,1,0,960,0.0031415913616615553,0.0011874328991337002,9.869596283666501e-06
961,1,0,961,0.0031415913616617656,0.005839240230053555,9.869596283667824e-06
962,1,0,962,0.0031415913616618385,0.006043362308604583,9.869596283668282e-06
963,1,0,963,0.00314159136166186,0.004702511406583398,9.869596283668424e-06
964,1,0,964,0.0031415913616616945,0.00322117585484194,9.86959628366738e-06
965,1,0,965,0.0031415913616618394,0.0008808063764246254,9.869596283668293e-06
966,1,0,966,0.0031415913616616334,0.000688175837082805,9.869596283666992e-06
967,1,0,967,0.0031415913616618324,0.004262440986846139,9.869596283668248e-06
968,1,0,968,0.003141591361661557,0.002421067384542397,9.869596283666516e-06
969,1,0,969,0.003141591361661844,0.004784563342104531,9.86959628366832e-06
970,1,0,970,0.0031415913616618806,0.003389849991849103,9.869596283668553e-06
971,1,0,971,0.0031415913616614816,0.00047505297703276383,9.869596283666037e-06
972,0,0,972,0.003141591361661844,0.0006254504041151021,9.86959628366832e-06
973,0,0,973,0.003141591361661714,0.002486430213455959,9.869596283667499e-06
974,1,0,974,0.003141591361661801,0.0010549657328349227,9.869596283668051e-06
975,1,0,975,0.003141591361661598,0.0002231857584589214,9.869596283666769e-06
976,0,0,976,0.0031415913616617995,0.0003478539343113596,9.86959628366804e-06
977,1,0,977,0.0031415913616619036,0.006152016546484895,9.869596283668695e-06
978,0,0,978,0.0031415913616616143,0.003814888930363858,9.869596283666874e-06
979,1,0,979,0.0031415913616615206,0.006023840320444673,9.869596283666288e-06
980,1,0,980,0.0031415913616618103,0.0012403282506067148,9.869596283668105e-06
981,0,0,981,0.0031415913616618767,0.006266124093247907,9.869596283668527e-06
982,0,0,982,0.0031415913616615987,0.0009048651266774232,9.869596283666779e-06
983,1,0,983,0.003141591361661619,0.006185600699829624,9.869596283666904e-06
984,0,0,984,0.0031415913616617947,0.004929649907435385,9.869596283668009e-06
985,1,0,985,0.0031415913616618463,0.005332317324053815,9.869596283668334e-06
986,0,0,986,0.00314159136166177,0.005673736606591373,9.869596283667853e-06
987,1,0,987,0.003141591361661774,0.006007042344024605,9.86959628366788e-06
988,1,0,988,0.003141591361661838,0.005573341456928449,9.869596283668282e-06
989,1,0,989,0.0031415913616617505,0.004468815598999809,9.86959628366773e-06
990,1,0,990,0.0031415913616617375,0.005239067017433152,9.869596283667648e-06
991,1,0,991,0.0031415913616615913,0.004895775054154727,9.869596283666733e-06
992,1,0,992,0.0031415913616616126,0.006124762579985815,9.869596283666865e-06
993,0,0,993,0.003141591361661618,0.005847218586281455,9.8695962836669e-06
994,0,0,994,0.003141591361661734,0.0008541459179400857,9.86959628366763e-06
995,1,0,995,0.003141591361661762,0.006229828625736844,9.869596283667804e-06
996,0,0,996,0.0031415913616615813,3.3131212254122744e-05,9.869596283666677e-06
997,1,0,997,0.003141591361661766,0.0026351428129256504,9.86959628366783e-06
998,0,0,998,0.0031415913616617565,0.005711967423408071,9.86959628366777e-06
999,1,0,999,0.003141591361661775,0.0010341081472255986,9.869596283667889e-06
