,Layer,Qubit,Run,2-Norm,Trace Norm,Diamond Norm
0,1,0,0,0.015707801777422585,0.00681366560090102,0.0002467350366788
1,0,0,1,0.01570780177742251,0.026668778917209313,0.0002467350366787978
2,1,0,2,0.01570780177742255,0.022249094405064396,0.00024673503667879904
3,0,0,3,0.015707801777422727,0.03110251344939019,0.00024673503667880457
4,1,0,4,1.9999383152895795,0.49444739033810625,0.00024673503667880733
5,0,0,5,0.015707801777422616,0.022235379870831906,0.00024673503667880104
6,0,0,6,0.015707801777422564,0.03137337588406708,0.0002467350366787995
7,1,0,7,0.015707801777422523,0.021149777714280393,0.0002467350366787981
8,0,0,8,0.015707801777422665,0.018582054270017023,0.0002467350366788026
9,1,0,9,0.015707801777422627,0.016127861271383992,0.00024673503667880137
10,0,0,10,0.01570780177742257,0.0014944240962049271,0.0002467350366787997
11,0,0,11,1.9999383152895798,2.914715725754018,0.0002467350366788135
12,1,0,12,0.01570780177742257,0.031387110301375754,0.0002467350366787996
13,0,0,13,0.015707801777422554,0.005714685143882736,0.0002467350366787991
14,0,0,14,0.015707801777422575,0.023910995626416964,0.00024673503667879985
15,1,0,15,0.01570780177742262,0.02986059639344807,0.0002467350366788012
16,1,0,16,0.015707801777422634,0.028134260913195153,0.0002467350366788017
17,1,0,17,0.015707801777422575,0.024414764402996836,0.0002467350366787998
18,1,0,18,0.01570780177742268,0.029661580061490556,0.00024673503667880305
19,0,0,19,0.015707801777422516,0.030446689907412672,0.0002467350366787979
20,0,0,20,0.015707801777422578,3.4175798324653783e-07,0.00024673503667879985
21,0,0,21,0.01570780177742287,0.00547518891605292,0.0002467350366788091
22,0,0,22,0.015707801777422706,0.031345918414578344,0.00024673503667880397
23,0,0,23,0.015707801777422568,0.03134832384648739,0.0002467350366787995
24,0,0,24,0.01570780177742248,0.012088841266583383,0.00024673503667879676
25,1,0,25,0.01570780177742276,0.0020835681184685484,0.0002467350366788055
26,0,0,26,0.01570780177742257,0.031206009548324642,0.0002467350366787997
27,1,0,27,0.015707801777422592,0.018128373211771853,0.0002467350366788003
28,0,0,28,0.015707801777422613,0.029538528262893937,0.000246735036678801
29,1,0,29,0.015707801777422592,0.03139394377054017,0.00024673503667880034
30,0,0,30,0.01570780177742256,0.022184214418999648,0.00024673503667879936
31,1,0,31,0.01570780177742265,0.027910779140974507,0.00024673503667880224
32,1,0,32,0.015707801777422575,0.02900356173635721,0.00024673503667879974
33,1,0,33,0.01570780177742258,0.0314015978122041,0.00024673503667879996
34,0,0,34,0.015707801777422533,0.01582187349380315,0.0002467350366787985
35,1,0,35,0.01570780177742271,0.03141466089787526,0.00024673503667880397
36,0,0,36,0.01570780177742261,0.028632103954342014,0.0002467350366788008
37,1,0,37,0.015707801777422554,0.030267267231352424,0.00024673503667879915
38,0,0,38,0.01570780177742276,0.02945965637055792,0.0002467350366788056
39,1,0,39,0.015707801777422682,0.0070378073512669115,0.0002467350366788031
40,0,0,40,0.015707801777422686,0.03138991389307644,0.0002467350366788032
41,1,0,41,0.01570780177742253,0.030277770657498593,0.00024673503667879833
42,0,0,42,0.015707801777422703,0.009379551534340669,0.00024673503667880386
43,0,0,43,0.01570780177742261,0.022152056156400146,0.0002467350366788009
44,0,0,44,0.015707801777422592,0.027974936705209452,0.0002467350366788003
45,1,0,45,0.01570780177742266,0.02794716616149928,0.0002467350366788025
46,0,0,46,0.015707801777422703,0.02149163382906072,0.00024673503667880386
47,1,0,47,0.015707801777422516,0.0287854672396044,0.00024673503667879795
48,1,0,48,0.0157078017774225,0.014427150378867992,0.0002467350366787974
49,0,0,49,0.015707801777422672,0.030136317828662884,0.00024673503667880283
50,0,0,50,0.015707801777422606,0.02975719037689284,0.00024673503667880077
51,0,0,51,0.015707801777422804,0.016053321048091984,0.000246735036678807
52,0,0,52,0.015707801777422543,0.018194382140920284,0.00024673503667879877
53,1,0,53,0.015707801777422613,0.027649898121999028,0.000246735036678801
54,0,0,54,0.015707801777422554,0.006019607680209038,0.0002467350366787991
55,1,0,55,0.01570780177742254,0.010152892530286062,0.0002467350366787987
56,1,0,56,0.015707801777422623,0.022295467786484613,0.00024673503667880126
57,0,0,57,0.015707801777422536,0.027369504335212236,0.00024673503667879866
58,0,0,58,0.01570780177742266,0.00813703382871056,0.00024673503667880245
59,1,0,59,0.015707801777422637,0.00775291852834159,0.00024673503667880175
60,0,0,60,0.015707801777422512,0.016406463380504777,0.0002467350366787978
61,1,0,61,0.015707801777422606,0.019621592029017698,0.0002467350366788008
62,1,0,62,0.01570780177742263,0.025902094132073783,0.0002467350366788016
63,0,0,63,0.015707801777422505,0.014493619179449357,0.00024673503667879763
64,0,0,64,0.015707801777422613,0.027118796137053147,0.000246735036678801
65,0,0,65,0.015707801777422554,0.03138515386116303,0.0002467350366787992
66,0,0,66,0.015707801777422654,0.021784331983163874,0.0002467350366788023
67,0,0,67,0.015707801777422634,0.012506567064493268,0.0002467350366788016
68,0,0,68,0.015707801777422634,0.018487611182567587,0.0002467350366788016
69,1,0,69,0.015707801777422693,0.02784483351535294,0.0002467350366788035
70,0,0,70,0.015707801777422526,0.022379076986374535,0.0002467350366787983
71,1,0,71,0.015707801777422828,0.001893740361523344,0.0002467350366788076
72,1,0,72,0.015707801777422488,0.008559144707906752,0.00024673503667879703
73,0,0,73,0.01570780177742273,0.03033483721455621,0.0002467350366788048
74,0,0,74,0.015707801777422564,0.023501789539325246,0.0002467350366787994
75,0,0,75,0.015707801777422495,0.031238631537155226,0.0002467350366787973
76,1,0,76,0.01570780177742263,0.012923714495964633,0.00024673503667880153
77,1,0,77,0.015707801777422516,0.003653774460301573,0.0002467350366787979
78,1,0,78,0.015707801777422623,0.03140009313539027,0.00024673503667880126
79,1,0,79,0.01570780177742263,0.03070407930165958,0.00024673503667880153
80,1,0,80,0.015707801777422616,0.008494054856525768,0.00024673503667880115
81,0,0,81,0.015707801777422682,0.005483760077599431,0.0002467350366788032
82,0,0,82,0.015707801777422613,0.019229625070521283,0.00024673503667880094
83,1,0,83,0.015707801777422613,0.025024097994491568,0.00024673503667880094
84,1,0,84,0.01570780177742266,0.03084792305181583,0.0002467350366788025
85,1,0,85,0.015707801777422564,0.031125637173993304,0.0002467350366787994
86,1,0,86,0.01570780177742269,0.030568470447192797,0.0002467350366788034
87,0,0,87,0.015707801777422536,0.018133631847006892,0.0002467350366787985
88,0,0,88,0.015707801777422502,0.02869852741259793,0.0002467350366787975
89,0,0,89,0.01570780177742268,0.006547269213694751,0.0002467350366788031
90,1,0,90,0.015707801777422568,4.280661409317155e-05,0.0002467350366787996
91,1,0,91,0.015707801777422776,0.03080895608464218,0.00024673503667880614
92,1,0,92,0.015707801777422575,0.03109963484507533,0.00024673503667879974
93,0,0,93,0.01570780177742262,0.026482577331137236,0.0002467350366788012
94,1,0,94,0.015707801777422682,0.030358204657415233,0.00024673503667880316
95,0,0,95,0.01570780177742271,0.030480962828078217,0.00024673503667880397
96,1,0,96,0.015707801777422554,0.029714634517309824,0.00024673503667879904
97,0,0,97,0.015707801777422682,0.012285534808715415,0.00024673503667880316
98,0,0,98,0.01570780177742281,0.018649903042545102,0.00024673503667880717
99,1,0,99,0.015707801777422595,0.030947356440915508,0.0002467350366788004
100,1,0,100,0.015707801777422738,0.018006808074722214,0.00024673503667880495
101,1,0,101,0.015707801777422647,0.02896317997378184,0.00024673503667880213
102,0,0,102,0.015707801777422585,0.016791411263348266,0.0002467350366788002
103,1,0,103,0.015707801777422634,0.00040489178302483,0.0002467350366788016
104,1,0,104,0.01570780177742255,0.018201046921166197,0.0002467350366787991
105,1,0,105,0.015707801777422543,0.02031626914234619,0.00024673503667879877
106,0,0,106,0.015707801777422686,0.029230057162101142,0.00024673503667880327
107,0,0,107,0.01570780177742255,0.009338282073379611,0.000246735036678799
108,1,0,108,0.015707801777422523,0.010511843113216068,0.0002467350366787981
109,1,0,109,0.015707801777422675,0.018337239177543596,0.00024673503667880294
110,0,0,110,0.015707801777422717,0.028212421120934805,0.00024673503667880424
111,1,0,111,0.01570780177742269,0.008237350109276287,0.0002467350366788034
112,1,0,112,0.015707801777422595,0.012925448951540464,0.0002467350366788004
113,1,0,113,0.015707801777422533,0.01911626422468382,0.0002467350366787985
114,0,0,114,0.015707801777422568,0.024282482621240442,0.0002467350366787996
115,0,0,115,0.01570780177742261,0.007874531617029668,0.0002467350366788008
116,1,0,116,0.0157078017774225,0.031068824745352663,0.00024673503667879736
117,0,0,117,0.01570780177742257,0.00534541223367202,0.00024673503667879974
118,0,0,118,0.015707801777422623,0.029415948185736007,0.0002467350366788013
119,0,0,119,0.015707801777422568,0.028535098802193737,0.0002467350366787995
120,1,0,120,0.015707801777422765,0.03134954698913017,0.0002467350366788058
121,0,0,121,0.015707801777422526,0.031415603232853306,0.00024673503667879833
122,1,0,122,0.015707801777422623,0.030601721460227715,0.00024673503667880126
123,1,0,123,0.01570780177742262,0.022502738628156438,0.00024673503667880115
124,0,0,124,0.015707801777422762,0.02507211491824357,0.0002467350366788056
125,0,0,125,0.01570780177742254,0.0186449408748548,0.00024673503667879866
126,1,0,126,0.015707801777422658,0.030631228131465682,0.00024673503667880234
127,0,0,127,0.015707801777422547,0.0032017303516129747,0.00024673503667879893
128,1,0,128,0.01570780177742261,0.03111054771531946,0.0002467350366788009
129,0,0,129,0.015707801777422627,0.01398580551670503,0.00024673503667880137
130,1,0,130,0.01570780177742256,0.021385740459694214,0.00024673503667879936
131,1,0,131,0.015707801777422724,0.021782425998812194,0.00024673503667880446
132,0,0,132,0.01570780177742269,0.02760850532506387,0.0002467350366788034
133,1,0,133,0.015707801777422786,0.0016036760623217017,0.0002467350366788064
134,1,0,134,0.015707801777422627,0.030695057848555696,0.00024673503667880137
135,0,0,135,0.01570780177742253,0.02539986271972916,0.00024673503667879833
136,1,0,136,0.0157078017774226,0.007462950133467761,0.00024673503667880056
137,0,0,137,0.015707801777422516,0.029855812554616223,0.0002467350366787979
138,1,0,138,0.015707801777422672,0.02475037128117874,0.00024673503667880283
139,1,0,139,0.015707801777422523,0.00818359266526869,0.0002467350366787981
140,0,0,140,0.015707801777422675,0.03137094041586744,0.0002467350366788029
141,1,0,141,0.015707801777422592,0.012968656663491673,0.0002467350366788003
142,1,0,142,0.015707801777422654,0.02847132975873834,0.0002467350366788023
143,0,0,143,0.01570780177742253,0.012687022599113584,0.00024673503667879833
144,0,0,144,0.015707801777422516,0.011933906274399497,0.0002467350366787979
145,0,0,145,0.015707801777422557,0.03140670856992264,0.00024673503667879925
146,1,0,146,0.01570780177742264,0.005266003926948315,0.00024673503667880186
147,1,0,147,0.015707801777422564,0.027055944324030357,0.0002467350366787995
148,0,0,148,0.015707801777422762,0.026644305906704746,0.0002467350366788056
149,1,0,149,0.01570780177742257,0.015741003552179667,0.00024673503667879963
150,1,0,150,0.015707801777422672,0.03120646309238173,0.00024673503667880283
151,0,0,151,0.01570780177742258,0.03115533169944218,0.00024673503667879996
152,1,0,152,0.01570780177742265,0.013431167903760644,0.00024673503667880213
153,1,0,153,0.015707801777422745,0.009610442275416853,0.00024673503667880506
154,1,0,154,0.015707801777422634,0.0015317105472860693,0.00024673503667880164
155,0,0,155,0.01570780177742262,0.031399347171294334,0.0002467350366788012
156,1,0,156,0.015707801777422592,0.022189957387587222,0.00024673503667880034
157,1,0,157,0.015707801777422665,0.03023985327930745,0.00024673503667880267
158,1,0,158,0.01570780177742253,0.0278999292910721,0.0002467350366787984
159,0,0,159,0.015707801777422564,0.024875613499854676,0.00024673503667879947
160,1,0,160,0.015707801777422564,0.031358358280719645,0.0002467350366787994
161,1,0,161,0.015707801777422672,0.030454928904950163,0.00024673503667880283
162,1,0,162,0.015707801777422516,0.020154502942548724,0.0002467350366787979
163,1,0,163,0.01570780177742253,0.012145587739963437,0.0002467350366787984
164,0,0,164,0.015707801777422647,0.009020957062538582,0.000246735036678802
165,0,0,165,0.015707801777422606,0.030397057765591207,0.0002467350366788007
166,1,0,166,0.015707801777422686,0.027982464772021376,0.0002467350366788032
167,0,0,167,0.01570780177742275,0.03138829322062575,0.00024673503667880527
168,1,0,168,0.01570780177742258,0.03122546491150824,0.00024673503667879996
169,0,0,169,0.015707801777422575,0.004753259988615088,0.0002467350366787998
170,1,0,170,0.01570780177742253,0.03132746665444097,0.00024673503667879844
171,0,0,171,0.015707801777422592,0.03117824259049984,0.00024673503667880034
172,0,0,172,0.015707801777422637,0.02745249499071878,0.0002467350366788018
173,0,0,173,0.01570780177742261,0.028341626219760885,0.0002467350366788009
174,0,0,174,0.01570780177742263,0.030930416492767676,0.0002467350366788015
175,0,0,175,0.01570780177742258,0.024395559903289232,0.00024673503667879996
176,1,0,176,0.015707801777422672,0.031177114565709263,0.0002467350366788028
177,0,0,177,0.015707801777422533,0.022149885430361893,0.00024673503667879844
178,1,0,178,0.015707801777422672,0.028680508364090862,0.00024673503667880283
179,1,0,179,0.015707801777422543,0.0012216118519394747,0.0002467350366787987
180,0,0,180,0.01570780177742253,0.025969919116715756,0.00024673503667879833
181,0,0,181,0.015707801777422672,0.00017052834772091074,0.0002467350366788028
182,1,0,182,0.015707801777422647,0.0034018187680713297,0.00024673503667880197
183,1,0,183,0.01570780177742261,0.020195856693688174,0.0002467350366788008
184,1,0,184,0.015707801777422755,0.013575904548876805,0.00024673503667880543
185,1,0,185,0.01570780177742266,0.026101666671193735,0.00024673503667880256
186,0,0,186,0.01570780177742256,0.0009543716585076467,0.00024673503667879925
187,1,0,187,0.015707801777422644,0.02477876413757585,0.000246735036678802
188,1,0,188,0.015707801777422554,0.029940050673193386,0.0002467350366787992
189,1,0,189,0.015707801777422606,0.024882067945027897,0.00024673503667880077
190,1,0,190,0.015707801777422526,0.029950648078773012,0.0002467350366787982
191,1,0,191,0.015707801777422568,0.009245250361460844,0.0002467350366787995
192,1,0,192,0.015707801777422523,0.0260695507269042,0.00024673503667879817
193,0,0,193,1.9999383152895793,3.678649800914359,0.00024673503667881536
194,1,0,194,0.0157078017774226,0.009083729636633953,0.0002467350366788005
195,1,0,195,0.01570780177742257,0.03004718173945853,0.0002467350366787997
196,1,0,196,0.015707801777422585,0.012504829510465942,0.0002467350366788001
197,1,0,197,0.015707801777422592,0.01971117499635411,0.00024673503667880023
198,1,0,198,0.015707801777422665,0.0005470424105644689,0.0002467350366788026
199,1,0,199,0.01570780177742256,0.03004683479879522,0.00024673503667879936
200,1,0,200,0.01570780177742259,0.03137473910166544,0.00024673503667880023
201,0,0,201,0.015707801777422564,0.021698594316119646,0.00024673503667879947
202,1,0,202,0.015707801777422686,0.024409778284417927,0.00024673503667880327
203,1,0,203,0.01570780177742268,0.020494574598231674,0.000246735036678803
204,0,0,204,0.015707801777422516,0.0313817878642505,0.0002467350366787979
205,1,0,205,0.015707801777422568,3.691435636321572e-05,0.0002467350366787996
206,0,0,206,0.015707801777422592,0.018820077865164153,0.0002467350366788003
207,1,0,207,0.015707801777422585,0.01035347453972868,0.0002467350366788002
208,1,0,208,0.015707801777422658,0.01498955103531352,0.0002467350366788024
209,0,0,209,0.015707801777422554,0.019844887154272906,0.0002467350366787991
210,1,0,210,0.015707801777422564,0.031404654922639885,0.00024673503667879936
211,0,0,211,0.01570780177742256,0.0063662451229336,0.0002467350366787993
212,1,0,212,0.01570780177742256,0.031103248504010916,0.00024673503667879936
213,1,0,213,0.015707801777422595,0.023094089902802928,0.0002467350366788004
214,1,0,214,0.015707801777422675,0.01978000531852575,0.0002467350366788029
215,0,0,215,0.015707801777422495,0.016362537982400394,0.00024673503667879725
216,0,0,216,0.01570780177742258,0.03141538485512619,0.0002467350366787999
217,1,0,217,0.01570780177742253,0.015084044027791954,0.00024673503667879833
218,1,0,218,0.01570780177742264,0.003576952985109738,0.00024673503667880186
219,0,0,219,0.01570780177742257,0.026810722913795937,0.00024673503667879963
220,1,0,220,0.015707801777422717,0.017115200803564656,0.00024673503667880424
221,1,0,221,0.015707801777422627,0.03132357951886544,0.00024673503667880137
222,0,0,222,0.015707801777422734,0.025536419488678685,0.00024673503667880473
223,1,0,223,0.01570780177742254,0.008131266893760092,0.0002467350366787987
224,0,0,224,0.01570780177742273,0.027159447587883245,0.0002467350366788047
225,0,0,225,0.01570780177742256,0.018398490134967416,0.0002467350366787993
226,1,0,226,0.01570780177742259,0.014897189941552647,0.00024673503667880023
227,1,0,227,0.015707801777422595,0.015963839432719507,0.00024673503667880045
228,1,0,228,0.015707801777422512,0.019962200262367835,0.00024673503667879785
229,1,0,229,0.015707801777422696,0.008058637233889998,0.00024673503667880354
230,1,0,230,0.01570780177742265,0.014598301116097057,0.0002467350366788022
231,1,0,231,0.015707801777422835,0.026753401989155545,0.000246735036678808
232,0,0,232,0.015707801777422512,0.029355399207414035,0.00024673503667879785
233,0,0,233,0.015707801777422512,0.028229218187414418,0.00024673503667879785
234,1,0,234,0.01570780177742253,0.01943238007702086,0.00024673503667879844
235,1,0,235,0.015707801777422637,0.016999429902083252,0.0002467350366788017
236,0,0,236,0.01570780177742261,0.03123275851035978,0.0002467350366788009
237,1,0,237,0.01570780177742256,0.03139731656619271,0.00024673503667879936
238,1,0,238,0.015707801777422627,0.023985538212016655,0.0002467350366788015
239,0,0,239,0.015707801777422564,0.0288554894531321,0.0002467350366787994
240,0,0,240,0.015707801777422554,0.00615326865135013,0.0002467350366787991
241,0,0,241,0.015707801777422748,0.00018468597070619985,0.00024673503667880527
242,1,0,242,0.01570780177742268,0.010564128559013009,0.000246735036678803
243,0,0,243,0.015707801777422568,0.0023762833039495668,0.0002467350366787995
244,0,0,244,0.0157078017774226,0.029815543840838954,0.00024673503667880056
245,1,0,245,0.01570780177742263,0.030523514654853645,0.00024673503667880153
246,0,0,246,0.01570780177742266,0.027644553021905827,0.00024673503667880245
247,0,0,247,0.01570780177742267,0.0007031800678429789,0.0002467350366788027
248,0,0,248,0.015707801777422696,0.009669411796113803,0.00024673503667880365
249,0,0,249,0.0157078017774224,0.02783358255440116,0.0002467350366787943
250,1,0,250,0.01570780177742258,0.03132144090699948,0.00024673503667880007
251,0,0,251,0.015707801777422547,0.025062058378737984,0.0002467350366787989
252,0,0,252,0.015707801777422616,0.018602564827891355,0.00024673503667880104
253,0,0,253,0.015707801777422523,0.011302364212243177,0.00024673503667879817
254,1,0,254,1.9999383152895793,3.5654366204673513,0.000246735036678806
255,0,0,255,0.015707801777422644,0.02084946366579299,0.00024673503667880197
256,0,0,256,0.015707801777422505,0.013668107619356995,0.0002467350366787976
257,0,0,257,0.015707801777422564,0.026324581462008778,0.0002467350366787994
258,1,0,258,0.015707801777422654,0.0298690311434624,0.00024673503667880224
259,1,0,259,0.01570780177742253,0.0281888665054576,0.00024673503667879844
260,1,0,260,0.015707801777422533,0.03140631671136174,0.00024673503667879855
261,0,0,261,0.015707801777422602,0.016076366842607825,0.00024673503667880066
262,1,0,262,0.015707801777422592,0.018062046165222334,0.0002467350366788003
263,0,0,263,0.015707801777422477,0.007886589882400985,0.00024673503667879665
264,1,0,264,0.015707801777422526,0.00487104932799709,0.0002467350366787982
265,1,0,265,0.01570780177742279,0.0171282496289602,0.0002467350366788066
266,0,0,266,0.01570780177742259,0.003995526872383692,0.0002467350366788002
267,1,0,267,0.015707801777422606,0.006794637010484106,0.00024673503667880077
268,0,0,268,0.015707801777422488,0.017453704096925593,0.00024673503667879703
269,1,0,269,0.0157078017774225,0.028560241921750662,0.0002467350366787974
270,1,0,270,0.01570780177742269,0.03128732773028131,0.0002467350366788034
271,0,0,271,0.015707801777422557,0.02040026060607847,0.00024673503667879925
272,0,0,272,0.015707801777422592,0.027444629184093183,0.00024673503667880034
273,1,0,273,0.01570780177742264,0.028336447818839816,0.0002467350366788018
274,1,0,274,0.01570780177742256,0.02878247850460236,0.0002467350366787993
275,0,0,275,0.015707801777422706,0.028176795010585787,0.0002467350366788039
276,1,0,276,0.01570780177742267,0.023615769522177477,0.0002467350366788027
277,1,0,277,0.0157078017774226,0.0011504247402074341,0.0002467350366788006
278,0,0,278,0.015707801777422543,0.03055330294506675,0.0002467350366787988
279,1,0,279,0.01570780177742257,0.027856324089082896,0.00024673503667879963
280,0,0,280,0.01570780177742258,0.015649205042991277,0.00024673503667880007
281,0,0,281,0.01570780177742265,0.018967763331532606,0.00024673503667880224
282,1,0,282,0.01570780177742272,0.027032338913157483,0.00024673503667880435
283,1,0,283,0.015707801777422488,0.025442104623149664,0.0002467350366787971
284,1,0,284,0.015707801777422536,0.023819282026490418,0.00024673503667879866
285,1,0,285,0.015707801777422536,0.005012466866505694,0.0002467350366787985
286,0,0,286,0.015707801777422634,0.022701421341193573,0.0002467350366788016
287,0,0,287,0.015707801777422592,0.013936800681558337,0.0002467350366788003
288,1,0,288,0.015707801777422578,0.030924429949449495,0.0002467350366787999
289,0,0,289,0.015707801777422568,0.016329341233794814,0.0002467350366787996
290,1,0,290,0.015707801777422647,0.030449575708014986,0.00024673503667880213
291,0,0,291,0.0157078017774226,0.03128860796494165,0.00024673503667880056
292,1,0,292,0.015707801777422595,0.021215563718991692,0.00024673503667880045
293,1,0,293,0.015707801777422595,0.030952777150142496,0.0002467350366788004
294,0,0,294,0.015707801777422606,0.015409131231929107,0.00024673503667880066
295,0,0,295,0.01570780177742251,0.003345904403285749,0.00024673503667879774
296,0,0,296,0.015707801777422575,0.023738779780583252,0.0002467350366787997
297,0,0,297,0.015707801777422713,0.020057405092638536,0.00024673503667880413
298,1,0,298,0.015707801777422557,0.026223166601598402,0.0002467350366787993
299,1,0,299,0.015707801777422488,0.022990007771132692,0.0002467350366787971
300,0,0,300,0.015707801777422703,0.019529633181990302,0.00024673503667880375
301,0,0,301,0.015707801777422654,0.0036511336763473956,0.0002467350366788023
302,0,0,302,0.015707801777422602,0.0313694353316869,0.0002467350366788006
303,1,0,303,0.01570780177742248,0.028288883299879886,0.00024673503667879676
304,0,0,304,0.015707801777422495,0.02489851754141359,0.00024673503667879725
305,1,0,305,0.015707801777422578,0.0293787086424927,0.00024673503667879985
306,0,0,306,0.015707801777422647,0.022919448047771684,0.0002467350366788021
307,1,0,307,0.015707801777422696,0.031400750188730564,0.0002467350366788036
308,0,0,308,0.015707801777422734,0.03094059627781498,0.0002467350366788048
309,1,0,309,0.015707801777422637,0.030642266623489844,0.00024673503667880175
310,0,0,310,0.015707801777422578,0.008681138132097255,0.00024673503667879985
311,0,0,311,0.015707801777422634,0.0120645086914275,0.00024673503667880164
312,1,0,312,0.01570780177742254,0.013883316394620815,0.0002467350366787987
313,1,0,313,0.015707801777422613,0.030921161133728337,0.00024673503667880104
314,1,0,314,0.01570780177742255,0.002922367497361744,0.000246735036678799
315,0,0,315,0.01570780177742263,0.008661325170779666,0.00024673503667880153
316,1,0,316,0.015707801777422523,0.024297896282613918,0.0002467350366787981
317,0,0,317,0.01570780177742255,0.03129012407397158,0.00024673503667879904
318,1,0,318,0.015707801777422634,0.018159539642632838,0.00024673503667880164
319,1,0,319,0.01570780177742258,0.021427243316802125,0.00024673503667879996
320,1,0,320,0.015707801777422516,0.012173526257893696,0.000246735036678798
321,1,0,321,0.015707801777422547,0.005654058572861498,0.00024673503667879893
322,0,0,322,0.015707801777422564,0.007083428078556775,0.00024673503667879947
323,0,0,323,0.01570780177742253,0.027079100184185245,0.00024673503667879833
324,1,0,324,0.015707801777422696,0.031133033918849584,0.00024673503667880365
325,0,0,325,0.015707801777422526,0.03100713842446412,0.0002467350366787983
326,0,0,326,0.015707801777422554,0.0014325325237116715,0.0002467350366787991
327,1,0,327,0.015707801777422512,0.0004440216445802392,0.0002467350366787978
328,0,0,328,0.015707801777422745,0.02754459954599986,0.0002467350366788051
329,0,0,329,0.015707801777422557,0.010286600752054564,0.00024673503667879925
330,0,0,330,0.01570780177742255,0.011507031177949711,0.000246735036678799
331,0,0,331,0.015707801777422672,0.014659680782674434,0.00024673503667880283
332,1,0,332,0.015707801777422675,0.008303303514094917,0.000246735036678803
333,0,0,333,0.01570780177742254,0.03136269030836919,0.00024673503667879866
334,1,0,334,0.015707801777422613,0.01137002845499846,0.0002467350366788009
335,0,0,335,0.01570780177742258,0.02695848361412234,0.00024673503667879996
336,0,0,336,0.015707801777422457,0.01322982760221314,0.0002467350366787961
337,0,0,337,0.0157078017774228,0.021888239765877948,0.0002467350366788068
338,1,0,338,0.01570780177742283,0.0098215305180267,0.0002467350366788078
339,1,0,339,0.015707801777422578,0.02687969123581979,0.0002467350366787999
340,0,0,340,0.015707801777422543,0.018740304884471426,0.0002467350366787987
341,1,0,341,0.015707801777422523,0.0244191961635718,0.0002467350366787981
342,1,0,342,0.01570780177742253,0.01655677647366227,0.0002467350366787984
343,1,0,343,0.0157078017774227,0.03067004682077501,0.0002467350366788037
344,1,0,344,0.015707801777422654,0.027141425153078602,0.0002467350366788023
345,0,0,345,0.015707801777422557,0.006114742705536358,0.00024673503667879915
346,1,0,346,0.015707801777422564,0.028485068265671654,0.00024673503667879947
347,1,0,347,0.01570780177742269,0.030418657814610173,0.00024673503667880343
348,0,0,348,0.015707801777422738,0.01372821760756704,0.000246735036678805
349,0,0,349,0.01570780177742285,0.012666259496784571,0.00024673503667880847
350,1,0,350,0.015707801777422467,0.0292973595200805,0.00024673503667879644
351,1,0,351,0.015707801777422543,0.011357312536223185,0.0002467350366787989
352,1,0,352,0.01570780177742255,0.007119018162203838,0.000246735036678799
353,1,0,353,0.015707801777422536,0.028309749834158016,0.0002467350366787986
354,1,0,354,0.015707801777422613,0.016702981380895654,0.000246735036678801
355,1,0,355,0.015707801777422578,0.010649253393355984,0.0002467350366787998
356,0,0,356,0.015707801777422516,0.030425834266256557,0.00024673503667879795
357,0,0,357,0.015707801777422686,0.030879911730518628,0.0002467350366788032
358,0,0,358,0.015707801777422696,0.012573717615407709,0.00024673503667880365
359,1,0,359,0.01570780177742264,0.019711593122788473,0.0002467350366788019
360,0,0,360,0.015707801777422578,0.028200803078098247,0.00024673503667879985
361,0,0,361,0.015707801777422488,0.029804806301815923,0.00024673503667879703
362,0,0,362,0.015707801777422804,0.029550850586281707,0.0002467350366788069
363,0,0,363,0.015707801777422654,0.016631562137692013,0.00024673503667880234
364,1,0,364,0.01570780177742251,0.025214916090643857,0.0002467350366787977
365,0,0,365,0.015707801777422505,0.019518727235522837,0.0002467350366787976
366,0,0,366,0.015707801777422602,0.023561420715029646,0.0002467350366788006
367,0,0,367,0.015707801777422432,0.024668449526244585,0.00024673503667879535
368,1,0,368,0.015707801777422686,0.01281425914111134,0.0002467350366788033
369,1,0,369,0.015707801777422634,0.02985841299216707,0.0002467350366788016
370,0,0,370,0.01570780177742279,0.011263655243795911,0.0002467350366788066
371,0,0,371,0.015707801777422488,0.03024763948514564,0.0002467350366787971
372,1,0,372,0.015707801777422578,0.028280180417297518,0.00024673503667879996
373,1,0,373,0.015707801777422727,0.011274617396303421,0.00024673503667880457
374,0,0,374,0.015707801777422575,0.02906557068741178,0.0002467350366787998
375,0,0,375,0.015707801777422547,0.011229589059481793,0.0002467350366787989
376,1,0,376,0.015707801777422627,0.010306738092848988,0.0002467350366788015
377,0,0,377,0.015707801777422783,0.01732283261635925,0.00024673503667880636
378,0,0,378,0.015707801777422634,0.01240736814343113,0.00024673503667880164
379,1,0,379,0.015707801777422446,0.01236942046760503,0.00024673503667879573
380,1,0,380,0.01570780177742258,0.028407093590066212,0.00024673503667879996
381,0,0,381,0.015707801777422533,0.012532427002854618,0.0002467350366787985
382,0,0,382,0.015707801777422523,0.0022715540388920097,0.0002467350366787981
383,1,0,383,0.01570780177742251,0.025629352783240744,0.00024673503667879774
384,1,0,384,0.01570780177742256,0.025188176661583572,0.00024673503667879936
385,0,0,385,0.015707801777422516,0.028856843422466194,0.00024673503667879795
386,1,0,386,0.015707801777422585,0.02989265396830898,0.0002467350366788002
387,0,0,387,0.015707801777422575,0.03140967632483077,0.0002467350366787997
388,1,0,388,0.015707801777422717,0.020770832185602384,0.0002467350366788043
389,1,0,389,0.015707801777422453,0.025676555715379967,0.00024673503667879595
390,0,0,390,0.015707801777422575,0.02895144932042515,0.0002467350366787997
391,0,0,391,0.015707801777422703,0.02313300406329466,0.00024673503667880386
392,1,0,392,0.015707801777422696,0.009555309427978775,0.0002467350366788036
393,1,0,393,0.015707801777422585,0.03093854015375469,0.0002467350366788002
394,1,0,394,0.015707801777422717,0.03128682040889763,0.00024673503667880424
395,0,0,395,0.015707801777422613,0.030710980900248486,0.00024673503667880094
396,0,0,396,0.015707801777422575,0.000224770961679166,0.00024673503667879974
397,0,0,397,0.01570780177742253,0.02040370492883703,0.0002467350366787984
398,0,0,398,0.01570780177742258,0.005306713462090551,0.00024673503667879996
399,1,0,399,0.015707801777422557,0.0020343234866688764,0.00024673503667879925
400,1,0,400,0.01570780177742263,0.031410287213738286,0.00024673503667880153
401,0,0,401,0.01570780177742266,0.02752103790887328,0.00024673503667880245
402,0,0,402,0.015707801777422613,0.028104953673799726,0.00024673503667880094
403,1,0,403,0.015707801777422623,0.024468572309338743,0.0002467350366788013
404,0,0,404,0.015707801777422627,0.024324503578150525,0.0002467350366788014
405,0,0,405,0.01570780177742255,0.021933473155930416,0.00024673503667879904
406,1,0,406,0.015707801777422793,0.015350161318310018,0.00024673503667880663
407,0,0,407,0.015707801777422693,0.025599348715941384,0.00024673503667880354
408,0,0,408,0.01570780177742252,0.009965987274395571,0.000246735036678798
409,0,0,409,0.015707801777422634,0.024261284951383688,0.00024673503667880164
410,0,0,410,0.015707801777422693,0.01850894748557308,0.00024673503667880343
411,0,0,411,0.015707801777422644,0.031415323567824394,0.00024673503667880197
412,0,0,412,0.015707801777422804,0.028210208861545016,0.000246735036678807
413,1,0,413,0.015707801777422623,0.011845656445956587,0.00024673503667880126
414,0,0,414,0.01570780177742264,0.018268454252976962,0.0002467350366788018
415,0,0,415,0.01570780177742268,0.0132927686865294,0.00024673503667880305
416,1,0,416,0.01570780177742261,0.003756431373838298,0.0002467350366788008
417,1,0,417,0.01570780177742248,0.029884097460050718,0.00024673503667879676
418,0,0,418,0.015707801777422602,0.02801430269567018,0.0002467350366788006
419,1,0,419,0.015707801777422647,0.024595218939480246,0.00024673503667880213
420,0,0,420,0.015707801777422536,0.0002000694886512555,0.0002467350366787986
421,0,0,421,0.015707801777422613,0.0013108115934823417,0.0002467350366788009
422,1,0,422,0.015707801777422557,0.025315219009560463,0.0002467350366787992
423,0,0,423,0.015707801777422602,0.011825638877193567,0.00024673503667880066
424,0,0,424,0.01570780177742262,0.022051962796945546,0.00024673503667880115
425,1,0,425,0.015707801777422557,0.015005371156722402,0.0002467350366787993
426,0,0,426,0.015707801777422526,0.008871194028869045,0.0002467350366787982
427,1,0,427,0.015707801777422613,0.023887763439905507,0.00024673503667880094
428,0,0,428,0.01570780177742253,0.030723799311511035,0.0002467350366787984
429,1,0,429,0.015707801777422634,0.028683873182096753,0.00024673503667880164
430,1,0,430,0.01570780177742263,0.03135783509165169,0.00024673503667880153
431,1,0,431,0.015707801777422606,0.001830280385051175,0.00024673503667880077
432,0,0,432,0.015707801777422682,0.003128668800128409,0.0002467350366788032
433,0,0,433,0.01570780177742253,0.023549744446923704,0.0002467350366787983
434,0,0,434,0.01570780177742256,0.0159099826730138,0.00024673503667879936
435,1,0,435,0.015707801777422693,0.011876753985739175,0.0002467350366788035
436,0,0,436,0.015707801777422637,0.021267034354340186,0.0002467350366788017
437,1,0,437,0.015707801777422623,0.030202150967988395,0.0002467350366788013
438,0,0,438,0.015707801777422703,0.029415088282028545,0.0002467350366788038
439,1,0,439,0.015707801777422557,0.0125575465905865,0.0002467350366787992
440,1,0,440,0.015707801777422543,0.008206189599242242,0.0002467350366787987
441,0,0,441,0.015707801777422543,0.004762328470430788,0.0002467350366787988
442,1,0,442,0.015707801777422575,0.01711018138827436,0.00024673503667879974
443,0,0,443,0.015707801777422658,0.011632658494430181,0.00024673503667880234
444,1,0,444,0.01570780177742264,0.02650401778015765,0.00024673503667880186
445,0,0,445,0.01570780177742267,0.029860603639822347,0.0002467350366788027
446,1,0,446,0.015707801777422523,0.028511072489276534,0.0002467350366787981
447,0,0,447,0.015707801777422703,0.03139956164741531,0.00024673503667880386
448,1,0,448,0.015707801777422686,0.0010616295551637567,0.00024673503667880327
449,1,0,449,0.01570780177742264,0.028505732724930066,0.0002467350366788019
450,0,0,450,0.01570780177742245,0.025503518496504896,0.00024673503667879584
451,0,0,451,0.015707801777422578,0.02251973033659871,0.00024673503667879996
452,0,0,452,0.015707801777422613,0.013156826657201304,0.00024673503667880094
453,0,0,453,0.015707801777422536,0.020363477259419227,0.0002467350366787986
454,1,0,454,0.01570780177742267,0.031413699037110374,0.0002467350366788027
455,1,0,455,0.015707801777422557,0.009024555904169729,0.00024673503667879925
456,1,0,456,0.015707801777422505,0.025156806326135595,0.00024673503667879763
457,1,0,457,0.015707801777422696,0.030380305169629196,0.0002467350366788036
458,1,0,458,0.015707801777422592,0.003943124281711841,0.0002467350366788003
459,0,0,459,0.01570780177742265,0.004875514061616348,0.0002467350366788022
460,0,0,460,0.01570780177742245,0.026856175291389395,0.00024673503667879584
461,0,0,461,0.015707801777422616,0.02871467686686413,0.00024673503667880115
462,1,0,462,0.015707801777422665,0.00016654452735709313,0.0002467350366788026
463,1,0,463,0.015707801777422353,0.02017745910292179,0.0002467350366787928
464,1,0,464,0.015707801777422585,0.019418787714138297,0.00024673503667880007
465,1,0,465,0.015707801777422693,0.01958519916624235,0.00024673503667880354
466,1,0,466,0.01570780177742257,0.02506672376218222,0.00024673503667879974
467,0,0,467,0.015707801777422682,0.009825227972451334,0.0002467350366788032
468,1,0,468,0.01570780177742257,0.02529179467406273,0.00024673503667879974
469,0,0,469,0.015707801777422543,0.007913930552858384,0.0002467350366787987
470,1,0,470,0.015707801777422564,0.020015414912661456,0.00024673503667879947
471,0,0,471,0.01570780177742266,0.024526971021588295,0.0002467350366788025
472,0,0,472,0.01570780177742273,0.013595050708804957,0.0002467350366788047
473,0,0,473,0.01570780177742267,0.008092152126095264,0.00024673503667880267
474,0,0,474,0.01570780177742261,0.03139034857148071,0.0002467350366788008
475,1,0,475,0.015707801777422543,0.026681550427602785,0.00024673503667879877
476,1,0,476,0.015707801777422543,0.03138010500706312,0.00024673503667879877
477,1,0,477,0.01570780177742272,0.022542819017778326,0.00024673503667880435
478,1,0,478,0.015707801777422568,0.029422034546567888,0.0002467350366787996
479,1,0,479,0.01570780177742261,0.03100273888345151,0.0002467350366788009
480,0,0,480,0.015707801777422495,0.02754181805068412,0.00024673503667879725
481,1,0,481,0.015707801777422654,0.03141557983784049,0.0002467350366788023
482,1,0,482,0.015707801777422693,0.006931946085000584,0.0002467350366788035
483,1,0,483,0.0157078017774226,0.02393270391683222,0.00024673503667880056
484,0,0,484,0.015707801777422686,0.0004395143328015383,0.00024673503667880327
485,1,0,485,0.015707801777422575,0.03119368608369444,0.00024673503667879974
486,0,0,486,0.015707801777422627,0.01767386099919732,0.0002467350366788013
487,0,0,487,0.015707801777422703,0.031142591101791073,0.0002467350366788038
488,0,0,488,0.015707801777422658,0.00036466218287611873,0.0002467350366788024
489,0,0,489,0.015707801777422623,0.03022562391201422,0.00024673503667880126
490,1,0,490,0.015707801777422634,0.016601124989593208,0.00024673503667880164
491,0,0,491,0.015707801777422578,0.017685868085280942,0.0002467350366787999
492,0,0,492,0.015707801777422523,0.013895208764312494,0.0002467350366787982
493,1,0,493,0.015707801777422713,0.01607849920326454,0.0002467350366788042
494,0,0,494,0.01570780177742257,0.030577554711457178,0.0002467350366787997
495,1,0,495,0.015707801777422533,0.02861975089760116,0.00024673503667879844
496,0,0,496,0.01570780177742257,0.020383335853415563,0.0002467350366787997
497,1,0,497,0.015707801777422634,0.024439590704619985,0.0002467350366788017
498,1,0,498,0.01570780177742254,0.030762150830509927,0.00024673503667879866
499,1,0,499,0.015707801777422647,0.03056272503988794,0.0002467350366788021
500,0,0,500,0.01570780177742253,0.022449376406123545,0.00024673503667879833
501,0,0,501,0.01570780177742253,0.012749854873472799,0.0002467350366787984
502,0,0,502,0.015707801777422644,0.030951149015788326,0.0002467350366788019
503,1,0,503,0.01570780177742265,0.029021385856991655,0.0002467350366788022
504,0,0,504,0.015707801777422502,0.02128762488625857,0.00024673503667879747
505,0,0,505,0.015707801777422543,0.023887699722467515,0.0002467350366787988
506,0,0,506,0.01570780177742257,0.018714697150287618,0.00024673503667879963
507,1,0,507,0.015707801777422627,0.028643000836995225,0.0002467350366788015
508,0,0,508,0.015707801777422495,0.030028989195689526,0.00024673503667879725
509,1,0,509,0.01570780177742247,0.017974908351827024,0.00024673503667879644
510,1,0,510,0.015707801777422613,0.006616038467068819,0.000246735036678801
511,0,0,511,0.015707801777422724,0.03049165383160124,0.0002467350366788044
512,1,0,512,0.01570780177742259,0.008234715172968698,0.0002467350366788002
513,1,0,513,0.01570780177742266,0.014723826018923525,0.00024673503667880256
514,0,0,514,0.01570780177742257,0.03111611648706092,0.00024673503667879974
515,1,0,515,0.015707801777422578,0.0013263362217603714,0.00024673503667879985
516,1,0,516,0.015707801777422512,0.005020678681655344,0.0002467350366787978
517,0,0,517,0.015707801777422613,0.02015252353318875,0.000246735036678801
518,1,0,518,0.015707801777422866,0.019619970229849848,0.0002467350366788089
519,0,0,519,0.01570780177742264,0.02394167009607484,0.0002467350366788019
520,0,0,520,0.01570780177742261,0.02116856093276054,0.0002467350366788008
521,1,0,521,0.01570780177742258,0.007805263928142514,0.00024673503667879996
522,1,0,522,0.015707801777422592,0.017628272394366373,0.00024673503667880034
523,0,0,523,0.015707801777422644,0.024627582361197442,0.0002467350366788019
524,1,0,524,0.01570780177742252,0.009959101688262528,0.00024673503667879806
525,0,0,525,0.01570780177742272,0.023912249180686018,0.0002467350366788043
526,0,0,526,0.015707801777422672,0.02619806697020688,0.0002467350366788028
527,1,0,527,0.01570780177742256,0.027442708912168934,0.0002467350366787993
528,0,0,528,0.01570780177742257,0.011768926994283113,0.00024673503667879963
529,1,0,529,0.015707801777422703,0.013629288173353515,0.00024673503667880375
530,1,0,530,0.01570780177742249,0.028896692467939467,0.0002467350366787972
531,1,0,531,0.01570780177742258,0.02898676375258613,0.00024673503667879996
532,1,0,532,0.015707801777422464,0.009680398966316783,0.00024673503667879633
533,0,0,533,0.015707801777422682,0.019729381108069433,0.00024673503667880316
534,1,0,534,0.015707801777422547,0.010904106925492263,0.0002467350366787989
535,1,0,535,0.015707801777422554,0.02426287607456734,0.0002467350366787991
536,1,0,536,0.015707801777422658,0.031070048156098207,0.0002467350366788024
537,1,0,537,0.015707801777422672,0.030142627657092413,0.00024673503667880283
538,1,0,538,0.01570780177742254,0.02876822507522514,0.0002467350366787987
539,1,0,539,0.01570780177742251,0.030507417692498373,0.00024673503667879774
540,1,0,540,0.015707801777422627,0.027423104327477854,0.00024673503667880137
541,0,0,541,0.015707801777422557,0.0234009549159806,0.0002467350366787992
542,1,0,542,0.015707801777422616,0.03131046160373463,0.00024673503667880104
543,1,0,543,0.015707801777422703,0.005766830078625995,0.0002467350366788038
544,0,0,544,0.0157078017774225,0.0211597586517267,0.00024673503667879736
545,0,0,545,0.0157078017774226,0.020364273002115185,0.0002467350366788005
546,0,0,546,0.015707801777422568,3.161853458322206e-05,0.00024673503667879947
547,1,0,547,0.015707801777422682,0.03126196078306287,0.00024673503667880305
548,1,0,548,0.01570780177742251,0.010048181812398749,0.0002467350366787976
549,0,0,549,0.015707801777422703,0.0009884273862448278,0.00024673503667880375
550,0,0,550,0.015707801777422536,0.007854717196178918,0.0002467350366787985
551,1,0,551,0.015707801777422502,0.025332534971057585,0.00024673503667879747
552,0,0,552,0.015707801777422575,0.0314078949929094,0.00024673503667879974
553,1,0,553,0.015707801777422647,0.024133104134126615,0.00024673503667880213
554,1,0,554,0.015707801777422578,0.00015497279712484158,0.00024673503667879985
555,0,0,555,0.01570780177742273,0.030378321555182608,0.0002467350366788047
556,0,0,556,0.01570780177742267,0.03049646629111069,0.0002467350366788028
557,1,0,557,0.01570780177742256,0.030899191086869948,0.00024673503667879936
558,1,0,558,0.015707801777422776,0.006552140994831701,0.00024673503667880603
559,0,0,559,0.015707801777422568,0.010789724124838695,0.0002467350366787995
560,0,0,560,0.015707801777422647,0.0015680736748091562,0.000246735036678802
561,1,0,561,0.015707801777422627,0.011796549916703869,0.0002467350366788014
562,1,0,562,0.015707801777422654,0.029726250808714938,0.0002467350366788023
563,1,0,563,0.015707801777422585,0.02113644593905617,0.00024673503667880007
564,1,0,564,0.015707801777422564,0.008555011105711996,0.00024673503667879947
565,1,0,565,0.015707801777422523,0.02591651058048683,0.0002467350366787981
566,1,0,566,0.015707801777422595,0.005887369839882695,0.0002467350366788005
567,1,0,567,0.01570780177742246,0.02367433769126137,0.00024673503667879616
568,0,0,568,0.015707801777422453,0.019370292943114764,0.0002467350366787959
569,1,0,569,0.01570780177742252,0.028206016147049873,0.000246735036678798
570,0,0,570,0.015707801777422547,0.030000318260632097,0.00024673503667879893
571,0,0,571,0.015707801777422585,0.0020012846760730785,0.0002467350366788001
572,0,0,572,0.015707801777422554,0.02508542126591129,0.0002467350366787991
573,1,0,573,0.015707801777422592,0.0007626656661123832,0.00024673503667880034
574,1,0,574,0.015707801777422807,0.024927707764305307,0.0002467350366788071
575,0,0,575,0.015707801777422592,0.015979444983953872,0.00024673503667880034
576,0,0,576,0.015707801777422727,0.000688874320816657,0.0002467350366788045
577,0,0,577,0.015707801777422543,0.008449068125931936,0.0002467350366787988
578,0,0,578,0.015707801777422512,0.021056598330040144,0.00024673503667879785
579,0,0,579,0.01570780177742251,0.02512592805820746,0.0002467350366787978
580,1,0,580,0.015707801777422568,0.0040205638090617946,0.00024673503667879947
581,0,0,581,0.015707801777422477,0.02121651035355221,0.0002467350366787967
582,1,0,582,0.015707801777422536,0.010218254974899033,0.0002467350366787985
583,1,0,583,0.015707801777422606,0.0022505057139032836,0.00024673503667880077
584,1,0,584,0.015707801777422696,0.02810585670786625,0.0002467350366788035
585,1,0,585,0.015707801777422554,0.022390322869779045,0.0002467350366787991
586,1,0,586,0.015707801777422647,0.025223127600597195,0.000246735036678802
587,1,0,587,0.01570780177742271,0.025910851724719963,0.0002467350366788041
588,0,0,588,0.01570780177742248,0.009861414384284117,0.0002467350366787968
589,0,0,589,0.01570780177742265,0.02631141046078267,0.00024673503667880213
590,0,0,590,0.015707801777422613,0.015478163917960419,0.000246735036678801
591,0,0,591,0.015707801777422613,0.022721512543681932,0.000246735036678801
592,1,0,592,0.015707801777422682,0.006260311743934821,0.00024673503667880316
593,1,0,593,0.015707801777422484,0.023136922533119053,0.00024673503667879703
594,1,0,594,0.015707801777422592,0.002724998165529735,0.0002467350366788003
595,1,0,595,0.01570780177742257,0.0015784575614057328,0.0002467350366787997
596,0,0,596,0.01570780177742275,0.018403929985722156,0.00024673503667880527
597,0,0,597,0.015707801777422696,0.020391676958630756,0.00024673503667880354
598,1,0,598,0.01570780177742266,0.004754010004463627,0.0002467350366788024
599,1,0,599,0.01570780177742259,0.011380685138658642,0.00024673503667880023
600,0,0,600,0.015707801777422484,0.023724445837682406,0.000246735036678797
601,0,0,601,0.01570780177742275,0.03056835718209927,0.0002467350366788053
602,1,0,602,0.015707801777422727,0.02233967750632293,0.00024673503667880457
603,0,0,603,0.015707801777422613,0.011613679758114115,0.00024673503667880104
604,0,0,604,0.015707801777422526,0.031344890846147,0.0002467350366787982
605,1,0,605,0.015707801777422613,0.031320313368112834,0.000246735036678801
606,0,0,606,0.01570780177742264,0.008006690511296322,0.0002467350366788018
607,1,0,607,0.01570780177742266,0.03141488095926215,0.00024673503667880245
608,0,0,608,0.01570780177742257,0.005439068590410878,0.0002467350366787996
609,1,0,609,0.01570780177742262,0.010620741154324653,0.0002467350366788012
610,0,0,610,0.0157078017774226,0.001038284086652741,0.00024673503667880056
611,1,0,611,0.01570780177742274,0.004130330701220597,0.000246735036678805
612,0,0,612,0.015707801777422616,0.02107062106957569,0.0002467350366788011
613,0,0,613,0.015707801777422654,0.0311107545193553,0.0002467350366788023
614,1,0,614,0.015707801777422727,0.0075098318102200246,0.0002467350366788045
615,0,0,615,0.015707801777422575,0.030775433143685416,0.00024673503667879974
616,0,0,616,0.015707801777422627,0.0085316818588419,0.00024673503667880137
617,0,0,617,0.015707801777422595,0.03091733705844546,0.00024673503667880045
618,0,0,618,0.0157078017774227,0.02560151157493995,0.00024673503667880365
619,1,0,619,0.01570780177742247,0.012733620208245533,0.00024673503667879654
620,0,0,620,0.015707801777422616,0.025166272362306064,0.0002467350366788011
621,1,0,621,0.015707801777422693,0.02349123692025379,0.0002467350366788035
622,1,0,622,0.01570780177742263,0.028615016701947216,0.00024673503667880153
623,0,0,623,0.015707801777422592,0.008885258063065837,0.0002467350366788003
624,1,0,624,0.015707801777422606,0.023656659622884435,0.00024673503667880077
625,0,0,625,0.01570780177742252,0.0019455085843582687,0.0002467350366787981
626,0,0,626,0.015707801777422634,0.028844863192566628,0.00024673503667880164
627,0,0,627,0.01570780177742269,0.03137716085965381,0.0002467350366788034
628,1,0,628,0.015707801777422585,0.005915984561942755,0.0002467350366788
629,0,0,629,0.015707801777422634,0.03140845880486498,0.0002467350366788016
630,0,0,630,0.015707801777422627,0.007304205715485956,0.0002467350366788014
631,0,0,631,0.01570780177742249,0.02989939141602016,0.00024673503667879714
632,0,0,632,0.015707801777422554,0.031373001052241,0.0002467350366787991
633,0,0,633,0.015707801777422564,0.021003009600222278,0.0002467350366787994
634,0,0,634,0.015707801777422488,0.011013373477770205,0.000246735036678797
635,0,0,635,0.015707801777422748,0.01172791093802461,0.00024673503667880516
636,1,0,636,0.015707801777422755,0.02502105900872631,0.0002467350366788055
637,1,0,637,0.015707801777422536,0.01639547647404127,0.00024673503667879855
638,0,0,638,0.01570780177742257,0.02480961095103007,0.00024673503667879974
639,1,0,639,0.01570780177742257,0.02024571694791666,0.00024673503667879963
640,1,0,640,0.015707801777422457,0.023664612911307392,0.00024673503667879606
641,1,0,641,0.01570780177742264,0.0029354554004392686,0.00024673503667880186
642,0,0,642,0.015707801777422654,0.027393539109453746,0.0002467350366788023
643,1,0,643,0.01570780177742246,0.02028424182279487,0.00024673503667879616
644,1,0,644,0.015707801777422693,0.017820508491740883,0.0002467350366788035
645,0,0,645,0.01570780177742258,0.01158915025485574,0.00024673503667879996
646,0,0,646,0.01570780177742268,0.00011048665295754212,0.000246735036678803
647,1,0,647,0.01570780177742256,0.015601231130882187,0.00024673503667879936
648,0,0,648,0.015707801777422647,0.023447707634379977,0.000246735036678802
649,1,0,649,0.015707801777422717,0.031069390829557064,0.00024673503667880424
650,1,0,650,0.01570780177742269,0.02723860768666031,0.0002467350366788033
651,0,0,651,0.01570780177742263,0.00743262398580069,0.0002467350366788015
652,1,0,652,0.015707801777422793,0.02949557565775851,0.00024673503667880663
653,0,0,653,0.0157078017774226,0.03092894530118645,0.00024673503667880056
654,1,0,654,0.015707801777422533,0.015188883272438503,0.00024673503667879844
655,1,0,655,0.01570780177742256,0.007334324561343308,0.0002467350366787993
656,1,0,656,0.015707801777422755,0.004866999427193708,0.00024673503667880543
657,0,0,657,0.015707801777422526,0.030805757478605034,0.0002467350366787982
658,0,0,658,0.0157078017774227,0.02959958655732553,0.0002467350366788036
659,1,0,659,0.015707801777422578,0.0036508913373640706,0.0002467350366787999
660,0,0,660,0.01570780177742263,0.005337623466295627,0.00024673503667880153
661,1,0,661,0.015707801777422578,0.026557804989399303,0.00024673503667879985
662,1,0,662,0.015707801777422644,0.01964390635471913,0.00024673503667880197
663,0,0,663,0.015707801777422436,0.02535084479772154,0.0002467350366787954
664,0,0,664,0.01570780177742261,0.0011313059337934028,0.0002467350366788008
665,0,0,665,0.015707801777422672,0.006475518121616508,0.00024673503667880283
666,0,0,666,0.015707801777422793,0.023851969825437802,0.0002467350366788066
667,0,0,667,0.01570780177742269,0.014661933535370597,0.00024673503667880343
668,0,0,668,0.015707801777422703,0.02220497080932904,0.0002467350366788038
669,1,0,669,0.01570780177742271,0.013024632609960562,0.00024673503667880397
670,1,0,670,0.01570780177742261,0.02392758927386507,0.0002467350366788008
671,1,0,671,0.015707801777422484,0.02854316547050817,0.00024673503667879703
672,0,0,672,0.015707801777422543,0.015159186407332603,0.0002467350366787988
673,1,0,673,0.01570780177742271,0.03138279594648363,0.000246735036678804
674,0,0,674,0.01570780177742253,0.03035860052316952,0.0002467350366787984
675,0,0,675,0.015707801777422724,0.011544168214361106,0.0002467350366788045
676,0,0,676,0.015707801777422634,0.03023094321700992,0.0002467350366788017
677,1,0,677,0.015707801777422568,0.0056107794498734265,0.0002467350366787996
678,1,0,678,0.015707801777422585,0.0013028360549747209,0.00024673503667880007
679,0,0,679,0.015707801777422575,0.012109390054350078,0.0002467350366787998
680,0,0,680,0.0157078017774226,0.03039525769717083,0.0002467350366788005
681,1,0,681,0.01570780177742255,0.02112309652945843,0.000246735036678799
682,1,0,682,0.015707801777422536,0.003776464269019897,0.0002467350366787986
683,0,0,683,0.015707801777422627,0.0052304084261554085,0.0002467350366788013
684,1,0,684,0.01570780177742261,0.0023839536291965224,0.0002467350366788008
685,0,0,685,0.015707801777422523,0.01843442943563467,0.0002467350366787981
686,0,0,686,0.015707801777422564,0.029913986537905557,0.0002467350366787995
687,1,0,687,0.015707801777422464,0.018635390417393483,0.00024673503667879633
688,0,0,688,0.015707801777422654,0.02178556717121327,0.00024673503667880224
689,0,0,689,0.015707801777422557,0.024736058913892744,0.0002467350366787993
690,0,0,690,0.015707801777422557,0.019582747868927664,0.0002467350366787992
691,1,0,691,0.01570780177742266,0.015389989980505447,0.00024673503667880256
692,0,0,692,0.015707801777422595,0.029999922319982164,0.0002467350366788004
693,0,0,693,0.015707801777422623,0.028009873060632406,0.00024673503667880126
694,0,0,694,0.015707801777422634,0.02890361085540394,0.0002467350366788017
695,1,0,695,0.01570780177742255,0.03129088966060134,0.0002467350366787991
696,0,0,696,0.015707801777422606,0.027582922108847607,0.00024673503667880077
697,1,0,697,0.01570780177742262,0.004953253352582232,0.0002467350366788012
698,1,0,698,0.01570780177742249,0.004369480617026911,0.00024673503667879725
699,1,0,699,0.015707801777422554,0.0310942485765634,0.0002467350366787991
700,1,0,700,0.01570780177742255,0.013405312552216886,0.00024673503667879904
701,1,0,701,0.015707801777422675,0.019665444865848425,0.0002467350366788029
702,0,0,702,0.015707801777422606,0.002820103474943325,0.0002467350366788006
703,0,0,703,0.015707801777422547,0.0017504690897363062,0.00024673503667879893
704,0,0,704,0.015707801777422602,0.018250079215732073,0.0002467350366788006
705,1,0,705,0.015707801777422647,0.009030811774244585,0.000246735036678802
706,0,0,706,0.015707801777422554,0.0237465302637756,0.00024673503667879915
707,0,0,707,0.01570780177742269,0.003302158987125825,0.00024673503667880343
708,1,0,708,0.01570780177742258,0.030044425987858392,0.0002467350366788
709,0,0,709,0.01570780177742256,0.021509852209110614,0.00024673503667879936
710,1,0,710,0.015707801777422693,0.031222661101738214,0.0002467350366788035
711,0,0,711,0.015707801777422564,0.03140528630025832,0.0002467350366787994
712,0,0,712,0.015707801777422575,0.003749539092305465,0.00024673503667879974
713,0,0,713,0.015707801777422613,0.00454798152497804,0.00024673503667880104
714,1,0,714,0.015707801777422672,0.01946855021828542,0.0002467350366788029
715,0,0,715,0.01570780177742256,0.023612545631849002,0.0002467350366787994
716,0,0,716,0.015707801777422564,0.028851633157722323,0.0002467350366787994
717,0,0,717,0.01570780177742251,0.01576379064260247,0.00024673503667879763
718,1,0,718,0.01570780177742257,0.029882051580531255,0.00024673503667879963
719,1,0,719,0.015707801777422536,0.022937229848485785,0.00024673503667879866
720,0,0,720,0.015707801777422682,0.028833765025333302,0.00024673503667880316
721,0,0,721,0.01570780177742286,0.020824428624015567,0.00024673503667880874
722,0,0,722,0.01570780177742248,0.023095392581152785,0.0002467350366787969
723,0,0,723,0.015707801777422585,0.031413199831295036,0.00024673503667880007
724,1,0,724,0.015707801777422797,0.02673826604180496,0.0002467350366788067
725,1,0,725,0.01570780177742261,0.018222517161680996,0.0002467350366788008
726,1,0,726,0.01570780177742253,0.02611655636425314,0.00024673503667879833
727,0,0,727,0.015707801777422745,0.018133625556928434,0.00024673503667880516
728,0,0,728,0.015707801777422765,0.024798389296460943,0.00024673503667880576
729,0,0,729,0.01570780177742258,0.02301759821079785,0.00024673503667879996
730,1,0,730,0.015707801777422533,0.025946546864133335,0.00024673503667879855
731,0,0,731,0.015707801777422616,0.029086072109868133,0.0002467350366788011
732,1,0,732,0.015707801777422658,0.03040741764829291,0.0002467350366788024
733,1,0,733,0.015707801777422686,0.0301547121950253,0.0002467350366788032
734,1,0,734,0.015707801777422693,0.03139337629321445,0.0002467350366788035
735,1,0,735,0.01570780177742252,0.030810438741575963,0.00024673503667879795
736,0,0,736,0.01570780177742257,0.03129600724702852,0.0002467350366787997
737,0,0,737,0.015707801777422592,0.030528820599010076,0.00024673503667880034
738,0,0,738,0.015707801777422637,0.021623778367843238,0.0002467350366788017
739,1,0,739,0.015707801777422523,0.022471621731665392,0.00024673503667879817
740,0,0,740,0.01570780177742256,0.010327605927291428,0.0002467350366787993
741,1,0,741,0.015707801777422613,0.026419544678523588,0.00024673503667880094
742,1,0,742,0.015707801777422627,0.027790245606041486,0.0002467350366788015
743,0,0,743,0.015707801777422616,0.025454139038031398,0.0002467350366788011
744,0,0,744,0.015707801777422762,0.027482005440775725,0.0002467350366788057
745,1,0,745,0.01570780177742279,0.014655843781032463,0.0002467350366788065
746,0,0,746,0.01570780177742259,0.02500133692833062,0.0002467350366788002
747,1,0,747,0.015707801777422592,0.03135465818359662,0.0002467350366788003
748,1,0,748,0.015707801777422613,0.011518910058839538,0.000246735036678801
749,0,0,749,0.015707801777422568,2.1338904924617097e-05,0.0002467350366787996
750,1,0,750,0.015707801777422533,0.02750553598867511,0.00024673503667879844
751,1,0,751,0.015707801777422654,0.029123613141809557,0.00024673503667880224
752,1,0,752,0.015707801777422606,0.030959843345980453,0.0002467350366788007
753,1,0,753,0.01570780177742257,0.02887758265546958,0.0002467350366787997
754,0,0,754,0.01570780177742263,0.018522186205152558,0.00024673503667880153
755,0,0,755,0.01570780177742264,0.030435786685617028,0.0002467350366788019
756,0,0,756,0.01570780177742271,0.0281495587051398,0.0002467350366788041
757,1,0,757,0.015707801777422484,0.02507561430503147,0.0002467350366787969
758,1,0,758,0.015707801777422564,0.030404757540977934,0.00024673503667879947
759,0,0,759,0.01570780177742262,0.01978868924073085,0.00024673503667880126
760,1,0,760,0.01570780177742249,0.030647048266749466,0.00024673503667879714
761,1,0,761,0.015707801777422647,0.03066184919860382,0.000246735036678802
762,0,0,762,0.015707801777422547,0.02038632581754829,0.0002467350366787989
763,1,0,763,0.01570780177742254,0.025458071255281434,0.0002467350366787987
764,1,0,764,0.01570780177742264,0.030268704122678125,0.0002467350366788018
765,0,0,765,0.015707801777422762,0.017143256689866604,0.00024673503667880565
766,1,0,766,0.01570780177742257,0.03130171531948556,0.0002467350366787997
767,0,0,767,0.015707801777422606,0.010793516327019637,0.0002467350366788007
768,0,0,768,0.015707801777422575,0.03098051968527371,0.0002467350366787998
769,0,0,769,0.015707801777422672,0.00452805540107537,0.00024673503667880283
770,1,0,770,0.015707801777422745,0.028593992923761302,0.0002467350366788051
771,0,0,771,0.015707801777422706,0.003786686855596022,0.0002467350366788039
772,1,0,772,0.01570780177742259,0.03138477918804787,0.00024673503667880023
773,1,0,773,0.015707801777422568,0.02388508194608363,0.0002467350366787995
774,1,0,774,0.01570780177742252,0.03031554700472394,0.00024673503667879795
775,0,0,775,0.015707801777422557,0.0002497012887934247,0.00024673503667879925
776,1,0,776,0.015707801777422616,0.028203350682323713,0.0002467350366788011
777,1,0,777,0.015707801777422686,0.028513189630275382,0.0002467350366788033
778,0,0,778,0.015707801777422783,0.031053823169960193,0.00024673503667880636
779,0,0,779,0.015707801777422682,0.0314084958107822,0.00024673503667880316
780,0,0,780,0.01570780177742255,0.028787816304753466,0.0002467350366787991
781,1,0,781,0.015707801777422606,0.02264353072951275,0.00024673503667880077
782,1,0,782,0.01570780177742258,0.0021609542789162717,0.00024673503667879996
783,1,0,783,0.015707801777422686,0.03140841504709624,0.00024673503667880327
784,0,0,784,0.0157078017774225,0.025179341611091477,0.0002467350366787974
785,0,0,785,0.015707801777422484,0.03055284955799964,0.000246735036678797
786,0,0,786,0.015707801777422828,0.01709110272870018,0.0002467350366788077
787,0,0,787,0.015707801777422568,0.028170059780019185,0.0002467350366787996
788,1,0,788,0.015707801777422578,0.021192172922734898,0.0002467350366787999
789,1,0,789,0.015707801777422516,0.03010763458597543,0.0002467350366787979
790,0,0,790,0.01570780177742257,0.001556415148150636,0.0002467350366787997
791,1,0,791,0.015707801777422627,0.01848889768671902,0.0002467350366788014
792,1,0,792,0.01570780177742254,0.026434841655097463,0.00024673503667879877
793,0,0,793,0.01570780177742259,0.03062328803216252,0.0002467350366788002
794,1,0,794,0.015707801777422696,0.011940518062117933,0.0002467350366788036
795,0,0,795,0.01570780177742253,0.027476071296031024,0.0002467350366787984
796,1,0,796,0.015707801777422675,0.030095978439605986,0.0002467350366788029
797,0,0,797,0.01570780177742262,0.02664144359211673,0.00024673503667880115
798,1,0,798,0.01570780177742261,0.005322289382674539,0.0002467350366788009
799,0,0,799,0.015707801777422665,0.011838328423685374,0.00024673503667880256
800,0,0,800,0.015707801777422592,0.010511566997832844,0.0002467350366788003
801,0,0,801,0.01570780177742258,0.02103837896232741,0.00024673503667879996
802,0,0,802,0.015707801777422585,0.011137603572655808,0.00024673503667880007
803,0,0,803,0.015707801777422568,0.0030764353191410354,0.0002467350366787995
804,1,0,804,0.015707801777422557,0.020629420748074168,0.00024673503667879925
805,1,0,805,0.015707801777422762,0.027756312594659716,0.00024673503667880565
806,0,0,806,0.0157078017774226,0.006336523244538039,0.0002467350366788005
807,0,0,807,0.015707801777422734,0.023514407076814292,0.0002467350366788048
808,1,0,808,0.015707801777422523,0.026220133746913232,0.00024673503667879817
809,0,0,809,0.015707801777422675,0.02561451461527442,0.00024673503667880294
810,1,0,810,0.015707801777422536,0.008826584843815155,0.00024673503667879866
811,0,0,811,0.015707801777422606,0.03124089808266317,0.0002467350366788007
812,1,0,812,0.015707801777422564,0.01036131435348997,0.00024673503667879947
813,0,0,813,0.015707801777422654,0.029765863570853313,0.00024673503667880224
814,1,0,814,0.015707801777422658,0.027081800067044748,0.00024673503667880245
815,0,0,815,0.0157078017774225,0.022532434642287047,0.0002467350366787974
816,0,0,816,0.015707801777422547,0.010781472338098785,0.0002467350366787989
817,1,0,817,0.015707801777422547,0.028457325820502977,0.00024673503667879893
818,1,0,818,0.015707801777422585,0.003056489991649647,0.00024673503667880007
819,1,0,819,0.01570780177742263,0.029895184742897207,0.0002467350366788016
820,1,0,820,0.015707801777422557,0.024976731252824846,0.00024673503667879915
821,0,0,821,0.015707801777422564,0.011744193139154868,0.00024673503667879947
822,1,0,822,0.01570780177742275,0.029931020871391767,0.0002467350366788053
823,0,0,823,0.01570780177742261,0.0073955717765912254,0.0002467350366788009
824,1,0,824,0.015707801777422686,0.025427291400734298,0.0002467350366788032
825,0,0,825,0.01570780177742276,0.021492874481028545,0.0002467350366788056
826,0,0,826,0.01570780177742262,0.029642444644775945,0.00024673503667880126
827,0,0,827,0.015707801777422713,0.03133383417265634,0.0002467350366788042
828,1,0,828,0.015707801777422568,0.0016299393088834435,0.0002467350366787995
829,0,0,829,0.01570780177742249,0.018999271479549273,0.00024673503667879714
830,0,0,830,0.015707801777422713,0.019948409494858765,0.0002467350366788042
831,1,0,831,0.01570780177742264,0.02948727414037866,0.0002467350366788019
832,1,0,832,0.01570780177742261,0.02507911452049183,0.0002467350366788008
833,1,0,833,0.015707801777422658,0.025448033079832122,0.0002467350366788024
834,1,0,834,0.01570780177742253,0.02506154895753565,0.00024673503667879833
835,0,0,835,0.01570780177742257,0.03138035491101088,0.00024673503667879963
836,0,0,836,0.015707801777422523,0.007044024796338366,0.00024673503667879806
837,1,0,837,0.015707801777422595,0.028433164504582442,0.0002467350366788004
838,0,0,838,0.015707801777422693,0.029755983930421004,0.0002467350366788035
839,1,0,839,0.015707801777422606,0.01084549241851418,0.0002467350366788007
840,1,0,840,0.015707801777422627,0.011779186569049083,0.0002467350366788014
841,0,0,841,0.015707801777422682,0.024579250706022737,0.0002467350366788031
842,0,0,842,0.015707801777422512,0.028615217362548462,0.00024673503667879785
843,0,0,843,0.015707801777422585,0.003815572882247986,0.00024673503667880007
844,0,0,844,0.015707801777422592,0.0004767592126007081,0.0002467350366788003
845,0,0,845,0.015707801777422693,0.026868449505022873,0.0002467350366788035
846,1,0,846,0.015707801777422592,0.011130259573608914,0.0002467350366788003
847,1,0,847,0.015707801777422675,0.030074187035659783,0.000246735036678803
848,1,0,848,0.015707801777422654,0.022779932515311074,0.0002467350366788023
849,0,0,849,0.01570780177742258,0.005628447191541541,0.00024673503667879996
850,1,0,850,0.01570780177742262,0.011260804288810489,0.0002467350366788012
851,0,0,851,0.01570780177742258,0.031381997247719284,0.00024673503667879996
852,1,0,852,0.01570780177742256,0.030919153675932065,0.00024673503667879936
853,1,0,853,0.015707801777422606,0.026186175408840162,0.0002467350366788007
854,1,0,854,0.01570780177742267,0.0020804616446494784,0.00024673503667880267
855,0,0,855,0.01570780177742265,0.00907585748329831,0.0002467350366788022
856,0,0,856,0.015707801777422523,0.01998049554063952,0.00024673503667879806
857,1,0,857,0.015707801777422606,0.03071986908741986,0.00024673503667880077
858,1,0,858,0.015707801777422595,0.03122456299804688,0.00024673503667880045
859,0,0,859,0.015707801777422564,0.022454015106226688,0.0002467350366787994
860,0,0,860,0.01570780177742255,0.02619012312059321,0.000246735036678799
861,1,0,861,0.015707801777422696,0.012043941453479423,0.00024673503667880365
862,0,0,862,0.015707801777422516,0.02894532571581787,0.00024673503667879795
863,1,0,863,0.015707801777422616,0.016564805975436414,0.00024673503667880104
864,1,0,864,0.015707801777422644,0.00568085951625652,0.0002467350366788019
865,0,0,865,0.015707801777422578,0.016354091294309203,0.00024673503667879985
866,0,0,866,0.015707801777422627,0.0047653021962723585,0.0002467350366788014
867,0,0,867,0.015707801777422595,0.0125801073316969,0.0002467350366788004
868,1,0,868,0.015707801777422543,0.012455739665838461,0.00024673503667879877
869,0,0,869,0.015707801777422585,0.031393074759862416,0.00024673503667880007
870,1,0,870,0.015707801777422734,0.01916007490700311,0.00024673503667880484
871,0,0,871,0.01570780177742253,0.007387000862163706,0.00024673503667879833
872,1,0,872,0.015707801777422595,0.010667262168680303,0.0002467350366788004
873,0,0,873,0.0157078017774226,0.0168382961284943,0.0002467350366788005
874,1,0,874,0.015707801777422616,0.030952562358485758,0.00024673503667880115
875,0,0,875,0.01570780177742264,0.02529146579887165,0.0002467350366788019
876,1,0,876,0.01570780177742259,0.025662042591962253,0.0002467350366788001
877,1,0,877,0.015707801777422592,0.02843672355221627,0.00024673503667880034
878,0,0,878,0.015707801777422464,0.02651149350915527,0.00024673503667879633
879,1,0,879,0.015707801777422474,0.007588334030728339,0.0002467350366787966
880,0,0,880,0.015707801777422647,0.002942964593604991,0.00024673503667880213
881,1,0,881,0.015707801777422665,0.012370538958546895,0.0002467350366788026
882,1,0,882,0.015707801777422634,0.016198454458546063,0.0002467350366788017
883,1,0,883,0.015707801777422647,0.014183852968668642,0.0002467350366788021
884,0,0,884,0.01570780177742262,0.012622097353596207,0.00024673503667880115
885,1,0,885,0.015707801777422557,0.02338327455293543,0.0002467350366787992
886,0,0,886,0.015707801777422804,0.02880911964817867,0.000246735036678807
887,1,0,887,0.01570780177742278,0.020516349072217777,0.0002467350366788062
888,1,0,888,0.01570780177742255,0.03115921318100101,0.000246735036678799
889,0,0,889,0.015707801777422627,0.019763277331146467,0.0002467350366788014
890,0,0,890,0.015707801777422516,0.009189342349218421,0.000246735036678798
891,1,0,891,0.015707801777422658,0.029352788463140378,0.0002467350366788024
892,0,0,892,0.01570780177742259,0.020277174105881368,0.00024673503667880023
893,0,0,893,0.01570780177742253,0.021119100593806506,0.00024673503667879844
894,1,0,894,0.01570780177742275,0.0003528245516868367,0.0002467350366788054
895,1,0,895,0.015707801777422765,0.017994950216974726,0.00024673503667880576
896,1,0,896,0.015707801777422724,0.006664962879834757,0.0002467350366788044
897,1,0,897,0.015707801777422536,0.022524048216511883,0.0002467350366787986
898,1,0,898,0.01570780177742263,0.02215641087298481,0.0002467350366788015
899,0,0,899,0.015707801777422557,0.007071929053837245,0.0002467350366787992
900,1,0,900,0.015707801777422658,0.027223636677348284,0.00024673503667880234
901,0,0,901,0.01570780177742273,0.027032640884050885,0.00024673503667880473
902,1,0,902,0.015707801777422606,0.010486811358059622,0.0002467350366788008
903,0,0,903,0.01570780177742256,0.02205155340049192,0.0002467350366787993
904,1,0,904,0.015707801777422762,0.03141368710818937,0.0002467350366788057
905,0,0,905,0.015707801777422696,0.015190631541930788,0.0002467350366788036
906,0,0,906,0.01570780177742253,0.028162155718070125,0.00024673503667879833
907,1,0,907,0.015707801777422672,0.011928976921424361,0.0002467350366788028
908,0,0,908,0.01570780177742264,0.03113895674844691,0.0002467350366788018
909,0,0,909,0.015707801777422557,0.0060963825595392596,0.00024673503667879925
910,1,0,910,0.01570780177742276,0.02376409554575387,0.0002467350366788056
911,0,0,911,0.015707801777422606,0.03124049635191073,0.0002467350366788008
912,0,0,912,0.01570780177742263,0.027678796282128215,0.0002467350366788015
913,1,0,913,0.01570780177742262,0.021880464336736516,0.00024673503667880126
914,0,0,914,0.01570780177742261,0.027526950906327396,0.0002467350366788009
915,0,0,915,0.01570780177742255,0.023525369953098174,0.000246735036678799
916,1,0,916,0.015707801777422696,0.029870684833417815,0.00024673503667880365
917,0,0,917,0.01570780177742264,0.008464973153319288,0.00024673503667880186
918,0,0,918,0.015707801777422755,0.03119511753671733,0.0002467350366788055
919,1,0,919,0.015707801777422706,0.015479271896548408,0.00024673503667880386
920,1,0,920,0.015707801777422592,0.019448835135275067,0.0002467350366788003
921,1,0,921,0.015707801777422686,0.02110486822710378,0.00024673503667880327
922,0,0,922,0.015707801777422682,0.01589612432202947,0.00024673503667880316
923,1,0,923,0.01570780177742254,0.018186271809757848,0.00024673503667879866
924,1,0,924,0.015707801777422457,0.011545561091399481,0.000246735036678796
925,1,0,925,0.015707801777422585,0.012643286373645646,0.00024673503667880007
926,0,0,926,0.015707801777422672,0.014585951166380395,0.00024673503667880283
927,0,0,927,0.01570780177742255,0.02689879257839123,0.000246735036678799
928,1,0,928,0.01570780177742268,0.03136698894451906,0.00024673503667880316
929,0,0,929,0.015707801777422634,0.021451059943226714,0.0002467350366788016
930,1,0,930,0.015707801777422547,0.03141190274489292,0.00024673503667879893
931,1,0,931,0.015707801777422543,0.01179702065724264,0.00024673503667879877
932,0,0,932,0.01570780177742254,0.011165776400312799,0.00024673503667879866
933,0,0,933,0.015707801777422637,0.027418151772810706,0.0002467350366788017
934,1,0,934,0.015707801777422585,0.0035791778237479477,0.0002467350366788
935,0,0,935,0.015707801777422602,0.019343145315254384,0.0002467350366788006
936,0,0,936,0.01570780177742273,0.021350507609979807,0.0002467350366788047
937,0,0,937,0.01570780177742257,0.02664092214131597,0.00024673503667879963
938,0,0,938,0.015707801777422568,0.01017345043107798,0.0002467350366787996
939,0,0,939,0.01570780177742259,0.031412585719387986,0.0002467350366788002
940,0,0,940,0.015707801777422578,0.010719053241206034,0.00024673503667879985
941,1,0,941,0.015707801777422484,0.022523630047805554,0.000246735036678797
942,1,0,942,0.01570780177742264,0.013307319613133695,0.00024673503667880175
943,0,0,943,0.01570780177742269,0.031317025535503085,0.00024673503667880343
944,0,0,944,0.01570780177742268,0.027815990605437824,0.0002467350366788031
945,0,0,945,0.01570780177742262,0.01144486355842611,0.0002467350366788011
946,1,0,946,0.015707801777422575,0.002534479011568447,0.00024673503667879974
947,1,0,947,0.015707801777422564,0.031414299287136294,0.00024673503667879947
948,1,0,948,0.015707801777422516,0.011428450813155244,0.00024673503667879785
949,0,0,949,0.015707801777422533,0.03033873333414494,0.00024673503667879855
950,0,0,950,0.015707801777422606,0.009304136966256538,0.0002467350366788007
951,1,0,951,0.015707801777422672,0.006123184870075349,0.0002467350366788028
952,1,0,952,0.015707801777422686,0.01884107610482144,0.00024673503667880327
953,1,0,953,0.015707801777422595,0.03129080586429556,0.0002467350366788004
954,0,0,954,0.01570780177742268,0.031275349511740214,0.00024673503667880305
955,0,0,955,0.01570780177742259,0.03141555704246857,0.00024673503667880023
956,1,0,956,0.015707801777422644,0.0016314746648762313,0.00024673503667880197
957,1,0,957,0.01570780177742275,0.00846513538793392,0.00024673503667880527
958,1,0,958,0.01570780177742257,0.019873436736494554,0.00024673503667879963
959,1,0,959,0.015707801777422634,0.0313133062482962,0.00024673503667880164
960,1,0,960,0.01570780177742257,0.02733774057190863,0.0002467350366787997
961,0,0,961,0.015707801777422613,0.01881099873140557,0.00024673503667880094
962,0,0,962,0.015707801777422564,0.0033553870047418055,0.00024673503667879947
963,1,0,963,0.015707801777422477,0.023091293626019915,0.00024673503667879676
964,0,0,964,0.01570780177742259,0.026405629169658384,0.0002467350366788002
965,0,0,965,0.015707801777422748,0.029830491034352313,0.00024673503667880527
966,0,0,966,0.015707801777422647,0.022325782724152754,0.000246735036678802
967,1,0,967,0.015707801777422627,0.004631830101667678,0.0002467350366788014
968,1,0,968,0.01570780177742274,0.025346123163620282,0.00024673503667880506
969,1,0,969,0.0157078017774226,0.003488972874938545,0.00024673503667880045
970,0,0,970,0.015707801777422613,0.009008458825151777,0.00024673503667880094
971,1,0,971,0.01570780177742269,0.031046913689210753,0.00024673503667880343
972,1,0,972,0.01570780177742257,0.011949299048589657,0.0002467350366787997
973,1,0,973,0.015707801777422575,0.0040220511026598516,0.00024673503667879974
974,1,0,974,0.015707801777422682,0.02646287049042728,0.0002467350366788032
975,0,0,975,0.01570780177742259,0.002364527966711938,0.00024673503667880023
976,0,0,976,0.015707801777422675,0.015663835108111535,0.00024673503667880294
977,0,0,977,0.015707801777422682,0.02587059544823611,0.00024673503667880316
978,0,0,978,0.015707801777422578,0.0044136388589910425,0.00024673503667879974
979,1,0,979,0.015707801777422536,0.008757546695730145,0.00024673503667879855
980,0,0,980,0.015707801777422713,0.010127910495505876,0.00024673503667880413
981,0,0,981,0.015707801777422516,0.007410814986049008,0.00024673503667879795
982,1,0,982,0.015707801777422627,0.007738786965071354,0.0002467350366788013
983,1,0,983,0.01570780177742278,0.020912863243862656,0.00024673503667880625
984,1,0,984,0.01570780177742268,0.022674975915120354,0.0002467350366788031
985,1,0,985,0.015707801777422738,0.031415591398032405,0.0002467350366788049
986,0,0,986,0.01570780177742256,0.021158873772862963,0.0002467350366787994
987,0,0,987,0.01570780177742261,0.028373955969572262,0.00024673503667880094
988,1,0,988,0.01570780177742263,0.02951191457142832,0.0002467350366788015
989,1,0,989,0.015707801777422474,0.019105252552721108,0.0002467350366787966
990,0,0,990,0.015707801777422585,0.01603580857617959,0.00024673503667880007
991,0,0,991,0.01570780177742263,0.028847117640800057,0.0002467350366788015
992,0,0,992,1.9999383152895793,1.563393407391246,0.00024673503667881183
993,0,0,993,0.01570780177742275,0.015005498969535624,0.00024673503667880527
994,1,0,994,0.015707801777422578,0.0025901125601202057,0.00024673503667879985
995,0,0,995,0.01570780177742256,0.018120535445347086,0.0002467350366787993
996,0,0,996,0.01570780177742252,0.029935580499572678,0.00024673503667879806
997,0,0,997,0.01570780177742254,0.03070234284365614,0.0002467350366787987
998,1,0,998,0.01570780177742258,0.024821397640215848,0.0002467350366788
999,0,0,999,0.01570780177742245,0.017305569936477916,0.0002467350366787959
