,Layer,Qubit,Run,2-Norm,Trace Norm,Diamond Norm
0,0,0,0,0.01570780177742253,0.01621584079995042,0.0002467350366787984
1,0,0,1,0.015707801777422745,0.015825093790364564,0.00024673503667880506
2,0,0,2,0.015707801777422606,0.003258423282098022,0.00024673503667880077
3,0,0,3,0.01570780177742261,0.030458977129559472,0.0002467350366788008
4,1,0,4,0.015707801777422627,0.007514559240958452,0.00024673503667880137
5,1,0,5,0.015707801777422592,0.023763559513273247,0.00024673503667880034
6,1,0,6,0.015707801777422575,0.02791306294589624,0.0002467350366787998
7,0,0,7,0.01570780177742276,0.02657074775032431,0.0002467350366788056
8,1,0,8,0.01570780177742275,0.023590851273368685,0.0002467350366788054
9,0,0,9,0.01570780177742262,0.011198683654462416,0.0002467350366788012
10,0,0,10,0.01570780177742258,0.029341509027772106,0.00024673503667879996
11,0,0,11,0.015707801777422592,0.010063179781558684,0.00024673503667880034
12,0,0,12,0.015707801777422592,0.031259325618442774,0.0002467350366788003
13,1,0,13,0.015707801777422502,0.015565862890412285,0.00024673503667879747
14,0,0,14,0.01570780177742271,0.03067001452907303,0.00024673503667880397
15,1,0,15,0.015707801777422654,0.004075801451713934,0.0002467350366788023
16,1,0,16,0.015707801777422675,0.01853962596935821,0.0002467350366788029
17,0,0,17,0.015707801777422623,0.016500186560077124,0.00024673503667880126
18,1,0,18,0.0157078017774226,0.027171513457279972,0.0002467350366788006
19,0,0,19,0.015707801777422682,0.026275797328050077,0.0002467350366788032
20,0,0,20,0.01570780177742262,0.014604206008582699,0.00024673503667880126
21,1,0,21,0.0157078017774226,0.011863983463135774,0.0002467350366788005
22,0,0,22,0.015707801777422616,0.02905978917849228,0.00024673503667880115
23,0,0,23,0.015707801777422644,0.031407698779548965,0.000246735036678802
24,1,0,24,0.015707801777422627,0.007206397156697575,0.00024673503667880137
25,1,0,25,0.015707801777422595,0.0049945036884835314,0.00024673503667880045
26,1,0,26,0.015707801777422554,0.028412489972401533,0.00024673503667879915
27,1,0,27,0.015707801777422568,0.0008617904568544166,0.0002467350366787996
28,1,0,28,0.01570780177742264,0.029558686448836302,0.0002467350366788019
29,1,0,29,0.015707801777422696,0.005329974056686115,0.0002467350366788036
30,1,0,30,0.0157078017774227,0.021547149796481424,0.00024673503667880375
31,0,0,31,0.015707801777422634,0.0272147760863507,0.0002467350366788016
32,1,0,32,0.015707801777422477,0.02627851747102561,0.00024673503667879665
33,0,0,33,0.01570780177742254,0.023787545793911624,0.0002467350366787987
34,1,0,34,0.015707801777422557,0.01045122212479832,0.0002467350366787992
35,1,0,35,0.015707801777422543,0.0005925661719525799,0.0002467350366787988
36,1,0,36,0.015707801777422564,0.011007212848707315,0.0002467350366787995
37,0,0,37,0.01570780177742256,0.01297416306823096,0.0002467350366787994
38,1,0,38,0.01570780177742256,0.007005229584367223,0.0002467350366787993
39,1,0,39,0.015707801777422693,0.030342360490546838,0.0002467350366788035
40,0,0,40,0.015707801777422543,0.027497503180371807,0.0002467350366787988
41,1,0,41,0.015707801777422536,0.009228560029756139,0.00024673503667879855
42,1,0,42,0.015707801777422536,0.013989097780480186,0.00024673503667879855
43,1,0,43,0.01570780177742264,0.017671027085358837,0.00024673503667880186
44,0,0,44,0.015707801777422578,0.0004748127160913995,0.0002467350366787999
45,1,0,45,0.015707801777422502,0.011010178902227663,0.0002467350366787974
46,0,0,46,0.015707801777422578,0.03006233610182807,0.00024673503667879996
47,1,0,47,0.0157078017774225,0.02263692013134544,0.00024673503667879736
48,0,0,48,0.01570780177742255,0.013763223983372708,0.000246735036678799
49,1,0,49,0.015707801777422602,0.028578786106921106,0.0002467350366788006
50,0,0,50,0.01570780177742263,0.03103300773870199,0.0002467350366788016
51,1,0,51,0.015707801777422696,0.026099426512687485,0.00024673503667880354
52,1,0,52,0.015707801777422672,0.002852834753094502,0.00024673503667880283
53,0,0,53,0.015707801777422464,0.031240875991433437,0.00024673503667879633
54,0,0,54,0.015707801777422533,0.01801399214255639,0.0002467350366787985
55,0,0,55,0.01570780177742259,0.029119314848135125,0.00024673503667880023
56,0,0,56,0.01570780177742254,0.02500015322503768,0.0002467350366787987
57,1,0,57,0.01570780177742254,0.027076748423152663,0.0002467350366787987
58,0,0,58,0.015707801777422654,0.010624797676854758,0.00024673503667880234
59,0,0,59,0.015707801777422578,0.03133004160395189,0.0002467350366787999
60,0,0,60,0.015707801777422623,0.02408103292476471,0.00024673503667880137
61,0,0,61,0.015707801777422665,0.03133382164442,0.0002467350366788026
62,1,0,62,0.015707801777422627,0.00745018605990766,0.0002467350366788015
63,0,0,63,0.015707801777422654,0.010963752051373898,0.00024673503667880224
64,0,0,64,0.015707801777422634,0.029803374857592657,0.0002467350366788016
65,0,0,65,0.01570780177742264,0.02945897008658105,0.0002467350366788019
66,0,0,66,0.015707801777422686,0.014732840779739798,0.0002467350366788033
67,0,0,67,0.015707801777422533,0.030251780677507556,0.00024673503667879844
68,1,0,68,0.01570780177742255,0.0209571342017858,0.00024673503667879904
69,1,0,69,0.015707801777422658,0.03141129594329767,0.00024673503667880234
70,1,0,70,0.015707801777422637,0.03139364226908958,0.00024673503667880175
71,1,0,71,0.01570780177742267,0.005480130655219906,0.0002467350366788027
72,1,0,72,0.01570780177742255,0.02883777837160817,0.0002467350366787991
73,1,0,73,0.01570780177742255,0.009105302051128472,0.00024673503667879893
74,0,0,74,0.015707801777422637,0.016724007782044303,0.00024673503667880175
75,0,0,75,0.015707801777422575,0.017610567052668724,0.0002467350366787998
76,1,0,76,0.015707801777422682,0.013061873714128147,0.0002467350366788031
77,0,0,77,0.015707801777422682,0.028268631875973282,0.0002467350366788031
78,1,0,78,0.01570780177742255,0.002363140454318069,0.000246735036678799
79,1,0,79,0.01570780177742258,0.031326452948826994,0.0002467350366788
80,0,0,80,0.015707801777422616,0.02800838054050625,0.00024673503667880104
81,0,0,81,0.015707801777422634,0.022554616618428502,0.00024673503667880164
82,1,0,82,0.015707801777422523,0.022188342181693743,0.0002467350366787981
83,1,0,83,0.015707801777422672,0.022006499421073356,0.0002467350366788028
84,1,0,84,0.015707801777422585,0.03132686141532148,0.0002467350366788
85,0,0,85,0.015707801777422568,0.030363579017658626,0.0002467350366787996
86,0,0,86,0.015707801777422613,0.008128755187722048,0.000246735036678801
87,0,0,87,0.01570780177742268,0.009187249021605615,0.000246735036678803
88,0,0,88,0.015707801777422675,0.0029010114995211556,0.000246735036678803
89,1,0,89,0.015707801777422658,0.020253367684124335,0.00024673503667880234
90,0,0,90,0.015707801777422602,0.025200598179546674,0.00024673503667880066
91,1,0,91,0.01570780177742257,0.031211372945663673,0.0002467350366787997
92,1,0,92,0.015707801777422665,0.021426053522740407,0.00024673503667880267
93,1,0,93,0.01570780177742277,0.03116623825281606,0.0002467350366788059
94,0,0,94,0.015707801777422616,0.005143085028574523,0.00024673503667880104
95,1,0,95,0.01570780177742257,0.021329308637934252,0.00024673503667879963
96,1,0,96,0.015707801777422658,0.009626763616227496,0.00024673503667880234
97,1,0,97,0.0157078017774226,0.0043427770043265035,0.0002467350366788005
98,0,0,98,0.01570780177742257,0.0014851142128078365,0.00024673503667879974
99,1,0,99,0.015707801777422543,0.012797549763733818,0.00024673503667879877
100,0,0,100,0.015707801777422654,0.027040122972836533,0.0002467350366788023
101,0,0,101,0.015707801777422578,0.004775689804133343,0.00024673503667879985
102,0,0,102,0.015707801777422703,0.021998919407709483,0.00024673503667880386
103,1,0,103,0.015707801777422654,0.01265148615737366,0.0002467350366788023
104,1,0,104,0.015707801777422675,0.022813680530480607,0.00024673503667880294
105,0,0,105,0.015707801777422547,0.030668267921868997,0.00024673503667879893
106,0,0,106,0.015707801777422644,0.007364927898305229,0.0002467350366788019
107,0,0,107,0.015707801777422474,0.006355279764319599,0.0002467350366787966
108,0,0,108,0.01570780177742258,0.00042390984305340496,0.0002467350366788
109,0,0,109,0.015707801777422675,0.030841207106234503,0.0002467350366788029
110,1,0,110,0.015707801777422606,0.0146854649997048,0.0002467350366788007
111,1,0,111,0.015707801777422547,0.029676148748071007,0.00024673503667879893
112,0,0,112,0.015707801777422554,0.02900026949323553,0.00024673503667879915
113,0,0,113,0.015707801777422543,0.025529105840686794,0.00024673503667879877
114,0,0,114,0.015707801777422568,0.021390059657868,0.00024673503667879947
115,0,0,115,0.01570780177742255,0.01915057201891135,0.000246735036678799
116,0,0,116,0.015707801777422627,0.031298583349967046,0.00024673503667880137
117,1,0,117,0.015707801777422446,0.018230157778562628,0.00024673503667879573
118,0,0,118,0.015707801777422384,0.020782780166547665,0.0002467350366787938
119,1,0,119,0.015707801777422484,0.028105212481771114,0.0002467350366787969
120,1,0,120,0.015707801777422536,9.543861104877038e-05,0.00024673503667879855
121,1,0,121,0.015707801777422557,0.030805118064826664,0.0002467350366787992
122,0,0,122,0.015707801777422585,0.025330994866135992,0.0002467350366788002
123,0,0,123,0.01570780177742278,0.01955125763707022,0.0002467350366788062
124,0,0,124,0.015707801777422755,0.02428219477988991,0.0002467350366788055
125,1,0,125,0.01570780177742269,0.0026657951950812553,0.0002467350366788033
126,1,0,126,0.015707801777422578,0.005106928662260257,0.00024673503667879985
127,1,0,127,0.015707801777422557,0.02692182740077076,0.0002467350366787992
128,1,0,128,0.015707801777422592,0.0076309097945528315,0.0002467350366788003
129,0,0,129,0.01570780177742261,0.026098193666459046,0.00024673503667880077
130,1,0,130,0.01570780177742244,0.021582786307093205,0.0002467350366787955
131,1,0,131,0.015707801777422467,0.019248999247807097,0.0002467350366787964
132,0,0,132,0.01570780177742258,0.022932543745832312,0.00024673503667879996
133,0,0,133,0.01570780177742258,0.03139907665786201,0.0002467350366788
134,1,0,134,0.015707801777422502,0.0313413629882352,0.0002467350366787975
135,0,0,135,0.01570780177742246,0.02962715368552027,0.00024673503667879616
136,1,0,136,0.015707801777422637,0.015862284365621537,0.0002467350366788018
137,1,0,137,0.01570780177742246,0.010217177852023251,0.0002467350366787962
138,0,0,138,0.01570780177742258,0.029032847173652176,0.0002467350366788
139,1,0,139,0.015707801777422682,0.0008827183627100332,0.00024673503667880316
140,0,0,140,0.0157078017774227,0.013621203520156389,0.00024673503667880365
141,0,0,141,0.015707801777422654,0.030891253450459955,0.0002467350366788023
142,0,0,142,0.01570780177742269,0.016366261115952074,0.00024673503667880343
143,0,0,143,0.015707801777422516,0.023785165037885525,0.0002467350366787979
144,0,0,144,0.015707801777422738,0.02936636508655366,0.00024673503667880495
145,1,0,145,0.015707801777422595,0.020637452496687247,0.0002467350366788004
146,0,0,146,0.01570780177742245,0.02436077135924397,0.00024673503667879584
147,0,0,147,0.01570780177742259,0.01953611735260896,0.0002467350366788002
148,0,0,148,0.015707801777422505,0.02321682538793013,0.0002467350366787976
149,1,0,149,0.01570780177742258,0.03139335148239719,0.0002467350366788
150,0,0,150,0.015707801777422616,0.021917116096409783,0.00024673503667880104
151,0,0,151,0.01570780177742255,0.024266781456589337,0.0002467350366787991
152,1,0,152,0.015707801777422706,0.011838787694951725,0.00024673503667880386
153,1,0,153,0.015707801777422592,0.020520725964945807,0.0002467350366788003
154,1,0,154,0.01570780177742257,0.011732166943144273,0.00024673503667879974
155,1,0,155,0.015707801777422672,0.030353658292407548,0.00024673503667880283
156,1,0,156,0.01570780177742268,0.028846162891637883,0.00024673503667880305
157,1,0,157,0.015707801777422585,0.031245421455177502,0.0002467350366788001
158,1,0,158,0.015707801777422706,0.003370475284356411,0.00024673503667880386
159,0,0,159,0.015707801777422675,0.01836472926764854,0.00024673503667880294
160,1,0,160,0.015707801777422762,0.024288584494251753,0.00024673503667880565
161,0,0,161,0.015707801777422658,0.030929045362406704,0.00024673503667880234
162,1,0,162,0.01570780177742274,0.027738508191987976,0.00024673503667880506
163,1,0,163,0.015707801777422564,0.030986985730994177,0.0002467350366787994
164,1,0,164,0.015707801777422665,0.030649902219783587,0.0002467350366788026
165,1,0,165,0.01570780177742254,0.031368222677504526,0.0002467350366787987
166,0,0,166,0.015707801777422488,0.029535018668652824,0.00024673503667879703
167,1,0,167,0.015707801777422436,0.018793108872205755,0.00024673503667879546
168,1,0,168,0.015707801777422602,0.025154246858407614,0.0002467350366788007
169,0,0,169,0.015707801777422727,0.029363711736805853,0.00024673503667880457
170,1,0,170,0.015707801777422592,0.022731661183923224,0.0002467350366788003
171,1,0,171,0.015707801777422637,0.000125573609905949,0.0002467350366788017
172,1,0,172,0.0157078017774225,0.02513380172495716,0.0002467350366787973
173,0,0,173,0.01570780177742254,0.02874693466538425,0.0002467350366787987
174,0,0,174,0.01570780177742262,0.023012713034287646,0.00024673503667880115
175,1,0,175,0.015707801777422533,0.03138335881099502,0.00024673503667879855
176,1,0,176,0.01570780177742264,0.007617096545908808,0.0002467350366788018
177,1,0,177,0.015707801777422505,0.030425231212043657,0.00024673503667879763
178,1,0,178,0.01570780177742271,0.006297176808690574,0.00024673503667880386
179,0,0,179,0.01570780177742252,0.031050305404834333,0.000246735036678798
180,0,0,180,0.015707801777422654,0.028193008488507587,0.0002467350366788023
181,0,0,181,0.01570780177742271,0.025561275165736363,0.0002467350366788041
182,1,0,182,0.01570780177742242,0.02459603567866564,0.0002467350366787949
183,1,0,183,0.0157078017774227,0.01482185606445463,0.00024673503667880365
184,1,0,184,0.0157078017774227,0.018325534618016448,0.00024673503667880365
185,0,0,185,0.01570780177742262,0.021427562525935473,0.00024673503667880126
186,1,0,186,0.0157078017774226,0.03075908801644084,0.00024673503667880056
187,1,0,187,0.015707801777422665,0.015290925781322073,0.00024673503667880256
188,0,0,188,0.015707801777422543,0.028068068978688854,0.0002467350366787989
189,1,0,189,0.015707801777422564,0.024492702996409044,0.0002467350366787995
190,1,0,190,0.01570780177742258,0.012191695177989015,0.00024673503667880007
191,0,0,191,0.01570780177742257,0.025280257739351386,0.00024673503667879974
192,0,0,192,0.015707801777422686,0.01407596986426718,0.00024673503667880327
193,1,0,193,0.015707801777422672,0.003541884452446409,0.00024673503667880283
194,0,0,194,0.01570780177742251,0.02465646188027315,0.0002467350366787977
195,0,0,195,0.015707801777422762,0.028879901924262597,0.0002467350366788057
196,0,0,196,0.015707801777422644,0.006543467866909181,0.00024673503667880186
197,1,0,197,0.015707801777422682,0.01901584132802525,0.0002467350366788032
198,0,0,198,0.01570780177742259,0.022171103805081582,0.00024673503667880023
199,1,0,199,0.015707801777422554,0.011799721440703959,0.0002467350366787991
200,0,0,200,0.015707801777422578,0.02834439736121086,0.0002467350366787999
201,0,0,201,0.015707801777422776,0.008766218214480759,0.0002467350366788061
202,0,0,202,0.01570780177742259,0.020309258954829934,0.0002467350366788003
203,1,0,203,0.015707801777422578,0.016588190646956935,0.0002467350366787998
204,1,0,204,0.01570780177742267,0.019193290145268938,0.0002467350366788028
205,1,0,205,0.015707801777422568,0.03097980972723635,0.0002467350366787995
206,0,0,206,0.015707801777422696,0.030855971201563137,0.0002467350366788036
207,1,0,207,0.015707801777422575,0.03139316763378863,0.00024673503667879974
208,0,0,208,0.01570780177742255,0.026534658430759084,0.000246735036678799
209,0,0,209,0.01570780177742262,0.001351413939876922,0.0002467350366788012
210,1,0,210,0.015707801777422634,0.028748090544888028,0.00024673503667880164
211,0,0,211,0.015707801777422523,0.02634361789229067,0.00024673503667879817
212,0,0,212,0.015707801777422696,0.02460885369557908,0.00024673503667880365
213,0,0,213,0.01570780177742246,0.006714397233154701,0.00024673503667879616
214,1,0,214,0.01570780177742261,0.030608221582555384,0.0002467350366788009
215,1,0,215,0.01570780177742254,0.03131227584190077,0.00024673503667879866
216,1,0,216,0.01570780177742274,0.022212696294173107,0.000246735036678805
217,1,0,217,0.01570780177742273,0.031017606566003775,0.00024673503667880473
218,1,0,218,0.01570780177742257,0.023319024546581746,0.00024673503667879963
219,1,0,219,0.015707801777422745,0.004111583865187063,0.00024673503667880516
220,0,0,220,0.015707801777422585,0.031221128503003737,0.0002467350366788001
221,1,0,221,0.015707801777422557,0.0215590143748563,0.00024673503667879925
222,0,0,222,0.01570780177742265,0.010280026390557806,0.00024673503667880213
223,1,0,223,0.015707801777422547,0.027572646444591897,0.0002467350366787989
224,0,0,224,0.015707801777422585,0.01558351955488213,0.0002467350366788001
225,1,0,225,0.015707801777422613,0.004949413558161808,0.000246735036678801
226,0,0,226,0.015707801777422595,0.018972363743885667,0.00024673503667880045
227,0,0,227,0.015707801777422536,0.028938390980837725,0.0002467350366787986
228,1,0,228,0.015707801777422578,0.026679992248299866,0.00024673503667879985
229,0,0,229,0.01570780177742261,0.023361150857315494,0.0002467350366788009
230,0,0,230,0.015707801777422557,0.03134991930651246,0.00024673503667879925
231,0,0,231,0.015707801777422536,0.02720587786901607,0.00024673503667879855
232,0,0,232,0.015707801777422443,0.022739381654209856,0.00024673503667879573
233,0,0,233,0.01570780177742255,0.007426569420144746,0.00024673503667879904
234,1,0,234,0.0157078017774227,0.008244416617480876,0.0002467350366788036
235,1,0,235,0.015707801777422637,0.016539234188113205,0.0002467350366788017
236,0,0,236,0.0157078017774226,0.0061811487920107044,0.0002467350366788005
237,1,0,237,0.015707801777422616,0.031081856525178364,0.0002467350366788011
238,1,0,238,0.015707801777422543,0.0008108582027210876,0.0002467350366787988
239,0,0,239,0.01570780177742267,0.019347068627319164,0.0002467350366788027
240,0,0,240,0.015707801777422602,0.027848496347546714,0.00024673503667880066
241,0,0,241,0.015707801777422665,0.03139093463943443,0.00024673503667880267
242,1,0,242,0.015707801777422568,0.03129310892528259,0.00024673503667879963
243,0,0,243,0.01570780177742273,0.022212677407172476,0.0002467350366788047
244,0,0,244,0.015707801777422592,0.008947242214891293,0.00024673503667880034
245,0,0,245,0.01570780177742255,0.030150592627067985,0.00024673503667879904
246,0,0,246,0.015707801777422516,0.013414183489410592,0.00024673503667879795
247,1,0,247,0.01570780177742276,0.02279887726531049,0.00024673503667880554
248,1,0,248,0.01570780177742258,0.009090005783380262,0.0002467350366788
249,1,0,249,0.015707801777422595,0.022415812131729274,0.00024673503667880045
250,0,0,250,0.015707801777422623,0.029820490439164793,0.00024673503667880126
251,1,0,251,0.01570780177742256,0.006013981142777292,0.00024673503667879925
252,1,0,252,0.015707801777422557,0.0013132121059957758,0.00024673503667879904
253,0,0,253,0.01570780177742276,0.029964940846509247,0.00024673503667880554
254,1,0,254,0.015707801777422568,0.018776952996262697,0.0002467350366787996
255,1,0,255,0.015707801777422686,0.03136552447144625,0.00024673503667880327
256,1,0,256,0.01570780177742246,0.0033970823726379162,0.0002467350366787961
257,0,0,257,0.01570780177742255,0.00878678358306395,0.000246735036678799
258,1,0,258,0.01570780177742271,0.0019757640950588407,0.00024673503667880397
259,1,0,259,0.015707801777422595,0.02557611580380592,0.0002467350366788004
260,1,0,260,0.015707801777422564,0.030070907858111395,0.0002467350366787994
261,0,0,261,0.01570780177742287,0.015464642811395812,0.0002467350366788091
262,1,0,262,0.01570780177742264,0.023117379784443726,0.00024673503667880186
263,1,0,263,0.015707801777422647,0.019716303514102362,0.000246735036678802
264,0,0,264,0.01570780177742263,0.0291676914896416,0.00024673503667880153
265,0,0,265,0.015707801777422554,0.0018889773263914833,0.0002467350366787991
266,0,0,266,0.015707801777422748,0.02937996517406527,0.00024673503667880527
267,1,0,267,0.015707801777422654,0.02453368427983338,0.00024673503667880234
268,0,0,268,0.015707801777422595,0.009467220653987418,0.0002467350366788004
269,1,0,269,0.01570780177742261,0.01646917948286597,0.00024673503667880094
270,0,0,270,0.015707801777422547,0.029868758165213283,0.0002467350366787989
271,1,0,271,0.015707801777422516,0.004153227324146691,0.00024673503667879785
272,0,0,272,0.01570780177742277,0.029594000010742083,0.00024673503667880587
273,0,0,273,0.015707801777422627,0.013158878802715046,0.0002467350366788014
274,0,0,274,0.015707801777422793,0.025193155351323382,0.0002467350366788067
275,0,0,275,0.015707801777422547,0.01416792706923875,0.0002467350366787989
276,0,0,276,0.015707801777422613,0.0028665613459657457,0.00024673503667880094
277,1,0,277,0.0157078017774226,0.025026709904676148,0.00024673503667880056
278,1,0,278,0.01570780177742249,0.0022475264452834764,0.0002467350366787972
279,1,0,279,0.015707801777422575,0.018670147256905745,0.0002467350366787998
280,0,0,280,0.015707801777422557,0.006158538513769463,0.00024673503667879915
281,0,0,281,0.015707801777422557,0.005362537463749373,0.0002467350366787992
282,1,0,282,0.015707801777422523,0.021989630013921735,0.00024673503667879817
283,1,0,283,0.015707801777422616,0.03085694531934513,0.00024673503667880104
284,1,0,284,0.015707801777422602,0.029197824602073208,0.00024673503667880066
285,0,0,285,0.0157078017774226,0.027484954818439822,0.0002467350366788005
286,1,0,286,0.015707801777422477,0.007247454910723317,0.0002467350366787967
287,0,0,287,0.015707801777422554,0.021656141555386643,0.0002467350366787991
288,0,0,288,0.015707801777422526,0.02761797159815571,0.00024673503667879833
289,1,0,289,0.01570780177742254,0.023544344639796044,0.0002467350366787987
290,0,0,290,0.01570780177742267,0.013016025396983544,0.0002467350366788027
291,1,0,291,0.015707801777422634,0.031204201861147862,0.00024673503667880164
292,0,0,292,0.015707801777422554,0.03125344969069144,0.00024673503667879915
293,1,0,293,0.015707801777422627,0.02255588910516182,0.00024673503667880137
294,0,0,294,0.015707801777422564,0.010354145219427568,0.00024673503667879947
295,0,0,295,0.015707801777422606,0.0017694729086512595,0.0002467350366788008
296,0,0,296,0.015707801777422536,0.020865811757534658,0.00024673503667879855
297,0,0,297,0.015707801777422634,0.012154546098135155,0.0002467350366788016
298,1,0,298,0.015707801777422686,0.030635458740433275,0.0002467350366788033
299,1,0,299,0.015707801777422745,0.019795193994327942,0.0002467350366788051
300,0,0,300,0.015707801777422623,0.017308886326458772,0.0002467350366788013
301,0,0,301,0.015707801777422634,0.009903317132773148,0.00024673503667880164
302,1,0,302,0.01570780177742256,0.02751651765468166,0.0002467350366787993
303,0,0,303,0.0157078017774225,0.026537064283967737,0.00024673503667879736
304,1,0,304,0.015707801777422505,0.009539121609705825,0.0002467350366787975
305,0,0,305,0.01570780177742256,0.03082220578835071,0.0002467350366787993
306,1,0,306,0.015707801777422665,0.029277826577927768,0.0002467350366788026
307,0,0,307,0.015707801777422606,0.0015455817014999873,0.0002467350366788007
308,0,0,308,0.015707801777422686,0.005280303219261873,0.00024673503667880327
309,0,0,309,0.015707801777422634,0.024621028626705233,0.0002467350366788016
310,0,0,310,0.015707801777422585,0.0013782153385148987,0.0002467350366788001
311,0,0,311,0.015707801777422578,0.031196720785461984,0.0002467350366787999
312,0,0,312,0.015707801777422713,0.0005837374152664054,0.0002467350366788041
313,0,0,313,0.015707801777422547,0.00027896264835303164,0.0002467350366787988
314,1,0,314,0.01570780177742248,0.01116502677568909,0.00024673503667879676
315,0,0,315,0.015707801777422564,0.030971864869221155,0.00024673503667879947
316,0,0,316,0.015707801777422713,0.007996805334547608,0.0002467350366788041
317,1,0,317,0.015707801777422595,0.029272650649056153,0.00024673503667880045
318,1,0,318,0.015707801777422644,0.02677466123379424,0.0002467350366788019
319,1,0,319,0.015707801777422672,0.030098284397680808,0.00024673503667880283
320,0,0,320,0.01570780177742253,0.004763875083542368,0.0002467350366787984
321,1,0,321,0.01570780177742262,0.008595589893427569,0.0002467350366788011
322,0,0,322,0.01570780177742276,0.027962646910442923,0.00024673503667880554
323,0,0,323,0.015707801777422654,0.00159334705516323,0.0002467350366788023
324,1,0,324,0.015707801777422592,0.0041525301463207764,0.0002467350366788003
325,1,0,325,0.015707801777422602,0.01378950545384372,0.00024673503667880066
326,0,0,326,0.015707801777422682,0.015329471862118416,0.0002467350366788031
327,1,0,327,0.01570780177742272,0.03108585960911958,0.00024673503667880435
328,1,0,328,0.01570780177742271,0.017078938892559847,0.000246735036678804
329,1,0,329,0.015707801777422533,0.02798882582063611,0.00024673503667879855
330,0,0,330,0.0157078017774226,0.03009465862134253,0.0002467350366788005
331,1,0,331,0.015707801777422675,0.005003870753473638,0.00024673503667880294
332,0,0,332,0.015707801777422505,0.02942323460523788,0.00024673503667879763
333,1,0,333,0.015707801777422793,0.02184737145709348,0.00024673503667880663
334,1,0,334,0.01570780177742252,0.03042570437820813,0.000246735036678798
335,1,0,335,0.015707801777422696,0.02400302470306581,0.00024673503667880354
336,0,0,336,0.015707801777422595,0.023267726738574135,0.00024673503667880045
337,0,0,337,0.015707801777422738,0.01752637123980394,0.0002467350366788049
338,0,0,338,0.015707801777422748,0.030063165753138943,0.00024673503667880516
339,0,0,339,0.015707801777422693,0.016417123477030726,0.00024673503667880354
340,1,0,340,0.015707801777422557,0.014990442775709267,0.00024673503667879915
341,0,0,341,0.01570780177742258,0.024338871686814922,0.00024673503667880007
342,1,0,342,0.015707801777422488,0.01957297757133314,0.00024673503667879703
343,1,0,343,0.0157078017774226,0.019089090103802997,0.00024673503667880056
344,1,0,344,0.015707801777422602,0.030672743600991925,0.00024673503667880066
345,1,0,345,0.015707801777422613,0.011614394761384927,0.00024673503667880094
346,1,0,346,0.015707801777422578,0.004881524584655628,0.00024673503667879985
347,0,0,347,0.015707801777422543,0.012083240503167225,0.00024673503667879877
348,1,0,348,0.015707801777422627,0.013113348944505665,0.00024673503667880137
349,1,0,349,0.015707801777422654,0.012302020218093235,0.00024673503667880224
350,1,0,350,0.01570780177742259,0.030665955182482163,0.00024673503667880023
351,0,0,351,0.0157078017774226,0.0047039734971587865,0.00024673503667880056
352,1,0,352,0.015707801777422578,0.01171316049714255,0.00024673503667879985
353,1,0,353,0.015707801777422634,0.016528081341624423,0.00024673503667880164
354,0,0,354,0.0157078017774226,0.011361331309278633,0.0002467350366788005
355,0,0,355,0.015707801777422568,0.02886585451064483,0.0002467350366787996
356,0,0,356,0.01570780177742254,0.009145934116490118,0.00024673503667879866
357,0,0,357,0.01570780177742261,0.02996794605552444,0.0002467350366788009
358,0,0,358,0.015707801777422543,0.017117048248010747,0.0002467350366787988
359,0,0,359,0.01570780177742264,0.02812593559185461,0.00024673503667880186
360,0,0,360,0.015707801777422616,0.028264027873340813,0.0002467350366788011
361,0,0,361,0.015707801777422592,0.002557762689770371,0.00024673503667880023
362,0,0,362,0.01570780177742263,0.013591839744847123,0.0002467350366788015
363,0,0,363,0.01570780177742259,0.006446569855709239,0.0002467350366788002
364,0,0,364,0.015707801777422644,0.030476139313923456,0.000246735036678802
365,0,0,365,0.015707801777422557,0.02016676844142884,0.0002467350366787992
366,1,0,366,0.015707801777422585,0.03076854695125386,0.0002467350366788001
367,1,0,367,0.015707801777422575,0.015332531563008844,0.00024673503667879985
368,1,0,368,0.01570780177742262,0.022018973898789707,0.00024673503667880126
369,0,0,369,0.01570780177742268,0.014385614165447258,0.000246735036678803
370,1,0,370,0.01570780177742273,0.031103795266455014,0.00024673503667880473
371,0,0,371,0.01570780177742258,0.031175041616278487,0.00024673503667880007
372,0,0,372,0.015707801777422477,0.004350926832524582,0.0002467350366787967
373,1,0,373,0.015707801777422748,0.02504058629976491,0.00024673503667880527
374,1,0,374,0.01570780177742252,0.01504548419183016,0.00024673503667879806
375,1,0,375,0.01570780177742272,0.028917413789730007,0.00024673503667880424
376,0,0,376,0.015707801777422654,0.03138353990719289,0.00024673503667880224
377,1,0,377,0.015707801777422578,0.03106065976240191,0.00024673503667879985
378,0,0,378,0.015707801777422502,0.019374131707204256,0.0002467350366787974
379,0,0,379,0.015707801777422724,1.3292138360654349e-05,0.00024673503667880446
380,1,0,380,0.015707801777422592,0.03022090636001251,0.0002467350366788003
381,0,0,381,0.015707801777422693,0.030856554152134397,0.00024673503667880354
382,0,0,382,0.015707801777422606,0.03020755334021963,0.0002467350366788007
383,1,0,383,0.01570780177742253,0.028299479449462095,0.00024673503667879833
384,1,0,384,0.015707801777422495,0.0008286883681445367,0.0002467350366787973
385,0,0,385,0.01570780177742268,0.016979886884588513,0.000246735036678803
386,0,0,386,0.015707801777422658,0.025157094388631673,0.00024673503667880245
387,0,0,387,0.01570780177742248,0.02317081817944877,0.0002467350366787968
388,1,0,388,0.015707801777422536,0.00485351437514181,0.00024673503667879855
389,1,0,389,0.015707801777422637,0.029283119307186745,0.00024673503667880175
390,1,0,390,0.015707801777422523,0.02520629146638287,0.0002467350366787981
391,0,0,391,0.015707801777422592,0.0299885150932665,0.0002467350366788003
392,1,0,392,0.015707801777422682,0.03016069176481251,0.0002467350366788031
393,0,0,393,0.015707801777422637,0.004810775056659944,0.0002467350366788017
394,1,0,394,0.015707801777422557,0.00736216203515383,0.00024673503667879925
395,0,0,395,0.015707801777422595,0.017872193516377255,0.0002467350366788004
396,1,0,396,0.015707801777422602,0.02970951569225566,0.00024673503667880066
397,1,0,397,0.01570780177742248,0.014452793248928675,0.00024673503667879676
398,0,0,398,0.0157078017774227,0.03137488386979026,0.0002467350366788036
399,0,0,399,0.015707801777422585,0.01550099357840784,0.00024673503667880007
400,0,0,400,0.015707801777422554,0.009806641693738571,0.0002467350366787991
401,1,0,401,0.015707801777422654,0.03120855713296905,0.00024673503667880224
402,0,0,402,0.015707801777422467,0.026607609860332726,0.0002467350366787965
403,1,0,403,0.01570780177742259,0.004688942523595863,0.00024673503667880023
404,0,0,404,0.015707801777422654,0.0019051334694619726,0.0002467350366788022
405,0,0,405,0.015707801777422693,0.012553471291919749,0.0002467350366788035
406,1,0,406,0.015707801777422578,0.017957923422050825,0.00024673503667879996
407,0,0,407,0.015707801777422592,0.030358747981538814,0.00024673503667880034
408,1,0,408,0.01570780177742258,0.007449593557956602,0.00024673503667879996
409,0,0,409,0.015707801777422543,0.028553155091559423,0.00024673503667879877
410,1,0,410,0.015707801777422672,0.031110966599609657,0.0002467350366788028
411,1,0,411,0.015707801777422568,0.03134544294737013,0.00024673503667879947
412,0,0,412,0.015707801777422495,0.02757093033130864,0.0002467350366787973
413,0,0,413,0.015707801777422786,0.03119409867745382,0.00024673503667880646
414,0,0,414,0.01570780177742256,0.03102494869375305,0.0002467350366787993
415,1,0,415,0.015707801777422654,0.02061603762250508,0.00024673503667880224
416,0,0,416,0.015707801777422533,0.027535973423351567,0.00024673503667879844
417,1,0,417,0.015707801777422634,0.020458306260824122,0.0002467350366788016
418,0,0,418,0.01570780177742258,0.012080170503376397,0.00024673503667879996
419,0,0,419,0.01570780177742259,0.028687018061226977,0.0002467350366788002
420,0,0,420,0.01570780177742264,0.029982307905392025,0.00024673503667880186
421,1,0,421,0.015707801777422665,0.029585966240052053,0.00024673503667880267
422,1,0,422,0.01570780177742274,0.021522044377494165,0.00024673503667880506
423,0,0,423,0.01570780177742269,0.03125313062056562,0.0002467350366788034
424,0,0,424,0.01570780177742263,0.01788716332816409,0.0002467350366788015
425,1,0,425,0.015707801777422765,0.027502970063422727,0.0002467350366788058
426,0,0,426,0.015707801777422606,0.016966236693752856,0.00024673503667880077
427,0,0,427,0.01570780177742256,0.0003173526154551798,0.0002467350366787993
428,1,0,428,0.015707801777422585,0.03141252222832891,0.0002467350366788002
429,1,0,429,0.01570780177742267,0.011693460099188036,0.00024673503667880267
430,1,0,430,0.01570780177742274,0.02874175615649066,0.000246735036678805
431,1,0,431,0.015707801777422575,0.030787647041496058,0.0002467350366787998
432,1,0,432,0.015707801777422647,0.009809788967199307,0.0002467350366788019
433,0,0,433,0.015707801777422623,0.025550604968330504,0.00024673503667880126
434,0,0,434,0.015707801777422786,0.02788942849325693,0.0002467350366788064
435,1,0,435,0.015707801777422547,0.007001761567992704,0.0002467350366787989
436,0,0,436,0.015707801777422623,0.021732518687747726,0.00024673503667880126
437,0,0,437,0.01570780177742254,0.031390885940958624,0.0002467350366787987
438,0,0,438,0.015707801777422706,0.004526467415062907,0.0002467350366788038
439,0,0,439,0.015707801777422675,0.027885627430721205,0.00024673503667880294
440,1,0,440,0.015707801777422623,0.004473372872955794,0.0002467350366788013
441,1,0,441,0.015707801777422602,0.02464795986138557,0.00024673503667880066
442,0,0,442,0.01570780177742266,0.01483075536177858,0.0002467350366788025
443,1,0,443,0.015707801777422613,0.018544056290848543,0.0002467350366788009
444,1,0,444,0.015707801777422647,0.01825257361032495,0.00024673503667880213
445,0,0,445,0.015707801777422477,0.018218858460057996,0.00024673503667879676
446,1,0,446,0.015707801777422696,0.025505846792792664,0.0002467350366788036
447,1,0,447,0.015707801777422592,0.019571297214562966,0.0002467350366788003
448,1,0,448,0.01570780177742251,0.027974088306393363,0.0002467350366787978
449,0,0,449,0.015707801777422585,0.030517121066451547,0.0002467350366788002
450,0,0,450,0.01570780177742269,0.031407272995385316,0.0002467350366788034
451,0,0,451,0.015707801777422647,0.00048784493424558484,0.0002467350366788021
452,1,0,452,0.015707801777422536,0.026774765271063927,0.00024673503667879855
453,1,0,453,0.015707801777422568,0.03081279704423079,0.00024673503667879963
454,0,0,454,0.01570780177742271,0.02788123384692609,0.0002467350366788041
455,0,0,455,0.015707801777422623,0.025065542596595103,0.00024673503667880137
456,1,0,456,0.01570780177742261,0.027807732881721225,0.00024673503667880077
457,1,0,457,0.015707801777422526,0.01766858798246429,0.0002467350366787983
458,0,0,458,0.015707801777422543,0.00924254148787318,0.00024673503667879877
459,0,0,459,0.015707801777422613,0.003755327558776056,0.000246735036678801
460,1,0,460,0.015707801777422675,0.026997513078284685,0.00024673503667880294
461,0,0,461,0.015707801777422606,0.028061741740859514,0.0002467350366788007
462,1,0,462,0.015707801777422578,0.031415153938228246,0.0002467350366787999
463,1,0,463,0.0157078017774225,0.027436591841728863,0.00024673503667879736
464,0,0,464,0.015707801777422623,0.015359386525023444,0.00024673503667880126
465,0,0,465,0.015707801777422647,0.005024764770678036,0.000246735036678802
466,0,0,466,0.015707801777422748,0.031373706295591997,0.0002467350366788052
467,0,0,467,0.015707801777422443,0.02574311646705474,0.0002467350366787957
468,0,0,468,0.015707801777422696,0.008032988011839715,0.00024673503667880354
469,1,0,469,0.015707801777422606,0.030562922059565012,0.0002467350366788007
470,1,0,470,0.015707801777422693,0.008182762555829282,0.0002467350366788035
471,1,0,471,0.0157078017774228,0.006115140136519592,0.00024673503667880684
472,0,0,472,0.015707801777422505,0.013389053545891594,0.00024673503667879763
473,1,0,473,0.01570780177742262,0.009955298316736583,0.00024673503667880115
474,1,0,474,0.015707801777422616,0.012988231835927344,0.0002467350366788011
475,0,0,475,0.0157078017774225,0.01571083278375407,0.0002467350366787973
476,0,0,476,0.015707801777422557,0.031241090437249958,0.00024673503667879925
477,0,0,477,0.015707801777422693,0.029952961492558328,0.00024673503667880343
478,0,0,478,0.01570780177742259,9.935108470160436e-05,0.0002467350366788002
479,0,0,479,0.015707801777422703,0.030320993132287644,0.00024673503667880375
480,0,0,480,0.01570780177742249,0.018809823656852354,0.00024673503667879714
481,1,0,481,0.015707801777422543,0.01076287177549995,0.00024673503667879877
482,1,0,482,0.0157078017774227,0.016633640343311162,0.00024673503667880375
483,1,0,483,0.015707801777422543,0.03139045097913129,0.00024673503667879877
484,0,0,484,0.015707801777422724,0.021352704389357324,0.0002467350366788045
485,0,0,485,0.015707801777422637,0.022914175849891194,0.00024673503667880175
486,1,0,486,0.0157078017774226,0.0015607897302545304,0.0002467350366788005
487,0,0,487,0.01570780177742268,0.027263889130627605,0.0002467350366788031
488,1,0,488,0.015707801777422575,0.011827120575373051,0.00024673503667879974
489,1,0,489,0.01570780177742258,0.005448496729726804,0.0002467350366788
490,1,0,490,0.015707801777422734,0.026776375861156998,0.00024673503667880484
491,0,0,491,0.01570780177742266,0.030122251561592095,0.00024673503667880256
492,1,0,492,0.01570780177742245,0.03085877773386836,0.00024673503667879584
493,1,0,493,0.015707801777422724,0.027516274770021276,0.0002467350366788045
494,1,0,494,0.015707801777422564,0.031414650391859256,0.0002467350366787994
495,0,0,495,0.015707801777422578,0.027249875200691775,0.00024673503667879985
496,1,0,496,0.015707801777422623,0.021950678617346675,0.0002467350366788013
497,0,0,497,0.01570780177742266,0.02866928496061416,0.0002467350366788025
498,1,0,498,0.015707801777422713,0.03044040268651349,0.00024673503667880413
499,1,0,499,0.015707801777422578,0.013012778676138925,0.0002467350366787999
500,0,0,500,0.015707801777422578,0.0010813662571886873,0.0002467350366787999
501,0,0,501,0.015707801777422658,0.030665916256619408,0.0002467350366788024
502,1,0,502,0.015707801777422686,0.03137114869597757,0.0002467350366788032
503,0,0,503,0.015707801777422488,0.028067376873030292,0.00024673503667879703
504,1,0,504,0.01570780177742257,0.029433340187258406,0.0002467350366787997
505,1,0,505,0.015707801777422568,0.019368200700885962,0.0002467350366787995
506,1,0,506,0.01570780177742261,0.013016468932174785,0.0002467350366788008
507,1,0,507,0.015707801777422807,0.019958664854141883,0.000246735036678807
508,0,0,508,0.015707801777422647,0.016357181873454252,0.000246735036678802
509,0,0,509,0.01570780177742265,0.007324338561876198,0.0002467350366788022
510,1,0,510,0.015707801777422557,0.02976409160104787,0.0002467350366787992
511,0,0,511,0.015707801777422602,0.026157419671448023,0.0002467350366788006
512,0,0,512,0.01570780177742262,0.013524167605615034,0.0002467350366788012
513,1,0,513,0.015707801777422547,0.025957490930943683,0.0002467350366787989
514,1,0,514,0.01570780177742264,0.024165200144771415,0.0002467350366788018
515,0,0,515,0.01570780177742278,0.029303640102565365,0.00024673503667880625
516,1,0,516,0.015707801777422578,0.03138759818730197,0.0002467350366787999
517,1,0,517,0.015707801777422592,0.014091686853516583,0.00024673503667880034
518,1,0,518,1.9999383152895793,0.3719107080367482,0.0002467350366788088
519,0,0,519,0.015707801777422675,0.029564708932903527,0.000246735036678803
520,1,0,520,0.015707801777422564,0.01013690526373101,0.00024673503667879947
521,0,0,521,0.01570780177742262,0.01609444187253506,0.00024673503667880115
522,0,0,522,0.01570780177742266,0.024864012437275873,0.0002467350366788025
523,1,0,523,0.015707801777422634,0.008901219919204673,0.0002467350366788016
524,1,0,524,0.015707801777422592,0.004163845295843904,0.00024673503667880034
525,1,0,525,0.015707801777422613,0.03042231970661513,0.00024673503667880094
526,1,0,526,0.015707801777422616,0.03139391786343848,0.00024673503667880115
527,0,0,527,0.015707801777422634,0.029030222455345034,0.00024673503667880164
528,1,0,528,0.01570780177742274,0.028703608148443527,0.00024673503667880495
529,0,0,529,0.015707801777422623,0.025843682488768005,0.00024673503667880126
530,1,0,530,0.015707801777422568,0.027825144494162735,0.0002467350366787996
531,1,0,531,0.015707801777422602,0.004266173101100668,0.00024673503667880056
532,0,0,532,0.015707801777422696,0.03111650983256664,0.0002467350366788036
533,0,0,533,0.01570780177742258,0.0022054421681825254,0.0002467350366788
534,0,0,534,0.015707801777422578,0.030116030378809278,0.00024673503667879985
535,1,0,535,0.015707801777422543,0.022440195020667186,0.00024673503667879877
536,0,0,536,0.015707801777422568,0.030657271129369112,0.0002467350366787995
537,0,0,537,0.015707801777422512,0.011972176421027658,0.0002467350366787978
538,1,0,538,0.015707801777422575,0.0006699636842897316,0.0002467350366787998
539,0,0,539,0.015707801777422693,0.027019750508770812,0.0002467350366788035
540,1,0,540,0.015707801777422575,0.017338556273214012,0.0002467350366787998
541,1,0,541,0.015707801777422606,0.02351009403170723,0.0002467350366788007
542,0,0,542,0.015707801777422634,0.008116729583903304,0.0002467350366788016
543,0,0,543,0.01570780177742253,0.012438334736976309,0.00024673503667879833
544,0,0,544,0.01570780177742259,0.007115572401813708,0.00024673503667880023
545,0,0,545,0.015707801777422682,0.020190478430339498,0.0002467350366788032
546,0,0,546,0.01570780177742262,0.03040243070514126,0.0002467350366788012
547,1,0,547,0.015707801777422672,0.025836652447914554,0.00024673503667880283
548,0,0,548,0.015707801777422613,0.012766467591533104,0.000246735036678801
549,0,0,549,0.015707801777422623,0.020505502481411142,0.0002467350366788013
550,1,0,550,0.015707801777422554,0.0035101749464290233,0.0002467350366787991
551,0,0,551,0.015707801777422634,0.019843371754745265,0.00024673503667880164
552,1,0,552,0.015707801777422554,0.011083626211840114,0.00024673503667879915
553,1,0,553,0.01570780177742261,0.03003943987114599,0.0002467350366788009
554,0,0,554,0.015707801777422554,0.02238464407398344,0.00024673503667879915
555,0,0,555,0.01570780177742249,0.01408258408584473,0.0002467350366787972
556,0,0,556,0.015707801777422568,0.009776813332799783,0.0002467350366787996
557,0,0,557,0.015707801777422654,0.029256549793548525,0.00024673503667880234
558,1,0,558,0.015707801777422474,0.004480940977422243,0.00024673503667879665
559,1,0,559,0.015707801777422654,0.012519912220992913,0.00024673503667880224
560,0,0,560,0.015707801777422505,0.025788194223303806,0.00024673503667879763
561,0,0,561,0.015707801777422523,0.029768263683681573,0.00024673503667879817
562,0,0,562,0.01570780177742259,0.03122831501815726,0.0002467350366788002
563,1,0,563,0.015707801777422613,0.01669419654500559,0.00024673503667880094
564,1,0,564,0.015707801777422505,0.02660198980706374,0.0002467350366787976
565,1,0,565,0.01570780177742259,0.02777422421742204,0.00024673503667880023
566,0,0,566,0.015707801777422512,0.03134928590745245,0.00024673503667879774
567,1,0,567,0.015707801777422547,0.025720616937268348,0.0002467350366787989
568,1,0,568,0.01570780177742261,0.02918393180166512,0.00024673503667880094
569,1,0,569,0.01570780177742273,0.013092848356652365,0.0002467350366788047
570,1,0,570,0.01570780177742254,0.029904765166420155,0.0002467350366787987
571,0,0,571,0.01570780177742263,0.0006634099634328372,0.0002467350366788014
572,0,0,572,0.015707801777422623,0.025324463313059598,0.00024673503667880126
573,1,0,573,0.015707801777422516,0.024228879322274466,0.00024673503667879795
574,1,0,574,0.015707801777422824,0.02224607703308812,0.00024673503667880766
575,1,0,575,0.015707801777422564,0.0120663324733703,0.00024673503667879936
576,0,0,576,0.01570780177742257,0.0065056377690579925,0.0002467350366787997
577,1,0,577,0.015707801777422557,0.025185035280383516,0.0002467350366787992
578,1,0,578,0.01570780177742263,0.029142892131008735,0.0002467350366788015
579,0,0,579,0.01570780177742255,0.02329652250554859,0.00024673503667879904
580,0,0,580,0.01570780177742267,0.00048786036261172505,0.00024673503667880267
581,0,0,581,0.015707801777422502,0.021824859599499646,0.00024673503667879747
582,0,0,582,0.015707801777422564,0.02873791748326504,0.0002467350366787994
583,0,0,583,0.015707801777422613,0.011969469227676166,0.00024673503667880094
584,1,0,584,0.015707801777422543,0.016025283305629356,0.00024673503667879877
585,0,0,585,0.015707801777422696,0.012087178269482246,0.0002467350366788036
586,1,0,586,0.01570780177742263,0.008439353941315675,0.0002467350366788015
587,0,0,587,0.015707801777422772,0.031098934171775894,0.00024673503667880603
588,1,0,588,0.015707801777422706,0.03141067562968386,0.0002467350366788039
589,0,0,589,0.015707801777422613,0.028298844039605142,0.00024673503667880094
590,0,0,590,0.015707801777422634,0.015789659377631438,0.00024673503667880164
591,0,0,591,0.01570780177742254,0.028591742534641695,0.0002467350366787987
592,0,0,592,0.015707801777422578,0.007261292754515036,0.0002467350366787999
593,0,0,593,0.015707801777422717,0.0014482312642840611,0.0002467350366788043
594,1,0,594,0.015707801777422644,0.021161503898142753,0.0002467350366788019
595,1,0,595,0.01570780177742255,0.003877242044277418,0.000246735036678799
596,0,0,596,0.015707801777422658,0.0033586525992288507,0.0002467350366788024
597,1,0,597,0.01570780177742257,0.028693458777187653,0.00024673503667879963
598,1,0,598,0.015707801777422602,0.031233220617225665,0.0002467350366788007
599,1,0,599,0.015707801777422658,0.016385854319622695,0.0002467350366788024
600,1,0,600,0.015707801777422637,0.024167907745531014,0.0002467350366788017
601,1,0,601,0.015707801777422634,0.025151935085280686,0.0002467350366788016
602,1,0,602,0.015707801777422585,0.019662155941618353,0.0002467350366788001
603,0,0,603,0.015707801777422644,0.009350343870035527,0.0002467350366788019
604,1,0,604,0.0157078017774226,0.016888313574949132,0.00024673503667880056
605,1,0,605,0.015707801777422606,0.006494439574686872,0.0002467350366788007
606,1,0,606,0.015707801777422606,0.009696529296938428,0.0002467350366788007
607,1,0,607,0.015707801777422602,0.029217634643410872,0.0002467350366788007
608,1,0,608,0.015707801777422682,0.0036947678776428905,0.0002467350366788031
609,1,0,609,0.015707801777422464,0.012011187739837892,0.0002467350366787963
610,0,0,610,0.015707801777422557,0.026545623026886345,0.00024673503667879925
611,0,0,611,0.015707801777422665,0.025327397709173693,0.00024673503667880256
612,1,0,612,0.01570780177742261,0.012533336433285358,0.0002467350366788008
613,0,0,613,0.01570780177742253,0.014419954988854178,0.00024673503667879833
614,1,0,614,0.015707801777422578,0.012748200373757124,0.0002467350366787998
615,1,0,615,0.01570780177742272,0.030655020982931047,0.0002467350366788044
616,1,0,616,0.015707801777422547,0.01686593606055453,0.000246735036678799
617,0,0,617,0.015707801777422474,0.01600400554724124,0.00024673503667879665
618,0,0,618,0.015707801777422543,0.030556771150052564,0.0002467350366787989
619,0,0,619,0.015707801777422484,0.02350566736458881,0.000246735036678797
620,0,0,620,0.015707801777422682,0.012403343144268941,0.00024673503667880316
621,0,0,621,0.01570780177742253,0.0280858602266848,0.00024673503667879833
622,0,0,622,0.015707801777422502,0.02179251876252475,0.00024673503667879747
623,1,0,623,0.015707801777422637,0.011548038464687993,0.0002467350366788017
624,1,0,624,0.015707801777422592,0.016688716093973044,0.0002467350366788003
625,1,0,625,0.015707801777422793,0.020786512430288617,0.00024673503667880663
626,1,0,626,0.015707801777422585,0.022408838419735178,0.00024673503667880007
627,1,0,627,0.015707801777422536,0.0068791543301907065,0.0002467350366787986
628,0,0,628,0.01570780177742269,0.0043082253071995424,0.00024673503667880327
629,1,0,629,0.015707801777422543,0.031190906078722658,0.0002467350366787987
630,0,0,630,0.015707801777422543,0.0068223774532487624,0.0002467350366787987
631,0,0,631,0.015707801777422724,0.03012513230233349,0.0002467350366788045
632,1,0,632,0.01570780177742254,0.010618333273779035,0.00024673503667879866
633,1,0,633,0.01570780177742264,0.028268555832781095,0.00024673503667880186
634,1,0,634,0.015707801777422554,0.029790042578201614,0.0002467350366787991
635,0,0,635,0.015707801777422585,0.0188237860286653,0.0002467350366788002
636,1,0,636,0.01570780177742259,0.007688872675961855,0.0002467350366788002
637,0,0,637,0.015707801777422592,0.020021971210700373,0.00024673503667880034
638,0,0,638,0.015707801777422717,0.010515072452518481,0.00024673503667880424
639,0,0,639,0.015707801777422793,0.005123763200260534,0.00024673503667880663
640,1,0,640,0.015707801777422505,0.031024641333745717,0.00024673503667879763
641,0,0,641,0.01570780177742255,0.028651166250644566,0.00024673503667879904
642,0,0,642,0.01570780177742275,0.031358353463755484,0.0002467350366788054
643,1,0,643,0.015707801777422738,0.015854381978357646,0.00024673503667880495
644,0,0,644,0.015707801777422627,0.01455581091299396,0.0002467350366788014
645,0,0,645,0.01570780177742266,0.031017700818423144,0.0002467350366788025
646,1,0,646,0.01570780177742273,0.029878975411834374,0.00024673503667880473
647,0,0,647,0.015707801777422568,0.03130642436171027,0.00024673503667879963
648,1,0,648,0.01570780177742257,0.028503867481961986,0.0002467350366787997
649,0,0,649,0.015707801777422623,0.014353299759892302,0.0002467350366788013
650,1,0,650,0.015707801777422793,0.027384352128689615,0.00024673503667880674
651,1,0,651,0.015707801777422543,0.003273733642201071,0.0002467350366787988
652,1,0,652,0.015707801777422658,0.030821991973175478,0.00024673503667880234
653,0,0,653,0.015707801777422568,0.031395660380563184,0.00024673503667879963
654,1,0,654,0.01570780177742265,0.01807805483835412,0.0002467350366788022
655,0,0,655,0.015707801777422543,0.03141544635399063,0.0002467350366787988
656,0,0,656,0.015707801777422516,0.020835726821849088,0.0002467350366787979
657,0,0,657,0.01570780177742267,0.030764387433270035,0.0002467350366788027
658,0,0,658,0.01570780177742255,0.022956526132895894,0.00024673503667879904
659,1,0,659,0.015707801777422557,0.031054551581901457,0.0002467350366787993
660,1,0,660,0.01570780177742263,0.01860811068725332,0.0002467350366788016
661,1,0,661,0.01570780177742279,0.02470471269520802,0.0002467350366788066
662,1,0,662,0.015707801777422484,0.02966825762495473,0.000246735036678797
663,0,0,663,0.01570780177742259,0.006211255774461799,0.0002467350366788002
664,0,0,664,0.015707801777422505,0.030228491535015167,0.0002467350366787976
665,0,0,665,0.015707801777422675,0.026543301907887784,0.0002467350366788029
666,0,0,666,0.01570780177742267,0.0011975294565880201,0.0002467350366788026
667,0,0,667,0.01570780177742272,0.031014001480234366,0.0002467350366788044
668,1,0,668,0.01570780177742253,0.014487838768721062,0.0002467350366787984
669,0,0,669,0.01570780177742256,0.0018127444667570547,0.0002467350366787993
670,1,0,670,0.01570780177742265,0.029606163227235305,0.00024673503667880224
671,0,0,671,0.015707801777422578,0.0031318431699685068,0.00024673503667879985
672,1,0,672,0.01570780177742254,0.024654627240359384,0.0002467350366787986
673,0,0,673,0.01570780177742258,0.0309077167514894,0.00024673503667879996
674,0,0,674,0.015707801777422647,0.021273578297234197,0.000246735036678802
675,1,0,675,0.015707801777422606,0.02953222230560637,0.0002467350366788007
676,1,0,676,0.015707801777422672,0.030781893973748253,0.00024673503667880283
677,0,0,677,0.015707801777422696,0.015690297952170473,0.00024673503667880365
678,0,0,678,0.015707801777422516,0.01979453565175815,0.00024673503667879785
679,0,0,679,0.015707801777422547,0.03141366741856211,0.0002467350366787988
680,1,0,680,0.015707801777422623,0.03099305202695679,0.00024673503667880137
681,0,0,681,0.015707801777422554,0.022424008387106342,0.0002467350366787992
682,0,0,682,0.0157078017774226,0.010075235385457626,0.00024673503667880056
683,1,0,683,0.01570780177742249,0.027680192185622676,0.00024673503667879714
684,1,0,684,0.015707801777422488,0.029231386663262304,0.00024673503667879703
685,0,0,685,0.015707801777422627,0.01782336861376832,0.0002467350366788015
686,1,0,686,0.015707801777422564,0.0311972978762739,0.00024673503667879947
687,1,0,687,0.015707801777422575,0.0035170888071545114,0.0002467350366787998
688,1,0,688,0.015707801777422616,0.00956602817396357,0.00024673503667880104
689,0,0,689,0.015707801777422644,0.005736907363112831,0.0002467350366788019
690,1,0,690,0.0157078017774227,0.02035422008137755,0.00024673503667880365
691,0,0,691,0.01570780177742253,0.030920943471440143,0.00024673503667879833
692,0,0,692,0.015707801777422568,0.031129653013172276,0.0002467350366787995
693,0,0,693,0.015707801777422602,0.02351688955405562,0.00024673503667880066
694,1,0,694,0.01570780177742274,0.03098171206840261,0.000246735036678805
695,1,0,695,0.015707801777422654,0.031068585812815352,0.00024673503667880234
696,0,0,696,0.015707801777422547,0.03046451033175257,0.0002467350366787989
697,0,0,697,0.015707801777422724,0.0062712559550963665,0.0002467350366788044
698,1,0,698,0.015707801777422637,0.010121818536365401,0.0002467350366788017
699,0,0,699,0.01570780177742266,0.004235012448239095,0.0002467350366788024
700,0,0,700,0.015707801777422564,0.021365985463416504,0.00024673503667879947
701,0,0,701,0.01570780177742286,0.024367178350591212,0.0002467350366788087
702,1,0,702,0.015707801777422682,0.01804715530828549,0.0002467350366788032
703,1,0,703,0.01570780177742256,0.02174571605806297,0.00024673503667879936
704,1,0,704,0.01570780177742264,0.03133100459921023,0.0002467350366788018
705,1,0,705,0.01570780177742257,0.015941487559931078,0.00024673503667879963
706,0,0,706,0.015707801777422557,0.0011882382694130555,0.0002467350366787993
707,0,0,707,0.015707801777422658,0.021105828501086554,0.00024673503667880245
708,0,0,708,0.01570780177742247,0.03046526004418404,0.00024673503667879654
709,0,0,709,0.015707801777422578,0.0013952969282049477,0.00024673503667879985
710,0,0,710,0.015707801777422644,0.025809081169706705,0.000246735036678802
711,1,0,711,0.01570780177742263,0.010397849855702468,0.00024673503667880153
712,0,0,712,0.015707801777422526,0.027080889266136055,0.00024673503667879833
713,1,0,713,0.015707801777422564,0.03085239373930193,0.0002467350366787994
714,1,0,714,0.01570780177742248,0.02873147324727998,0.00024673503667879687
715,1,0,715,0.01570780177742282,0.022159095144470786,0.00024673503667880744
716,0,0,716,0.015707801777422672,0.00202329434446602,0.00024673503667880283
717,0,0,717,0.015707801777422578,0.0015743093721618528,0.00024673503667879985
718,1,0,718,0.015707801777422557,0.006158634777614802,0.0002467350366787993
719,1,0,719,0.01570780177742262,0.009455604223680636,0.0002467350366788012
720,1,0,720,0.015707801777422644,0.02460613572874637,0.00024673503667880197
721,1,0,721,0.015707801777422516,0.026943954674785386,0.0002467350366787979
722,1,0,722,0.01570780177742244,0.021508287761098366,0.00024673503667879557
723,1,0,723,0.015707801777422578,0.02857836636705724,0.00024673503667879985
724,0,0,724,0.015707801777422533,0.01370508066305498,0.00024673503667879844
725,0,0,725,0.015707801777422495,0.02562645617232362,0.00024673503667879736
726,0,0,726,0.015707801777422592,0.018495641373961424,0.0002467350366788003
727,0,0,727,0.015707801777422686,0.03140352053765205,0.00024673503667880327
728,1,0,728,0.01570780177742256,0.03140577344468726,0.0002467350366787993
729,1,0,729,0.015707801777422703,0.006529507010100355,0.00024673503667880386
730,1,0,730,0.015707801777422595,0.004617998170689974,0.00024673503667880045
731,0,0,731,0.015707801777422578,0.019386695245221075,0.0002467350366787998
732,0,0,732,0.015707801777422595,0.002546867170539091,0.0002467350366788004
733,0,0,733,0.015707801777422623,0.005434698238060864,0.00024673503667880126
734,1,0,734,0.01570780177742253,0.024061329734145875,0.00024673503667879833
735,0,0,735,0.01570780177742258,0.031415141843539274,0.0002467350366788
736,1,0,736,0.015707801777422457,0.017751761858932236,0.0002467350366787961
737,1,0,737,0.0157078017774227,0.030616719617185262,0.0002467350366788036
738,0,0,738,0.015707801777422717,0.0274847490110135,0.0002467350366788043
739,1,0,739,0.015707801777422516,0.015520098606208954,0.0002467350366787979
740,1,0,740,0.015707801777422623,0.013843289172099427,0.0002467350366788013
741,1,0,741,0.01570780177742262,0.015831366665986835,0.00024673503667880126
742,0,0,742,0.015707801777422613,0.029484202648246582,0.00024673503667880094
743,1,0,743,0.015707801777422575,0.03136776359368476,0.0002467350366787998
744,1,0,744,0.015707801777422627,0.025141510861442784,0.00024673503667880137
745,1,0,745,0.015707801777422512,0.010449022146550524,0.0002467350366787978
746,1,0,746,0.015707801777422575,0.028931121853776776,0.00024673503667879974
747,0,0,747,0.01570780177742258,0.0312750142517455,0.00024673503667879996
748,0,0,748,0.015707801777422634,0.024599285648666314,0.00024673503667880164
749,1,0,749,0.015707801777422706,0.01036806980450411,0.0002467350366788039
750,1,0,750,0.015707801777422693,0.016618363640390488,0.00024673503667880343
751,1,0,751,0.0157078017774226,0.01478837227577423,0.0002467350366788006
752,0,0,752,0.015707801777422602,0.026879142402779443,0.0002467350366788007
753,0,0,753,0.015707801777422564,0.030277620684535544,0.00024673503667879936
754,0,0,754,0.015707801777422786,0.015279889449032247,0.0002467350366788065
755,0,0,755,0.015707801777422592,0.02979582457973562,0.0002467350366788004
756,0,0,756,0.01570780177742256,0.02747492561450071,0.00024673503667879936
757,1,0,757,0.01570780177742257,0.03002170194694509,0.00024673503667879963
758,0,0,758,0.01570780177742254,0.017326297351413222,0.0002467350366787987
759,0,0,759,0.015707801777422578,0.01823748623451782,0.0002467350366787999
760,1,0,760,0.015707801777422554,0.020622398666889197,0.00024673503667879915
761,1,0,761,0.015707801777422647,0.011264541913933446,0.00024673503667880213
762,0,0,762,0.01570780177742258,0.031414430062867926,0.0002467350366788
763,1,0,763,0.015707801777422765,0.03120913968284844,0.0002467350366788057
764,0,0,764,0.015707801777422592,0.004582370338137354,0.00024673503667880023
765,1,0,765,0.015707801777422696,0.015356583636836563,0.00024673503667880354
766,1,0,766,1.9999383152895795,2.532791727216046,0.0002467350366788044
767,1,0,767,0.015707801777422606,0.002776854161234521,0.0002467350366788007
768,1,0,768,0.015707801777422765,0.030848046961938103,0.00024673503667880576
769,0,0,769,0.015707801777422616,0.0006850983980448699,0.00024673503667880104
770,0,0,770,0.015707801777422592,0.02194209288966209,0.0002467350366788004
771,1,0,771,0.015707801777422585,0.030087573915135724,0.0002467350366788002
772,0,0,772,0.015707801777422713,0.017176083316533752,0.00024673503667880413
773,1,0,773,0.015707801777422627,0.029587823543551273,0.0002467350366788014
774,0,0,774,0.01570780177742255,0.01640407438897773,0.00024673503667879893
775,0,0,775,0.015707801777422568,0.020635250122456927,0.0002467350366787995
776,0,0,776,0.015707801777422623,0.02383146105460643,0.0002467350366788013
777,0,0,777,0.015707801777422734,0.0003714561372814007,0.00024673503667880484
778,0,0,778,0.015707801777422568,0.009087859277940424,0.0002467350366787995
779,0,0,779,0.01570780177742267,0.010270569281182418,0.00024673503667880267
780,1,0,780,0.015707801777422616,0.029273268654167905,0.0002467350366788011
781,1,0,781,0.01570780177742253,0.005294924157470682,0.0002467350366787983
782,0,0,782,0.01570780177742253,0.01403608652486854,0.00024673503667879833
783,0,0,783,0.015707801777422477,0.02998958319677625,0.00024673503667879676
784,0,0,784,0.015707801777422578,0.031213150705728,0.00024673503667879996
785,0,0,785,0.015707801777422578,0.01577438188221092,0.0002467350366787999
786,0,0,786,0.01570780177742255,0.016586423946263196,0.000246735036678799
787,1,0,787,0.015707801777422654,0.029082463018519356,0.0002467350366788023
788,1,0,788,0.015707801777422654,0.016423700214985848,0.00024673503667880224
789,1,0,789,0.015707801777422654,0.02004954079038046,0.0002467350366788023
790,0,0,790,0.015707801777422627,0.012861771923612153,0.00024673503667880137
791,0,0,791,0.0157078017774226,0.031168783869278044,0.00024673503667880056
792,1,0,792,0.01570780177742247,0.011897868868744332,0.0002467350366787965
793,1,0,793,0.01570780177742257,0.01582561437819674,0.00024673503667879963
794,0,0,794,0.01570780177742259,0.003912925885778629,0.00024673503667880023
795,1,0,795,0.015707801777422516,0.01580532446055405,0.000246735036678798
796,0,0,796,0.015707801777422592,0.007960736601229312,0.0002467350366788003
797,1,0,797,0.015707801777422717,0.02221360312173437,0.0002467350366788042
798,1,0,798,0.015707801777422564,0.018794798170716165,0.0002467350366787995
799,0,0,799,0.01570780177742258,0.01614401481256733,0.0002467350366788
800,0,0,800,0.01570780177742254,0.008529159366853722,0.0002467350366787987
801,1,0,801,0.015707801777422693,0.019253889835355587,0.00024673503667880354
802,0,0,802,0.015707801777422606,0.030954611906531593,0.00024673503667880077
803,0,0,803,0.01570780177742273,0.0075413101816541595,0.0002467350366788047
804,0,0,804,0.015707801777422464,0.020339089334770355,0.0002467350366787963
805,1,0,805,0.015707801777422595,0.031132862498009395,0.0002467350366788005
806,1,0,806,0.015707801777422595,0.030789026057043034,0.00024673503667880034
807,0,0,807,0.01570780177742277,0.014189176107342494,0.0002467350366788058
808,0,0,808,0.015707801777422616,0.01400424764626873,0.00024673503667880104
809,0,0,809,0.015707801777422717,0.03141514875882845,0.0002467350366788043
810,0,0,810,0.01570780177742261,0.01245914974674256,0.0002467350366788009
811,0,0,811,0.015707801777422616,0.008402050506941539,0.0002467350366788011
812,0,0,812,0.015707801777422606,0.03138583611807533,0.0002467350366788007
813,1,0,813,0.015707801777422578,0.031380068569845626,0.0002467350366787999
814,0,0,814,0.015707801777422654,0.02563396719170985,0.00024673503667880224
815,0,0,815,0.015707801777422602,0.027116466884414936,0.0002467350366788007
816,0,0,816,0.01570780177742257,0.031188647007821868,0.00024673503667879974
817,0,0,817,0.01570780177742258,0.03129306342320681,0.00024673503667879996
818,1,0,818,0.01570780177742262,0.0011880167498319327,0.00024673503667880115
819,0,0,819,0.015707801777422637,0.031138093784172288,0.0002467350366788018
820,1,0,820,0.015707801777422592,0.03126585691796813,0.00024673503667880034
821,0,0,821,0.015707801777422547,0.02479008147373407,0.00024673503667879893
822,1,0,822,0.015707801777422734,0.029704829148418543,0.0002467350366788048
823,0,0,823,0.01570780177742279,0.019480029027057366,0.00024673503667880646
824,1,0,824,0.015707801777422568,0.0036365533605364764,0.0002467350366787996
825,1,0,825,0.015707801777422713,0.024930312401382437,0.00024673503667880413
826,0,0,826,0.01570780177742265,0.0313989482341152,0.0002467350366788022
827,0,0,827,0.015707801777422568,0.02073978974522528,0.00024673503667879963
828,0,0,828,0.015707801777422658,0.029012069459275147,0.00024673503667880245
829,0,0,829,0.01570780177742257,0.009663789610031115,0.0002467350366787996
830,0,0,830,0.015707801777422467,0.020553542648461764,0.00024673503667879644
831,0,0,831,0.015707801777422856,0.028067738279752397,0.0002467350366788086
832,0,0,832,0.01570780177742258,0.020740238115942722,0.0002467350366788
833,1,0,833,0.01570780177742253,0.009618058841642352,0.0002467350366787983
834,1,0,834,0.015707801777422595,0.01771818747528009,0.0002467350366788004
835,0,0,835,0.015707801777422575,0.031274656614076246,0.0002467350366787998
836,0,0,836,0.01570780177742266,0.0314131714413991,0.00024673503667880245
837,1,0,837,0.015707801777422557,0.03130655318754827,0.00024673503667879925
838,1,0,838,0.015707801777422595,0.006500738181079324,0.0002467350366788004
839,0,0,839,0.015707801777422578,0.018097791341397995,0.00024673503667879985
840,0,0,840,0.015707801777422592,0.03139320910745434,0.00024673503667880034
841,0,0,841,0.015707801777422713,0.012133728792279808,0.0002467350366788042
842,1,0,842,0.015707801777422675,0.029217288646140704,0.0002467350366788029
843,0,0,843,0.015707801777422665,0.030971516929141685,0.00024673503667880256
844,1,0,844,0.015707801777422585,0.005050194697156618,0.00024673503667880007
845,1,0,845,0.015707801777422453,0.016279879426446486,0.00024673503667879595
846,0,0,846,0.01570780177742254,0.026997231767580843,0.00024673503667879866
847,1,0,847,0.015707801777422592,0.015652819554541786,0.00024673503667880034
848,1,0,848,0.015707801777422523,0.02820450811751718,0.00024673503667879817
849,0,0,849,0.015707801777422585,0.018901886502967313,0.00024673503667880007
850,1,0,850,0.01570780177742258,0.013270525648432896,0.00024673503667879996
851,1,0,851,0.015707801777422495,0.01996788941144434,0.0002467350366787973
852,1,0,852,0.01570780177742272,0.028924963076541688,0.0002467350366788044
853,1,0,853,0.01570780177742257,0.028358569443389214,0.0002467350366787997
854,0,0,854,0.015707801777422627,0.014743792403588252,0.00024673503667880137
855,0,0,855,0.015707801777422613,0.0201618568641464,0.00024673503667880094
856,0,0,856,0.015707801777422585,0.03136158620794516,0.00024673503667880007
857,0,0,857,0.01570780177742248,0.025409962028196897,0.00024673503667879687
858,1,0,858,0.015707801777422703,0.023774571933535826,0.00024673503667880386
859,0,0,859,0.015707801777422575,0.016126619421205746,0.00024673503667879974
860,0,0,860,0.0157078017774227,0.030656950254936866,0.00024673503667880375
861,1,0,861,0.01570780177742256,0.01580609935415156,0.0002467350366787993
862,1,0,862,0.015707801777422634,0.012643125171430292,0.00024673503667880164
863,1,0,863,0.015707801777422637,0.0193213079646557,0.0002467350366788018
864,1,0,864,0.01570780177742264,0.02948001882180884,0.0002467350366788018
865,1,0,865,0.015707801777422686,0.022176990043152323,0.00024673503667880327
866,0,0,866,0.01570780177742272,0.026542233822642203,0.00024673503667880435
867,0,0,867,0.015707801777422682,0.002438215615692574,0.00024673503667880316
868,1,0,868,0.015707801777422634,0.002731491444257994,0.00024673503667880153
869,1,0,869,0.01570780177742257,0.002852599266695899,0.0002467350366787997
870,1,0,870,0.01570780177742262,0.008750048548279432,0.0002467350366788012
871,1,0,871,0.015707801777422505,0.031228804617027817,0.0002467350366787976
872,0,0,872,0.015707801777422547,0.017309008025067518,0.0002467350366787989
873,0,0,873,0.01570780177742257,0.019929328662562362,0.0002467350366787997
874,1,0,874,0.015707801777422578,0.0044653477642726536,0.0002467350366787998
875,0,0,875,0.01570780177742259,0.003588385431006813,0.00024673503667880023
876,0,0,876,0.01570780177742266,0.0313922333910015,0.00024673503667880245
877,1,0,877,0.015707801777422554,0.025613918844427097,0.00024673503667879915
878,1,0,878,0.01570780177742262,0.026138758533402084,0.0002467350366788012
879,1,0,879,0.015707801777422488,0.025698662409120665,0.00024673503667879714
880,0,0,880,0.015707801777422595,0.00046159672013468267,0.0002467350366788003
881,0,0,881,0.015707801777422658,0.028215360574118442,0.0002467350366788024
882,0,0,882,0.015707801777422686,0.018597854100202316,0.00024673503667880327
883,0,0,883,0.015707801777422644,0.006742364696357583,0.00024673503667880197
884,1,0,884,0.015707801777422575,0.028588705770452694,0.00024673503667879974
885,0,0,885,0.015707801777422745,0.01866461151495491,0.0002467350366788051
886,0,0,886,0.015707801777422575,0.030357156724993062,0.00024673503667879974
887,0,0,887,0.015707801777422453,0.018503837371366183,0.00024673503667879595
888,1,0,888,0.01570780177742272,0.02776199000186874,0.0002467350366788043
889,1,0,889,0.015707801777422564,0.004186568805440327,0.00024673503667879947
890,0,0,890,0.015707801777422547,0.026332496624564827,0.0002467350366787988
891,0,0,891,0.0157078017774227,0.030216607552834396,0.0002467350366788037
892,0,0,892,0.015707801777422488,0.015506884184550707,0.000246735036678797
893,1,0,893,0.01570780177742253,0.007019080882574968,0.0002467350366787984
894,0,0,894,0.015707801777422804,0.030285114654608702,0.000246735036678807
895,0,0,895,0.01570780177742269,0.021248450982276346,0.00024673503667880343
896,1,0,896,0.015707801777422647,0.0313004443593623,0.0002467350366788021
897,1,0,897,0.01570780177742253,0.0038508531157501746,0.00024673503667879833
898,1,0,898,0.01570780177742262,0.02832495740258656,0.00024673503667880115
899,0,0,899,0.015707801777422765,0.003933169568607564,0.0002467350366788057
900,1,0,900,0.015707801777422585,0.0020767861432064993,0.00024673503667880007
901,0,0,901,0.015707801777422568,0.024453293286066158,0.0002467350366787996
902,1,0,902,0.015707801777422654,0.014110178620408309,0.00024673503667880224
903,0,0,903,0.015707801777422856,0.026957527035175843,0.00024673503667880863
904,0,0,904,0.015707801777422554,0.029412483608120876,0.00024673503667879915
905,0,0,905,0.015707801777422627,0.02672920727459882,0.0002467350366788014
906,0,0,906,0.01570780177742258,0.02783135312588525,0.00024673503667880007
907,1,0,907,0.01570780177742258,0.022386320814416827,0.0002467350366788
908,0,0,908,0.015707801777422613,0.01780800600180288,0.000246735036678801
909,0,0,909,0.015707801777422578,0.007067148986045657,0.0002467350366787999
910,0,0,910,0.015707801777422578,0.02354009978478122,0.00024673503667879985
911,0,0,911,0.015707801777422658,0.028308816786173696,0.00024673503667880245
912,0,0,912,0.01570780177742269,0.030651389472467483,0.0002467350366788034
913,1,0,913,0.015707801777422613,0.013529966125721993,0.00024673503667880104
914,1,0,914,0.015707801777422647,0.01674737216319322,0.00024673503667880213
915,1,0,915,0.015707801777422776,0.026704288423399225,0.00024673503667880603
916,1,0,916,0.015707801777422554,0.00734860297593487,0.00024673503667879915
917,1,0,917,0.015707801777422585,0.02460009192500623,0.00024673503667880007
918,1,0,918,0.015707801777422765,0.03001326267972715,0.0002467350366788058
919,1,0,919,0.01570780177742259,0.03141547328422489,0.00024673503667880023
920,0,0,920,0.015707801777422557,0.020270633366008317,0.0002467350366787992
921,0,0,921,0.0157078017774226,0.029758989818679638,0.00024673503667880056
922,1,0,922,0.015707801777422547,0.03093096517657301,0.0002467350366787989
923,0,0,923,0.015707801777422585,0.028008443849634745,0.0002467350366788001
924,1,0,924,0.015707801777422536,0.03052862127147815,0.00024673503667879866
925,1,0,925,0.015707801777422575,0.023867692554024655,0.0002467350366787998
926,1,0,926,0.015707801777422682,0.020940094979501778,0.00024673503667880316
927,1,0,927,0.015707801777422516,0.028016439731024523,0.000246735036678798
928,1,0,928,0.01570780177742265,0.026561101002920973,0.0002467350366788022
929,0,0,929,0.015707801777422502,0.026643624668963195,0.0002467350366787975
930,1,0,930,0.015707801777422672,0.03012678185639528,0.0002467350366788028
931,1,0,931,0.015707801777422505,0.02572795529161298,0.00024673503667879763
932,0,0,932,0.01570780177742258,0.03058088638304013,0.00024673503667879996
933,0,0,933,0.015707801777422543,0.027521384202967458,0.0002467350366787988
934,0,0,934,0.015707801777422474,0.010291499910570323,0.0002467350366787966
935,0,0,935,0.01570780177742271,0.02963851633056025,0.000246735036678804
936,0,0,936,0.015707801777422557,0.019125684614148764,0.00024673503667879925
937,0,0,937,0.015707801777422634,0.0265594152056563,0.0002467350366788016
938,1,0,938,0.015707801777422613,0.01932884225722198,0.00024673503667880094
939,1,0,939,0.015707801777422686,0.03127701521888526,0.00024673503667880327
940,0,0,940,0.01570780177742257,0.005531621463528147,0.0002467350366787996
941,0,0,941,0.015707801777422578,0.03135182333436959,0.00024673503667879996
942,1,0,942,0.01570780177742265,0.018172911872809117,0.00024673503667880224
943,0,0,943,0.015707801777422613,0.0300987695255287,0.000246735036678801
944,1,0,944,0.015707801777422578,0.019288268922130758,0.0002467350366787999
945,0,0,945,0.01570780177742267,0.02913166585560034,0.0002467350366788028
946,0,0,946,0.015707801777422523,0.012952180885810183,0.00024673503667879806
947,1,0,947,0.015707801777422703,0.0022200224221371467,0.00024673503667880375
948,0,0,948,0.015707801777422595,0.030957107326642475,0.0002467350366788004
949,1,0,949,0.015707801777422647,0.03111823086975185,0.0002467350366788021
950,1,0,950,0.015707801777422647,0.011177075379060986,0.00024673503667880197
951,1,0,951,0.015707801777422457,0.017625861274037202,0.00024673503667879606
952,1,0,952,0.015707801777422672,0.023364649972528406,0.0002467350366788028
953,1,0,953,0.015707801777422665,0.0313704569374707,0.00024673503667880267
954,0,0,954,0.01570780177742255,0.029136219046024703,0.000246735036678799
955,0,0,955,0.01570780177742276,0.028558899240926694,0.00024673503667880554
956,1,0,956,0.015707801777422474,0.030902916327991914,0.00024673503667879654
957,0,0,957,0.01570780177742253,0.02822668515279514,0.00024673503667879833
958,1,0,958,0.01570780177742283,0.02742393869192261,0.0002467350366788078
959,1,0,959,0.015707801777422658,0.020193181613554323,0.0002467350366788024
960,0,0,960,0.015707801777422602,0.002272551779317844,0.00024673503667880056
961,1,0,961,0.015707801777422595,0.014225312788376243,0.00024673503667880045
962,1,0,962,0.015707801777422675,0.01063855799173119,0.00024673503667880294
963,1,0,963,0.0157078017774226,0.02893356286893556,0.00024673503667880056
964,1,0,964,0.015707801777422578,0.031141473299509836,0.00024673503667879996
965,0,0,965,0.015707801777422516,0.014563991347453786,0.0002467350366787979
966,1,0,966,0.015707801777422682,0.031213756391350267,0.0002467350366788032
967,1,0,967,0.015707801777422738,0.024150901844525174,0.0002467350366788049
968,0,0,968,0.01570780177742257,0.005652222958987263,0.00024673503667879963
969,1,0,969,0.0157078017774226,0.013105962707181673,0.0002467350366788005
970,0,0,970,0.01570780177742262,0.02154165847849776,0.00024673503667880115
971,1,0,971,0.015707801777422564,0.011368504671005697,0.00024673503667879947
972,0,0,972,0.015707801777422502,0.030672395652087014,0.00024673503667879747
973,0,0,973,0.015707801777422616,0.02017368976316458,0.0002467350366788011
974,1,0,974,0.01570780177742264,0.0010706670936941887,0.0002467350366788018
975,0,0,975,0.015707801777422658,0.02975830341234198,0.00024673503667880234
976,1,0,976,0.01570780177742257,0.03115704265300223,0.00024673503667879963
977,0,0,977,0.01570780177742267,0.01902574043989058,0.0002467350366788028
978,0,0,978,0.015707801777422568,0.0015099744270135051,0.0002467350366787996
979,1,0,979,0.01570780177742248,0.012064589335990084,0.000246735036678797
980,0,0,980,0.01570780177742253,0.011654075914829809,0.00024673503667879833
981,1,0,981,0.0157078017774226,0.030239232263273852,0.0002467350366788005
982,0,0,982,0.015707801777422817,0.004367530139335329,0.0002467350366788074
983,1,0,983,0.01570780177742255,0.0013936852665292765,0.000246735036678799
984,0,0,984,0.015707801777422634,0.031077634510337737,0.0002467350366788017
985,1,0,985,0.015707801777422595,0.028921705625363225,0.0002467350366788004
986,0,0,986,0.015707801777422682,0.020807101783011595,0.0002467350366788032
987,0,0,987,0.015707801777422568,0.0008671660759727029,0.0002467350366787996
988,0,0,988,0.01570780177742258,0.0005768104114911576,0.00024673503667879996
989,0,0,989,0.01570780177742251,0.020297732315382788,0.00024673503667879774
990,0,0,990,0.015707801777422713,0.01694443367927856,0.0002467350366788041
991,1,0,991,0.01570780177742259,0.03138299013440482,0.0002467350366788003
992,1,0,992,0.01570780177742258,0.026303221595364024,0.00024673503667879996
993,0,0,993,0.01570780177742267,0.017762169193467958,0.0002467350366788026
994,0,0,994,0.015707801777422713,0.02548047591106295,0.00024673503667880413
995,1,0,995,0.01570780177742258,0.0006955474769156922,0.0002467350366787999
996,1,0,996,0.01570780177742268,0.0314136896497873,0.00024673503667880305
997,1,0,997,0.015707801777422613,0.030150588163335046,0.000246735036678801
998,0,0,998,0.015707801777422762,0.028469522576621387,0.0002467350366788057
999,0,0,999,0.0157078017774226,0.004511712660393519,0.0002467350366788006
