,Layer,Qubit,Run,2-Norm,Trace Norm,Diamond Norm
0,1,0,0,0.03141463462364113,0.06282926924728226,0.000986879268536872
1,0,0,1,0.03141463462364137,0.06282926924728274,0.0009868792685368871
2,0,0,2,0.031414634623641254,0.06282926924728252,0.00098687926853688
3,1,0,3,0.03141463462364117,0.06282926924728234,0.0009868792685368743
4,0,0,4,0.03141463462364118,0.06282926924728235,0.0009868792685368748
5,1,0,5,0.03141463462364138,0.06282926924728276,0.000986879268536888
6,1,0,6,0.031414634623641455,0.06282926924728291,0.0009868792685368923
7,0,0,7,0.031414634623641115,0.06282926924728223,0.000986879268536871
8,0,0,8,0.03141463462364133,0.06282926924728266,0.0009868792685368843
9,1,0,9,0.03141463462364143,0.06282926924728285,0.0009868792685368908
10,0,0,10,0.03141463462364108,0.06282926924728216,0.000986879268536869
11,1,0,11,0.031414634623641406,0.06282926924728281,0.0009868792685368895
12,1,0,12,0.03141463462364136,0.06282926924728272,0.0009868792685368867
13,1,0,13,0.03141463462364143,0.06282926924728285,0.0009868792685368908
14,0,0,14,0.031414634623641316,0.06282926924728263,0.000986879268536884
15,1,0,15,0.03141463462364137,0.06282926924728274,0.0009868792685368871
16,0,0,16,0.03141463462364132,0.06282926924728265,0.000986879268536884
17,0,0,17,0.031414634623641385,0.06282926924728277,0.0009868792685368882
18,1,0,18,0.03141463462364137,0.06282926924728274,0.000986879268536887
19,1,0,19,0.03141463462364134,0.06282926924728267,0.0009868792685368852
20,1,0,20,0.031414634623641094,0.06282926924728219,0.00098687926853687
21,0,0,21,0.031414634623641205,0.06282926924728241,0.0009868792685368767
22,0,0,22,0.03141463462364119,0.06282926924728238,0.000986879268536876
23,1,0,23,0.0314146346236411,0.0628292692472822,0.00098687926853687
24,1,0,24,0.03141463462364143,0.06282926924728285,0.0009868792685368906
25,1,0,25,0.0314146346236414,0.0628292692472828,0.000986879268536889
26,1,0,26,0.03141463462364127,0.06282926924728253,0.0009868792685368809
27,0,0,27,0.03141463462364138,0.06282926924728276,0.0009868792685368878
28,1,0,28,0.031414634623641365,0.06282926924728273,0.000986879268536887
29,1,0,29,0.03141463462364112,0.06282926924728224,0.000986879268536872
30,1,0,30,0.03141463462364129,0.06282926924728258,0.000986879268536882
31,0,0,31,0.03141463462364122,0.06282926924728244,0.0009868792685368774
32,1,0,32,0.03141463462364114,0.06282926924728229,0.0009868792685368726
33,0,0,33,0.031414634623641385,0.06282926924728277,0.000986879268536888
34,0,0,34,0.031414634623641385,0.06282926924728277,0.0009868792685368882
35,0,0,35,0.03141463462364134,0.06282926924728267,0.000986879268536885
36,0,0,36,0.03141463462364139,0.06282926924728278,0.0009868792685368884
37,1,0,37,0.03141463462364144,0.0628292692472829,0.0009868792685368921
38,0,0,38,0.03141463462364121,0.06282926924728242,0.0009868792685368774
39,1,0,39,0.0314146346236412,0.0628292692472824,0.000986879268536876
40,0,0,40,0.031414634623641344,0.06282926924728269,0.0009868792685368856
41,0,0,41,0.03141463462364129,0.06282926924728258,0.0009868792685368822
42,0,0,42,0.03141463462364119,0.06282926924728238,0.0009868792685368759
43,1,0,43,0.03141463462364146,0.06282926924728292,0.000986879268536893
44,0,0,44,0.031414634623641406,0.06282926924728281,0.0009868792685368895
45,0,0,45,0.031414634623641385,0.06282926924728277,0.0009868792685368882
46,1,0,46,0.03141463462364125,0.0628292692472825,0.0009868792685368793
47,0,0,47,0.03141463462364109,0.06282926924728217,0.0009868792685368694
48,0,0,48,0.031414634623641025,0.06282926924728205,0.0009868792685368655
49,1,0,49,0.031414634623641066,0.06282926924728213,0.0009868792685368683
50,0,0,50,0.03141463462364126,0.06282926924728252,0.0009868792685368804
51,0,0,51,0.03141463462364112,0.06282926924728224,0.0009868792685368715
52,1,0,52,1.9997532649633212,3.9995065299266424,0.000986879268536891
53,0,0,53,0.03141463462364147,0.06282926924728294,0.0009868792685368934
54,0,0,54,0.0314146346236413,0.0628292692472826,0.000986879268536883
55,1,0,55,0.031414634623641476,0.06282926924728295,0.0009868792685368936
56,0,0,56,0.031414634623641274,0.06282926924728255,0.0009868792685368813
57,0,0,57,0.0314146346236414,0.0628292692472828,0.0009868792685368889
58,0,0,58,0.031414634623641205,0.06282926924728241,0.000986879268536877
59,0,0,59,0.03141463462364112,0.06282926924728224,0.000986879268536871
60,1,0,60,0.03141463462364134,0.06282926924728267,0.000986879268536885
61,0,0,61,0.031414634623641156,0.06282926924728231,0.000986879268536874
62,0,0,62,0.031414634623641385,0.06282926924728277,0.0009868792685368884
63,0,0,63,0.03141463462364141,0.06282926924728283,0.00098687926853689
64,1,0,64,0.031414634623641136,0.06282926924728227,0.0009868792685368726
65,0,0,65,0.031414634623641385,0.06282926924728277,0.0009868792685368884
66,1,0,66,0.03141463462364115,0.0628292692472823,0.0009868792685368733
67,0,0,67,0.031414634623641136,0.06282926924728227,0.0009868792685368726
68,1,0,68,0.031414634623641524,0.06282926924728305,0.0009868792685368971
69,0,0,69,0.03141463462364118,0.06282926924728235,0.0009868792685368748
70,0,0,70,0.031414634623641385,0.06282926924728277,0.000986879268536888
71,0,0,71,0.03141463462364144,0.06282926924728288,0.000986879268536892
72,1,0,72,0.03141463462364135,0.0628292692472827,0.0009868792685368856
73,0,0,73,0.031414634623641115,0.06282926924728223,0.000986879268536871
74,0,0,74,0.03141463462364138,0.06282926924728276,0.000986879268536888
75,1,0,75,0.031414634623641045,0.06282926924728209,0.0009868792685368665
76,1,0,76,0.03141463462364132,0.06282926924728265,0.0009868792685368845
77,1,0,77,0.03141463462364112,0.06282926924728224,0.0009868792685368717
78,1,0,78,0.03141463462364136,0.06282926924728272,0.0009868792685368863
79,0,0,79,0.03141463462364151,0.06282926924728302,0.000986879268536896
80,1,0,80,0.03141463462364139,0.06282926924728278,0.0009868792685368889
81,0,0,81,0.03141463462364133,0.06282926924728266,0.0009868792685368848
82,1,0,82,0.03141463462364144,0.06282926924728288,0.0009868792685368915
83,1,0,83,0.03141463462364142,0.06282926924728284,0.0009868792685368902
84,0,0,84,0.03141463462364109,0.06282926924728217,0.0009868792685368696
85,1,0,85,0.031414634623641406,0.06282926924728281,0.0009868792685368893
86,1,0,86,0.03141463462364122,0.06282926924728244,0.0009868792685368774
87,1,0,87,0.031414634623641406,0.06282926924728281,0.0009868792685368895
88,0,0,88,0.03141463462364148,0.06282926924728297,0.0009868792685368939
89,1,0,89,0.03141463462364136,0.06282926924728272,0.0009868792685368865
90,1,0,90,0.03141463462364138,0.06282926924728276,0.000986879268536888
91,1,0,91,0.0314146346236414,0.0628292692472828,0.000986879268536889
92,0,0,92,0.03141463462364114,0.06282926924728229,0.000986879268536873
93,1,0,93,0.03141463462364117,0.06282926924728234,0.0009868792685368741
94,0,0,94,0.03141463462364118,0.06282926924728235,0.0009868792685368752
95,0,0,95,0.03141463462364152,0.06282926924728303,0.0009868792685368962
96,0,0,96,0.03141463462364145,0.0628292692472829,0.0009868792685368921
97,1,0,97,0.03141463462364116,0.06282926924728233,0.0009868792685368743
98,1,0,98,0.03141463462364139,0.06282926924728278,0.0009868792685368882
99,1,0,99,0.03141463462364149,0.06282926924728298,0.0009868792685368945
100,1,0,100,0.03141463462364125,0.0628292692472825,0.0009868792685368795
101,1,0,101,0.03141463462364122,0.06282926924728244,0.0009868792685368778
102,1,0,102,1.9997532649633212,3.9995065299266424,0.0009868792685368863
103,1,0,103,0.03141463462364145,0.0628292692472829,0.000986879268536892
104,1,0,104,0.031414634623641184,0.06282926924728237,0.0009868792685368752
105,0,0,105,0.03141463462364141,0.06282926924728283,0.00098687926853689
106,1,0,106,0.03141463462364116,0.06282926924728233,0.0009868792685368741
107,1,0,107,0.0314146346236413,0.0628292692472826,0.0009868792685368828
108,1,0,108,0.031414634623641156,0.06282926924728231,0.0009868792685368737
109,0,0,109,0.031414634623641226,0.06282926924728245,0.0009868792685368785
110,0,0,110,0.031414634623641385,0.06282926924728277,0.0009868792685368878
111,1,0,111,0.031414634623641156,0.06282926924728231,0.000986879268536874
112,0,0,112,0.0314146346236413,0.0628292692472826,0.0009868792685368828
113,0,0,113,0.03141463462364117,0.06282926924728235,0.0009868792685368746
114,1,0,114,0.03141463462364117,0.06282926924728234,0.0009868792685368746
115,1,0,115,0.03141463462364138,0.06282926924728276,0.0009868792685368878
116,0,0,116,0.0314146346236413,0.0628292692472826,0.000986879268536883
117,1,0,117,0.03141463462364133,0.06282926924728267,0.0009868792685368848
118,0,0,118,0.03141463462364118,0.06282926924728235,0.0009868792685368752
119,1,0,119,0.031414634623641184,0.06282926924728237,0.0009868792685368754
120,1,0,120,0.031414634623641254,0.06282926924728251,0.00098687926853688
121,1,0,121,0.03141463462364148,0.06282926924728297,0.000986879268536894
122,0,0,122,0.031414634623641184,0.06282926924728237,0.0009868792685368752
123,0,0,123,0.03141463462364138,0.06282926924728276,0.000986879268536888
124,0,0,124,1.9997532649633212,3.9995065299266424,0.00098687926853689
125,1,0,125,0.031414634623641385,0.06282926924728277,0.0009868792685368882
126,1,0,126,0.03141463462364121,0.06282926924728242,0.0009868792685368772
127,1,0,127,0.031414634623641476,0.06282926924728295,0.000986879268536894
128,0,0,128,0.03141463462364146,0.06282926924728292,0.0009868792685368928
129,0,0,129,0.03141463462364143,0.06282926924728285,0.0009868792685368908
130,1,0,130,0.03141463462364105,0.0628292692472821,0.0009868792685368672
131,1,0,131,0.031414634623641184,0.06282926924728237,0.0009868792685368756
132,1,0,132,0.0314146346236414,0.0628292692472828,0.0009868792685368889
133,1,0,133,0.031414634623641365,0.06282926924728273,0.000986879268536887
134,0,0,134,0.03141463462364134,0.06282926924728267,0.0009868792685368852
135,0,0,135,0.0314146346236414,0.0628292692472828,0.0009868792685368893
136,0,0,136,0.03141463462364137,0.06282926924728274,0.0009868792685368871
137,1,0,137,0.03141463462364147,0.06282926924728294,0.0009868792685368934
138,0,0,138,0.03141463462364135,0.0628292692472827,0.0009868792685368863
139,1,0,139,0.031414634623641434,0.06282926924728287,0.0009868792685368913
140,0,0,140,0.03141463462364126,0.06282926924728252,0.00098687926853688
141,0,0,141,0.03141463462364125,0.0628292692472825,0.0009868792685368793
142,1,0,142,0.031414634623641385,0.06282926924728277,0.000986879268536888
143,0,0,143,0.03141463462364135,0.0628292692472827,0.0009868792685368863
144,0,0,144,0.03141463462364141,0.06282926924728283,0.0009868792685368897
145,0,0,145,1.999753264963321,3.999506529926642,0.0009868792685368936
146,0,0,146,0.0314146346236412,0.0628292692472824,0.0009868792685368763
147,1,0,147,0.03141463462364115,0.0628292692472823,0.0009868792685368735
148,1,0,148,0.03141463462364136,0.06282926924728272,0.000986879268536886
149,0,0,149,0.031414634623641406,0.06282926924728281,0.0009868792685368895
150,0,0,150,0.03141463462364115,0.0628292692472823,0.000986879268536873
151,1,0,151,0.0314146346236414,0.0628292692472828,0.000986879268536889
152,1,0,152,0.03141463462364157,0.06282926924728315,0.0009868792685368997
153,1,0,153,0.03141463462364144,0.06282926924728288,0.0009868792685368917
154,0,0,154,0.0314146346236413,0.0628292692472826,0.0009868792685368832
155,1,0,155,1.9997532649633216,3.9995065299266432,0.0009868792685368932
156,1,0,156,0.03141463462364137,0.06282926924728276,0.0009868792685368876
157,1,0,157,0.0314146346236414,0.0628292692472828,0.000986879268536889
158,1,0,158,0.03141463462364143,0.06282926924728285,0.0009868792685368906
159,0,0,159,0.03141463462364122,0.06282926924728244,0.0009868792685368774
160,1,0,160,0.03141463462364137,0.06282926924728274,0.0009868792685368871
161,0,0,161,0.03141463462364139,0.06282926924728278,0.0009868792685368887
162,1,0,162,0.03141463462364108,0.06282926924728216,0.0009868792685368687
163,0,0,163,0.03141463462364113,0.06282926924728226,0.0009868792685368717
164,1,0,164,0.031414634623641385,0.06282926924728277,0.000986879268536888
165,1,0,165,0.03141463462364133,0.06282926924728266,0.0009868792685368845
166,0,0,166,0.031414634623641316,0.06282926924728263,0.000986879268536884
167,0,0,167,0.03141463462364112,0.06282926924728224,0.0009868792685368715
168,1,0,168,0.03141463462364137,0.06282926924728274,0.0009868792685368874
169,0,0,169,0.031414634623641295,0.06282926924728259,0.0009868792685368828
170,1,0,170,0.03141463462364143,0.06282926924728285,0.0009868792685368908
171,1,0,171,0.031414634623641455,0.06282926924728291,0.0009868792685368923
172,1,0,172,0.031414634623641066,0.06282926924728213,0.0009868792685368683
173,1,0,173,0.031414634623641406,0.0628292692472828,0.0009868792685368893
174,0,0,174,0.03141463462364148,0.06282926924728297,0.000986879268536894
175,1,0,175,0.03141463462364127,0.06282926924728253,0.0009868792685368804
176,1,0,176,0.03141463462364117,0.06282926924728234,0.0009868792685368748
177,0,0,177,0.031414634623641385,0.06282926924728277,0.0009868792685368882
178,1,0,178,0.031414634623641434,0.06282926924728287,0.000986879268536891
179,1,0,179,0.03141463462364141,0.06282926924728283,0.0009868792685368897
180,1,0,180,0.031414634623641385,0.06282926924728277,0.0009868792685368882
181,0,0,181,0.031414634623641406,0.06282926924728281,0.0009868792685368897
182,1,0,182,1.9997532649633212,3.9995065299266424,0.0009868792685369064
183,0,0,183,0.0314146346236411,0.0628292692472822,0.0009868792685368704
184,0,0,184,0.03141463462364144,0.06282926924728288,0.0009868792685368913
185,1,0,185,0.03141463462364126,0.06282926924728252,0.0009868792685368802
186,1,0,186,0.031414634623641136,0.06282926924728227,0.0009868792685368724
187,1,0,187,0.031414634623641406,0.06282926924728281,0.0009868792685368895
188,1,0,188,0.03141463462364108,0.06282926924728216,0.000986879268536869
189,0,0,189,0.031414634623641226,0.06282926924728244,0.000986879268536878
190,0,0,190,0.031414634623641156,0.06282926924728231,0.0009868792685368735
191,0,0,191,0.03141463462364114,0.06282926924728229,0.0009868792685368728
192,0,0,192,0.031414634623641406,0.06282926924728281,0.0009868792685368893
193,0,0,193,0.031414634623641344,0.06282926924728269,0.0009868792685368854
194,1,0,194,0.03141463462364128,0.06282926924728256,0.0009868792685368815
195,0,0,195,0.03141463462364104,0.06282926924728208,0.0009868792685368663
196,0,0,196,0.03141463462364115,0.0628292692472823,0.0009868792685368733
197,1,0,197,0.03141463462364108,0.06282926924728216,0.000986879268536869
198,0,0,198,0.03141463462364128,0.06282926924728256,0.0009868792685368817
199,1,0,199,0.03141463462364126,0.06282926924728252,0.0009868792685368802
200,0,0,200,0.03141463462364141,0.06282926924728283,0.0009868792685368897
201,1,0,201,0.03141463462364118,0.06282926924728235,0.0009868792685368748
202,1,0,202,0.031414634623641344,0.06282926924728269,0.0009868792685368856
203,1,0,203,0.03141463462364144,0.06282926924728288,0.000986879268536892
204,0,0,204,0.03141463462364126,0.06282926924728252,0.0009868792685368802
205,0,0,205,0.03141463462364144,0.06282926924728288,0.0009868792685368917
206,1,0,206,0.03141463462364123,0.06282926924728247,0.0009868792685368782
207,1,0,207,0.03141463462364111,0.06282926924728222,0.0009868792685368707
208,1,0,208,0.03141463462364143,0.06282926924728285,0.000986879268536891
209,1,0,209,0.0314146346236414,0.0628292692472828,0.000986879268536889
210,1,0,210,0.03141463462364148,0.06282926924728297,0.0009868792685368943
211,0,0,211,0.031414634623641205,0.06282926924728241,0.000986879268536877
212,0,0,212,0.03141463462364144,0.06282926924728288,0.0009868792685368917
213,0,0,213,0.03141463462364113,0.06282926924728226,0.0009868792685368717
214,0,0,214,0.031414634623641365,0.06282926924728273,0.0009868792685368867
215,1,0,215,0.03141463462364135,0.0628292692472827,0.0009868792685368863
216,1,0,216,0.031414634623641434,0.06282926924728287,0.000986879268536891
217,1,0,217,0.03141463462364122,0.06282926924728244,0.0009868792685368776
218,0,0,218,0.031414634623641274,0.06282926924728255,0.0009868792685368809
219,0,0,219,0.03141463462364125,0.0628292692472825,0.0009868792685368791
220,0,0,220,0.0314146346236414,0.0628292692472828,0.000986879268536889
221,1,0,221,0.031414634623641385,0.06282926924728277,0.000986879268536888
222,0,0,222,0.03141463462364118,0.06282926924728235,0.000986879268536875
223,0,0,223,0.03141463462364152,0.06282926924728303,0.0009868792685368965
224,0,0,224,0.031414634623641115,0.06282926924728223,0.000986879268536871
225,0,0,225,0.03141463462364121,0.06282926924728242,0.0009868792685368772
226,1,0,226,0.03141463462364133,0.06282926924728266,0.0009868792685368843
227,1,0,227,0.031414634623641156,0.06282926924728231,0.000986879268536874
228,1,0,228,0.03141463462364135,0.0628292692472827,0.0009868792685368858
229,1,0,229,0.031414634623641385,0.06282926924728277,0.0009868792685368882
230,1,0,230,0.031414634623641476,0.06282926924728295,0.0009868792685368936
231,1,0,231,0.031414634623641205,0.06282926924728241,0.0009868792685368767
232,0,0,232,0.03141463462364153,0.06282926924728306,0.0009868792685368971
233,1,0,233,0.031414634623641156,0.0628292692472823,0.0009868792685368737
234,1,0,234,0.03141463462364144,0.06282926924728288,0.0009868792685368917
235,1,0,235,0.03141463462364118,0.06282926924728235,0.0009868792685368752
236,1,0,236,0.03141463462364119,0.06282926924728238,0.0009868792685368759
237,0,0,237,0.03141463462364119,0.06282926924728238,0.0009868792685368759
238,0,0,238,0.031414634623641434,0.06282926924728287,0.0009868792685368913
239,1,0,239,0.031414634623641226,0.06282926924728245,0.000986879268536878
240,1,0,240,0.031414634623641434,0.06282926924728287,0.0009868792685368913
241,1,0,241,0.03141463462364127,0.06282926924728253,0.0009868792685368804
242,1,0,242,0.03141463462364122,0.06282926924728244,0.0009868792685368776
243,1,0,243,0.03141463462364119,0.06282926924728238,0.0009868792685368759
244,0,0,244,0.03141463462364131,0.06282926924728262,0.0009868792685368832
245,1,0,245,0.031414634623641406,0.06282926924728281,0.0009868792685368895
246,1,0,246,0.031414634623641406,0.06282926924728281,0.0009868792685368895
247,1,0,247,0.031414634623641385,0.06282926924728277,0.000986879268536888
248,1,0,248,0.031414634623641344,0.06282926924728269,0.0009868792685368856
249,1,0,249,0.03141463462364129,0.06282926924728259,0.000986879268536882
250,0,0,250,0.0314146346236414,0.0628292692472828,0.0009868792685368889
251,1,0,251,0.031414634623641205,0.06282926924728241,0.000986879268536877
252,0,0,252,0.031414634623641205,0.06282926924728241,0.0009868792685368767
253,1,0,253,0.031414634623641365,0.06282926924728273,0.000986879268536887
254,1,0,254,0.031414634623641295,0.06282926924728259,0.0009868792685368826
255,1,0,255,0.03141463462364145,0.0628292692472829,0.0009868792685368917
256,1,0,256,0.031414634623641385,0.06282926924728277,0.0009868792685368882
257,1,0,257,0.03141463462364149,0.06282926924728298,0.0009868792685368947
258,1,0,258,0.03141463462364123,0.06282926924728247,0.0009868792685368785
259,1,0,259,0.03141463462364121,0.06282926924728242,0.0009868792685368774
260,0,0,260,0.03141463462364133,0.06282926924728266,0.0009868792685368845
261,1,0,261,0.03141463462364115,0.0628292692472823,0.0009868792685368735
262,1,0,262,0.03141463462364117,0.06282926924728234,0.0009868792685368746
263,1,0,263,0.03141463462364141,0.06282926924728283,0.00098687926853689
264,1,0,264,0.03141463462364112,0.06282926924728224,0.0009868792685368717
265,0,0,265,0.03141463462364122,0.06282926924728244,0.0009868792685368778
266,1,0,266,0.03141463462364143,0.06282926924728285,0.0009868792685368906
267,1,0,267,0.03141463462364131,0.06282926924728262,0.0009868792685368832
268,1,0,268,0.03141463462364116,0.06282926924728233,0.000986879268536874
269,0,0,269,0.031414634623641406,0.06282926924728281,0.000986879268536889
270,1,0,270,0.03141463462364137,0.06282926924728274,0.0009868792685368874
271,1,0,271,0.03141463462364117,0.06282926924728234,0.000986879268536875
272,1,0,272,0.0314146346236414,0.0628292692472828,0.0009868792685368893
273,0,0,273,0.03141463462364123,0.06282926924728247,0.0009868792685368782
274,0,0,274,0.03141463462364122,0.06282926924728244,0.0009868792685368776
275,1,0,275,0.031414634623641385,0.06282926924728277,0.000986879268536888
276,1,0,276,0.03141463462364119,0.06282926924728238,0.0009868792685368756
277,1,0,277,0.03141463462364126,0.06282926924728252,0.0009868792685368806
278,0,0,278,0.03141463462364143,0.06282926924728285,0.0009868792685368906
279,1,0,279,0.03141463462364144,0.06282926924728288,0.0009868792685368917
280,0,0,280,0.0314146346236414,0.0628292692472828,0.0009868792685368889
281,1,0,281,0.03141463462364134,0.06282926924728267,0.0009868792685368852
282,1,0,282,0.0314146346236411,0.0628292692472822,0.0009868792685368704
283,0,0,283,0.031414634623641496,0.06282926924728299,0.0009868792685368952
284,0,0,284,0.031414634623641566,0.06282926924728313,0.0009868792685368995
285,0,0,285,0.03141463462364113,0.06282926924728226,0.0009868792685368717
286,1,0,286,0.031414634623641344,0.06282926924728269,0.0009868792685368854
287,0,0,287,0.03141463462364129,0.06282926924728258,0.0009868792685368817
288,1,0,288,0.031414634623641205,0.06282926924728241,0.000986879268536877
289,1,0,289,0.031414634623641254,0.06282926924728251,0.0009868792685368798
290,1,0,290,0.031414634623641385,0.06282926924728277,0.000986879268536888
291,0,0,291,0.031414634623641365,0.06282926924728273,0.0009868792685368867
292,1,0,292,0.031414634623641,0.062829269247282,0.0009868792685368637
293,0,0,293,0.03141463462364144,0.06282926924728288,0.0009868792685368917
294,0,0,294,0.03141463462364141,0.06282926924728281,0.0009868792685368897
295,0,0,295,0.0314146346236414,0.0628292692472828,0.0009868792685368887
296,1,0,296,0.03141463462364115,0.0628292692472823,0.0009868792685368733
297,1,0,297,0.0314146346236413,0.0628292692472826,0.000986879268536883
298,1,0,298,0.03141463462364116,0.06282926924728233,0.000986879268536874
299,1,0,299,0.03141463462364135,0.06282926924728272,0.0009868792685368863
300,0,0,300,0.03141463462364141,0.06282926924728283,0.00098687926853689
301,0,0,301,0.03141463462364145,0.06282926924728288,0.0009868792685368917
302,0,0,302,0.0314146346236413,0.0628292692472826,0.0009868792685368828
303,1,0,303,0.03141463462364144,0.06282926924728288,0.0009868792685368917
304,1,0,304,0.03141463462364137,0.06282926924728274,0.0009868792685368871
305,1,0,305,0.03141463462364137,0.06282926924728274,0.0009868792685368874
306,1,0,306,0.03141463462364124,0.06282926924728248,0.0009868792685368791
307,1,0,307,0.031414634623641295,0.06282926924728259,0.0009868792685368824
308,0,0,308,0.03141463462364142,0.06282926924728284,0.0009868792685368904
309,1,0,309,0.03141463462364136,0.06282926924728272,0.0009868792685368863
310,1,0,310,0.0314146346236411,0.0628292692472822,0.00098687926853687
311,1,0,311,0.031414634623641274,0.06282926924728255,0.000986879268536881
312,0,0,312,0.0314146346236411,0.0628292692472822,0.0009868792685368707
313,1,0,313,0.031414634623641385,0.06282926924728277,0.000986879268536888
314,0,0,314,0.03141463462364105,0.0628292692472821,0.0009868792685368672
315,0,0,315,0.03141463462364113,0.06282926924728226,0.000986879268536872
316,1,0,316,0.031414634623641344,0.06282926924728269,0.0009868792685368854
317,0,0,317,0.031414634623641406,0.06282926924728281,0.0009868792685368893
318,1,0,318,0.031414634623641476,0.06282926924728295,0.0009868792685368936
319,1,0,319,0.031414634623641455,0.06282926924728291,0.0009868792685368926
320,1,0,320,0.03141463462364118,0.06282926924728235,0.000986879268536875
321,0,0,321,0.03141463462364116,0.06282926924728233,0.0009868792685368741
322,0,0,322,0.03141463462364119,0.06282926924728238,0.000986879268536876
323,0,0,323,0.031414634623641156,0.06282926924728231,0.0009868792685368737
324,1,0,324,0.03141463462364138,0.06282926924728274,0.0009868792685368874
325,1,0,325,0.031414634623641316,0.06282926924728263,0.0009868792685368835
326,1,0,326,1.9997532649633214,3.999506529926643,0.0009868792685368904
327,1,0,327,0.03141463462364149,0.06282926924728298,0.0009868792685368947
328,1,0,328,0.031414634623641344,0.06282926924728269,0.0009868792685368858
329,0,0,329,0.03141463462364135,0.0628292692472827,0.0009868792685368858
330,0,0,330,0.03141463462364128,0.06282926924728256,0.0009868792685368817
331,1,0,331,0.0314146346236413,0.0628292692472826,0.000986879268536883
332,1,0,332,0.03141463462364131,0.06282926924728262,0.0009868792685368835
333,1,0,333,0.031414634623641274,0.06282926924728255,0.000986879268536881
334,1,0,334,0.03141463462364136,0.06282926924728272,0.0009868792685368863
335,1,0,335,0.03141463462364144,0.06282926924728288,0.0009868792685368915
336,1,0,336,0.03141463462364137,0.06282926924728274,0.0009868792685368871
337,0,0,337,0.03141463462364114,0.06282926924728229,0.000986879268536873
338,0,0,338,0.03141463462364136,0.06282926924728272,0.0009868792685368863
339,1,0,339,0.031414634623641385,0.06282926924728277,0.0009868792685368882
340,1,0,340,0.031414634623641115,0.06282926924728223,0.0009868792685368713
341,1,0,341,0.03141463462364128,0.06282926924728256,0.0009868792685368817
342,0,0,342,0.03141463462364125,0.0628292692472825,0.0009868792685368795
343,1,0,343,0.03141463462364113,0.06282926924728226,0.000986879268536872
344,1,0,344,0.03141463462364133,0.06282926924728266,0.0009868792685368848
345,1,0,345,0.031414634623641115,0.06282926924728223,0.0009868792685368713
346,1,0,346,0.03141463462364117,0.06282926924728234,0.000986879268536875
347,0,0,347,0.031414634623641184,0.06282926924728237,0.0009868792685368756
348,0,0,348,0.03141463462364129,0.06282926924728258,0.000986879268536882
349,0,0,349,0.03141463462364134,0.06282926924728267,0.000986879268536885
350,1,0,350,0.03141463462364122,0.06282926924728244,0.0009868792685368774
351,0,0,351,0.03141463462364136,0.06282926924728272,0.0009868792685368863
352,1,0,352,0.031414634623641136,0.06282926924728227,0.0009868792685368724
353,0,0,353,0.031414634623641344,0.06282926924728269,0.0009868792685368856
354,0,0,354,0.031414634623641524,0.06282926924728305,0.0009868792685368967
355,0,0,355,0.03141463462364145,0.0628292692472829,0.000986879268536892
356,0,0,356,0.03141463462364139,0.06282926924728278,0.0009868792685368884
357,1,0,357,0.0314146346236412,0.0628292692472824,0.0009868792685368765
358,1,0,358,0.03141463462364117,0.06282926924728234,0.0009868792685368748
359,0,0,359,0.03141463462364112,0.06282926924728224,0.0009868792685368713
360,1,0,360,0.031414634623641406,0.06282926924728281,0.000986879268536889
361,1,0,361,0.03141463462364142,0.06282926924728284,0.0009868792685368904
362,1,0,362,0.03141463462364143,0.06282926924728285,0.000986879268536891
363,1,0,363,0.03141463462364139,0.06282926924728278,0.0009868792685368884
364,0,0,364,0.03141463462364132,0.06282926924728265,0.000986879268536884
365,0,0,365,0.031414634623641066,0.06282926924728213,0.0009868792685368678
366,0,0,366,0.03141463462364128,0.06282926924728256,0.0009868792685368813
367,0,0,367,0.031414634623641365,0.06282926924728273,0.000986879268536887
368,0,0,368,0.03141463462364139,0.06282926924728278,0.0009868792685368884
369,0,0,369,0.0314146346236414,0.0628292692472828,0.000986879268536889
370,1,0,370,0.0314146346236413,0.0628292692472826,0.0009868792685368828
371,1,0,371,0.03141463462364133,0.06282926924728266,0.000986879268536885
372,1,0,372,0.03141463462364143,0.06282926924728285,0.0009868792685368908
373,0,0,373,0.03141463462364134,0.06282926924728267,0.0009868792685368854
374,0,0,374,0.03141463462364139,0.06282926924728278,0.0009868792685368889
375,1,0,375,0.03141463462364139,0.06282926924728278,0.0009868792685368882
376,0,0,376,0.031414634623641205,0.06282926924728241,0.0009868792685368772
377,1,0,377,0.031414634623641365,0.06282926924728273,0.000986879268536887
378,1,0,378,0.031414634623641406,0.06282926924728281,0.0009868792685368893
379,1,0,379,0.031414634623641205,0.06282926924728241,0.000986879268536877
380,0,0,380,0.031414634623641184,0.06282926924728237,0.0009868792685368754
381,1,0,381,0.031414634623641365,0.06282926924728273,0.000986879268536887
382,1,0,382,0.0314146346236412,0.0628292692472824,0.0009868792685368763
383,0,0,383,0.03141463462364127,0.06282926924728253,0.0009868792685368806
384,0,0,384,0.03141463462364135,0.0628292692472827,0.0009868792685368858
385,0,0,385,0.03141463462364131,0.06282926924728262,0.0009868792685368835
386,1,0,386,0.03141463462364148,0.06282926924728297,0.000986879268536894
387,1,0,387,0.03141463462364143,0.06282926924728285,0.0009868792685368906
388,1,0,388,0.03141463462364122,0.06282926924728242,0.0009868792685368774
389,1,0,389,0.03141463462364144,0.06282926924728288,0.0009868792685368917
390,1,0,390,1.9997532649633212,3.9995065299266424,0.0009868792685368878
391,1,0,391,0.0314146346236414,0.0628292692472828,0.000986879268536889
392,1,0,392,0.03141463462364137,0.06282926924728274,0.000986879268536887
393,0,0,393,0.031414634623641455,0.06282926924728291,0.0009868792685368923
394,1,0,394,0.03141463462364111,0.06282926924728222,0.0009868792685368707
395,0,0,395,0.03141463462364142,0.06282926924728284,0.0009868792685368904
396,0,0,396,0.03141463462364142,0.06282926924728284,0.0009868792685368904
397,1,0,397,0.03141463462364114,0.06282926924728229,0.0009868792685368728
398,1,0,398,0.031414634623641254,0.06282926924728251,0.0009868792685368798
399,0,0,399,0.03141463462364125,0.0628292692472825,0.0009868792685368795
400,1,0,400,0.03141463462364097,0.06282926924728195,0.0009868792685368624
401,1,0,401,0.0314146346236415,0.062829269247283,0.0009868792685368956
402,1,0,402,0.031414634623641406,0.06282926924728281,0.0009868792685368897
403,1,0,403,0.0314146346236412,0.0628292692472824,0.0009868792685368765
404,0,0,404,0.03141463462364148,0.06282926924728297,0.0009868792685368945
405,1,0,405,0.031414634623641344,0.06282926924728269,0.0009868792685368856
406,1,0,406,0.03141463462364123,0.06282926924728247,0.0009868792685368787
407,0,0,407,0.031414634623641365,0.06282926924728273,0.000986879268536887
408,0,0,408,0.03141463462364116,0.06282926924728233,0.0009868792685368743
409,0,0,409,0.03141463462364138,0.06282926924728276,0.0009868792685368876
410,0,0,410,0.03141463462364116,0.06282926924728233,0.000986879268536874
411,0,0,411,0.03141463462364136,0.06282926924728272,0.0009868792685368867
412,1,0,412,0.03141463462364144,0.06282926924728288,0.0009868792685368915
413,1,0,413,0.03141463462364124,0.06282926924728248,0.0009868792685368787
414,0,0,414,0.031414634623641524,0.06282926924728306,0.0009868792685368971
415,0,0,415,0.031414634623641094,0.06282926924728219,0.0009868792685368698
416,0,0,416,0.03141463462364139,0.06282926924728278,0.0009868792685368882
417,0,0,417,0.03141463462364131,0.06282926924728262,0.0009868792685368835
418,1,0,418,0.03141463462364145,0.0628292692472829,0.0009868792685368921
419,0,0,419,0.03141463462364142,0.06282926924728284,0.0009868792685368904
420,1,0,420,1.9997532649633216,3.9995065299266432,0.0009868792685368895
421,1,0,421,0.031414634623641434,0.06282926924728285,0.000986879268536891
422,0,0,422,0.0314146346236414,0.0628292692472828,0.000986879268536889
423,0,0,423,0.03141463462364138,0.06282926924728276,0.0009868792685368876
424,1,0,424,0.03141463462364115,0.0628292692472823,0.0009868792685368733
425,1,0,425,0.031414634623641094,0.06282926924728219,0.0009868792685368702
426,0,0,426,0.03141463462364141,0.06282926924728283,0.0009868792685368902
427,0,0,427,0.03141463462364146,0.06282926924728292,0.000986879268536893
428,1,0,428,0.03141463462364125,0.0628292692472825,0.0009868792685368793
429,0,0,429,0.0314146346236413,0.0628292692472826,0.0009868792685368832
430,0,0,430,0.03141463462364122,0.06282926924728244,0.0009868792685368776
431,1,0,431,0.03141463462364119,0.06282926924728238,0.000986879268536876
432,0,0,432,0.031414634623641226,0.06282926924728245,0.000986879268536878
433,0,0,433,0.03141463462364137,0.06282926924728274,0.0009868792685368871
434,1,0,434,0.03141463462364131,0.06282926924728262,0.000986879268536883
435,0,0,435,0.03141463462364126,0.06282926924728252,0.0009868792685368802
436,1,0,436,0.0314146346236414,0.0628292692472828,0.000986879268536889
437,1,0,437,0.031414634623641316,0.06282926924728263,0.0009868792685368839
438,1,0,438,0.03141463462364144,0.06282926924728288,0.0009868792685368917
439,1,0,439,0.03141463462364114,0.06282926924728229,0.0009868792685368733
440,1,0,440,0.03141463462364145,0.0628292692472829,0.0009868792685368923
441,1,0,441,0.03141463462364139,0.06282926924728278,0.0009868792685368884
442,0,0,442,0.031414634623641316,0.06282926924728263,0.0009868792685368837
443,0,0,443,0.03141463462364134,0.06282926924728267,0.000986879268536885
444,0,0,444,0.03141463462364135,0.0628292692472827,0.0009868792685368858
445,0,0,445,0.03141463462364119,0.06282926924728238,0.000986879268536876
446,1,0,446,0.03141463462364113,0.06282926924728226,0.0009868792685368717
447,0,0,447,0.03141463462364143,0.06282926924728285,0.0009868792685368906
448,0,0,448,0.0314146346236414,0.0628292692472828,0.0009868792685368889
449,0,0,449,0.03141463462364118,0.06282926924728235,0.0009868792685368752
450,0,0,450,0.0314146346236414,0.0628292692472828,0.0009868792685368893
451,1,0,451,0.03141463462364122,0.06282926924728244,0.0009868792685368778
452,1,0,452,0.0314146346236414,0.0628292692472828,0.000986879268536889
453,0,0,453,0.03141463462364138,0.06282926924728276,0.0009868792685368878
454,0,0,454,0.03141463462364133,0.06282926924728266,0.0009868792685368848
455,0,0,455,0.03141463462364114,0.06282926924728229,0.000986879268536873
456,0,0,456,0.03141463462364134,0.06282926924728266,0.000986879268536885
457,0,0,457,0.03141463462364146,0.06282926924728292,0.000986879268536893
458,1,0,458,0.031414634623641205,0.06282926924728241,0.0009868792685368767
459,1,0,459,0.03141463462364114,0.06282926924728229,0.0009868792685368728
460,0,0,460,0.03141463462364126,0.06282926924728252,0.00098687926853688
461,1,0,461,0.0314146346236414,0.0628292692472828,0.000986879268536889
462,1,0,462,0.03141463462364115,0.0628292692472823,0.0009868792685368737
463,0,0,463,0.03141463462364133,0.06282926924728266,0.0009868792685368848
464,1,0,464,0.03141463462364145,0.0628292692472829,0.000986879268536892
465,1,0,465,0.0314146346236413,0.0628292692472826,0.000986879268536883
466,1,0,466,0.031414634623641184,0.06282926924728237,0.0009868792685368754
467,0,0,467,0.031414634623641385,0.06282926924728277,0.000986879268536888
468,1,0,468,0.031414634623641205,0.06282926924728241,0.000986879268536877
469,0,0,469,0.03141463462364134,0.06282926924728267,0.0009868792685368852
470,0,0,470,0.03141463462364135,0.0628292692472827,0.0009868792685368856
471,0,0,471,0.03141463462364107,0.06282926924728215,0.0009868792685368687
472,1,0,472,0.03141463462364134,0.06282926924728267,0.0009868792685368854
473,0,0,473,0.031414634623641406,0.06282926924728281,0.000986879268536889
474,1,0,474,0.03141463462364142,0.06282926924728284,0.0009868792685368906
475,0,0,475,0.03141463462364145,0.0628292692472829,0.000986879268536892
476,0,0,476,0.0314146346236412,0.0628292692472824,0.0009868792685368765
477,1,0,477,0.03141463462364119,0.06282926924728238,0.000986879268536876
478,1,0,478,0.031414634623641004,0.06282926924728201,0.0009868792685368642
479,0,0,479,0.031414634623641226,0.06282926924728245,0.0009868792685368785
480,0,0,480,0.03141463462364141,0.06282926924728283,0.0009868792685368902
481,1,0,481,0.03141463462364138,0.06282926924728276,0.0009868792685368876
482,0,0,482,0.031414634623641455,0.06282926924728291,0.0009868792685368926
483,1,0,483,0.0314146346236414,0.0628292692472828,0.0009868792685368889
484,0,0,484,0.03141463462364125,0.0628292692472825,0.0009868792685368798
485,1,0,485,0.03141463462364131,0.06282926924728262,0.0009868792685368832
486,0,0,486,0.03141463462364145,0.0628292692472829,0.000986879268536892
487,0,0,487,0.031414634623641205,0.06282926924728241,0.0009868792685368765
488,0,0,488,0.031414634623641295,0.06282926924728259,0.0009868792685368826
489,1,0,489,0.031414634623641066,0.06282926924728213,0.0009868792685368683
490,0,0,490,0.03141463462364134,0.06282926924728267,0.000986879268536885
491,1,0,491,0.03141463462364137,0.06282926924728274,0.0009868792685368874
492,1,0,492,0.0314146346236413,0.0628292692472826,0.0009868792685368826
493,0,0,493,0.03141463462364138,0.06282926924728276,0.000986879268536888
494,0,0,494,0.03141463462364139,0.06282926924728278,0.0009868792685368884
495,1,0,495,0.03141463462364137,0.06282926924728274,0.0009868792685368874
496,1,0,496,0.031414634623641344,0.06282926924728269,0.0009868792685368856
497,1,0,497,0.03141463462364135,0.0628292692472827,0.0009868792685368858
498,1,0,498,0.03141463462364138,0.06282926924728276,0.0009868792685368878
499,1,0,499,0.03141463462364136,0.06282926924728272,0.0009868792685368867
500,1,0,500,0.031414634623641066,0.06282926924728213,0.0009868792685368683
501,0,0,501,0.03141463462364118,0.06282926924728235,0.000986879268536875
502,1,0,502,0.031414634623641385,0.06282926924728277,0.0009868792685368882
503,1,0,503,0.03141463462364135,0.0628292692472827,0.0009868792685368863
504,0,0,504,0.03141463462364139,0.06282926924728278,0.0009868792685368887
505,0,0,505,0.03141463462364124,0.06282926924728248,0.000986879268536879
506,0,0,506,0.03141463462364124,0.06282926924728248,0.0009868792685368791
507,0,0,507,0.03141463462364116,0.06282926924728233,0.0009868792685368741
508,1,0,508,0.031414634623641274,0.06282926924728255,0.000986879268536881
509,0,0,509,0.03141463462364135,0.0628292692472827,0.0009868792685368858
510,0,0,510,0.03141463462364125,0.0628292692472825,0.0009868792685368793
511,0,0,511,0.03141463462364119,0.06282926924728238,0.000986879268536876
512,1,0,512,0.03141463462364114,0.06282926924728229,0.0009868792685368726
513,1,0,513,0.03141463462364112,0.06282926924728224,0.0009868792685368717
514,1,0,514,0.031414634623641385,0.06282926924728277,0.0009868792685368882
515,0,0,515,0.031414634623641344,0.06282926924728269,0.0009868792685368852
516,1,0,516,0.03141463462364124,0.06282926924728248,0.0009868792685368787
517,0,0,517,0.03141463462364117,0.06282926924728234,0.0009868792685368746
518,0,0,518,0.031414634623641455,0.06282926924728291,0.0009868792685368926
519,1,0,519,0.031414634623641205,0.06282926924728241,0.0009868792685368767
520,1,0,520,0.031414634623641316,0.06282926924728263,0.0009868792685368835
521,1,0,521,0.031414634623641205,0.06282926924728241,0.0009868792685368765
522,1,0,522,0.03141463462364107,0.06282926924728215,0.0009868792685368685
523,0,0,523,0.03141463462364135,0.0628292692472827,0.0009868792685368863
524,1,0,524,0.03141463462364135,0.0628292692472827,0.000986879268536886
525,1,0,525,0.03141463462364137,0.06282926924728274,0.000986879268536887
526,1,0,526,0.03141463462364112,0.06282926924728224,0.0009868792685368715
527,0,0,527,0.03141463462364147,0.06282926924728294,0.0009868792685368932
528,0,0,528,0.03141463462364113,0.06282926924728226,0.000986879268536872
529,0,0,529,0.03141463462364117,0.06282926924728234,0.0009868792685368748
530,1,0,530,0.03141463462364137,0.06282926924728274,0.0009868792685368874
531,0,0,531,0.03141463462364134,0.06282926924728267,0.0009868792685368852
532,1,0,532,0.03141463462364136,0.06282926924728272,0.0009868792685368867
533,1,0,533,0.031414634623641365,0.06282926924728273,0.0009868792685368871
534,0,0,534,0.03141463462364141,0.06282926924728283,0.0009868792685368897
535,0,0,535,0.03141463462364123,0.06282926924728247,0.0009868792685368785
536,0,0,536,0.03141463462364133,0.06282926924728266,0.0009868792685368848
537,1,0,537,0.031414634623641226,0.06282926924728245,0.000986879268536878
538,1,0,538,0.03141463462364116,0.06282926924728233,0.0009868792685368743
539,0,0,539,0.03141463462364143,0.06282926924728285,0.0009868792685368906
540,0,0,540,0.03141463462364144,0.06282926924728288,0.000986879268536892
541,1,0,541,0.031414634623641406,0.06282926924728283,0.0009868792685368893
542,0,0,542,0.031414634623641184,0.06282926924728237,0.0009868792685368752
543,1,0,543,0.03141463462364122,0.06282926924728244,0.0009868792685368774
544,0,0,544,0.0314146346236412,0.06282926924728241,0.0009868792685368767
545,0,0,545,0.031414634623641184,0.06282926924728237,0.0009868792685368756
546,1,0,546,0.03141463462364145,0.0628292692472829,0.000986879268536892
547,1,0,547,0.03141463462364119,0.06282926924728238,0.0009868792685368763
548,0,0,548,0.03141463462364138,0.06282926924728276,0.0009868792685368876
549,1,0,549,0.031414634623641496,0.06282926924728299,0.0009868792685368952
550,0,0,550,0.031414634623641434,0.06282926924728287,0.0009868792685368913
551,0,0,551,0.031414634623641184,0.06282926924728237,0.0009868792685368752
552,0,0,552,0.03141463462364149,0.06282926924728297,0.0009868792685368945
553,1,0,553,0.031414634623641316,0.06282926924728263,0.000986879268536884
554,0,0,554,0.03141463462364134,0.06282926924728267,0.0009868792685368852
555,0,0,555,0.031414634623641295,0.06282926924728259,0.0009868792685368826
556,1,0,556,0.031414634623641365,0.06282926924728273,0.0009868792685368867
557,1,0,557,0.031414634623641316,0.06282926924728265,0.0009868792685368839
558,0,0,558,0.03141463462364132,0.06282926924728265,0.000986879268536884
559,1,0,559,0.0314146346236413,0.0628292692472826,0.0009868792685368832
560,0,0,560,0.031414634623641365,0.06282926924728273,0.000986879268536887
561,0,0,561,0.03141463462364136,0.06282926924728272,0.0009868792685368867
562,0,0,562,0.031414634623641385,0.06282926924728277,0.0009868792685368882
563,0,0,563,0.03141463462364118,0.06282926924728235,0.0009868792685368752
564,1,0,564,0.03141463462364142,0.06282926924728284,0.0009868792685368904
565,0,0,565,0.03141463462364137,0.06282926924728274,0.0009868792685368871
566,1,0,566,0.03141463462364132,0.06282926924728265,0.0009868792685368839
567,0,0,567,0.031414634623641274,0.06282926924728255,0.000986879268536881
568,0,0,568,0.03141463462364146,0.06282926924728292,0.0009868792685368928
569,1,0,569,0.03141463462364147,0.06282926924728294,0.0009868792685368932
570,0,0,570,0.031414634623641156,0.06282926924728231,0.0009868792685368737
571,1,0,571,0.031414634623641434,0.06282926924728287,0.000986879268536891
572,1,0,572,0.03141463462364134,0.06282926924728267,0.0009868792685368854
573,1,0,573,0.031414634623641136,0.06282926924728227,0.0009868792685368722
574,0,0,574,0.03141463462364131,0.06282926924728262,0.0009868792685368832
575,1,0,575,0.03141463462364113,0.06282926924728226,0.0009868792685368717
576,0,0,576,0.03141463462364137,0.06282926924728274,0.0009868792685368874
577,1,0,577,0.03141463462364136,0.06282926924728272,0.0009868792685368865
578,1,0,578,0.0314146346236411,0.0628292692472822,0.0009868792685368702
579,0,0,579,0.03141463462364119,0.06282926924728238,0.0009868792685368759
580,1,0,580,0.03141463462364116,0.06282926924728233,0.000986879268536874
581,1,0,581,0.03141463462364128,0.06282926924728256,0.0009868792685368815
582,1,0,582,0.03141463462364133,0.06282926924728266,0.0009868792685368845
583,0,0,583,0.03141463462364133,0.06282926924728266,0.0009868792685368845
584,1,0,584,0.0314146346236414,0.0628292692472828,0.000986879268536889
585,0,0,585,0.03141463462364115,0.0628292692472823,0.0009868792685368735
586,0,0,586,0.031414634623641226,0.06282926924728245,0.000986879268536878
587,0,0,587,0.031414634623641496,0.06282926924728299,0.0009868792685368952
588,0,0,588,0.031414634623641045,0.06282926924728209,0.0009868792685368668
589,0,0,589,0.03141463462364122,0.06282926924728244,0.0009868792685368776
590,0,0,590,0.03141463462364118,0.06282926924728235,0.000986879268536875
591,0,0,591,0.03141463462364123,0.06282926924728247,0.0009868792685368782
592,1,0,592,0.03141463462364139,0.0628292692472828,0.0009868792685368887
593,0,0,593,0.03141463462364119,0.06282926924728238,0.0009868792685368756
594,0,0,594,0.03141463462364108,0.06282926924728216,0.0009868792685368691
595,1,0,595,0.03141463462364139,0.06282926924728278,0.0009868792685368887
596,0,0,596,0.031414634623641344,0.06282926924728269,0.0009868792685368856
597,1,0,597,0.03141463462364135,0.0628292692472827,0.000986879268536886
598,1,0,598,0.031414634623641385,0.06282926924728277,0.0009868792685368884
599,1,0,599,0.03141463462364148,0.06282926924728297,0.0009868792685368943
600,0,0,600,0.03141463462364112,0.06282926924728224,0.0009868792685368713
601,0,0,601,0.03141463462364132,0.06282926924728265,0.000986879268536884
602,0,0,602,0.03141463462364141,0.06282926924728283,0.0009868792685368897
603,1,0,603,0.03141463462364111,0.06282926924728222,0.0009868792685368707
604,0,0,604,0.031414634623641295,0.06282926924728259,0.0009868792685368824
605,1,0,605,0.03141463462364129,0.06282926924728258,0.000986879268536882
606,0,0,606,0.03141463462364119,0.06282926924728238,0.000986879268536876
607,1,0,607,0.031414634623641434,0.06282926924728287,0.0009868792685368915
608,1,0,608,0.03141463462364115,0.0628292692472823,0.0009868792685368735
609,0,0,609,0.0314146346236412,0.0628292692472824,0.000986879268536876
610,0,0,610,0.031414634623641136,0.06282926924728227,0.0009868792685368722
611,0,0,611,0.031414634623641455,0.06282926924728291,0.0009868792685368926
612,1,0,612,0.031414634623641434,0.06282926924728287,0.0009868792685368913
613,1,0,613,0.03141463462364129,0.06282926924728258,0.0009868792685368822
614,1,0,614,0.031414634623641205,0.06282926924728241,0.000986879268536877
615,0,0,615,0.03141463462364119,0.06282926924728238,0.0009868792685368759
616,0,0,616,0.031414634623641496,0.06282926924728299,0.0009868792685368952
617,0,0,617,0.03141463462364117,0.06282926924728234,0.0009868792685368746
618,0,0,618,0.031414634623641205,0.06282926924728241,0.0009868792685368767
619,1,0,619,0.03141463462364123,0.06282926924728247,0.0009868792685368782
620,0,0,620,0.03141463462364136,0.06282926924728272,0.000986879268536886
621,0,0,621,0.031414634623641406,0.06282926924728281,0.0009868792685368893
622,1,0,622,0.03141463462364113,0.06282926924728226,0.000986879268536872
623,0,0,623,0.03141463462364139,0.06282926924728278,0.0009868792685368889
624,0,0,624,1.999753264963321,3.999506529926642,0.000986879268536886
625,0,0,625,0.03141463462364118,0.06282926924728235,0.0009868792685368748
626,0,0,626,0.03141463462364124,0.06282926924728248,0.0009868792685368791
627,0,0,627,0.03141463462364121,0.06282926924728242,0.000986879268536877
628,1,0,628,0.03141463462364135,0.0628292692472827,0.0009868792685368858
629,0,0,629,0.03141463462364148,0.06282926924728297,0.0009868792685368945
630,0,0,630,0.03141463462364116,0.06282926924728233,0.0009868792685368741
631,1,0,631,0.031414634623641385,0.06282926924728277,0.000986879268536888
632,0,0,632,0.031414634623641385,0.06282926924728277,0.0009868792685368882
633,0,0,633,0.03141463462364127,0.06282926924728253,0.0009868792685368809
634,1,0,634,0.03141463462364113,0.06282926924728226,0.0009868792685368722
635,0,0,635,0.03141463462364141,0.06282926924728283,0.0009868792685368895
636,0,0,636,0.03141463462364116,0.06282926924728233,0.0009868792685368741
637,1,0,637,0.03141463462364138,0.06282926924728276,0.0009868792685368878
638,0,0,638,0.03141463462364121,0.06282926924728242,0.0009868792685368776
639,1,0,639,0.031414634623641066,0.06282926924728213,0.000986879268536868
640,0,0,640,0.03141463462364135,0.0628292692472827,0.000986879268536886
641,0,0,641,0.03141463462364139,0.06282926924728278,0.0009868792685368887
642,0,0,642,0.031414634623641344,0.06282926924728269,0.0009868792685368856
643,0,0,643,0.031414634623641385,0.06282926924728277,0.0009868792685368882
644,1,0,644,0.03141463462364129,0.06282926924728258,0.000986879268536882
645,0,0,645,0.03141463462364138,0.06282926924728276,0.0009868792685368876
646,1,0,646,0.031414634623641316,0.06282926924728263,0.000986879268536884
647,1,0,647,0.03141463462364114,0.06282926924728229,0.000986879268536873
648,1,0,648,0.03141463462364134,0.06282926924728267,0.0009868792685368854
649,1,0,649,0.031414634623641184,0.06282926924728237,0.0009868792685368756
650,1,0,650,0.03141463462364121,0.06282926924728242,0.0009868792685368772
651,1,0,651,0.0314146346236414,0.0628292692472828,0.0009868792685368889
652,0,0,652,0.031414634623641094,0.06282926924728219,0.0009868792685368698
653,0,0,653,0.031414634623641254,0.06282926924728251,0.0009868792685368795
654,0,0,654,0.03141463462364138,0.06282926924728276,0.0009868792685368878
655,0,0,655,0.03141463462364128,0.06282926924728256,0.0009868792685368817
656,1,0,656,0.03141463462364118,0.06282926924728235,0.0009868792685368748
657,0,0,657,0.03141463462364122,0.06282926924728244,0.0009868792685368776
658,1,0,658,0.03141463462364139,0.06282926924728278,0.0009868792685368884
659,1,0,659,0.031414634623641385,0.06282926924728277,0.0009868792685368882
660,0,0,660,0.03141463462364154,0.06282926924728308,0.0009868792685368978
661,0,0,661,0.03141463462364136,0.06282926924728272,0.0009868792685368867
662,1,0,662,0.031414634623641184,0.06282926924728237,0.0009868792685368756
663,0,0,663,0.0314146346236413,0.0628292692472826,0.000986879268536883
664,1,0,664,0.03141463462364122,0.06282926924728244,0.0009868792685368774
665,1,0,665,0.03141463462364148,0.06282926924728297,0.000986879268536894
666,1,0,666,0.03141463462364141,0.06282926924728283,0.0009868792685368897
667,0,0,667,0.03141463462364138,0.06282926924728276,0.0009868792685368876
668,0,0,668,0.031414634623641385,0.06282926924728277,0.0009868792685368882
669,1,0,669,0.03141463462364124,0.06282926924728248,0.0009868792685368787
670,1,0,670,0.03141463462364119,0.06282926924728238,0.0009868792685368754
671,1,0,671,0.031414634623641365,0.06282926924728273,0.0009868792685368863
672,1,0,672,0.03141463462364126,0.06282926924728252,0.00098687926853688
673,1,0,673,0.03141463462364132,0.06282926924728265,0.0009868792685368843
674,0,0,674,0.03141463462364122,0.06282926924728244,0.0009868792685368778
675,1,0,675,0.031414634623641184,0.06282926924728237,0.0009868792685368752
676,0,0,676,0.0314146346236414,0.0628292692472828,0.000986879268536889
677,1,0,677,0.031414634623641365,0.06282926924728273,0.000986879268536887
678,1,0,678,0.031414634623641184,0.06282926924728237,0.0009868792685368752
679,0,0,679,0.03141463462364122,0.06282926924728244,0.0009868792685368778
680,0,0,680,0.031414634623641365,0.06282926924728273,0.0009868792685368867
681,0,0,681,0.031414634623641406,0.06282926924728281,0.0009868792685368893
682,0,0,682,0.03141463462364112,0.06282926924728224,0.0009868792685368715
683,1,0,683,0.03141463462364131,0.06282926924728262,0.0009868792685368835
684,0,0,684,0.03141463462364126,0.06282926924728252,0.0009868792685368804
685,0,0,685,0.03141463462364141,0.06282926924728283,0.0009868792685368897
686,1,0,686,0.03141463462364136,0.06282926924728272,0.0009868792685368863
687,1,0,687,0.031414634623641365,0.06282926924728273,0.0009868792685368867
688,1,0,688,0.0314146346236413,0.0628292692472826,0.0009868792685368828
689,0,0,689,0.03141463462364138,0.06282926924728276,0.0009868792685368878
690,0,0,690,0.03141463462364122,0.06282926924728244,0.0009868792685368778
691,1,0,691,0.03141463462364139,0.06282926924728278,0.0009868792685368889
692,1,0,692,0.03141463462364119,0.06282926924728238,0.000986879268536876
693,1,0,693,0.03141463462364119,0.0628292692472824,0.000986879268536876
694,1,0,694,0.03141463462364115,0.0628292692472823,0.000986879268536873
695,0,0,695,0.03141463462364138,0.06282926924728276,0.0009868792685368878
696,1,0,696,0.031414634623641184,0.06282926924728237,0.0009868792685368754
697,0,0,697,0.03141463462364121,0.06282926924728242,0.0009868792685368772
698,0,0,698,0.03141463462364117,0.06282926924728234,0.0009868792685368748
699,0,0,699,0.031414634623641406,0.06282926924728281,0.0009868792685368895
700,1,0,700,0.03141463462364122,0.06282926924728244,0.000986879268536878
701,0,0,701,0.03141463462364127,0.06282926924728253,0.0009868792685368804
702,1,0,702,0.03141463462364136,0.06282926924728272,0.0009868792685368867
703,1,0,703,0.031414634623641344,0.06282926924728269,0.0009868792685368854
704,1,0,704,0.031414634623641274,0.06282926924728255,0.0009868792685368815
705,1,0,705,0.031414634623641365,0.06282926924728273,0.0009868792685368867
706,1,0,706,0.03141463462364139,0.06282926924728278,0.0009868792685368887
707,1,0,707,0.03141463462364119,0.06282926924728238,0.0009868792685368763
708,1,0,708,0.03141463462364125,0.0628292692472825,0.0009868792685368791
709,0,0,709,0.03141463462364145,0.0628292692472829,0.000986879268536892
710,1,0,710,0.03141463462364136,0.06282926924728272,0.0009868792685368867
711,0,0,711,0.031414634623641406,0.06282926924728281,0.0009868792685368895
712,0,0,712,0.031414634623641385,0.06282926924728278,0.0009868792685368884
713,0,0,713,0.031414634623641406,0.06282926924728281,0.0009868792685368893
714,0,0,714,0.031414634623641316,0.06282926924728263,0.0009868792685368839
715,1,0,715,0.0314146346236411,0.0628292692472822,0.0009868792685368702
716,0,0,716,0.03141463462364114,0.06282926924728229,0.0009868792685368728
717,1,0,717,0.03141463462364137,0.06282926924728274,0.0009868792685368874
718,1,0,718,0.031414634623641455,0.06282926924728291,0.0009868792685368928
719,0,0,719,0.031414634623641434,0.06282926924728287,0.000986879268536891
720,0,0,720,0.03141463462364118,0.06282926924728235,0.0009868792685368752
721,1,0,721,0.03141463462364137,0.06282926924728274,0.0009868792685368871
722,0,0,722,0.03141463462364122,0.06282926924728244,0.0009868792685368778
723,0,0,723,0.0314146346236413,0.0628292692472826,0.0009868792685368828
724,1,0,724,0.03141463462364134,0.06282926924728267,0.0009868792685368854
725,1,0,725,0.03141463462364131,0.06282926924728262,0.000986879268536883
726,0,0,726,0.031414634623641045,0.06282926924728209,0.0009868792685368668
727,1,0,727,0.031414634623641385,0.06282926924728277,0.000986879268536888
728,1,0,728,0.03141463462364117,0.06282926924728234,0.0009868792685368746
729,1,0,729,0.03141463462364133,0.06282926924728266,0.0009868792685368848
730,1,0,730,0.031414634623641156,0.06282926924728231,0.0009868792685368737
731,1,0,731,0.03141463462364139,0.06282926924728278,0.0009868792685368887
732,1,0,732,0.03141463462364122,0.06282926924728244,0.0009868792685368776
733,1,0,733,0.03141463462364117,0.06282926924728234,0.0009868792685368743
734,1,0,734,0.03141463462364145,0.0628292692472829,0.0009868792685368923
735,0,0,735,0.03141463462364117,0.06282926924728234,0.0009868792685368743
736,1,0,736,0.03141463462364121,0.06282926924728242,0.0009868792685368774
737,1,0,737,0.03141463462364132,0.06282926924728265,0.0009868792685368839
738,1,0,738,0.03141463462364144,0.06282926924728288,0.0009868792685368915
739,1,0,739,0.031414634623641316,0.06282926924728263,0.0009868792685368837
740,1,0,740,0.03141463462364134,0.06282926924728267,0.0009868792685368852
741,1,0,741,0.03141463462364123,0.06282926924728247,0.0009868792685368782
742,1,0,742,0.03141463462364139,0.06282926924728278,0.0009868792685368884
743,0,0,743,0.0314146346236412,0.0628292692472824,0.0009868792685368763
744,0,0,744,0.03141463462364121,0.06282926924728242,0.000986879268536877
745,0,0,745,0.03141463462364132,0.06282926924728265,0.0009868792685368843
746,0,0,746,0.03141463462364112,0.06282926924728224,0.0009868792685368715
747,0,0,747,0.03141463462364117,0.06282926924728233,0.0009868792685368746
748,0,0,748,0.03141463462364131,0.06282926924728263,0.0009868792685368837
749,1,0,749,0.031414634623641184,0.06282926924728237,0.0009868792685368756
750,1,0,750,0.03141463462364133,0.06282926924728266,0.0009868792685368848
751,0,0,751,0.031414634623641295,0.06282926924728259,0.0009868792685368822
752,1,0,752,0.03141463462364139,0.06282926924728278,0.0009868792685368884
753,1,0,753,0.03141463462364137,0.06282926924728274,0.0009868792685368871
754,0,0,754,0.03141463462364142,0.06282926924728284,0.0009868792685368906
755,0,0,755,0.03141463462364132,0.06282926924728265,0.0009868792685368843
756,1,0,756,0.03141463462364119,0.06282926924728238,0.0009868792685368765
757,0,0,757,0.0314146346236413,0.0628292692472826,0.0009868792685368828
758,0,0,758,0.03141463462364124,0.06282926924728248,0.0009868792685368791
759,1,0,759,0.031414634623641385,0.06282926924728277,0.0009868792685368882
760,1,0,760,0.031414634623641274,0.06282926924728255,0.000986879268536881
761,0,0,761,0.0314146346236414,0.06282926924728281,0.000986879268536889
762,1,0,762,1.9997532649633216,3.9995065299266432,0.0009868792685368897
763,1,0,763,0.03141463462364141,0.06282926924728283,0.00098687926853689
764,1,0,764,0.03141463462364136,0.06282926924728272,0.0009868792685368865
765,0,0,765,0.03141463462364137,0.06282926924728274,0.0009868792685368871
766,0,0,766,0.0314146346236412,0.0628292692472824,0.0009868792685368767
767,1,0,767,0.03141463462364138,0.06282926924728276,0.0009868792685368876
768,1,0,768,0.03141463462364114,0.06282926924728229,0.000986879268536873
769,0,0,769,0.03141463462364133,0.06282926924728266,0.0009868792685368848
770,1,0,770,0.03141463462364132,0.06282926924728265,0.0009868792685368843
771,1,0,771,0.03141463462364134,0.06282926924728267,0.000986879268536885
772,1,0,772,0.031414634623641184,0.06282926924728237,0.0009868792685368754
773,0,0,773,0.03141463462364129,0.06282926924728258,0.0009868792685368824
774,1,0,774,0.031414634623641115,0.06282926924728223,0.0009868792685368713
775,1,0,775,0.031414634623641184,0.06282926924728237,0.0009868792685368756
776,0,0,776,0.03141463462364137,0.06282926924728274,0.0009868792685368874
777,1,0,777,0.03141463462364144,0.06282926924728288,0.0009868792685368917
778,1,0,778,0.03141463462364133,0.06282926924728267,0.000986879268536885
779,0,0,779,0.03141463462364115,0.0628292692472823,0.000986879268536873
780,0,0,780,0.03141463462364122,0.06282926924728244,0.0009868792685368778
781,0,0,781,0.031414634623641156,0.06282926924728231,0.0009868792685368741
782,0,0,782,0.03141463462364119,0.06282926924728238,0.0009868792685368759
783,1,0,783,0.03141463462364123,0.06282926924728247,0.0009868792685368787
784,0,0,784,0.031414634623641094,0.06282926924728219,0.0009868792685368698
785,1,0,785,0.03141463462364123,0.06282926924728247,0.0009868792685368787
786,1,0,786,0.03141463462364113,0.06282926924728226,0.0009868792685368722
787,1,0,787,0.031414634623641496,0.06282926924728299,0.0009868792685368954
788,1,0,788,0.03141463462364111,0.06282926924728222,0.0009868792685368709
789,0,0,789,0.03141463462364136,0.06282926924728272,0.0009868792685368863
790,0,0,790,0.03141463462364151,0.06282926924728303,0.0009868792685368962
791,0,0,791,0.03141463462364135,0.0628292692472827,0.000986879268536886
792,1,0,792,0.03141463462364141,0.06282926924728283,0.0009868792685368902
793,1,0,793,0.03141463462364139,0.06282926924728278,0.0009868792685368889
794,1,0,794,0.031414634623641365,0.06282926924728273,0.000986879268536887
795,1,0,795,0.03141463462364116,0.06282926924728233,0.0009868792685368743
796,0,0,796,0.03141463462364116,0.06282926924728233,0.000986879268536874
797,1,0,797,0.03141463462364116,0.06282926924728233,0.0009868792685368743
798,1,0,798,0.03141463462364143,0.06282926924728285,0.0009868792685368904
799,0,0,799,0.03141463462364133,0.06282926924728266,0.0009868792685368848
800,0,0,800,0.03141463462364147,0.06282926924728294,0.0009868792685368932
801,1,0,801,0.03141463462364137,0.06282926924728274,0.0009868792685368874
802,0,0,802,0.031414634623641344,0.06282926924728269,0.0009868792685368856
803,1,0,803,0.03141463462364147,0.06282926924728294,0.0009868792685368934
804,0,0,804,0.031414634623641385,0.06282926924728276,0.0009868792685368878
805,0,0,805,0.03141463462364132,0.06282926924728265,0.0009868792685368843
806,0,0,806,0.031414634623641365,0.06282926924728273,0.0009868792685368867
807,0,0,807,0.03141463462364118,0.06282926924728235,0.0009868792685368752
808,0,0,808,0.03141463462364113,0.06282926924728226,0.000986879268536872
809,0,0,809,0.03141463462364128,0.06282926924728256,0.0009868792685368813
810,0,0,810,0.03141463462364139,0.06282926924728278,0.0009868792685368882
811,0,0,811,0.03141463462364128,0.06282926924728256,0.0009868792685368815
812,1,0,812,0.03141463462364121,0.06282926924728242,0.000986879268536877
813,1,0,813,0.03141463462364134,0.06282926924728267,0.0009868792685368852
814,0,0,814,0.031414634623641344,0.06282926924728269,0.0009868792685368852
815,1,0,815,0.03141463462364147,0.06282926924728294,0.0009868792685368932
816,1,0,816,0.03141463462364138,0.06282926924728276,0.0009868792685368876
817,1,0,817,0.03141463462364141,0.06282926924728283,0.0009868792685368897
818,1,0,818,0.031414634623641406,0.06282926924728281,0.0009868792685368897
819,0,0,819,0.031414634623641205,0.06282926924728241,0.0009868792685368767
820,0,0,820,0.03141463462364115,0.0628292692472823,0.0009868792685368735
821,0,0,821,0.031414634623641455,0.06282926924728291,0.0009868792685368926
822,1,0,822,0.03141463462364112,0.06282926924728224,0.0009868792685368715
823,0,0,823,0.031414634623641156,0.06282926924728231,0.000986879268536874
824,0,0,824,0.03141463462364131,0.06282926924728262,0.0009868792685368832
825,0,0,825,0.03141463462364141,0.06282926924728283,0.0009868792685368897
826,0,0,826,0.03141463462364109,0.06282926924728217,0.0009868792685368696
827,0,0,827,0.031414634623641316,0.06282926924728263,0.0009868792685368837
828,1,0,828,0.03141463462364126,0.06282926924728252,0.00098687926853688
829,1,0,829,0.03141463462364136,0.06282926924728272,0.0009868792685368865
830,1,0,830,0.03141463462364149,0.06282926924728298,0.0009868792685368947
831,0,0,831,0.03141463462364137,0.06282926924728274,0.0009868792685368871
832,1,0,832,0.031414634623641316,0.06282926924728263,0.0009868792685368837
833,1,0,833,0.03141463462364117,0.06282926924728234,0.0009868792685368748
834,1,0,834,0.0314146346236413,0.0628292692472826,0.000986879268536883
835,1,0,835,0.03141463462364114,0.06282926924728229,0.0009868792685368728
836,1,0,836,0.03141463462364135,0.0628292692472827,0.0009868792685368858
837,0,0,837,0.031414634623641295,0.06282926924728259,0.0009868792685368824
838,0,0,838,0.03141463462364113,0.06282926924728226,0.0009868792685368722
839,0,0,839,1.9997532649633207,3.9995065299266415,0.0009868792685368908
840,0,0,840,0.03141463462364136,0.06282926924728272,0.0009868792685368867
841,0,0,841,0.03141463462364143,0.06282926924728285,0.000986879268536891
842,0,0,842,0.0314146346236414,0.0628292692472828,0.000986879268536889
843,0,0,843,0.031414634623641385,0.06282926924728277,0.000986879268536888
844,1,0,844,0.03141463462364139,0.06282926924728278,0.0009868792685368884
845,0,0,845,0.03141463462364108,0.06282926924728216,0.000986879268536869
846,0,0,846,0.03141463462364111,0.06282926924728222,0.0009868792685368707
847,0,0,847,0.0314146346236414,0.0628292692472828,0.0009868792685368889
848,1,0,848,0.03141463462364118,0.06282926924728235,0.0009868792685368752
849,1,0,849,0.03141463462364133,0.06282926924728266,0.0009868792685368845
850,1,0,850,0.031414634623641406,0.06282926924728281,0.000986879268536889
851,1,0,851,0.03141463462364151,0.06282926924728302,0.0009868792685368958
852,1,0,852,0.0314146346236411,0.0628292692472822,0.0009868792685368704
853,1,0,853,0.031414634623641115,0.06282926924728222,0.0009868792685368709
854,0,0,854,0.031414634623641406,0.06282926924728281,0.0009868792685368897
855,0,0,855,0.031414634623641184,0.06282926924728237,0.0009868792685368754
856,1,0,856,0.03141463462364141,0.06282926924728283,0.00098687926853689
857,0,0,857,0.031414634623641344,0.06282926924728269,0.0009868792685368858
858,1,0,858,0.0314146346236414,0.0628292692472828,0.000986879268536889
859,1,0,859,0.03141463462364146,0.06282926924728292,0.0009868792685368928
860,1,0,860,0.03141463462364119,0.06282926924728238,0.000986879268536876
861,0,0,861,0.03141463462364134,0.06282926924728267,0.000986879268536885
862,1,0,862,0.03141463462364133,0.06282926924728266,0.0009868792685368848
863,0,0,863,0.031414634623641136,0.06282926924728226,0.0009868792685368722
864,1,0,864,0.03141463462364118,0.06282926924728235,0.000986879268536875
865,0,0,865,0.031414634623641316,0.06282926924728263,0.0009868792685368835
866,0,0,866,0.03141463462364145,0.0628292692472829,0.0009868792685368921
867,1,0,867,0.03141463462364136,0.06282926924728272,0.0009868792685368865
868,0,0,868,0.03141463462364108,0.06282926924728216,0.0009868792685368691
869,0,0,869,0.03141463462364134,0.06282926924728267,0.0009868792685368852
870,0,0,870,0.03141463462364132,0.06282926924728265,0.000986879268536884
871,1,0,871,0.0314146346236413,0.0628292692472826,0.0009868792685368832
872,1,0,872,0.0314146346236411,0.0628292692472822,0.00098687926853687
873,1,0,873,0.03141463462364111,0.06282926924728222,0.0009868792685368704
874,1,0,874,0.0314146346236414,0.0628292692472828,0.000986879268536889
875,0,0,875,0.031414634623641365,0.06282926924728273,0.000986879268536887
876,0,0,876,0.031414634623641066,0.06282926924728213,0.000986879268536868
877,1,0,877,0.03141463462364112,0.06282926924728224,0.0009868792685368717
878,1,0,878,0.03141463462364137,0.06282926924728274,0.0009868792685368874
879,1,0,879,0.031414634623641254,0.06282926924728251,0.0009868792685368798
880,1,0,880,0.03141463462364125,0.0628292692472825,0.0009868792685368791
881,0,0,881,0.031414634623641344,0.06282926924728269,0.0009868792685368854
882,0,0,882,0.031414634623641476,0.06282926924728295,0.0009868792685368934
883,0,0,883,0.031414634623641316,0.06282926924728263,0.0009868792685368839
884,0,0,884,0.031414634623641254,0.06282926924728251,0.0009868792685368798
885,0,0,885,0.03141463462364136,0.06282926924728272,0.0009868792685368863
886,1,0,886,0.03141463462364134,0.06282926924728267,0.0009868792685368854
887,1,0,887,0.03141463462364118,0.06282926924728235,0.000986879268536875
888,0,0,888,0.03141463462364115,0.0628292692472823,0.000986879268536873
889,1,0,889,0.031414634623641455,0.06282926924728291,0.0009868792685368923
890,1,0,890,1.9997532649633212,3.9995065299266424,0.0009868792685369153
891,1,0,891,0.03141463462364136,0.06282926924728272,0.0009868792685368867
892,1,0,892,0.03141463462364128,0.06282926924728258,0.0009868792685368817
893,1,0,893,0.031414634623641316,0.06282926924728263,0.0009868792685368837
894,1,0,894,0.03141463462364135,0.0628292692472827,0.000986879268536886
895,0,0,895,0.03141463462364147,0.06282926924728294,0.0009868792685368932
896,0,0,896,0.03141463462364137,0.06282926924728274,0.000986879268536887
897,0,0,897,0.03141463462364124,0.06282926924728248,0.000986879268536879
898,0,0,898,0.03141463462364137,0.06282926924728274,0.0009868792685368874
899,0,0,899,0.031414634623641365,0.06282926924728273,0.0009868792685368867
900,1,0,900,0.03141463462364126,0.06282926924728252,0.0009868792685368804
901,0,0,901,0.03141463462364143,0.06282926924728285,0.0009868792685368908
902,1,0,902,0.03141463462364137,0.06282926924728274,0.0009868792685368876
903,1,0,903,0.03141463462364154,0.06282926924728308,0.0009868792685368973
904,1,0,904,0.031414634623641365,0.06282926924728273,0.000986879268536887
905,0,0,905,0.03141463462364138,0.06282926924728276,0.0009868792685368878
906,0,0,906,0.031414634623641295,0.06282926924728259,0.0009868792685368826
907,0,0,907,0.03141463462364134,0.06282926924728267,0.000986879268536885
908,0,0,908,0.03141463462364116,0.06282926924728233,0.0009868792685368741
909,0,0,909,0.031414634623641385,0.06282926924728277,0.0009868792685368882
910,0,0,910,0.031414634623641295,0.06282926924728258,0.0009868792685368824
911,1,0,911,0.031414634623641156,0.06282926924728231,0.0009868792685368737
912,0,0,912,0.031414634623641205,0.06282926924728241,0.0009868792685368767
913,0,0,913,0.03141463462364143,0.06282926924728285,0.0009868792685368908
914,1,0,914,0.031414634623641094,0.06282926924728219,0.0009868792685368696
915,0,0,915,0.03141463462364135,0.0628292692472827,0.0009868792685368858
916,1,0,916,0.03141463462364136,0.06282926924728272,0.0009868792685368865
917,1,0,917,0.031414634623641136,0.06282926924728227,0.0009868792685368724
918,0,0,918,0.03141463462364138,0.06282926924728276,0.0009868792685368878
919,0,0,919,0.03141463462364112,0.06282926924728224,0.0009868792685368713
920,0,0,920,0.031414634623641344,0.06282926924728269,0.0009868792685368854
921,0,0,921,0.03141463462364112,0.06282926924728224,0.0009868792685368713
922,0,0,922,0.03141463462364107,0.06282926924728215,0.0009868792685368683
923,0,0,923,0.03141463462364139,0.06282926924728278,0.0009868792685368887
924,1,0,924,0.031414634623641455,0.06282926924728291,0.0009868792685368926
925,0,0,925,0.03141463462364118,0.06282926924728235,0.0009868792685368748
926,1,0,926,0.03141463462364132,0.06282926924728265,0.0009868792685368843
927,1,0,927,0.03141463462364133,0.06282926924728266,0.0009868792685368845
928,1,0,928,0.03141463462364115,0.0628292692472823,0.0009868792685368733
929,0,0,929,0.0314146346236412,0.0628292692472824,0.0009868792685368765
930,1,0,930,0.03141463462364136,0.06282926924728272,0.0009868792685368865
931,0,0,931,0.03141463462364119,0.06282926924728238,0.000986879268536876
932,1,0,932,0.03141463462364115,0.0628292692472823,0.0009868792685368733
933,1,0,933,0.031414634623641434,0.06282926924728287,0.0009868792685368915
934,1,0,934,0.03141463462364139,0.06282926924728278,0.0009868792685368884
935,0,0,935,0.031414634623641205,0.06282926924728241,0.0009868792685368765
936,1,0,936,0.03141463462364121,0.06282926924728242,0.0009868792685368772
937,1,0,937,0.031414634623641156,0.06282926924728231,0.000986879268536874
938,0,0,938,0.03141463462364142,0.06282926924728284,0.0009868792685368904
939,0,0,939,0.031414634623641136,0.06282926924728227,0.0009868792685368726
940,1,0,940,0.03141463462364143,0.06282926924728285,0.0009868792685368906
941,1,0,941,0.03141463462364139,0.06282926924728278,0.0009868792685368884
942,1,0,942,0.03141463462364119,0.06282926924728238,0.0009868792685368763
943,0,0,943,0.031414634623641094,0.06282926924728219,0.0009868792685368698
944,0,0,944,0.031414634623641254,0.06282926924728251,0.0009868792685368802
945,1,0,945,0.03141463462364128,0.06282926924728256,0.0009868792685368813
946,1,0,946,0.03141463462364132,0.06282926924728265,0.000986879268536884
947,1,0,947,0.03141463462364145,0.0628292692472829,0.000986879268536892
948,0,0,948,0.03141463462364135,0.0628292692472827,0.0009868792685368858
949,1,0,949,0.031414634623641184,0.06282926924728237,0.0009868792685368752
950,0,0,950,0.031414634623641184,0.06282926924728237,0.0009868792685368756
951,0,0,951,0.031414634623641365,0.06282926924728273,0.0009868792685368867
952,1,0,952,0.031414634623641295,0.06282926924728259,0.0009868792685368822
953,0,0,953,0.0314146346236414,0.0628292692472828,0.000986879268536889
954,1,0,954,0.03141463462364137,0.06282926924728274,0.0009868792685368874
955,0,0,955,0.03141463462364111,0.06282926924728222,0.0009868792685368707
956,0,0,956,0.03141463462364135,0.0628292692472827,0.000986879268536886
957,0,0,957,0.03141463462364139,0.06282926924728278,0.0009868792685368887
958,1,0,958,0.03141463462364129,0.06282926924728258,0.000986879268536882
959,1,0,959,0.031414634623641066,0.06282926924728213,0.0009868792685368683
960,1,0,960,0.031414634623641365,0.06282926924728273,0.0009868792685368865
961,0,0,961,0.03141463462364148,0.06282926924728297,0.0009868792685368943
962,0,0,962,0.031414634623641316,0.06282926924728263,0.0009868792685368835
963,1,0,963,0.03141463462364139,0.06282926924728278,0.0009868792685368887
964,0,0,964,0.03141463462364124,0.06282926924728248,0.0009868792685368791
965,0,0,965,0.03141463462364107,0.06282926924728215,0.0009868792685368687
966,0,0,966,0.0314146346236411,0.0628292692472822,0.00098687926853687
967,1,0,967,0.031414634623641365,0.06282926924728273,0.0009868792685368867
968,1,0,968,0.03141463462364141,0.06282926924728283,0.0009868792685368897
969,0,0,969,0.031414634623641344,0.0628292692472827,0.0009868792685368858
970,0,0,970,0.031414634623641344,0.06282926924728269,0.0009868792685368858
971,0,0,971,0.03141463462364129,0.06282926924728258,0.000986879268536882
972,1,0,972,0.031414634623641434,0.06282926924728287,0.0009868792685368913
973,0,0,973,0.031414634623641136,0.06282926924728227,0.0009868792685368724
974,1,0,974,0.031414634623641385,0.06282926924728277,0.0009868792685368878
975,1,0,975,0.031414634623641406,0.06282926924728281,0.0009868792685368895
976,0,0,976,0.03141463462364143,0.06282926924728285,0.0009868792685368904
977,1,0,977,0.03141463462364102,0.06282926924728204,0.0009868792685368646
978,0,0,978,0.03141463462364123,0.06282926924728247,0.0009868792685368787
979,1,0,979,0.03141463462364144,0.06282926924728288,0.0009868792685368915
980,1,0,980,0.03141463462364135,0.0628292692472827,0.000986879268536886
981,0,0,981,0.031414634623641136,0.06282926924728227,0.0009868792685368726
982,0,0,982,0.03141463462364139,0.0628292692472828,0.0009868792685368889
983,1,0,983,0.03141463462364137,0.06282926924728276,0.0009868792685368876
984,0,0,984,0.03141463462364106,0.06282926924728212,0.0009868792685368676
985,1,0,985,0.03141463462364127,0.06282926924728253,0.0009868792685368809
986,0,0,986,0.031414634623641455,0.06282926924728291,0.0009868792685368923
987,0,0,987,0.031414634623641226,0.06282926924728245,0.0009868792685368782
988,0,0,988,0.03141463462364119,0.06282926924728238,0.000986879268536876
989,1,0,989,0.03141463462364141,0.06282926924728283,0.00098687926853689
990,0,0,990,0.03141463462364119,0.06282926924728237,0.0009868792685368759
991,1,0,991,0.03141463462364141,0.06282926924728283,0.00098687926853689
992,1,0,992,0.03141463462364145,0.0628292692472829,0.000986879268536892
993,0,0,993,0.031414634623641344,0.06282926924728269,0.0009868792685368856
994,1,0,994,0.03141463462364147,0.06282926924728294,0.0009868792685368934
995,0,0,995,0.03141463462364129,0.06282926924728258,0.000986879268536882
996,0,0,996,0.03141463462364132,0.06282926924728265,0.0009868792685368843
997,0,0,997,0.03141463462364143,0.06282926924728285,0.0009868792685368908
998,1,0,998,0.03141463462364116,0.06282926924728233,0.0009868792685368746
999,0,0,999,0.031414634623641496,0.06282926924728299,0.000986879268536895
