,Layer,Qubit,Run,2-Norm,Trace Norm,Diamond Norm
0,0,0,0,0.03141463462364116,0.050191616158394625,0.000986879268536874
1,0,0,1,0.03141463462364113,0.05937027058046751,0.0009868792685368717
2,1,0,2,0.03141463462364119,0.06021930022624422,0.0009868792685368759
3,1,0,3,0.03141463462364142,0.005074611163466081,0.0009868792685368904
4,0,0,4,0.031414634623641365,0.0588532827949384,0.000986879268536887
5,0,0,5,0.03141463462364129,0.024624292494387134,0.0009868792685368817
6,0,0,6,0.031414634623641226,0.012593967838689712,0.0009868792685368778
7,1,0,7,0.03141463462364122,0.05070680337582978,0.0009868792685368774
8,0,0,8,0.03141463462364114,0.0355503103150836,0.0009868792685368728
9,0,0,9,0.03141463462364142,0.059606105212971716,0.0009868792685368897
10,1,0,10,0.0314146346236414,0.01854404493222761,0.000986879268536889
11,1,0,11,0.031414634623641226,0.05765975677699575,0.0009868792685368782
12,0,0,12,0.031414634623641295,0.008818211450271729,0.0009868792685368822
13,0,0,13,0.03141463462364147,0.0017579473316504668,0.0009868792685368934
14,1,0,14,0.03141463462364119,0.04732880322531052,0.0009868792685368759
15,1,0,15,0.03141463462364114,0.06153043831301075,0.0009868792685368728
16,0,0,16,0.03141463462364138,0.06102288233995251,0.0009868792685368876
17,1,0,17,0.03141463462364133,0.010170798357825195,0.0009868792685368848
18,0,0,18,0.031414634623641205,0.025183688451652975,0.0009868792685368767
19,1,0,19,0.03141463462364137,0.06123719988993537,0.0009868792685368874
20,1,0,20,0.03141463462364129,0.026621145596732676,0.0009868792685368817
21,1,0,21,0.031414634623641385,0.009316141989261117,0.0009868792685368882
22,1,0,22,0.03141463462364136,0.04831602186271633,0.0009868792685368863
23,0,0,23,0.031414634623641316,0.05629725313420808,0.0009868792685368837
24,0,0,24,0.031414634623641254,0.028804885953094495,0.0009868792685368795
25,0,0,25,0.031414634623641136,0.05802827264623822,0.0009868792685368724
26,1,0,26,0.0314146346236411,0.061873565701615174,0.0009868792685368702
27,0,0,27,0.03141463462364134,0.027358962396177855,0.0009868792685368848
28,1,0,28,0.031414634623641094,0.038946443306539624,0.0009868792685368698
29,0,0,29,0.031414634623641496,0.05601763056919462,0.000986879268536895
30,0,0,30,0.031414634623641385,0.005382864325859105,0.000986879268536888
31,0,0,31,0.03141463462364117,0.0567979061232492,0.0009868792685368746
32,0,0,32,0.03141463462364119,0.02370484100197645,0.0009868792685368759
33,0,0,33,0.03141463462364114,0.0336794048680229,0.0009868792685368726
34,0,0,34,0.03141463462364116,0.058645986370969405,0.0009868792685368741
35,0,0,35,0.03141463462364118,0.057903844823174566,0.000986879268536875
36,0,0,36,0.03141463462364118,0.056253430908824065,0.0009868792685368748
37,0,0,37,0.0314146346236413,0.019581556595330785,0.000986879268536883
38,1,0,38,0.03141463462364125,0.05994068350779136,0.0009868792685368791
39,0,0,39,0.03141463462364104,0.04198431177631878,0.0009868792685368663
40,1,0,40,0.031414634623641344,0.01765282213224162,0.0009868792685368854
41,0,0,41,0.031414634623641406,0.06264701794133777,0.0009868792685368895
42,1,0,42,0.031414634623641455,0.02083634660646405,0.0009868792685368923
43,0,0,43,0.031414634623641226,0.03564139540682687,0.0009868792685368778
44,1,0,44,0.031414634623641184,0.060565691723575066,0.0009868792685368754
45,0,0,45,0.03141463462364137,0.06273219544534359,0.0009868792685368871
46,0,0,46,0.03141463462364139,0.05927662303761583,0.0009868792685368884
47,1,0,47,0.031414634623641156,0.05690675957188995,0.0009868792685368737
48,1,0,48,0.031414634623641385,0.014563071259440896,0.000986879268536888
49,0,0,49,0.03141463462364122,0.005498884925317027,0.0009868792685368774
50,1,0,50,0.03141463462364127,0.02730514421132768,0.0009868792685368806
51,0,0,51,0.03141463462364112,0.03609341880038608,0.0009868792685368715
52,1,0,52,0.03141463462364144,0.02324180251796437,0.0009868792685368917
53,1,0,53,0.0314146346236413,0.04066925561839474,0.0009868792685368828
54,1,0,54,0.03141463462364133,0.06007126720457712,0.0009868792685368845
55,1,0,55,0.03141463462364133,0.012174267232963665,0.0009868792685368843
56,0,0,56,0.03141463462364138,0.03984744931779072,0.0009868792685368876
57,0,0,57,0.0314146346236413,0.06271539019272965,0.000986879268536883
58,1,0,58,0.031414634623641385,0.004250225210014946,0.000986879268536888
59,0,0,59,0.03141463462364128,0.060870306939863394,0.0009868792685368817
60,0,0,60,0.031414634623641496,0.040206793272504315,0.0009868792685368952
61,0,0,61,0.031414634623641295,0.06205141641720924,0.0009868792685368824
62,1,0,62,0.031414634623641385,0.05695510822152727,0.0009868792685368882
63,0,0,63,0.031414634623641136,0.017908397221318095,0.0009868792685368724
64,1,0,64,0.031414634623641136,0.04793467070638835,0.0009868792685368724
65,1,0,65,0.03141463462364139,0.03418731108803952,0.0009868792685368884
66,1,0,66,0.03141463462364107,0.06024169106907484,0.0009868792685368685
67,0,0,67,0.0314146346236414,0.013196252486242788,0.0009868792685368887
68,1,0,68,0.03141463462364107,0.0117524117825627,0.0009868792685368685
69,0,0,69,0.03141463462364154,0.05524135840250821,0.000986879268536898
70,1,0,70,0.03141463462364139,0.04268148524813964,0.0009868792685368887
71,1,0,71,1.9997532649633214,3.2571541714784797,0.0009868792685368874
72,1,0,72,0.0314146346236414,0.060521412131269825,0.0009868792685368889
73,1,0,73,0.031414634623641254,0.05190336574243992,0.0009868792685368798
74,1,0,74,0.03141463462364121,0.060781057008716166,0.0009868792685368772
75,0,0,75,0.03141463462364113,0.03690628838626564,0.0009868792685368722
76,1,0,76,0.031414634623641295,0.030240345138567548,0.0009868792685368824
77,0,0,77,0.031414634623641295,0.050288736887724506,0.0009868792685368826
78,0,0,78,0.03141463462364142,0.046401856288463605,0.00098687926853689
79,0,0,79,0.0314146346236415,0.04023878275207671,0.0009868792685368954
80,1,0,80,0.031414634623641344,0.06281972479365028,0.0009868792685368856
81,1,0,81,0.03141463462364134,0.06282908743925641,0.0009868792685368848
82,0,0,82,0.031414634623641385,0.06267959133993607,0.0009868792685368882
83,0,0,83,0.03141463462364148,0.01990692880393552,0.0009868792685368936
84,0,0,84,0.03141463462364143,0.05191686518041494,0.0009868792685368906
85,0,0,85,0.03141463462364145,0.061699739263693154,0.000986879268536892
86,1,0,86,0.031414634623641344,0.001341956624680174,0.0009868792685368852
87,0,0,87,0.03141463462364134,0.02352520593646057,0.000986879268536885
88,0,0,88,0.03141463462364144,0.04933958419627915,0.0009868792685368915
89,1,0,89,0.03141463462364139,0.04530205707091817,0.0009868792685368887
90,0,0,90,0.03141463462364138,0.04082099462945421,0.0009868792685368876
91,0,0,91,0.031414634623641205,0.024748037251561827,0.0009868792685368767
92,0,0,92,0.03141463462364149,0.038805937002717394,0.000986879268536895
93,1,0,93,0.031414634623641226,0.041551228422948894,0.000986879268536878
94,1,0,94,0.0314146346236412,0.00693805976570383,0.0009868792685368763
95,1,0,95,0.031414634623641365,0.06040085879352597,0.0009868792685368865
96,1,0,96,0.031414634623641365,0.0627494314171063,0.0009868792685368867
97,0,0,97,0.03141463462364145,0.05511994628707262,0.0009868792685368921
98,1,0,98,0.03141463462364139,0.04568432607381667,0.0009868792685368882
99,1,0,99,0.031414634623641406,0.06083754369044947,0.000986879268536889
100,0,0,100,0.0314146346236414,0.05667449602579655,0.0009868792685368889
101,1,0,101,0.0314146346236412,0.00833038654097673,0.0009868792685368763
102,0,0,102,0.031414634623641455,0.02925650453631179,0.0009868792685368923
103,0,0,103,0.03141463462364143,0.0024144309264604313,0.0009868792685368902
104,1,0,104,1.9997532649633212,3.9592090050513393,0.0009868792685368906
105,1,0,105,0.0314146346236414,0.05765049368584818,0.000986879268536889
106,1,0,106,0.031414634623641205,0.062351476887796076,0.0009868792685368767
107,0,0,107,0.031414634623641156,0.0017433212617588012,0.0009868792685368735
108,1,0,108,0.03141463462364128,0.001981096238153235,0.0009868792685368813
109,0,0,109,0.031414634623641406,0.04129990305909659,0.0009868792685368893
110,1,0,110,0.03141463462364116,0.06223846786966866,0.0009868792685368741
111,1,0,111,0.031414634623641295,0.06040554035983747,0.0009868792685368826
112,0,0,112,0.031414634623641434,0.0608654026304582,0.000986879268536891
113,1,0,113,0.03141463462364137,0.008508217217745528,0.0009868792685368871
114,1,0,114,0.03141463462364119,0.06270730460306781,0.0009868792685368756
115,1,0,115,0.03141463462364115,0.03527860952652406,0.0009868792685368733
116,1,0,116,0.03141463462364116,0.030536288798212574,0.0009868792685368743
117,1,0,117,0.031414634623641274,0.028839120448515665,0.0009868792685368813
118,1,0,118,0.03141463462364139,0.0614808280650212,0.0009868792685368887
119,1,0,119,0.03141463462364125,0.03270027670562303,0.0009868792685368793
120,1,0,120,0.03141463462364116,0.0044597477562475785,0.0009868792685368743
121,1,0,121,0.031414634623641365,0.055432590207218246,0.0009868792685368867
122,0,0,122,0.031414634623641295,0.026525647786744155,0.0009868792685368822
123,0,0,123,0.031414634623641295,0.039495588710160456,0.0009868792685368824
124,1,0,124,0.03141463462364125,0.041844361040166866,0.0009868792685368793
125,0,0,125,0.031414634623641205,0.05481013133038959,0.0009868792685368767
126,1,0,126,0.031414634623641406,0.054724845490957685,0.0009868792685368893
127,1,0,127,0.031414634623641045,0.06092376212951611,0.0009868792685368668
128,1,0,128,0.03141463462364139,0.04344217749681789,0.0009868792685368887
129,0,0,129,0.03141463462364138,0.06273834634466835,0.0009868792685368878
130,0,0,130,0.03141463462364147,0.04828353931935192,0.0009868792685368932
131,1,0,131,0.03141463462364131,0.05088140453987733,0.0009868792685368832
132,1,0,132,0.03141463462364133,0.007412456265969425,0.0009868792685368845
133,1,0,133,0.03141463462364137,0.06275507891646015,0.0009868792685368871
134,0,0,134,0.031414634623641094,0.06277978058311517,0.00098687926853687
135,1,0,135,0.03141463462364118,0.02531989032237658,0.0009868792685368746
136,1,0,136,0.03141463462364124,0.06007748224083975,0.000986879268536879
137,0,0,137,0.031414634623641406,0.019212713644244372,0.0009868792685368895
138,1,0,138,0.031414634623641115,0.048582932712217364,0.000986879268536871
139,0,0,139,0.03141463462364121,0.05199289943196894,0.0009868792685368772
140,1,0,140,0.031414634623641316,0.03104524719790569,0.0009868792685368837
141,1,0,141,0.03141463462364116,0.04024384666510472,0.000986879268536874
142,1,0,142,0.031414634623641254,0.05695415055219122,0.0009868792685368798
143,0,0,143,0.031414634623641344,0.001728808424548367,0.0009868792685368856
144,1,0,144,0.031414634623641205,0.06003366859936643,0.0009868792685368767
145,0,0,145,0.031414634623641365,0.06261466813847671,0.0009868792685368867
146,1,0,146,0.03141463462364141,0.018108034801832318,0.0009868792685368895
147,1,0,147,0.031414634623641205,0.03620853621666642,0.0009868792685368767
148,1,0,148,0.031414634623641434,0.055139358117301196,0.000986879268536891
149,0,0,149,0.03141463462364144,0.045176576985637595,0.0009868792685368915
150,1,0,150,0.03141463462364143,0.06113180062112683,0.0009868792685368904
151,0,0,151,0.03141463462364139,0.017862266513373193,0.0009868792685368882
152,0,0,152,0.03141463462364119,0.042224366617643616,0.0009868792685368759
153,1,0,153,0.03141463462364135,0.062374896077281305,0.0009868792685368863
154,0,0,154,0.03141463462364138,0.06281431926923126,0.0009868792685368876
155,1,0,155,0.031414634623641406,0.007287424917263641,0.000986879268536889
156,0,0,156,0.03141463462364127,0.05816255301886386,0.0009868792685368806
157,0,0,157,0.03141463462364138,0.03767403718211382,0.0009868792685368878
158,1,0,158,0.03141463462364135,0.043158506896513016,0.0009868792685368856
159,0,0,159,0.03141463462364119,0.03168139348175392,0.0009868792685368754
160,1,0,160,0.031414634623641316,0.04250624405116099,0.0009868792685368837
161,0,0,161,0.031414634623641316,0.011661524320164318,0.0009868792685368835
162,0,0,162,0.03141463462364117,0.05793571323511082,0.0009868792685368748
163,1,0,163,0.03141463462364139,0.03996322122629481,0.0009868792685368884
164,1,0,164,0.031414634623641205,0.043748345380192566,0.0009868792685368765
165,0,0,165,0.03141463462364139,0.027959466687660806,0.0009868792685368884
166,1,0,166,0.0314146346236414,0.06194128814685895,0.0009868792685368887
167,0,0,167,0.03141463462364114,0.0627368963394207,0.000986879268536873
168,0,0,168,0.0314146346236415,0.05869943521217558,0.0009868792685368952
169,1,0,169,0.03141463462364139,0.03909858399800248,0.0009868792685368884
170,1,0,170,0.03141463462364137,0.010028609848317549,0.0009868792685368867
171,1,0,171,0.03141463462364112,0.05661213001138221,0.0009868792685368717
172,0,0,172,0.03141463462364129,0.04415100141281103,0.000986879268536882
173,1,0,173,0.03141463462364144,0.021421581780273202,0.0009868792685368915
174,0,0,174,0.03141463462364141,0.06223804317771975,0.00098687926853689
175,0,0,175,0.031414634623641254,0.03833255142530012,0.0009868792685368798
176,1,0,176,0.03141463462364142,0.061730103662228974,0.0009868792685368902
177,0,0,177,0.031414634623641566,0.030572193571030137,0.0009868792685368995
178,1,0,178,0.031414634623641476,0.01521907199789152,0.0009868792685368939
179,0,0,179,0.03141463462364116,0.04310634026873439,0.0009868792685368741
180,1,0,180,0.031414634623641156,0.060980778769536836,0.000986879268536874
181,0,0,181,0.0314146346236413,0.06254520819642556,0.0009868792685368828
182,1,0,182,0.03141463462364137,0.011819279427534024,0.0009868792685368867
183,0,0,183,0.031414634623641274,0.011906712727541624,0.0009868792685368809
184,1,0,184,0.03141463462364137,0.015431882338823533,0.0009868792685368871
185,0,0,185,0.03141463462364125,0.057499130509328755,0.0009868792685368793
186,0,0,186,0.031414634623641434,0.03083884472678511,0.000986879268536891
187,1,0,187,0.031414634623641205,0.06279841297790978,0.0009868792685368765
188,0,0,188,0.031414634623641406,0.05416436175318218,0.000986879268536889
189,0,0,189,0.03141463462364117,0.061913148783432514,0.0009868792685368748
190,0,0,190,0.03141463462364141,0.05181045694977815,0.00098687926853689
191,0,0,191,0.03141463462364139,0.06253777607570771,0.0009868792685368887
192,1,0,192,0.03141463462364129,0.013621915067278723,0.0009868792685368817
193,0,0,193,0.031414634623641316,0.050207607460179826,0.0009868792685368839
194,0,0,194,0.031414634623641274,0.04181740670974432,0.0009868792685368809
195,0,0,195,0.03141463462364113,0.008900595048708215,0.0009868792685368722
196,1,0,196,0.03141463462364123,0.02839667325107187,0.0009868792685368782
197,1,0,197,0.031414634623641316,0.01972950905912163,0.0009868792685368837
198,1,0,198,0.03141463462364153,0.05267271502785542,0.0009868792685368971
199,0,0,199,0.03141463462364139,0.011560478265005614,0.0009868792685368887
200,1,0,200,0.03141463462364147,0.0605423589796219,0.0009868792685368934
201,1,0,201,0.03141463462364119,0.024825703655799503,0.000986879268536876
202,0,0,202,0.031414634623641254,0.05219621888557002,0.0009868792685368798
203,1,0,203,0.03141463462364143,0.0627581266453846,0.0009868792685368906
204,0,0,204,0.031414634623641455,0.035448965021702916,0.0009868792685368926
205,1,0,205,0.03141463462364137,0.05309572596375767,0.0009868792685368871
206,0,0,206,0.03141463462364126,0.006709509433617811,0.0009868792685368804
207,1,0,207,0.03141463462364134,0.003100106609806641,0.0009868792685368852
208,0,0,208,0.0314146346236414,0.007732885716826177,0.0009868792685368889
209,1,0,209,0.0314146346236414,0.06272590679422513,0.0009868792685368889
210,1,0,210,0.031414634623641406,0.06282858064233943,0.0009868792685368895
211,1,0,211,0.03141463462364116,0.013406305176417277,0.0009868792685368741
212,1,0,212,0.031414634623640976,0.040327176257509034,0.0009868792685368624
213,0,0,213,0.031414634623641205,0.03405437295271163,0.000986879268536877
214,0,0,214,0.03141463462364114,0.003210137676383562,0.0009868792685368726
215,0,0,215,0.03141463462364133,0.003540843869294985,0.0009868792685368843
216,1,0,216,0.031414634623641136,0.017095012314706892,0.0009868792685368726
217,1,0,217,0.03141463462364138,0.004194135114487407,0.0009868792685368874
218,1,0,218,0.0314146346236411,0.04145220116533421,0.0009868792685368702
219,1,0,219,0.031414634623641136,0.023558738620437225,0.0009868792685368726
220,0,0,220,0.03141463462364148,0.06047247456394089,0.0009868792685368943
221,1,0,221,0.03141463462364112,0.05066547031188451,0.0009868792685368713
222,1,0,222,0.031414634623641524,0.004317314177612719,0.0009868792685368967
223,0,0,223,0.031414634623641545,0.054188747234917845,0.000986879268536898
224,0,0,224,0.03141463462364136,0.023981160219551212,0.000986879268536886
225,0,0,225,0.03141463462364139,0.031023114392050966,0.0009868792685368887
226,0,0,226,0.03141463462364138,0.061700044081513195,0.0009868792685368876
227,1,0,227,0.03141463462364149,0.05904832916350544,0.0009868792685368945
228,0,0,228,0.03141463462364116,0.05337058017674434,0.0009868792685368741
229,1,0,229,0.03141463462364124,0.06188327236400837,0.0009868792685368787
230,1,0,230,0.03141463462364138,0.04762576747669267,0.0009868792685368876
231,0,0,231,0.031414634623641184,0.061718105880693375,0.0009868792685368754
232,1,0,232,0.03141463462364103,0.03146619142951068,0.0009868792685368659
233,0,0,233,0.03141463462364132,0.06166956559971337,0.000986879268536884
234,1,0,234,0.03141463462364139,0.059576567741992825,0.0009868792685368887
235,1,0,235,1.9997532649633212,2.0240647626540382,0.0009868792685368932
236,1,0,236,0.03141463462364139,0.05980630885661198,0.0009868792685368887
237,1,0,237,0.03141463462364118,0.06241255028967796,0.0009868792685368752
238,1,0,238,0.03141463462364139,0.008305645823707852,0.0009868792685368882
239,0,0,239,0.03141463462364137,0.06260040941641032,0.0009868792685368876
240,0,0,240,0.03141463462364144,0.05699055833188793,0.0009868792685368913
241,0,0,241,0.03141463462364147,0.06204155617224438,0.0009868792685368934
242,1,0,242,0.03141463462364135,0.04635177373302857,0.0009868792685368858
243,1,0,243,0.031414634623641295,0.03675774474524074,0.0009868792685368824
244,0,0,244,0.031414634623641115,0.05106223521178488,0.000986879268536871
245,1,0,245,0.03141463462364142,0.00461787911400191,0.00098687926853689
246,0,0,246,0.03141463462364137,0.012957152759786261,0.0009868792685368874
247,0,0,247,0.03141463462364141,0.002309295007078882,0.0009868792685368897
248,0,0,248,0.03141463462364116,0.04211223110557194,0.0009868792685368741
249,1,0,249,0.03141463462364118,0.04236676454391408,0.000986879268536875
250,1,0,250,0.03141463462364116,0.0560940672065513,0.0009868792685368741
251,1,0,251,0.03141463462364116,0.03565998270717774,0.0009868792685368741
252,1,0,252,0.031414634623641066,0.016578193467881253,0.0009868792685368678
253,1,0,253,0.03141463462364119,0.0027966924369857704,0.0009868792685368754
254,0,0,254,0.031414634623641045,0.04076812807429708,0.0009868792685368668
255,1,0,255,1.9997532649633212,3.818766708542107,0.0009868792685368902
256,1,0,256,0.031414634623641406,0.06282764457009152,0.0009868792685368893
257,0,0,257,0.0314146346236412,0.001760894308703076,0.0009868792685368763
258,1,0,258,0.03141463462364137,0.010062881242793864,0.0009868792685368871
259,1,0,259,0.03141463462364126,0.03768756866526024,0.0009868792685368804
260,0,0,260,0.03141463462364145,0.0545701036082461,0.0009868792685368917
261,0,0,261,0.031414634623641385,0.015037498724314036,0.000986879268536888
262,1,0,262,0.03141463462364139,0.03455338294653876,0.0009868792685368887
263,0,0,263,0.03141463462364137,0.02319372580441703,0.0009868792685368871
264,0,0,264,0.031414634623641316,0.03623061125336435,0.0009868792685368835
265,1,0,265,0.03141463462364141,0.017708749964521875,0.0009868792685368895
266,0,0,266,0.031414634623641295,0.05942643992991148,0.0009868792685368824
267,1,0,267,0.03141463462364133,0.062384482101242256,0.0009868792685368845
268,0,0,268,0.031414634623641385,0.06280887863738602,0.000986879268536888
269,0,0,269,0.03141463462364122,0.025972791319239574,0.0009868792685368776
270,0,0,270,0.0314146346236413,0.02212217016426954,0.0009868792685368824
271,0,0,271,0.031414634623641156,0.05068222823402779,0.0009868792685368737
272,1,0,272,0.03141463462364133,0.06266241706932382,0.0009868792685368845
273,0,0,273,0.031414634623641184,0.05720549073887082,0.0009868792685368754
274,1,0,274,0.031414634623641295,0.024747523864972365,0.0009868792685368824
275,0,0,275,0.03141463462364138,0.01480793481519993,0.0009868792685368876
276,1,0,276,0.03141463462364106,0.034213534355163056,0.0009868792685368674
277,1,0,277,0.03141463462364101,0.05063235369167396,0.0009868792685368646
278,0,0,278,0.0314146346236412,0.010513785004232945,0.0009868792685368763
279,1,0,279,0.031414634623641115,0.05384907297012109,0.000986879268536871
280,1,0,280,0.03141463462364122,0.04153063270531643,0.0009868792685368776
281,1,0,281,0.03141463462364138,0.061415186553750556,0.0009868792685368878
282,1,0,282,0.031414634623641385,0.057823569840818934,0.000986879268536888
283,0,0,283,0.031414634623641136,0.02386967977609955,0.000986879268536872
284,0,0,284,0.031414634623641115,0.04854848539420775,0.000986879268536871
285,1,0,285,0.031414634623641094,0.0586096448961706,0.0009868792685368696
286,1,0,286,0.03141463462364119,0.02195234163391846,0.0009868792685368756
287,0,0,287,0.03141463462364119,0.06165370295816275,0.0009868792685368759
288,0,0,288,0.03141463462364107,0.05823035061269022,0.0009868792685368683
289,0,0,289,0.03141463462364115,0.06121101238380777,0.0009868792685368733
290,1,0,290,0.03141463462364138,0.06194031780893716,0.0009868792685368876
291,0,0,291,0.031414634623641385,0.022798494708687667,0.0009868792685368882
292,0,0,292,0.03141463462364123,0.026290684278466703,0.0009868792685368787
293,0,0,293,0.03141463462364111,0.048228560864689074,0.0009868792685368707
294,1,0,294,0.031414634623641344,0.056568610482418014,0.0009868792685368854
295,0,0,295,0.03141463462364142,0.05479533064461617,0.0009868792685368902
296,0,0,296,0.031414634623641434,0.06273859736071374,0.000986879268536891
297,0,0,297,0.03141463462364138,0.0020843557977734406,0.0009868792685368878
298,1,0,298,0.031414634623641274,0.0608087361079494,0.000986879268536881
299,1,0,299,0.031414634623641344,0.06191266895053432,0.0009868792685368854
300,0,0,300,0.031414634623641385,0.009493886046327837,0.0009868792685368878
301,1,0,301,0.03141463462364113,0.06275234587458345,0.0009868792685368722
302,1,0,302,0.03141463462364141,0.006582697685287187,0.00098687926853689
303,1,0,303,0.03141463462364136,0.017514211082899855,0.0009868792685368863
304,1,0,304,0.031414634623641406,0.03766126184120999,0.0009868792685368893
305,0,0,305,0.03141463462364127,0.011962952726217502,0.0009868792685368804
306,1,0,306,0.03141463462364136,0.06209768940822269,0.0009868792685368863
307,1,0,307,0.0314146346236412,0.04180110789460301,0.000986879268536876
308,0,0,308,0.03141463462364125,0.017973684278022706,0.0009868792685368791
309,0,0,309,0.03141463462364133,0.01746681518224502,0.0009868792685368845
310,0,0,310,0.03141463462364114,0.04093328666432772,0.0009868792685368728
311,0,0,311,0.031414634623641184,0.06281735281365547,0.0009868792685368754
312,1,0,312,0.031414634623641156,0.033015728484850904,0.0009868792685368735
313,0,0,313,0.03141463462364142,0.03486308138473615,0.0009868792685368902
314,1,0,314,0.031414634623641226,0.06253828972051234,0.000986879268536878
315,0,0,315,0.03141463462364115,0.03488412533540464,0.0009868792685368733
316,1,0,316,0.0314146346236412,0.06120185198755812,0.0009868792685368765
317,0,0,317,0.03141463462364123,0.06067667099955659,0.0009868792685368785
318,0,0,318,0.03141463462364142,0.060702211802745765,0.0009868792685368902
319,1,0,319,0.03141463462364149,0.04730029485845866,0.0009868792685368945
320,0,0,320,0.0314146346236413,0.028358842545795238,0.0009868792685368828
321,0,0,321,0.0314146346236413,0.01110592478415584,0.000986879268536883
322,1,0,322,0.03141463462364144,0.00970787430518616,0.0009868792685368915
323,1,0,323,0.03141463462364122,0.061905387073611096,0.0009868792685368774
324,0,0,324,0.03141463462364139,0.0004674115696503556,0.0009868792685368884
325,0,0,325,0.03141463462364125,0.06235536021253385,0.0009868792685368791
326,1,0,326,0.0314146346236411,0.062292673166389756,0.0009868792685368702
327,1,0,327,0.031414634623641365,0.036171916721352115,0.0009868792685368865
328,0,0,328,0.0314146346236414,0.06200465048961101,0.0009868792685368893
329,0,0,329,0.03141463462364116,0.011540577463005519,0.0009868792685368737
330,1,0,330,0.03141463462364136,0.033068039046079134,0.0009868792685368863
331,0,0,331,0.031414634623641115,0.03321082585761581,0.000986879268536871
332,0,0,332,0.03141463462364139,0.0601597280450592,0.0009868792685368884
333,1,0,333,0.03141463462364116,0.05778441039826032,0.000986879268536874
334,0,0,334,0.031414634623641496,0.009469534035394078,0.0009868792685368952
335,0,0,335,0.031414634623641205,0.059397206145769155,0.0009868792685368767
336,1,0,336,0.031414634623641406,0.030197969955808812,0.0009868792685368893
337,0,0,337,0.0314146346236414,0.05668504865920321,0.000986879268536889
338,0,0,338,0.03141463462364134,0.027315424216104,0.000986879268536885
339,1,0,339,0.03141463462364136,0.021073492859813303,0.0009868792685368865
340,1,0,340,0.031414634623641156,0.052170894584419925,0.0009868792685368737
341,0,0,341,0.03141463462364138,0.00923053929504647,0.0009868792685368876
342,1,0,342,0.031414634623641406,0.021503380232662517,0.0009868792685368889
343,1,0,343,0.03141463462364139,0.06213394694214169,0.0009868792685368887
344,1,0,344,0.031414634623641295,0.05182405599774542,0.0009868792685368826
345,0,0,345,0.03141463462364116,0.058199579228508935,0.000986879268536874
346,0,0,346,0.03141463462364138,0.0627353688086274,0.0009868792685368876
347,0,0,347,0.03141463462364141,0.017017847077601234,0.0009868792685368897
348,0,0,348,0.03141463462364138,0.05850938843256048,0.0009868792685368876
349,1,0,349,0.03141463462364136,0.008093050485480813,0.0009868792685368863
350,0,0,350,0.03141463462364132,0.05881524919726311,0.0009868792685368843
351,1,0,351,0.031414634623641226,0.01119507779131812,0.0009868792685368778
352,1,0,352,0.03141463462364112,0.038158995903900594,0.0009868792685368715
353,0,0,353,0.031414634623641136,0.033605652618215576,0.0009868792685368724
354,1,0,354,0.031414634623641566,0.040163236654428,0.0009868792685368993
355,1,0,355,0.03141463462364119,0.04231724645865653,0.0009868792685368759
356,1,0,356,0.0314146346236412,0.05289626897144606,0.0009868792685368763
357,1,0,357,0.03141463462364111,0.00980594611325003,0.0009868792685368704
358,1,0,358,0.03141463462364119,0.004903007329530418,0.0009868792685368752
359,0,0,359,0.03141463462364143,0.034017447030541215,0.0009868792685368908
360,0,0,360,0.03141463462364114,0.05875519352798175,0.0009868792685368726
361,0,0,361,0.03141463462364114,0.0564091525942505,0.0009868792685368728
362,1,0,362,0.03141463462364113,0.06210555325840694,0.000986879268536872
363,0,0,363,0.031414634623641344,0.06281990605348131,0.0009868792685368854
364,1,0,364,0.0314146346236414,0.0517498734976809,0.0009868792685368889
365,0,0,365,0.03141463462364135,0.04756489289595667,0.000986879268536886
366,0,0,366,0.031414634623641094,0.04579678477786153,0.0009868792685368698
367,1,0,367,0.03141463462364123,0.0550188747429311,0.0009868792685368787
368,0,0,368,0.03141463462364129,0.060689781967944556,0.000986879268536882
369,1,0,369,0.03141463462364115,0.06277235983607565,0.000986879268536873
370,0,0,370,0.031414634623641316,0.05081140034225484,0.0009868792685368837
371,0,0,371,0.0314146346236412,0.024181317695702864,0.0009868792685368763
372,1,0,372,0.031414634623641406,0.011517761043751351,0.000986879268536889
373,1,0,373,0.03141463462364133,0.05824550999321665,0.0009868792685368845
374,1,0,374,0.03141463462364151,0.05822939215723255,0.0009868792685368958
375,0,0,375,0.03141463462364126,0.042520397504973495,0.00098687926853688
376,1,0,376,0.031414634623641205,0.016472868536868912,0.000986879268536877
377,0,0,377,0.03141463462364118,0.006114323260752119,0.0009868792685368752
378,1,0,378,0.03141463462364144,0.015865691639130874,0.0009868792685368915
379,1,0,379,0.03141463462364124,0.028469830051459866,0.000986879268536879
380,1,0,380,0.031414634623641496,0.014700486721706874,0.0009868792685368952
381,1,0,381,0.031414634623641205,0.021179359644197815,0.0009868792685368767
382,1,0,382,0.031414634623641184,0.06229118818117141,0.0009868792685368756
383,0,0,383,0.03141463462364128,0.01323604021647573,0.0009868792685368815
384,0,0,384,0.03141463462364129,0.05703628668459182,0.000986879268536882
385,1,0,385,0.03141463462364137,0.05183694604028255,0.000986879268536887
386,1,0,386,0.03141463462364114,0.022406485925091424,0.0009868792685368728
387,0,0,387,0.03141463462364139,0.020697141256832197,0.0009868792685368887
388,1,0,388,0.03141463462364127,0.047977390356763516,0.0009868792685368806
389,0,0,389,0.03141463462364136,0.009415858833226043,0.0009868792685368865
390,1,0,390,0.03141463462364124,0.04478470543619051,0.000986879268536879
391,0,0,391,0.03141463462364118,0.05527963709748285,0.0009868792685368752
392,1,0,392,0.03141463462364118,0.03371051770059874,0.0009868792685368752
393,0,0,393,0.031414634623641316,0.012751148220744746,0.0009868792685368839
394,1,0,394,0.03141463462364119,0.04596081699357546,0.000986879268536876
395,1,0,395,0.03141463462364143,0.030353493143756127,0.0009868792685368906
396,0,0,396,0.031414634623641156,0.05283542947207587,0.0009868792685368737
397,0,0,397,0.03141463462364139,0.050054538055980036,0.0009868792685368884
398,0,0,398,0.0314146346236411,0.01287864206852829,0.00098687926853687
399,1,0,399,0.03141463462364121,0.06237161661170376,0.0009868792685368772
400,1,0,400,0.03141463462364143,0.004293057917465148,0.0009868792685368906
401,0,0,401,0.031414634623641406,0.06175708109169664,0.0009868792685368895
402,1,0,402,0.031414634623641316,0.049802606464885324,0.000986879268536884
403,1,0,403,0.03141463462364141,0.06120301591399263,0.0009868792685368897
404,1,0,404,0.03141463462364133,0.06211571495569779,0.0009868792685368845
405,0,0,405,0.031414634623641136,0.033924183820074116,0.0009868792685368726
406,1,0,406,0.03141463462364113,0.05794810122231142,0.000986879268536872
407,0,0,407,0.03141463462364116,0.038459299153070337,0.0009868792685368737
408,0,0,408,0.03141463462364118,0.06279216617693406,0.0009868792685368752
409,1,0,409,0.0314146346236414,0.05155181954899657,0.0009868792685368887
410,1,0,410,0.031414634623641385,0.02410778145967596,0.000986879268536888
411,0,0,411,0.03141463462364109,0.05486160465714396,0.0009868792685368691
412,1,0,412,0.03141463462364139,0.004538677692019988,0.0009868792685368889
413,1,0,413,0.031414634623641365,0.04359676003098634,0.000986879268536887
414,1,0,414,0.03141463462364138,0.06087354812701162,0.0009868792685368878
415,0,0,415,0.03141463462364154,0.04396278824378741,0.0009868792685368973
416,0,0,416,0.03141463462364118,0.014922863498958883,0.000986879268536875
417,0,0,417,0.0314146346236411,0.021309199416887914,0.00098687926853687
418,0,0,418,0.03141463462364145,0.055713401808418106,0.000986879268536892
419,0,0,419,0.03141463462364107,0.012754269202923663,0.0009868792685368685
420,0,0,420,0.03141463462364139,0.06265728374156343,0.0009868792685368884
421,0,0,421,0.03141463462364149,0.03870290269337007,0.0009868792685368947
422,1,0,422,0.03141463462364126,0.03312978229772501,0.00098687926853688
423,0,0,423,0.03141463462364118,0.021971080140128274,0.0009868792685368743
424,1,0,424,0.03141463462364142,0.06072724987044403,0.0009868792685368904
425,0,0,425,0.031414634623641254,0.05810820128313621,0.00098687926853688
426,0,0,426,0.03141463462364135,0.0623621308798904,0.0009868792685368858
427,1,0,427,0.031414634623641385,0.0628006027739157,0.000986879268536888
428,0,0,428,0.03141463462364137,0.0432092220828022,0.0009868792685368874
429,1,0,429,0.03141463462364147,0.005402209849848294,0.0009868792685368934
430,1,0,430,0.03141463462364125,0.05969692474404431,0.0009868792685368791
431,0,0,431,0.031414634623641434,0.03653403483547257,0.000986879268536891
432,0,0,432,0.031414634623641365,0.03145977018214818,0.000986879268536887
433,0,0,433,0.03141463462364118,0.06277393293480907,0.0009868792685368752
434,0,0,434,0.0314146346236414,0.0048386750072084705,0.0009868792685368889
435,0,0,435,0.03141463462364149,0.02766342318246462,0.0009868792685368947
436,0,0,436,0.0314146346236415,0.04830454210463153,0.0009868792685368954
437,0,0,437,0.031414634623641025,0.033802225619984805,0.0009868792685368657
438,1,0,438,0.03141463462364146,0.008125064459544973,0.0009868792685368928
439,1,0,439,0.03141463462364145,0.03567046644293437,0.000986879268536892
440,0,0,440,0.03141463462364135,0.06188077186266788,0.0009868792685368858
441,1,0,441,0.0314146346236415,0.03573069812228047,0.0009868792685368956
442,0,0,442,0.03141463462364127,0.06201269505747764,0.0009868792685368806
443,0,0,443,0.031414634623641385,0.0058092195069918695,0.000986879268536888
444,1,0,444,0.03141463462364138,0.046560659104590174,0.0009868792685368876
445,1,0,445,0.03141463462364117,0.05124245385555137,0.0009868792685368748
446,0,0,446,0.03141463462364132,0.06282813984517766,0.000986879268536884
447,0,0,447,0.03141463462364114,0.06239903307846484,0.0009868792685368726
448,0,0,448,0.0314146346236415,0.05986769714222273,0.0009868792685368956
449,1,0,449,0.03141463462364117,0.060235064370034674,0.0009868792685368743
450,1,0,450,0.03141463462364107,0.05731937910963392,0.0009868792685368685
451,1,0,451,0.03141463462364139,0.05787916578078678,0.0009868792685368887
452,1,0,452,0.03141463462364143,0.011395567927629191,0.0009868792685368904
453,1,0,453,0.03141463462364135,0.028548884447455514,0.0009868792685368858
454,0,0,454,0.03141463462364145,0.005870344075257883,0.000986879268536892
455,0,0,455,0.0314146346236412,0.005079537239617515,0.0009868792685368763
456,1,0,456,0.03141463462364142,0.06198198013103451,0.0009868792685368902
457,0,0,457,0.031414634623641365,0.029079856297742124,0.0009868792685368867
458,0,0,458,0.03141463462364144,0.05106587540572116,0.0009868792685368915
459,0,0,459,0.03141463462364131,0.03290596875738494,0.0009868792685368832
460,1,0,460,0.031414634623641136,0.06156767273031549,0.0009868792685368724
461,1,0,461,0.03141463462364138,0.060141197076498565,0.0009868792685368876
462,1,0,462,0.031414634623641455,0.009895902368678877,0.0009868792685368926
463,1,0,463,0.03141463462364131,0.016934313727336336,0.0009868792685368835
464,1,0,464,0.031414634623641434,0.05381967991565073,0.000986879268536891
465,0,0,465,0.03141463462364135,0.06117489800907411,0.000986879268536886
466,0,0,466,0.03141463462364116,0.041357802217676376,0.0009868792685368741
467,0,0,467,0.03141463462364104,0.04071821810188192,0.000986879268536866
468,1,0,468,0.0314146346236413,0.054343887110214206,0.000986879268536883
469,1,0,469,0.031414634623641226,0.054841675590212136,0.000986879268536878
470,1,0,470,0.031414634623641344,0.06116077261727815,0.0009868792685368854
471,1,0,471,0.03141463462364116,0.026156979976442507,0.0009868792685368743
472,0,0,472,0.03141463462364131,0.058833207201385074,0.0009868792685368832
473,1,0,473,0.0314146346236412,0.038359256435571254,0.0009868792685368763
474,1,0,474,0.031414634623641156,0.013712935552407046,0.0009868792685368735
475,1,0,475,0.03141463462364122,0.04185396449524581,0.0009868792685368778
476,1,0,476,0.031414634623641344,0.04034689017111259,0.0009868792685368854
477,0,0,477,0.03141463462364115,0.014182981327792055,0.0009868792685368733
478,1,0,478,1.9997532649633214,3.8845547310671935,0.000986879268536909
479,1,0,479,0.03141463462364125,0.03969712969587458,0.0009868792685368793
480,1,0,480,0.031414634623641344,0.05407834563323455,0.0009868792685368854
481,1,0,481,0.031414634623641406,0.007881058638798955,0.0009868792685368893
482,1,0,482,0.031414634623641365,0.04119920964685009,0.000986879268536887
483,1,0,483,0.031414634623641156,0.061585638780345175,0.0009868792685368737
484,0,0,484,0.03141463462364141,0.06261245149877248,0.0009868792685368895
485,0,0,485,0.031414634623641184,0.05566832398391708,0.0009868792685368752
486,1,0,486,0.03141463462364119,0.0550111559866332,0.000986879268536876
487,0,0,487,0.03141463462364139,0.0627151251475101,0.0009868792685368882
488,1,0,488,0.03141463462364144,0.042598187713324354,0.0009868792685368917
489,0,0,489,0.03141463462364121,0.04891412440990006,0.0009868792685368772
490,0,0,490,0.03141463462364133,0.016959132480494077,0.000986879268536885
491,0,0,491,0.031414634623641316,0.0170666113787461,0.0009868792685368837
492,1,0,492,0.03141463462364124,0.05890750685564661,0.000986879268536879
493,0,0,493,0.031414634623641365,0.010218865706384417,0.0009868792685368867
494,0,0,494,0.03141463462364139,0.06264921087527131,0.0009868792685368887
495,1,0,495,0.03141463462364139,0.060280374792582414,0.0009868792685368887
496,0,0,496,0.031414634623641295,0.060826250701580986,0.0009868792685368824
497,0,0,497,0.03141463462364133,0.0611923437042185,0.0009868792685368843
498,0,0,498,0.03141463462364141,0.05251405977984658,0.0009868792685368897
499,0,0,499,0.031414634623641254,0.038067485222658126,0.0009868792685368798
500,0,0,500,0.03141463462364117,0.014561979920857171,0.0009868792685368743
501,0,0,501,0.031414634623641066,0.04613282695517218,0.000986879268536868
502,0,0,502,0.031414634623641136,0.03652007593237605,0.0009868792685368724
503,0,0,503,0.03141463462364142,0.04515800154336169,0.0009868792685368902
504,1,0,504,0.031414634623641136,0.006421713023067266,0.0009868792685368726
505,1,0,505,0.03141463462364141,0.0008259367312017929,0.00098687926853689
506,1,0,506,0.0314146346236415,0.05745593610977828,0.0009868792685368958
507,1,0,507,0.03141463462364133,0.03438650596645276,0.0009868792685368845
508,1,0,508,0.031414634623641434,0.05329855302775521,0.0009868792685368908
509,0,0,509,1.9997532649633212,0.9958753382392354,0.0009868792685369008
510,0,0,510,0.031414634623641365,0.04725296376234667,0.000986879268536887
511,1,0,511,0.0314146346236412,0.042525344405324406,0.0009868792685368763
512,0,0,512,0.03141463462364114,0.011734348577069342,0.0009868792685368728
513,1,0,513,0.031414634623641594,0.014260020031260368,0.000986879268536901
514,0,0,514,0.031414634623641156,0.061712239661891655,0.0009868792685368737
515,0,0,515,0.03141463462364137,0.024023603790614967,0.0009868792685368871
516,0,0,516,0.031414634623641316,0.025030125550685955,0.0009868792685368839
517,0,0,517,0.03141463462364147,0.024565473736701593,0.0009868792685368928
518,0,0,518,0.03141463462364133,0.06248608333572603,0.000986879268536885
519,0,0,519,0.03141463462364137,0.05678107398201304,0.0009868792685368874
520,1,0,520,0.031414634623641496,0.042313292056645135,0.0009868792685368952
521,1,0,521,0.03141463462364135,0.0458414328136556,0.0009868792685368858
522,0,0,522,0.03141463462364141,0.0317514859828385,0.0009868792685368897
523,0,0,523,0.03141463462364147,0.022724571111042424,0.0009868792685368934
524,1,0,524,0.03141463462364141,0.056736019214993494,0.0009868792685368897
525,1,0,525,0.03141463462364137,0.012763783338860302,0.0009868792685368867
526,1,0,526,0.03141463462364115,0.0557605008202946,0.000986879268536873
527,1,0,527,0.03141463462364145,0.05877197690930047,0.000986879268536892
528,1,0,528,0.03141463462364117,0.060780460945564996,0.0009868792685368743
529,0,0,529,0.03141463462364138,0.06235540579693455,0.0009868792685368876
530,0,0,530,0.03141463462364141,0.062101290926721786,0.0009868792685368897
531,1,0,531,0.031414634623641455,0.05721798549647894,0.0009868792685368926
532,1,0,532,0.03141463462364123,0.0624720521961859,0.0009868792685368785
533,0,0,533,0.03141463462364126,0.03095977153594287,0.0009868792685368798
534,0,0,534,0.03141463462364116,0.05912305335547552,0.000986879268536874
535,0,0,535,0.03141463462364125,0.05314955147911071,0.0009868792685368793
536,0,0,536,0.03141463462364141,0.06149743399261576,0.00098687926853689
537,1,0,537,0.03141463462364112,0.05852164915650193,0.0009868792685368713
538,0,0,538,0.031414634623641205,0.03912241208652989,0.0009868792685368767
539,0,0,539,0.031414634623641385,0.005391108009396461,0.0009868792685368884
540,0,0,540,0.03141463462364134,0.04309861591776176,0.0009868792685368852
541,1,0,541,0.03141463462364139,0.062261891958132226,0.0009868792685368887
542,0,0,542,0.0314146346236411,0.042668277596799475,0.0009868792685368702
543,0,0,543,0.03141463462364132,0.03628818437924508,0.000986879268536884
544,0,0,544,0.03141463462364132,0.06277479193833763,0.0009868792685368843
545,1,0,545,0.03141463462364129,0.06282826896403138,0.0009868792685368822
546,0,0,546,0.031414634623641455,0.01744389048049233,0.0009868792685368923
547,0,0,547,0.03141463462364123,0.043072540066188214,0.0009868792685368787
548,1,0,548,0.031414634623641136,0.053937946523805014,0.0009868792685368722
549,0,0,549,0.0314146346236414,0.0613543307500416,0.000986879268536889
550,1,0,550,0.03141463462364144,0.04686581649667598,0.0009868792685368915
551,0,0,551,0.03141463462364142,0.04449779119071362,0.0009868792685368904
552,1,0,552,0.03141463462364138,0.06281142280103791,0.0009868792685368878
553,1,0,553,0.03141463462364136,0.02594890728563759,0.0009868792685368863
554,1,0,554,0.03141463462364116,0.03719472453301731,0.0009868792685368737
555,0,0,555,0.0314146346236412,0.060976958295266115,0.000986879268536876
556,1,0,556,0.031414634623641205,0.06173485482470997,0.0009868792685368767
557,0,0,557,0.03141463462364145,0.014716265744360468,0.0009868792685368921
558,0,0,558,0.03141463462364104,0.041571808579065506,0.0009868792685368663
559,1,0,559,0.031414634623641025,0.05148234127173068,0.0009868792685368655
560,1,0,560,0.03141463462364135,0.05420086199649998,0.0009868792685368858
561,1,0,561,0.03141463462364136,0.03862818596982365,0.0009868792685368863
562,0,0,562,0.031414634623641274,0.016715203360456288,0.000986879268536881
563,1,0,563,0.031414634623641365,0.062215210923694475,0.0009868792685368867
564,1,0,564,0.03141463462364128,0.05239254800745052,0.0009868792685368815
565,1,0,565,0.03141463462364137,0.058595613522011814,0.0009868792685368874
566,0,0,566,0.03141463462364138,0.06199515598558769,0.0009868792685368876
567,0,0,567,0.03141463462364146,0.010494064104286993,0.0009868792685368928
568,1,0,568,0.03141463462364113,0.04762105312313336,0.000986879268536872
569,0,0,569,0.031414634623641406,0.012853703654178705,0.000986879268536889
570,0,0,570,0.031414634623641316,0.004298794314682386,0.0009868792685368835
571,0,0,571,0.03141463462364139,0.003887653618551923,0.0009868792685368882
572,1,0,572,0.03141463462364138,0.05803940723106504,0.0009868792685368876
573,0,0,573,0.03141463462364108,0.016041717753316087,0.0009868792685368685
574,0,0,574,0.03141463462364105,0.014358813282192129,0.000986879268536867
575,1,0,575,0.031414634623641406,0.061531049014749706,0.000986879268536889
576,0,0,576,0.03141463462364137,0.052675612736112765,0.0009868792685368874
577,1,0,577,0.03141463462364138,0.006232672661750982,0.0009868792685368876
578,0,0,578,0.03141463462364133,0.04685891989306645,0.0009868792685368845
579,1,0,579,0.031414634623641385,0.05049060973865949,0.0009868792685368878
580,0,0,580,0.031414634623641385,0.05706625790076847,0.0009868792685368882
581,0,0,581,0.03141463462364122,0.01986891011630343,0.0009868792685368774
582,1,0,582,0.031414634623641115,0.037219306619972414,0.000986879268536871
583,0,0,583,0.03141463462364126,0.016042473838937088,0.0009868792685368802
584,0,0,584,0.03141463462364112,0.027526869793907727,0.0009868792685368717
585,0,0,585,0.03141463462364137,0.04603579853736761,0.0009868792685368874
586,1,0,586,0.03141463462364129,0.06078641403588525,0.0009868792685368817
587,1,0,587,0.03141463462364113,0.026408444249000684,0.000986879268536872
588,1,0,588,0.031414634623641205,0.04567070199497292,0.0009868792685368767
589,0,0,589,0.03141463462364122,0.05790569410310553,0.0009868792685368776
590,0,0,590,0.03141463462364131,0.05375976065358712,0.0009868792685368832
591,0,0,591,0.0314146346236414,0.018341101106648328,0.000986879268536889
592,1,0,592,0.031414634623641136,0.012258822019814541,0.0009868792685368726
593,0,0,593,0.03141463462364119,0.058702068688968434,0.0009868792685368759
594,0,0,594,0.031414634623641184,0.06271726791482884,0.0009868792685368752
595,1,0,595,0.031414634623641406,0.06282608305369744,0.0009868792685368893
596,1,0,596,0.03141463462364125,0.03771123808510923,0.0009868792685368793
597,1,0,597,0.0314146346236413,0.0591542016278378,0.000986879268536883
598,1,0,598,0.03141463462364126,0.058082465312994325,0.0009868792685368802
599,0,0,599,0.0314146346236411,0.06136690122952815,0.00098687926853687
600,0,0,600,0.03141463462364104,0.031106072551904784,0.0009868792685368665
601,1,0,601,0.03141463462364142,0.056836015150352304,0.0009868792685368904
602,0,0,602,0.03141463462364137,0.022722326900560752,0.0009868792685368876
603,1,0,603,0.031414634623641455,0.008579713276666068,0.0009868792685368926
604,0,0,604,0.0314146346236414,0.047256714260706545,0.0009868792685368889
605,0,0,605,0.03141463462364142,0.053204153815589184,0.0009868792685368902
606,1,0,606,0.03141463462364143,0.062118979906271354,0.0009868792685368906
607,1,0,607,0.03141463462364142,0.008450729890242314,0.0009868792685368902
608,0,0,608,0.03141463462364134,0.062393557620536444,0.000986879268536885
609,1,0,609,0.03141463462364137,0.05760425060884833,0.0009868792685368871
610,1,0,610,0.031414634623641365,0.043743726205936584,0.000986879268536887
611,0,0,611,0.03141463462364121,0.02111125307119499,0.0009868792685368774
612,0,0,612,0.03141463462364137,0.013795911927281024,0.0009868792685368874
613,1,0,613,0.031414634623641136,0.04274631582812827,0.0009868792685368724
614,1,0,614,0.031414634623641365,0.008283785637752672,0.0009868792685368867
615,1,0,615,0.03141463462364115,0.04298075231465881,0.000986879268536873
616,0,0,616,0.031414634623641524,0.014233993708824721,0.0009868792685368967
617,1,0,617,0.03141463462364138,0.05850778913074317,0.0009868792685368874
618,1,0,618,0.031414634623641344,0.05737515614716626,0.0009868792685368856
619,1,0,619,0.031414634623641385,0.002338699393567456,0.0009868792685368878
620,0,0,620,0.03141463462364141,0.02800961241454325,0.00098687926853689
621,1,0,621,0.03141463462364133,0.053881793680541135,0.0009868792685368848
622,1,0,622,0.031414634623641476,0.049570621409971816,0.0009868792685368936
623,1,0,623,0.03141463462364113,0.05954981994331554,0.000986879268536872
624,0,0,624,0.031414634623641365,0.053031592179515474,0.000986879268536887
625,1,0,625,0.03141463462364109,0.019352108578240657,0.000986879268536869
626,0,0,626,0.031414634623641344,0.059837334050203084,0.0009868792685368854
627,1,0,627,0.031414634623641434,0.05453267289320374,0.000986879268536891
628,0,0,628,0.03141463462364117,0.06047028513666619,0.0009868792685368748
629,1,0,629,0.031414634623641455,0.013517912297591028,0.0009868792685368921
630,0,0,630,0.03141463462364118,0.05937566642713743,0.0009868792685368748
631,1,0,631,0.031414634623641365,0.06235102006125512,0.000986879268536887
632,0,0,632,0.03141463462364132,0.04852320871314375,0.000986879268536884
633,0,0,633,0.03141463462364136,0.008840399631037998,0.0009868792685368865
634,1,0,634,0.031414634623641476,0.032809889208920584,0.0009868792685368936
635,0,0,635,0.03141463462364117,0.057191014080232305,0.0009868792685368746
636,0,0,636,0.03141463462364142,0.04757611090251235,0.0009868792685368904
637,1,0,637,0.0314146346236413,0.025885576564648183,0.000986879268536883
638,1,0,638,0.0314146346236413,0.028543674764041516,0.0009868792685368828
639,1,0,639,0.031414634623641385,0.01774575529045852,0.0009868792685368884
640,0,0,640,0.03141463462364104,0.0417721842639065,0.0009868792685368663
641,0,0,641,0.03141463462364119,0.05199624364368849,0.0009868792685368756
642,1,0,642,0.03141463462364137,0.021817220537738935,0.0009868792685368874
643,0,0,643,0.031414634623641455,0.008064059373610766,0.0009868792685368923
644,0,0,644,0.03141463462364137,0.026362177226115335,0.0009868792685368871
645,0,0,645,0.031414634623641455,0.01607822905571643,0.0009868792685368921
646,1,0,646,0.0314146346236413,0.035881312233101426,0.0009868792685368828
647,0,0,647,0.031414634623641385,0.05557685211040109,0.000986879268536888
648,1,0,648,0.031414634623641344,0.03311638934634642,0.0009868792685368858
649,1,0,649,0.03141463462364144,0.02759597684646309,0.0009868792685368915
650,0,0,650,0.03141463462364109,0.043244191957894085,0.0009868792685368694
651,1,0,651,0.03141463462364138,0.062499016295193166,0.0009868792685368876
652,0,0,652,0.03141463462364114,0.05955636119908003,0.000986879268536873
653,0,0,653,0.03141463462364134,0.03353686990694338,0.000986879268536885
654,1,0,654,0.03141463462364145,0.0601527388146077,0.0009868792685368923
655,0,0,655,0.03141463462364138,0.008149997673118303,0.0009868792685368876
656,0,0,656,0.03141463462364126,0.04598425925450922,0.00098687926853688
657,1,0,657,0.03141463462364115,0.020470045645299306,0.0009868792685368735
658,1,0,658,0.03141463462364145,0.05818352850559294,0.000986879268536892
659,0,0,659,0.03141463462364135,0.005835222366273207,0.000986879268536886
660,0,0,660,0.03141463462364135,0.05071990752490407,0.0009868792685368858
661,1,0,661,0.03141463462364139,0.04729441492524411,0.0009868792685368887
662,0,0,662,0.031414634623641434,0.052090320767219866,0.0009868792685368908
663,1,0,663,0.031414634623641115,0.026250142787526354,0.000986879268536871
664,1,0,664,0.03141463462364114,0.03093007535329373,0.0009868792685368728
665,1,0,665,0.031414634623641184,0.04874932336498716,0.0009868792685368754
666,1,0,666,0.03141463462364118,0.026848113056226586,0.000986879268536875
667,1,0,667,0.031414634623641344,0.041341002907614444,0.0009868792685368858
668,1,0,668,0.03141463462364116,0.02075815893792221,0.0009868792685368743
669,1,0,669,0.03141463462364136,0.061872400582160314,0.0009868792685368863
670,0,0,670,0.031414634623641136,0.05501008361145776,0.0009868792685368722
671,0,0,671,0.031414634623641434,0.010714837677500588,0.000986879268536891
672,0,0,672,0.03141463462364122,0.03767811684376632,0.0009868792685368778
673,1,0,673,0.031414634623641184,0.032409968428579905,0.0009868792685368754
674,0,0,674,0.0314146346236414,0.05391067366103197,0.0009868792685368887
675,1,0,675,0.03141463462364137,0.02677507354532649,0.0009868792685368874
676,1,0,676,0.031414634623641406,0.06282800897789735,0.0009868792685368893
677,0,0,677,0.0314146346236413,0.02194515170749778,0.0009868792685368826
678,0,0,678,0.03141463462364116,0.060786870266294424,0.0009868792685368741
679,0,0,679,0.0314146346236414,0.0627223842981196,0.0009868792685368889
680,1,0,680,0.0314146346236414,0.038525707565736145,0.0009868792685368889
681,1,0,681,0.03141463462364147,0.059071429086834604,0.0009868792685368932
682,0,0,682,0.03141463462364142,0.05719039408202731,0.0009868792685368904
683,1,0,683,0.0314146346236414,0.011448317006833575,0.000986879268536889
684,0,0,684,0.03141463462364136,0.0038181678677986497,0.0009868792685368865
685,0,0,685,0.03141463462364136,0.004419611894309616,0.000986879268536886
686,0,0,686,0.03141463462364143,0.024425555658577736,0.0009868792685368908
687,0,0,687,0.03141463462364126,0.05873072180752359,0.0009868792685368802
688,1,0,688,0.031414634623641226,0.06239888579836883,0.0009868792685368778
689,1,0,689,0.031414634623641455,0.0012731309743083674,0.0009868792685368921
690,1,0,690,0.03141463462364117,0.055700095756627044,0.0009868792685368748
691,1,0,691,0.031414634623641455,0.04535160384901271,0.0009868792685368923
692,1,0,692,0.031414634623641205,0.03738732317399207,0.0009868792685368765
693,0,0,693,0.03141463462364144,0.01926990642644988,0.0009868792685368915
694,0,0,694,0.031414634623641205,0.05960037887379788,0.000986879268536877
695,1,0,695,0.03141463462364147,0.048702973262954696,0.0009868792685368932
696,0,0,696,0.031414634623641476,0.03030444670228949,0.0009868792685368939
697,0,0,697,0.0314146346236411,0.004615470265359134,0.0009868792685368698
698,0,0,698,0.031414634623641455,0.04135705839511372,0.0009868792685368926
699,1,0,699,0.031414634623641406,0.05977494873922473,0.0009868792685368893
700,0,0,700,0.03141463462364139,0.0029012461393918,0.000986879268536888
701,1,0,701,0.03141463462364133,0.030701166292702364,0.0009868792685368843
702,1,0,702,0.031414634623641365,0.01248414856357205,0.0009868792685368865
703,0,0,703,0.03141463462364137,0.06108477489149311,0.0009868792685368874
704,1,0,704,0.03141463462364139,0.06012387194573621,0.0009868792685368887
705,1,0,705,0.03141463462364122,0.006819665298848587,0.0009868792685368776
706,1,0,706,0.03141463462364119,0.0254629953569101,0.0009868792685368759
707,0,0,707,0.031414634623641496,0.01675740141171933,0.0009868792685368952
708,0,0,708,0.03141463462364144,0.04429705767348002,0.0009868792685368913
709,0,0,709,0.03141463462364117,0.06282711365346097,0.0009868792685368746
710,1,0,710,1.9997532649633212,0.6102122184453151,0.0009868792685368917
711,1,0,711,0.03141463462364126,0.025243982701795176,0.0009868792685368802
712,1,0,712,0.03141463462364114,0.062412198631987326,0.000986879268536873
713,1,0,713,0.03141463462364125,0.03608540736103416,0.0009868792685368791
714,1,0,714,0.03141463462364135,0.0429019993248112,0.0009868792685368858
715,0,0,715,0.031414634623641316,0.05970434013639336,0.0009868792685368839
716,0,0,716,0.03141463462364132,0.054919754375877816,0.000986879268536884
717,0,0,717,0.03141463462364105,0.005366440746684464,0.000986879268536867
718,1,0,718,0.03141463462364115,0.016215105431048427,0.000986879268536873
719,0,0,719,0.03141463462364128,0.028496355902527082,0.0009868792685368815
720,0,0,720,0.03141463462364135,0.02884007632496166,0.0009868792685368856
721,1,0,721,0.031414634623641184,0.05353924312438485,0.0009868792685368754
722,0,0,722,0.03141463462364151,0.035563117134357114,0.0009868792685368958
723,0,0,723,0.031414634623641365,0.008955092975958978,0.0009868792685368867
724,0,0,724,0.031414634623641385,0.05381877165246296,0.0009868792685368882
725,0,0,725,0.03141463462364134,0.06041818946630384,0.000986879268536885
726,1,0,726,0.0314146346236414,0.05776882973124653,0.000986879268536889
727,0,0,727,0.03141463462364139,0.03208781692952134,0.0009868792685368884
728,0,0,728,0.031414634623641136,0.04488986150170282,0.0009868792685368722
729,0,0,729,0.03141463462364117,0.0628274821992637,0.0009868792685368743
730,0,0,730,0.03141463462364142,0.044759948771299074,0.0009868792685368902
731,1,0,731,0.03141463462364139,0.02164150811618426,0.0009868792685368884
732,0,0,732,0.031414634623641316,0.053143274018954356,0.0009868792685368835
733,1,0,733,0.031414634623641156,0.01614876944854604,0.0009868792685368737
734,0,0,734,0.031414634623641406,0.047283812734109976,0.0009868792685368893
735,1,0,735,0.03141463462364118,0.007675953654457279,0.000986879268536875
736,1,0,736,0.03141463462364137,0.05706067830281303,0.0009868792685368871
737,0,0,737,0.0314146346236414,0.041407660161919546,0.0009868792685368889
738,0,0,738,0.0314146346236415,0.04819910088364954,0.0009868792685368954
739,1,0,739,0.03141463462364145,0.04393527747514714,0.000986879268536892
740,0,0,740,0.0314146346236414,0.027928991343655785,0.0009868792685368889
741,1,0,741,0.03141463462364115,0.060910720124133344,0.0009868792685368733
742,0,0,742,0.03141463462364108,0.022703887724834004,0.0009868792685368687
743,1,0,743,0.03141463462364135,0.03728302857463617,0.0009868792685368858
744,1,0,744,0.03141463462364132,0.05075965876507205,0.000986879268536884
745,0,0,745,0.03141463462364124,0.05941474606281827,0.0009868792685368787
746,0,0,746,0.03141463462364139,0.04081540890005697,0.0009868792685368884
747,0,0,747,0.03141463462364114,0.004395501781938371,0.0009868792685368728
748,1,0,748,0.0314146346236411,0.042474763152375195,0.0009868792685368702
749,0,0,749,0.03141463462364141,0.06268613164975523,0.00098687926853689
750,1,0,750,0.03141463462364128,0.019111666017004536,0.0009868792685368817
751,1,0,751,0.03141463462364139,0.062285609162219424,0.0009868792685368887
752,0,0,752,0.03141463462364115,0.03266308934696349,0.0009868792685368733
753,0,0,753,0.03141463462364117,0.017681732344051904,0.0009868792685368746
754,1,0,754,0.03141463462364137,0.02294027681464872,0.0009868792685368871
755,1,0,755,0.031414634623641254,0.04470306660639012,0.0009868792685368798
756,0,0,756,0.03141463462364138,0.007164806088587383,0.0009868792685368876
757,0,0,757,0.031414634623641344,0.054038887488740306,0.0009868792685368858
758,0,0,758,0.03141463462364141,0.0071764753687399985,0.0009868792685368897
759,0,0,759,0.03141463462364133,0.05437786262232258,0.0009868792685368845
760,0,0,760,0.031414634623641184,0.04115454778088323,0.0009868792685368754
761,1,0,761,0.03141463462364105,0.0463670729222434,0.0009868792685368672
762,1,0,762,0.03141463462364145,0.06254630748133583,0.0009868792685368921
763,1,0,763,0.03141463462364114,0.05538161439749267,0.0009868792685368726
764,0,0,764,0.031414634623641274,0.049216735097527,0.0009868792685368809
765,0,0,765,0.031414634623641385,0.03358673620464403,0.000986879268536888
766,1,0,766,0.031414634623641274,0.02496802028789258,0.0009868792685368809
767,0,0,767,0.03141463462364098,0.011845454133403432,0.0009868792685368629
768,0,0,768,0.031414634623641344,0.030584674032326342,0.0009868792685368852
769,0,0,769,0.03141463462364116,0.0044816810364656234,0.0009868792685368741
770,0,0,770,0.031414634623641205,0.02767110568431197,0.0009868792685368765
771,1,0,771,0.03141463462364143,0.05640087238910163,0.0009868792685368906
772,1,0,772,0.031414634623641184,0.028182293921564572,0.0009868792685368754
773,0,0,773,0.03141463462364129,0.044305671797508994,0.0009868792685368822
774,1,0,774,0.03141463462364115,0.04845926465689243,0.000986879268536873
775,0,0,775,0.03141463462364142,0.060039967419783236,0.0009868792685368902
776,0,0,776,0.031414634623641136,0.0031096020218599474,0.0009868792685368726
777,0,0,777,0.03141463462364105,0.029346041010400725,0.000986879268536867
778,1,0,778,0.03141463462364139,0.06266105349441364,0.0009868792685368887
779,1,0,779,0.03141463462364137,0.019325267129724155,0.0009868792685368874
780,1,0,780,0.03141463462364125,0.009293898315212656,0.0009868792685368793
781,0,0,781,0.03141463462364118,0.00033352715181100834,0.0009868792685368752
782,0,0,782,0.03141463462364151,0.031329921252627235,0.0009868792685368956
783,1,0,783,0.031414634623641344,0.05157017836255129,0.0009868792685368856
784,1,0,784,0.03141463462364124,0.036325829955780264,0.000986879268536879
785,1,0,785,0.03141463462364143,0.02388722444200253,0.0009868792685368908
786,1,0,786,0.031414634623641385,0.047259046598545185,0.000986879268536888
787,0,0,787,0.03141463462364158,0.040242879982165025,0.0009868792685369004
788,1,0,788,0.03141463462364143,0.020232940023041213,0.0009868792685368908
789,0,0,789,0.03141463462364125,0.05852724546726351,0.0009868792685368793
790,0,0,790,0.03141463462364117,0.05137869567164555,0.0009868792685368743
791,0,0,791,0.03141463462364144,0.004292295183705885,0.0009868792685368915
792,0,0,792,0.03141463462364117,0.06275915165050602,0.0009868792685368748
793,1,0,793,0.031414634623641385,0.009645538206502602,0.0009868792685368878
794,1,0,794,0.03141463462364136,0.0035780688850042264,0.0009868792685368858
795,0,0,795,0.03141463462364143,0.013910353363359773,0.0009868792685368906
796,1,0,796,0.03141463462364142,0.038059643332538196,0.0009868792685368904
797,0,0,797,0.031414634623641406,0.011647501055232823,0.0009868792685368893
798,0,0,798,0.03141463462364136,0.012259958484598599,0.0009868792685368863
799,1,0,799,0.03141463462364124,0.06088646801056796,0.000986879268536879
800,1,0,800,0.03141463462364114,0.06145762749179473,0.0009868792685368728
801,1,0,801,0.03141463462364133,0.029031324796368718,0.0009868792685368848
802,0,0,802,0.03141463462364137,0.04405634983281126,0.0009868792685368871
803,1,0,803,0.03141463462364119,0.03634514518816556,0.0009868792685368756
804,1,0,804,0.031414634623641115,0.03726176879352372,0.000986879268536871
805,1,0,805,0.03141463462364109,0.009876478418696877,0.0009868792685368694
806,1,0,806,0.031414634623641344,0.03620691029509859,0.0009868792685368854
807,0,0,807,0.03141463462364133,0.05404230279058231,0.0009868792685368845
808,0,0,808,0.03141463462364122,0.06093057275029928,0.0009868792685368776
809,1,0,809,0.03141463462364122,0.053554138423205666,0.0009868792685368774
810,0,0,810,0.031414634623641406,0.05125619315247376,0.0009868792685368895
811,0,0,811,0.03141463462364136,0.06238648924538728,0.0009868792685368863
812,1,0,812,0.03141463462364139,0.058057781976729506,0.0009868792685368889
813,0,0,813,0.031414634623641254,0.05898693905051122,0.0009868792685368798
814,0,0,814,0.031414634623641434,0.04621374458064276,0.000986879268536891
815,1,0,815,0.03141463462364135,0.061505543770162374,0.000986879268536886
816,1,0,816,0.03141463462364113,0.04732807199576983,0.000986879268536872
817,0,0,817,0.0314146346236412,0.030633114912701265,0.0009868792685368765
818,1,0,818,0.03141463462364136,0.03832421832411104,0.0009868792685368865
819,1,0,819,0.03141463462364122,0.056134846417287165,0.0009868792685368778
820,1,0,820,0.0314146346236414,0.06268327655317069,0.000986879268536889
821,1,0,821,0.031414634623641385,0.059158775297750266,0.0009868792685368882
822,0,0,822,0.031414634623641434,0.05850903252317874,0.000986879268536891
823,0,0,823,0.03141463462364119,0.057914557754112694,0.0009868792685368756
824,0,0,824,0.03141463462364137,0.05739156207157048,0.0009868792685368871
825,0,0,825,0.031414634623641365,0.006941729821544396,0.0009868792685368867
826,1,0,826,0.03141463462364138,0.012387231902069251,0.0009868792685368878
827,0,0,827,0.031414634623641344,0.05946881838613105,0.0009868792685368854
828,1,0,828,0.03141463462364117,0.0019428802309315873,0.0009868792685368746
829,1,0,829,0.03141463462364126,0.041759866729132344,0.0009868792685368804
830,0,0,830,0.03141463462364123,0.01876090748860859,0.0009868792685368782
831,1,0,831,0.031414634623641045,0.044228167490329096,0.0009868792685368668
832,0,0,832,0.03141463462364135,0.031687718488192296,0.0009868792685368856
833,1,0,833,0.031414634623641385,0.01272535803073982,0.0009868792685368878
834,0,0,834,0.03141463462364136,0.062079549951110424,0.0009868792685368863
835,1,0,835,0.031414634623641344,0.035379852422106506,0.0009868792685368854
836,1,0,836,0.031414634623641344,0.06085708218624408,0.0009868792685368856
837,0,0,837,0.031414634623641496,0.03144081325066583,0.0009868792685368952
838,1,0,838,0.03141463462364141,0.05946641818269027,0.0009868792685368902
839,1,0,839,0.03141463462364143,0.05270577531076004,0.0009868792685368906
840,1,0,840,0.0314146346236413,0.06253379540705706,0.000986879268536883
841,1,0,841,0.031414634623641524,0.04650079597373202,0.000986879268536897
842,1,0,842,0.03141463462364139,0.06178762859809228,0.0009868792685368887
843,0,0,843,0.03141463462364115,0.059793993971300585,0.0009868792685368733
844,0,0,844,0.03141463462364137,0.06174014403247102,0.000986879268536887
845,1,0,845,0.031414634623641094,0.05167925488716851,0.00098687926853687
846,1,0,846,0.03141463462364137,0.01609407547548547,0.0009868792685368876
847,1,0,847,0.03141463462364129,0.052529503706204794,0.0009868792685368817
848,0,0,848,0.03141463462364143,0.06144602007450928,0.0009868792685368906
849,1,0,849,0.0314146346236415,0.02668969837234947,0.0009868792685368954
850,0,0,850,0.031414634623641496,0.05383656401249093,0.0009868792685368947
851,1,0,851,0.031414634623641226,0.06185821291750204,0.0009868792685368782
852,0,0,852,0.031414634623641365,0.03222695666566411,0.0009868792685368867
853,1,0,853,0.03141463462364145,0.004158681458954039,0.000986879268536892
854,0,0,854,0.03141463462364132,0.024810081183193722,0.000986879268536884
855,0,0,855,0.031414634623641066,0.06240099926678866,0.000986879268536868
856,1,0,856,0.03141463462364108,0.0026814259288483466,0.0009868792685368687
857,1,0,857,0.03141463462364145,0.05930192492919628,0.000986879268536892
858,1,0,858,0.031414634623641406,0.023663076901945246,0.0009868792685368893
859,1,0,859,0.0314146346236414,0.025988751208430028,0.0009868792685368889
860,0,0,860,0.031414634623641025,0.05786589974531242,0.0009868792685368655
861,1,0,861,0.03141463462364117,0.008159986330374291,0.0009868792685368741
862,1,0,862,0.03141463462364123,0.053562473984487324,0.0009868792685368785
863,0,0,863,0.03141463462364127,0.054725908536836565,0.0009868792685368804
864,1,0,864,0.031414634623641365,0.05744307464286702,0.0009868792685368867
865,1,0,865,0.031414634623641406,0.0017458216551105021,0.000986879268536889
866,1,0,866,0.031414634623641316,0.04110682944305033,0.0009868792685368839
867,0,0,867,0.03141463462364115,0.05837982746307668,0.0009868792685368735
868,1,0,868,0.03141463462364139,0.025779348715231798,0.0009868792685368884
869,1,0,869,0.031414634623641344,0.016433671332430677,0.0009868792685368852
870,0,0,870,0.03141463462364141,0.023358043532283546,0.0009868792685368895
871,0,0,871,0.03141463462364139,0.06282157368185748,0.0009868792685368884
872,1,0,872,0.03141463462364126,0.05376911670027851,0.0009868792685368802
873,0,0,873,0.03141463462364135,0.0620668212492434,0.0009868792685368858
874,0,0,874,0.03141463462364143,0.06159224017709963,0.0009868792685368908
875,0,0,875,0.03141463462364139,0.06278530748021638,0.0009868792685368882
876,0,0,876,0.03141463462364118,0.054345236151775,0.0009868792685368752
877,1,0,877,1.9997532649633212,3.996279900762292,0.0009868792685368934
878,1,0,878,0.03141463462364122,0.06002874257249835,0.0009868792685368774
879,1,0,879,0.031414634623641455,0.0627795380517272,0.0009868792685368928
880,1,0,880,0.031414634623641205,0.04790691079442699,0.000986879268536877
881,1,0,881,0.03141463462364147,0.0358061651587922,0.0009868792685368934
882,1,0,882,0.03141463462364151,0.050041855521286926,0.0009868792685368962
883,1,0,883,0.03141463462364135,0.06246848734387733,0.0009868792685368858
884,1,0,884,0.031414634623641365,0.016129953543256637,0.0009868792685368865
885,0,0,885,0.03141463462364124,0.061336527497565685,0.000986879268536879
886,0,0,886,0.03141463462364118,0.05596785633269774,0.0009868792685368748
887,0,0,887,0.031414634623641434,0.008861587371255197,0.000986879268536891
888,0,0,888,0.031414634623641254,0.03406717397975867,0.0009868792685368798
889,0,0,889,0.031414634623641156,0.0499565923220342,0.0009868792685368737
890,1,0,890,0.03141463462364136,0.0415206167637705,0.0009868792685368863
891,0,0,891,0.03141463462364113,0.039939221072080366,0.000986879268536872
892,1,0,892,0.03141463462364134,0.0531265645622232,0.0009868792685368852
893,1,0,893,0.031414634623641365,0.060454664248082546,0.000986879268536887
894,0,0,894,0.03141463462364127,0.032269305576066554,0.0009868792685368806
895,0,0,895,0.03141463462364136,0.020876613819788892,0.0009868792685368863
896,1,0,896,0.03141463462364139,0.0337961800534452,0.0009868792685368882
897,1,0,897,0.03141463462364135,0.04900782739636367,0.0009868792685368858
898,0,0,898,0.031414634623641316,0.007847353291050352,0.000986879268536883
899,1,0,899,0.03141463462364115,0.06278798720025136,0.0009868792685368735
900,0,0,900,0.03141463462364114,0.025825019788717096,0.0009868792685368728
901,0,0,901,0.03141463462364142,0.05161539991377451,0.0009868792685368902
902,0,0,902,0.031414634623641156,0.044145386663735575,0.0009868792685368737
903,1,0,903,0.031414634623641344,0.05351615952653499,0.0009868792685368854
904,1,0,904,0.03141463462364119,0.0002307831378138836,0.0009868792685368752
905,1,0,905,0.03141463462364119,0.04387468431980923,0.0009868792685368759
906,1,0,906,0.03141463462364122,0.0607268327638818,0.0009868792685368778
907,1,0,907,0.03141463462364114,0.06281231189310976,0.000986879268536873
908,1,0,908,0.03141463462364116,0.05823492961331855,0.0009868792685368741
909,1,0,909,0.03141463462364139,0.06211355800332924,0.0009868792685368884
910,1,0,910,0.03141463462364131,0.06136295816986981,0.0009868792685368832
911,1,0,911,0.03141463462364145,0.061783947263780004,0.0009868792685368917
912,1,0,912,0.03141463462364123,0.0579789423377306,0.0009868792685368785
913,0,0,913,0.03141463462364108,0.05970482937550892,0.000986879268536869
914,1,0,914,0.03141463462364118,0.047121821155480914,0.000986879268536875
915,0,0,915,0.03141463462364129,0.042373470431138704,0.000986879268536882
916,0,0,916,0.031414634623641496,0.053502570467486965,0.000986879268536895
917,1,0,917,0.03141463462364116,0.05949084212602129,0.0009868792685368743
918,1,0,918,0.03141463462364113,0.004658263107530036,0.0009868792685368717
919,0,0,919,0.0314146346236415,0.04004379666942515,0.0009868792685368954
920,1,0,920,0.03141463462364139,0.05627808279459101,0.0009868792685368884
921,1,0,921,0.03141463462364117,0.04945542826716043,0.0009868792685368748
922,0,0,922,0.031414634623641136,0.002444018989722352,0.0009868792685368722
923,0,0,923,0.03141463462364134,0.06130203601411788,0.0009868792685368852
924,0,0,924,0.03141463462364128,0.05338932141812802,0.0009868792685368815
925,0,0,925,0.031414634623641136,0.010880033536990519,0.0009868792685368722
926,1,0,926,0.031414634623641385,0.062349984967739636,0.000986879268536888
927,0,0,927,0.031414634623641295,0.05865287071359515,0.0009868792685368826
928,1,0,928,0.03141463462364125,0.050532086608732874,0.0009868792685368798
929,0,0,929,0.031414634623641226,0.05418264473959711,0.000986879268536878
930,0,0,930,0.03141463462364142,0.03681191332101119,0.0009868792685368902
931,0,0,931,0.031414634623641254,0.05371134092426422,0.0009868792685368798
932,0,0,932,0.031414634623641184,0.03835729234767671,0.0009868792685368754
933,0,0,933,0.031414634623641406,0.013918404401015882,0.0009868792685368895
934,0,0,934,0.0314146346236414,0.05951610488052761,0.0009868792685368889
935,0,0,935,0.031414634623641205,0.031087379472628296,0.000986879268536877
936,1,0,936,0.03141463462364125,0.061975160419103115,0.0009868792685368791
937,0,0,937,0.03141463462364146,0.05568146736747437,0.0009868792685368928
938,1,0,938,0.031414634623641524,0.03413577025613668,0.0009868792685368967
939,0,0,939,0.03141463462364136,0.054537810564603606,0.0009868792685368863
940,0,0,940,0.03141463462364122,0.014426969851872196,0.0009868792685368778
941,0,0,941,0.0314146346236415,0.03216419013322014,0.0009868792685368954
942,0,0,942,0.03141463462364139,0.018039366106598287,0.0009868792685368884
943,0,0,943,0.031414634623641316,0.062353058088257474,0.0009868792685368835
944,1,0,944,0.031414634623641156,0.0067712500188270575,0.000986879268536874
945,0,0,945,0.03141463462364125,0.02894287076063673,0.0009868792685368795
946,0,0,946,0.0314146346236413,0.05720916723397218,0.0009868792685368826
947,1,0,947,0.031414634623641156,0.04164235143238271,0.0009868792685368735
948,0,0,948,0.03141463462364145,0.03663589805428402,0.0009868792685368917
949,1,0,949,0.031414634623641365,0.05939868435913642,0.0009868792685368867
950,1,0,950,0.031414634623641455,0.024274630592142854,0.0009868792685368928
951,1,0,951,0.03141463462364108,0.020368151000103918,0.0009868792685368687
952,1,0,952,0.03141463462364119,0.060986073511523964,0.0009868792685368759
953,1,0,953,0.0314146346236412,0.06277436721199359,0.000986879268536876
954,0,0,954,0.031414634623641115,0.03154124205316311,0.000986879268536871
955,1,0,955,0.031414634623641344,0.04557510206175053,0.0009868792685368856
956,1,0,956,0.031414634623641316,0.03533743508863618,0.0009868792685368837
957,1,0,957,0.03141463462364123,0.029823191147663186,0.0009868792685368782
958,0,0,958,0.03141463462364136,0.048855028250917254,0.0009868792685368863
959,0,0,959,0.031414634623641254,0.0017718657898377899,0.0009868792685368795
960,1,0,960,0.03141463462364132,0.02167758067594705,0.000986879268536884
961,1,0,961,0.031414634623641476,0.0327288310243703,0.0009868792685368936
962,0,0,962,0.031414634623641434,0.019021273184966825,0.0009868792685368913
963,1,0,963,0.03141463462364141,0.04063145950007985,0.0009868792685368895
964,1,0,964,0.03141463462364107,0.06197474698464145,0.0009868792685368685
965,0,0,965,1.9997532649633214,3.434022175825727,0.0009868792685369067
966,0,0,966,0.03141463462364143,0.025179520474441386,0.0009868792685368906
967,0,0,967,0.031414634623641136,0.028010812080234038,0.0009868792685368724
968,0,0,968,0.03141463462364111,0.02809924757031257,0.0009868792685368704
969,0,0,969,0.03141463462364128,0.06282030274856543,0.0009868792685368815
970,1,0,970,0.03141463462364139,0.06282598386806999,0.0009868792685368882
971,1,0,971,0.031414634623641365,0.0039228235389852095,0.0009868792685368865
972,1,0,972,0.031414634623641226,0.04736370158682801,0.000986879268536878
973,0,0,973,0.03141463462364138,0.056575559825649546,0.0009868792685368876
974,0,0,974,0.03141463462364113,0.059253118364679724,0.000986879268536872
975,0,0,975,0.031414634623641385,0.03024523040359206,0.000986879268536888
976,1,0,976,0.03141463462364139,0.058604929026851216,0.0009868792685368887
977,0,0,977,0.03141463462364131,0.053553547599015205,0.0009868792685368832
978,0,0,978,0.03141463462364139,0.047508549527489174,0.0009868792685368887
979,0,0,979,0.03141463462364146,0.036860085696843736,0.0009868792685368928
980,0,0,980,0.031414634623641385,0.04060094307355566,0.000986879268536888
981,0,0,981,0.031414634623641156,0.0007746109037534143,0.0009868792685368735
982,0,0,982,0.03141463462364138,0.05127940171763701,0.0009868792685368876
983,1,0,983,0.03141463462364153,0.06013383695520269,0.0009868792685368973
984,1,0,984,0.03141463462364121,0.018661834313694392,0.0009868792685368772
985,1,0,985,0.03141463462364138,0.05095977045540456,0.0009868792685368876
986,1,0,986,0.03141463462364138,0.049396229319463414,0.0009868792685368876
987,0,0,987,0.03141463462364121,0.04305031849989982,0.0009868792685368772
988,0,0,988,0.03141463462364115,0.05376586554456919,0.0009868792685368733
989,0,0,989,0.03141463462364133,0.05563632520670103,0.0009868792685368845
990,0,0,990,1.9997532649633212,3.3626973045027393,0.000986879268536899
991,1,0,991,0.03141463462364149,0.047962024431307926,0.0009868792685368945
992,1,0,992,0.03141463462364139,0.018647582970471088,0.0009868792685368882
993,1,0,993,0.031414634623641455,0.06218013256621213,0.0009868792685368923
994,0,0,994,1.9997532649633212,2.4316585169404012,0.0009868792685368865
995,1,0,995,0.03141463462364115,0.06171859045952438,0.0009868792685368733
996,0,0,996,0.03141463462364123,0.007903163789112266,0.000986879268536878
997,1,0,997,0.031414634623641455,0.06108759329924934,0.0009868792685368926
998,0,0,998,0.03141463462364148,0.03063466808376658,0.000986879268536894
999,0,0,999,0.03141463462364133,0.047044726665369296,0.0009868792685368848
