,Layer,Qubit,Run,2-Norm,Trace Norm,Diamond Norm
0,0,0,0,0.0031415913616616126,0.006283182723323225,9.869596283666865e-06
1,0,0,1,0.00314159136166174,0.00628318272332348,9.869596283667667e-06
2,0,0,2,0.003141591361661778,0.006283182723323556,9.869596283667904e-06
3,0,0,3,0.0031415913616618437,0.006283182723323687,9.869596283668319e-06
4,1,0,4,0.0031415913616617414,0.006283182723323483,9.869596283667673e-06
5,1,0,5,0.003141591361661596,0.006283182723323192,9.86959628366676e-06
6,1,0,6,0.0031415913616618667,0.006283182723323733,9.86959628366846e-06
7,0,0,7,0.0031415913616617487,0.0062831827233234975,9.86959628366772e-06
8,1,0,8,0.0031415913616618723,0.0062831827233237455,9.869596283668498e-06
9,0,0,9,0.003141591361661571,0.006283182723323142,9.869596283666606e-06
10,0,0,10,0.003141591361661733,0.006283182723323466,9.869596283667623e-06
11,0,0,11,0.00314159136166173,0.00628318272332346,9.869596283667602e-06
12,0,0,12,0.0031415913616615484,0.006283182723323097,9.869596283666462e-06
13,1,0,13,0.0031415913616614534,0.006283182723322907,9.869596283665864e-06
14,0,0,14,0.003141591361661793,0.006283182723323586,9.869596283667999e-06
15,1,0,15,0.003141591361661866,0.006283182723323732,9.869596283668454e-06
16,1,0,16,0.003141591361661901,0.006283182723323802,9.86959628366868e-06
17,0,0,17,0.0031415913616616906,0.006283182723323381,9.869596283667358e-06
18,1,0,18,0.003141591361661742,0.006283182723323484,9.869596283667677e-06
19,0,0,19,0.0031415913616616186,0.006283182723323237,9.869596283666904e-06
20,0,0,20,0.003141591361661736,0.006283182723323472,9.869596283667645e-06
21,1,0,21,0.003141591361661741,0.006283182723323482,9.869596283667672e-06
22,0,0,22,0.003141591361661703,0.006283182723323406,9.869596283667435e-06
23,0,0,23,0.0031415913616617544,0.006283182723323509,9.869596283667755e-06
24,1,0,24,0.003141591361661634,0.006283182723323268,9.869596283666999e-06
25,1,0,25,0.0031415913616618146,0.006283182723323629,9.869596283668132e-06
26,1,0,26,0.00314159136166174,0.00628318272332348,9.869596283667667e-06
27,1,0,27,0.0031415913616615492,0.0062831827233230985,9.869596283666469e-06
28,1,0,28,0.0031415913616617383,0.006283182723323477,9.869596283667655e-06
29,1,0,29,0.0031415913616617795,0.006283182723323559,9.869596283667916e-06
30,1,0,30,0.003141591361661896,0.006283182723323792,9.869596283668647e-06
31,0,0,31,0.003141591361661615,0.00628318272332323,9.86959628366688e-06
32,1,0,32,0.0031415913616614794,0.006283182723322959,9.869596283666028e-06
33,0,0,33,0.003141591361661615,0.00628318272332323,9.869596283666882e-06
34,1,0,34,0.0031415913616615184,0.006283182723323037,9.869596283666276e-06
35,1,0,35,0.0031415913616614894,0.006283182723322979,9.869596283666091e-06
36,1,0,36,0.003141591361661588,0.006283182723323176,9.869596283666708e-06
37,0,0,37,0.003141591361661761,0.006283182723323522,9.869596283667797e-06
38,1,0,38,0.003141591361661555,0.00628318272332311,9.869596283666504e-06
39,1,0,39,0.003141591361661771,0.006283182723323542,9.869596283667856e-06
40,0,0,40,0.0031415913616615796,0.006283182723323159,9.869596283666657e-06
41,1,0,41,0.003141591361661729,0.006283182723323458,9.8695962836676e-06
42,1,0,42,0.0031415913616615236,0.006283182723323047,9.869596283666303e-06
43,1,0,43,0.003141591361661605,0.00628318272332321,9.869596283666821e-06
44,0,0,44,0.0031415913616617904,0.006283182723323581,9.869596283667982e-06
45,1,0,45,0.003141591361661721,0.006283182723323442,9.869596283667545e-06
46,0,0,46,0.003141591361661588,0.006283182723323176,9.86959628366671e-06
47,1,0,47,0.003141591361661527,0.006283182723323054,9.86959628366633e-06
48,0,0,48,0.003141591361661813,0.006283182723323626,9.869596283668122e-06
49,1,0,49,0.0031415913616615176,0.006283182723323035,9.869596283666269e-06
50,0,0,50,0.00314159136166171,0.00628318272332342,9.869596283667477e-06
51,1,0,51,0.0031415913616618645,0.006283182723323729,9.86959628366845e-06
52,1,0,52,0.0031415913616617964,0.006283182723323593,9.869596283668017e-06
53,0,0,53,0.0031415913616615818,0.0062831827233231635,9.869596283666674e-06
54,0,0,54,0.0031415913616617375,0.006283182723323475,9.869596283667651e-06
55,0,0,55,0.0031415913616617717,0.006283182723323543,9.869596283667868e-06
56,0,0,56,0.00314159136166168,0.00628318272332336,9.869596283667292e-06
57,1,0,57,0.0031415913616617414,0.006283182723323483,9.869596283667675e-06
58,0,0,58,0.0031415913616617322,0.0062831827233234645,9.869596283667617e-06
59,0,0,59,0.0031415913616615735,0.006283182723323147,9.86959628366662e-06
60,0,0,60,0.0031415913616617643,0.006283182723323529,9.869596283667816e-06
61,0,0,61,0.0031415913616618064,0.006283182723323613,9.869596283668083e-06
62,1,0,62,0.0031415913616617314,0.006283182723323463,9.869596283667612e-06
63,0,0,63,0.0031415913616617015,0.006283182723323403,9.869596283667424e-06
64,0,0,64,0.003141591361661666,0.006283182723323332,9.8695962836672e-06
65,0,0,65,0.0031415913616615583,0.006283182723323117,9.869596283666525e-06
66,0,0,66,0.0031415913616616884,0.006283182723323377,9.869596283667341e-06
67,0,0,67,0.0031415913616614846,0.006283182723322969,9.869596283666064e-06
68,1,0,68,0.0031415913616618632,0.0062831827233237264,9.86959628366844e-06
69,1,0,69,0.003141591361661767,0.006283182723323534,9.869596283667836e-06
70,1,0,70,0.003141591361661791,0.006283182723323582,9.869596283667985e-06
71,1,0,71,0.0031415913616618407,0.006283182723323681,9.869596283668298e-06
72,1,0,72,0.003141591361661457,0.006283182723322914,9.869596283665886e-06
73,1,0,73,0.0031415913616615965,0.006283182723323193,9.869596283666767e-06
74,0,0,74,0.0031415913616618055,0.00628318272332361,9.869596283668075e-06
75,0,0,75,0.0031415913616617583,0.0062831827233235165,9.86959628366778e-06
76,1,0,76,0.0031415913616615818,0.0062831827233231635,9.869596283666672e-06
77,0,0,77,0.00314159136166179,0.00628318272332358,9.869596283667982e-06
78,1,0,78,0.003141591361661504,0.006283182723323008,9.869596283666183e-06
79,1,0,79,0.003141591361661779,0.006283182723323558,9.86959628366791e-06
80,0,0,80,0.00314159136166188,0.00628318272332376,9.869596283668544e-06
81,0,0,81,0.003141591361661584,0.006283182723323168,9.869596283666684e-06
82,1,0,82,0.0031415913616614504,0.006283182723322901,9.869596283665844e-06
83,1,0,83,0.003141591361661948,0.006283182723323896,9.869596283668971e-06
84,1,0,84,0.003141591361661797,0.006283182723323594,9.869596283668026e-06
85,0,0,85,0.0031415913616617604,0.006283182723323521,9.869596283667795e-06
86,0,0,86,0.003141591361661836,0.006283182723323672,9.869596283668271e-06
87,0,0,87,0.0031415913616617288,0.0062831827233234576,9.869596283667594e-06
88,0,0,88,0.0031415913616617674,0.006283182723323535,9.869596283667838e-06
89,1,0,89,0.00314159136166179,0.00628318272332358,9.86959628366798e-06
90,0,0,90,0.0031415913616615575,0.006283182723323115,9.869596283666516e-06
91,1,0,91,0.0031415913616617682,0.0062831827233235365,9.869596283667841e-06
92,1,0,92,0.0031415913616617943,0.0062831827233235885,9.869596283668009e-06
93,1,0,93,0.0031415913616617917,0.006283182723323583,9.869596283667988e-06
94,0,0,94,0.0031415913616615193,0.006283182723323039,9.869596283666276e-06
95,1,0,95,0.0031415913616617236,0.006283182723323447,9.869596283667562e-06
96,1,0,96,0.003141591361661824,0.006283182723323648,9.869596283668197e-06
97,1,0,97,0.003141591361661813,0.006283182723323626,9.869596283668124e-06
98,0,0,98,0.0031415913616618047,0.006283182723323609,9.86959628366807e-06
99,1,0,99,0.0031415913616615427,0.0062831827233230855,9.869596283666425e-06
100,0,0,100,0.0031415913616618606,0.006283182723323721,9.869596283668426e-06
101,0,0,101,0.003141591361661528,0.006283182723323056,9.869596283666335e-06
102,0,0,102,0.0031415913616618246,0.006283182723323649,9.869596283668197e-06
103,1,0,103,0.0031415913616617474,0.006283182723323495,9.869596283667714e-06
104,1,0,104,0.0031415913616618684,0.006283182723323737,9.869596283668475e-06
105,0,0,105,0.0031415913616617626,0.006283182723323525,9.869596283667809e-06
106,0,0,106,0.0031415913616616893,0.006283182723323379,9.869596283667346e-06
107,0,0,107,0.0031415913616616607,0.006283182723323321,9.869596283667167e-06
108,0,0,108,0.0031415913616617826,0.006283182723323565,9.869596283667933e-06
109,0,0,109,0.0031415913616617878,0.0062831827233235755,9.869596283667968e-06
110,1,0,110,0.003141591361661775,0.00628318272332355,9.869596283667889e-06
111,1,0,111,0.0031415913616618042,0.0062831827233236085,9.86959628366807e-06
112,0,0,112,0.00314159136166156,0.00628318272332312,9.869596283666538e-06
113,0,0,113,0.003141591361661713,0.006283182723323426,9.869596283667497e-06
114,0,0,114,0.0031415913616615132,0.0062831827233230265,9.869596283666239e-06
115,0,0,115,0.003141591361661734,0.006283182723323468,9.869596283667628e-06
116,0,0,116,0.0031415913616617067,0.006283182723323413,9.869596283667458e-06
117,1,0,117,0.003141591361661679,0.006283182723323358,9.869596283667282e-06
118,0,0,118,0.003141591361661475,0.006283182723322952,9.869596283666005e-06
119,1,0,119,0.0031415913616617366,0.006283182723323473,9.869596283667643e-06
120,1,0,120,0.0031415913616615176,0.006283182723323035,9.869596283666269e-06
121,1,0,121,0.0031415913616617574,0.006283182723323515,9.869596283667773e-06
122,0,0,122,0.0031415913616618762,0.0062831827233237525,9.869596283668522e-06
123,0,0,123,0.003141591361661872,0.006283182723323744,9.869596283668493e-06
124,0,0,124,0.0031415913616617977,0.0062831827233235955,9.869596283668027e-06
125,1,0,125,0.003141591361661772,0.006283182723323544,9.869596283667865e-06
126,1,0,126,0.0031415913616615622,0.0062831827233231245,9.869596283666549e-06
127,1,0,127,0.00314159136166174,0.00628318272332348,9.869596283667667e-06
128,1,0,128,0.0031415913616617695,0.006283182723323539,9.86959628366785e-06
129,0,0,129,0.003141591361661751,0.006283182723323501,9.869596283667731e-06
130,1,0,130,0.0031415913616614326,0.006283182723322866,9.869596283665735e-06
131,1,0,131,0.0031415913616615575,0.006283182723323115,9.86959628366652e-06
132,0,0,132,0.003141591361661738,0.006283182723323475,9.869596283667651e-06
133,0,0,133,0.003141591361661566,0.006283182723323132,9.869596283666572e-06
134,1,0,134,0.003141591361661765,0.00628318272332353,9.869596283667824e-06
135,0,0,135,0.0031415913616615622,0.0062831827233231245,9.869596283666552e-06
136,1,0,136,0.0031415913616618762,0.0062831827233237525,9.869596283668522e-06
137,1,0,137,0.0031415913616617986,0.006283182723323597,9.869596283668036e-06
138,0,0,138,0.0031415913616617097,0.006283182723323419,9.869596283667475e-06
139,1,0,139,0.00314159136166176,0.00628318272332352,9.869596283667795e-06
140,0,0,140,0.00314159136166167,0.00628318272332334,9.869596283667224e-06
141,0,0,141,0.0031415913616616967,0.006283182723323393,9.869596283667396e-06
142,0,0,142,0.003141591361661906,0.006283182723323812,9.86959628366871e-06
143,0,0,143,0.0031415913616617704,0.006283182723323541,9.869596283667856e-06
144,0,0,144,0.003141591361661824,0.006283182723323648,9.869596283668197e-06
145,1,0,145,0.003141591361661566,0.006283182723323132,9.869596283666572e-06
146,0,0,146,0.003141591361661733,0.006283182723323466,9.86959628366762e-06
147,0,0,147,0.003141591361661795,0.00628318272332359,9.869596283668012e-06
148,0,0,148,0.0031415913616616386,0.006283182723323277,9.869596283667028e-06
149,1,0,149,0.003141591361661804,0.006283182723323608,9.869596283668068e-06
150,0,0,150,0.0031415913616615536,0.006283182723323107,9.869596283666493e-06
151,0,0,151,0.0031415913616615844,0.006283182723323169,9.869596283666687e-06
152,1,0,152,0.003141591361661721,0.006283182723323442,9.869596283667546e-06
153,1,0,153,0.0031415913616615722,0.0062831827233231444,9.869596283666611e-06
154,1,0,154,0.003141591361661824,0.006283182723323648,9.869596283668195e-06
155,1,0,155,0.0031415913616618927,0.006283182723323785,9.869596283668624e-06
156,1,0,156,0.003141591361661647,0.006283182723323294,9.869596283667079e-06
157,1,0,157,0.003141591361661494,0.006283182723322988,9.869596283666122e-06
158,1,0,158,0.0031415913616616715,0.006283182723323343,9.869596283667236e-06
159,0,0,159,0.0031415913616617288,0.0062831827233234576,9.869596283667597e-06
160,1,0,160,0.0031415913616618827,0.0062831827233237655,9.869596283668563e-06
161,0,0,161,0.0031415913616617496,0.006283182723323499,9.869596283667728e-06
162,1,0,162,0.0031415913616617583,0.0062831827233235165,9.869596283667782e-06
163,1,0,163,0.0031415913616615484,0.006283182723323097,9.869596283666462e-06
164,1,0,164,0.003141591361661718,0.006283182723323436,9.869596283667528e-06
165,1,0,165,0.003141591361661775,0.00628318272332355,9.869596283667887e-06
166,0,0,166,0.0031415913616614946,0.006283182723322989,9.869596283666123e-06
167,1,0,167,0.0031415913616614664,0.006283182723322933,9.869596283665947e-06
168,1,0,168,0.0031415913616617795,0.006283182723323559,9.869596283667912e-06
169,0,0,169,0.003141591361661729,0.006283182723323458,9.869596283667597e-06
170,1,0,170,0.0031415913616618793,0.0062831827233237585,9.86959628366854e-06
171,1,0,171,0.0031415913616618138,0.0062831827233236276,9.869596283668127e-06
172,1,0,172,0.003141591361661399,0.006283182723322798,9.869596283665524e-06
173,0,0,173,0.0031415913616616273,0.006283182723323255,9.869596283666957e-06
174,0,0,174,0.0031415913616616525,0.006283182723323305,9.869596283667116e-06
175,1,0,175,0.003141591361661794,0.006283182723323588,9.869596283668004e-06
176,1,0,176,0.003141591361661726,0.006283182723323452,9.869596283667577e-06
177,1,0,177,0.003141591361661642,0.006283182723323284,9.86959628366705e-06
178,1,0,178,0.0031415913616616373,0.0062831827233232745,9.86959628366702e-06
179,0,0,179,0.0031415913616615106,0.006283182723323021,9.869596283666222e-06
180,0,0,180,0.003141591361661619,0.006283182723323238,9.869596283666906e-06
181,0,0,181,0.003141591361661813,0.006283182723323626,9.869596283668124e-06
182,1,0,182,0.003141591361661484,0.006283182723322968,9.869596283666059e-06
183,1,0,183,0.003141591361661578,0.006283182723323156,9.869596283666647e-06
184,1,0,184,0.0031415913616618402,0.0062831827233236805,9.869596283668297e-06
185,0,0,185,0.003141591361661546,0.006283182723323092,9.869596283666449e-06
186,1,0,186,0.003141591361661781,0.006283182723323562,9.869596283667922e-06
187,1,0,187,0.0031415913616618155,0.006283182723323631,9.869596283668143e-06
188,0,0,188,0.003141591361661488,0.006283182723322976,9.869596283666081e-06
189,1,0,189,0.0031415913616616273,0.006283182723323253,9.869596283666955e-06
190,1,0,190,0.003141591361661827,0.006283182723323654,9.86959628366821e-06
191,0,0,191,0.0031415913616615384,0.006283182723323076,9.869596283666398e-06
192,0,0,192,0.0031415913616617158,0.0062831827233234315,9.869596283667512e-06
193,1,0,193,0.0031415913616617457,0.006283182723323491,9.869596283667704e-06
194,0,0,194,0.0031415913616617474,0.006283182723323495,9.869596283667714e-06
195,0,0,195,0.0031415913616617544,0.006283182723323509,9.869596283667755e-06
196,0,0,196,0.0031415913616615423,0.006283182723323085,9.869596283666427e-06
197,1,0,197,0.0031415913616617288,0.0062831827233234576,9.869596283667597e-06
198,0,0,198,0.003141591361661561,0.006283182723323122,9.86959628366654e-06
199,1,0,199,0.0031415913616617526,0.006283182723323505,9.869596283667746e-06
200,0,0,200,0.0031415913616617097,0.006283182723323419,9.869596283667475e-06
201,0,0,201,0.0031415913616617865,0.006283182723323573,9.869596283667956e-06
202,0,0,202,0.003141591361661544,0.006283182723323088,9.869596283666435e-06
203,1,0,203,0.0031415913616617648,0.0062831827233235295,9.86959628366782e-06
204,1,0,204,0.0031415913616617856,0.006283182723323572,9.869596283667955e-06
205,1,0,205,0.0031415913616617123,0.006283182723323425,9.869596283667494e-06
206,0,0,206,0.003141591361661765,0.00628318272332353,9.869596283667826e-06
207,1,0,207,0.003141591361661573,0.006283182723323146,9.869596283666615e-06
208,0,0,208,0.003141591361661714,0.006283182723323428,9.8695962836675e-06
209,0,0,209,0.0031415913616617236,0.006283182723323447,9.86959628366756e-06
210,1,0,210,0.0031415913616616655,0.006283182723323331,9.869596283667197e-06
211,0,0,211,0.003141591361661462,0.006283182723322922,9.869596283665917e-06
212,0,0,212,0.0031415913616617917,0.006283182723323584,9.869596283667992e-06
213,0,0,213,0.003141591361661723,0.006283182723323446,9.86959628366756e-06
214,1,0,214,0.003141591361661545,0.00628318272332309,9.869596283666443e-06
215,1,0,215,0.0031415913616615223,0.006283182723323045,9.869596283666301e-06
216,1,0,216,0.0031415913616618663,0.006283182723323732,9.869596283668458e-06
217,1,0,217,0.0031415913616618255,0.006283182723323651,9.869596283668204e-06
218,1,0,218,0.0031415913616617288,0.0062831827233234576,9.869596283667595e-06
219,1,0,219,0.0031415913616617687,0.006283182723323537,9.869596283667848e-06
220,0,0,220,0.003141591361661835,0.00628318272332367,9.869596283668266e-06
221,1,0,221,0.0031415913616618034,0.006283182723323607,9.869596283668065e-06
222,0,0,222,0.003141591361661759,0.006283182723323518,9.869596283667787e-06
223,1,0,223,0.0031415913616617986,0.006283182723323597,9.869596283668036e-06
224,0,0,224,0.0031415913616617557,0.006283182723323511,9.869596283667765e-06
225,1,0,225,0.0031415913616618476,0.006283182723323695,9.869596283668343e-06
226,0,0,226,0.003141591361661746,0.006283182723323492,9.869596283667704e-06
227,0,0,227,0.003141591361661579,0.006283182723323158,9.869596283666655e-06
228,1,0,228,0.0031415913616617383,0.006283182723323477,9.869596283667655e-06
229,0,0,229,0.003141591361661603,0.006283182723323206,9.869596283666806e-06
230,0,0,230,0.003141591361661555,0.00628318272332311,9.869596283666501e-06
231,0,0,231,0.0031415913616618034,0.006283182723323607,9.869596283668065e-06
232,0,0,232,0.0031415913616614746,0.006283182723322949,9.869596283665998e-06
233,0,0,233,0.003141591361661791,0.006283182723323582,9.869596283667985e-06
234,1,0,234,0.003141591361661812,0.006283182723323624,9.869596283668117e-06
235,1,0,235,0.003141591361661552,0.006283182723323104,9.869596283666482e-06
236,0,0,236,0.003141591361661531,0.006283182723323062,9.869596283666354e-06
237,1,0,237,0.0031415913616615497,0.006283182723323099,9.86959628366647e-06
238,1,0,238,0.003141591361661778,0.006283182723323556,9.8695962836679e-06
239,0,0,239,0.003141591361661773,0.006283182723323546,9.869596283667873e-06
240,0,0,240,0.003141591361661872,0.006283182723323744,9.869596283668493e-06
241,0,0,241,0.0031415913616615306,0.006283182723323061,9.869596283666349e-06
242,1,0,242,0.003141591361661875,0.00628318272332375,9.869596283668514e-06
243,0,0,243,0.003141591361661763,0.006283182723323526,9.86959628366781e-06
244,0,0,244,0.0031415913616615974,0.006283182723323195,9.86959628366677e-06
245,0,0,245,0.0031415913616617834,0.006283182723323567,9.869596283667943e-06
246,0,0,246,0.003141591361661769,0.006283182723323538,9.869596283667848e-06
247,1,0,247,0.00314159136166177,0.00628318272332354,9.869596283667853e-06
248,1,0,248,0.0031415913616615315,0.006283182723323063,9.869596283666355e-06
249,1,0,249,0.0031415913616615557,0.0062831827233231115,9.86959628366651e-06
250,0,0,250,0.0031415913616617535,0.006283182723323507,9.869596283667753e-06
251,1,0,251,0.0031415913616615783,0.006283182723323157,9.86959628366665e-06
252,1,0,252,0.0031415913616614946,0.006283182723322989,9.869596283666122e-06
253,0,0,253,0.0031415913616618814,0.006283182723323763,9.869596283668553e-06
254,1,0,254,0.003141591361661898,0.006283182723323796,9.869596283668656e-06
255,1,0,255,0.003141591361661725,0.0062831827233234515,9.869596283667573e-06
256,1,0,256,0.0031415913616614313,0.0062831827233228625,9.86959628366573e-06
257,0,0,257,0.0031415913616615826,0.006283182723323165,9.869596283666676e-06
258,1,0,258,0.0031415913616617288,0.0062831827233234576,9.869596283667597e-06
259,1,0,259,0.003141591361661598,0.006283182723323196,9.869596283666772e-06
260,1,0,260,0.003141591361661488,0.006283182723322976,9.869596283666083e-06
261,0,0,261,0.003141591361661836,0.006283182723323672,9.869596283668268e-06
262,1,0,262,0.0031415913616617305,0.006283182723323459,9.869596283667602e-06
263,1,0,263,0.0031415913616617695,0.00628318272332354,9.869596283667853e-06
264,0,0,264,0.003141591361661767,0.006283182723323534,9.869596283667838e-06
265,0,0,265,0.0031415913616617388,0.0062831827233234775,9.869596283667656e-06
266,0,0,266,0.003141591361661815,0.00628318272332363,9.869596283668136e-06
267,1,0,267,0.0031415913616617396,0.006283182723323479,9.869596283667663e-06
268,0,0,268,0.003141591361661563,0.006283182723323126,9.869596283666552e-06
269,1,0,269,0.0031415913616615666,0.006283182723323133,9.869596283666576e-06
270,0,0,270,0.0031415913616616876,0.006283182723323375,9.869596283667336e-06
271,1,0,271,0.0031415913616614183,0.0062831827233228365,9.869596283665647e-06
272,0,0,272,0.003141591361661886,0.006283182723323772,9.869596283668583e-06
273,0,0,273,0.0031415913616615124,0.006283182723323025,9.869596283666237e-06
274,0,0,274,0.003141591361661845,0.00628318272332369,9.869596283668324e-06
275,0,0,275,0.0031415913616618003,0.006283182723323601,9.869596283668046e-06
276,0,0,276,0.003141591361661638,0.006283182723323276,9.869596283667023e-06
277,1,0,277,0.003141591361661654,0.006283182723323308,9.869596283667126e-06
278,1,0,278,0.003141591361661541,0.006283182723323082,9.869596283666415e-06
279,1,0,279,0.0031415913616615453,0.006283182723323091,9.869596283666445e-06
280,0,0,280,0.0031415913616617583,0.0062831827233235165,9.86959628366778e-06
281,0,0,281,0.003141591361661542,0.006283182723323084,9.86959628366642e-06
282,1,0,282,0.003141591361661724,0.006283182723323448,9.869596283667567e-06
283,1,0,283,0.0031415913616618138,0.0062831827233236276,9.869596283668126e-06
284,1,0,284,0.003141591361661898,0.006283182723323796,9.869596283668656e-06
285,0,0,285,0.0031415913616618077,0.006283182723323615,9.86959628366809e-06
286,1,0,286,0.003141591361661723,0.006283182723323446,9.86959628366756e-06
287,0,0,287,0.0031415913616618277,0.006283182723323655,9.869596283668217e-06
288,0,0,288,0.0031415913616615735,0.006283182723323147,9.86959628366662e-06
289,1,0,289,0.0031415913616616984,0.006283182723323395,9.869596283667402e-06
290,0,0,290,0.0031415913616617674,0.006283182723323535,9.869596283667836e-06
291,1,0,291,0.003141591361661732,0.006283182723323464,9.869596283667614e-06
292,0,0,292,0.003141591361661762,0.006283182723323524,9.869596283667804e-06
293,1,0,293,0.003141591361661748,0.006283182723323496,9.869596283667717e-06
294,0,0,294,0.0031415913616615375,0.006283182723323075,9.869596283666396e-06
295,0,0,295,0.0031415913616617006,0.006283182723323401,9.869596283667418e-06
296,0,0,296,0.003141591361661479,0.006283182723322958,9.869596283666023e-06
297,0,0,297,0.0031415913616615913,0.006283182723323183,9.869596283666731e-06
298,1,0,298,0.003141591361661856,0.006283182723323712,9.869596283668393e-06
299,1,0,299,0.00314159136166164,0.00628318272332328,9.869596283667036e-06
300,0,0,300,0.0031415913616616095,0.006283182723323219,9.869596283666847e-06
301,0,0,301,0.0031415913616615653,0.0062831827233231306,9.869596283666565e-06
302,1,0,302,0.003141591361661554,0.006283182723323108,9.8695962836665e-06
303,0,0,303,0.0031415913616615223,0.006283182723323045,9.8695962836663e-06
304,1,0,304,0.003141591361661758,0.006283182723323516,9.869596283667773e-06
305,0,0,305,0.0031415913616617656,0.006283182723323531,9.869596283667826e-06
306,1,0,306,0.0031415913616618584,0.006283182723323717,9.86959628366841e-06
307,0,0,307,0.003141591361661861,0.006283182723323722,9.869596283668426e-06
308,0,0,308,0.0031415913616617257,0.0062831827233234515,9.869596283667575e-06
309,0,0,309,0.0031415913616618133,0.006283182723323627,9.869596283668127e-06
310,0,0,310,0.003141591361661794,0.006283182723323588,9.869596283668007e-06
311,0,0,311,0.0031415913616615948,0.0062831827233231895,9.869596283666755e-06
312,0,0,312,0.0031415913616619127,0.006283182723323825,9.869596283668753e-06
313,0,0,313,0.0031415913616617253,0.006283182723323451,9.86959628366757e-06
314,1,0,314,0.003141591361661602,0.006283182723323203,9.869596283666798e-06
315,0,0,315,0.0031415913616617643,0.006283182723323529,9.869596283667817e-06
316,0,0,316,0.0031415913616618008,0.0062831827233236015,9.869596283668048e-06
317,1,0,317,0.0031415913616615445,0.006283182723323089,9.869596283666438e-06
318,1,0,318,0.0031415913616618676,0.006283182723323735,9.869596283668466e-06
319,1,0,319,0.0031415913616617496,0.006283182723323499,9.869596283667726e-06
320,0,0,320,0.003141591361661528,0.006283182723323056,9.869596283666335e-06
321,1,0,321,0.0031415913616618238,0.0062831827233236475,9.869596283668193e-06
322,0,0,322,0.003141591361661873,0.006283182723323746,9.869596283668503e-06
323,0,0,323,0.003141591361661717,0.006283182723323434,9.869596283667521e-06
324,1,0,324,0.0031415913616617604,0.006283182723323521,9.869596283667797e-06
325,1,0,325,0.0031415913616615384,0.006283182723323077,9.8695962836664e-06
326,0,0,326,0.0031415913616617986,0.006283182723323597,9.869596283668036e-06
327,1,0,327,0.003141591361661805,0.00628318272332361,9.869596283668077e-06
328,1,0,328,0.003141591361661856,0.006283182723323712,9.869596283668393e-06
329,1,0,329,0.0031415913616615484,0.006283182723323097,9.869596283666459e-06
330,0,0,330,0.0031415913616617817,0.006283182723323563,9.869596283667927e-06
331,1,0,331,0.0031415913616617023,0.006283182723323405,9.86959628366743e-06
332,0,0,332,0.00314159136166147,0.00628318272332294,9.86959628366597e-06
333,1,0,333,0.0031415913616617886,0.006283182723323577,9.86959628366797e-06
334,1,0,334,0.003141591361661481,0.006283182723322962,9.869596283666039e-06
335,1,0,335,0.003141591361661726,0.006283182723323452,9.86959628366758e-06
336,0,0,336,0.0031415913616617552,0.0062831827233235105,9.869596283667761e-06
337,0,0,337,0.003141591361661873,0.006283182723323746,9.8695962836685e-06
338,0,0,338,0.0031415913616618116,0.006283182723323623,9.869596283668119e-06
339,0,0,339,0.0031415913616617366,0.006283182723323473,9.869596283667645e-06
340,1,0,340,0.003141591361661797,0.006283182723323594,9.86959628366802e-06
341,0,0,341,0.0031415913616617036,0.006283182723323407,9.869596283667438e-06
342,1,0,342,0.0031415913616617166,0.006283182723323433,9.869596283667521e-06
343,1,0,343,0.0031415913616616533,0.006283182723323307,9.869596283667123e-06
344,1,0,344,0.003141591361661817,0.006283182723323634,9.869596283668153e-06
345,1,0,345,0.0031415913616615644,0.006283182723323129,9.869596283666564e-06
346,1,0,346,0.0031415913616617886,0.0062831827233235755,9.86959628366797e-06
347,0,0,347,0.0031415913616617422,0.0062831827233234844,9.869596283667678e-06
348,1,0,348,0.003141591361661572,0.006283182723323144,9.869596283666606e-06
349,1,0,349,0.003141591361661794,0.006283182723323588,9.869596283668005e-06
350,1,0,350,0.0031415913616617613,0.006283182723323523,9.8695962836678e-06
351,0,0,351,0.0031415913616617795,0.006283182723323559,9.869596283667912e-06
352,1,0,352,0.0031415913616615193,0.006283182723323039,9.86959628366628e-06
353,1,0,353,0.003141591361661703,0.006283182723323406,9.869596283667436e-06
354,0,0,354,0.00314159136166176,0.00628318272332352,9.869596283667792e-06
355,0,0,355,0.003141591361661547,0.006283182723323094,9.869596283666452e-06
356,0,0,356,0.003141591361661597,0.006283182723323194,9.869596283666765e-06
357,0,0,357,0.0031415913616616173,0.006283182723323235,9.869596283666896e-06
358,0,0,358,0.003141591361661745,0.00628318272332349,9.869596283667697e-06
359,0,0,359,0.0031415913616617865,0.006283182723323573,9.869596283667958e-06
360,0,0,360,0.003141591361661804,0.006283182723323608,9.869596283668066e-06
361,0,0,361,0.0031415913616617826,0.006283182723323565,9.869596283667933e-06
362,0,0,362,0.003141591361661716,0.006283182723323432,9.869596283667514e-06
363,0,0,363,0.0031415913616615826,0.006283182723323165,9.869596283666676e-06
364,0,0,364,0.003141591361661575,0.00628318272332315,9.869596283666626e-06
365,0,0,365,0.0031415913616615583,0.006283182723323117,9.869596283666523e-06
366,1,0,366,0.0031415913616615557,0.0062831827233231115,9.86959628366651e-06
367,1,0,367,0.0031415913616614686,0.006283182723322937,9.869596283665962e-06
368,1,0,368,0.003141591361661806,0.006283182723323612,9.86959628366808e-06
369,0,0,369,0.0031415913616616377,0.006283182723323275,9.869596283667023e-06
370,1,0,370,0.003141591361661833,0.006283182723323666,9.869596283668246e-06
371,0,0,371,0.003141591361661841,0.006283182723323682,9.869596283668302e-06
372,0,0,372,0.0031415913616615184,0.006283182723323037,9.869596283666274e-06
373,1,0,373,0.0031415913616618498,0.0062831827233236996,9.869596283668358e-06
374,1,0,374,0.003141591361661517,0.006283182723323034,9.869596283666266e-06
375,1,0,375,0.003141591361661741,0.006283182723323482,9.869596283667672e-06
376,0,0,376,0.003141591361661806,0.006283182723323612,9.86959628366808e-06
377,1,0,377,0.0031415913616618446,0.006283182723323689,9.869596283668324e-06
378,0,0,378,0.003141591361661756,0.006283182723323513,9.869596283667768e-06
379,0,0,379,0.003141591361661794,0.006283182723323588,9.869596283668004e-06
380,1,0,380,0.003141591361661782,0.006283182723323564,9.86959628366793e-06
381,0,0,381,0.0031415913616615744,0.006283182723323149,9.869596283666621e-06
382,0,0,382,0.0031415913616617296,0.006283182723323459,9.869596283667602e-06
383,1,0,383,0.003141591361661494,0.006283182723322988,9.869596283666122e-06
384,1,0,384,0.0031415913616615484,0.006283182723323097,9.869596283666464e-06
385,0,0,385,0.0031415913616617314,0.006283182723323463,9.86959628366761e-06
386,0,0,386,0.003141591361661805,0.00628318272332361,9.869596283668075e-06
387,0,0,387,0.0031415913616617344,0.006283182723323469,9.869596283667631e-06
388,1,0,388,0.003141591361661723,0.006283182723323446,9.869596283667562e-06
389,1,0,389,0.0031415913616617847,0.0062831827233235694,9.869596283667948e-06
390,1,0,390,0.003141591361661738,0.006283182723323476,9.869596283667651e-06
391,0,0,391,0.0031415913616615414,0.006283182723323083,9.869596283666418e-06
392,1,0,392,0.003141591361661878,0.006283182723323756,9.869596283668532e-06
393,0,0,393,0.00314159136166161,0.00628318272332322,9.869596283666852e-06
394,1,0,394,0.0031415913616617505,0.006283182723323501,9.86959628366773e-06
395,0,0,395,0.003141591361661814,0.006283182723323628,9.869596283668132e-06
396,1,0,396,0.003141591361661587,0.006283182723323174,9.869596283666708e-06
397,1,0,397,0.0031415913616615362,0.0062831827233230724,9.869596283666384e-06
398,0,0,398,0.003141591361661776,0.006283182723323552,9.86959628366789e-06
399,0,0,399,0.003141591361661607,0.006283182723323214,9.869596283666828e-06
400,0,0,400,0.0031415913616615067,0.0062831827233230135,9.869596283666201e-06
401,1,0,401,0.003141591361661767,0.006283182723323534,9.869596283667836e-06
402,0,0,402,0.003141591361661496,0.006283182723322992,9.869596283666133e-06
403,1,0,403,0.0031415913616618103,0.006283182723323621,9.869596283668107e-06
404,0,0,404,0.0031415913616617817,0.006283182723323563,9.869596283667927e-06
405,0,0,405,0.0031415913616618146,0.006283182723323629,9.869596283668134e-06
406,1,0,406,0.003141591361661615,0.006283182723323231,9.869596283666882e-06
407,0,0,407,0.003141591361661612,0.006283182723323224,9.869596283666862e-06
408,1,0,408,0.003141591361661796,0.006283182723323592,9.869596283668016e-06
409,0,0,409,0.0031415913616615176,0.006283182723323035,9.869596283666269e-06
410,1,0,410,0.003141591361661737,0.006283182723323474,9.869596283667646e-06
411,1,0,411,0.003141591361661765,0.00628318272332353,9.869596283667822e-06
412,0,0,412,0.0031415913616617713,0.0062831827233235426,9.869596283667863e-06
413,0,0,413,0.0031415913616618463,0.006283182723323693,9.869596283668334e-06
414,0,0,414,0.0031415913616614317,0.006283182723322863,9.869596283665727e-06
415,1,0,415,0.0031415913616617483,0.006283182723323497,9.869596283667717e-06
416,0,0,416,0.003141591361661794,0.006283182723323588,9.869596283668004e-06
417,1,0,417,0.003141591361661783,0.006283182723323566,9.869596283667934e-06
418,0,0,418,0.00314159136166152,0.006283182723323042,9.869596283666286e-06
419,0,0,419,0.0031415913616617357,0.0062831827233234714,9.869596283667636e-06
420,0,0,420,0.003141591361661735,0.00628318272332347,9.869596283667634e-06
421,1,0,421,0.0031415913616618637,0.006283182723323727,9.869596283668444e-06
422,1,0,422,0.0031415913616619135,0.006283182723323827,9.869596283668756e-06
423,0,0,423,0.0031415913616617704,0.006283182723323541,9.86959628366786e-06
424,0,0,424,0.003141591361661667,0.006283182723323334,9.86959628366721e-06
425,1,0,425,0.0031415913616616915,0.006283182723323383,9.869596283667358e-06
426,0,0,426,0.0031415913616614547,0.006283182723322909,9.869596283665874e-06
427,0,0,427,0.003141591361661804,0.006283182723323608,9.869596283668065e-06
428,1,0,428,0.0031415913616617388,0.0062831827233234775,9.869596283667656e-06
429,1,0,429,0.003141591361661716,0.006283182723323432,9.869596283667518e-06
430,1,0,430,0.0031415913616617947,0.006283182723323589,9.869596283668009e-06
431,1,0,431,0.0031415913616617795,0.006283182723323559,9.869596283667916e-06
432,1,0,432,0.0031415913616617947,0.006283182723323589,9.86959628366801e-06
433,0,0,433,0.003141591361661808,0.006283182723323616,9.869596283668092e-06
434,0,0,434,0.0031415913616615805,0.006283182723323161,9.86959628366666e-06
435,1,0,435,0.0031415913616618203,0.006283182723323641,9.869596283668168e-06
436,0,0,436,0.0031415913616615956,0.006283182723323191,9.869596283666757e-06
437,0,0,437,0.0031415913616617405,0.006283182723323481,9.869596283667668e-06
438,0,0,438,0.003141591361661794,0.006283182723323588,9.869596283668004e-06
439,0,0,439,0.0031415913616617843,0.006283182723323569,9.869596283667943e-06
440,1,0,440,0.003141591361661752,0.006283182723323504,9.869596283667743e-06
441,1,0,441,0.0031415913616617847,0.0062831827233235694,9.869596283667946e-06
442,0,0,442,0.0031415913616617288,0.0062831827233234576,9.869596283667594e-06
443,1,0,443,0.003141591361661561,0.006283182723323122,9.869596283666542e-06
444,1,0,444,0.0031415913616616564,0.006283182723323313,9.869596283667141e-06
445,0,0,445,0.0031415913616614625,0.006283182723322925,9.869596283665923e-06
446,1,0,446,0.003141591361661859,0.006283182723323718,9.869596283668414e-06
447,1,0,447,0.0031415913616615657,0.006283182723323131,9.86959628366657e-06
448,1,0,448,0.0031415913616614877,0.006283182723322975,9.869596283666083e-06
449,0,0,449,0.0031415913616617912,0.0062831827233235825,9.869596283667985e-06
450,0,0,450,0.0031415913616617734,0.006283182723323547,9.869596283667875e-06
451,0,0,451,0.0031415913616618077,0.006283182723323615,9.869596283668092e-06
452,1,0,452,0.003141591361661747,0.006283182723323494,9.869596283667709e-06
453,1,0,453,0.0031415913616615176,0.006283182723323035,9.869596283666266e-06
454,0,0,454,0.0031415913616618632,0.0062831827233237264,9.86959628366844e-06
455,0,0,455,0.0031415913616616134,0.006283182723323227,9.86959628366687e-06
456,1,0,456,0.0031415913616616065,0.006283182723323213,9.869596283666826e-06
457,1,0,457,0.0031415913616615917,0.0062831827233231835,9.869596283666731e-06
458,0,0,458,0.003141591361661761,0.006283182723323522,9.869596283667797e-06
459,0,0,459,0.0031415913616618073,0.0062831827233236145,9.869596283668085e-06
460,1,0,460,0.0031415913616618225,0.006283182723323645,9.869596283668185e-06
461,0,0,461,0.003141591361661588,0.006283182723323176,9.869596283666706e-06
462,1,0,462,0.003141591361661862,0.006283182723323724,9.869596283668432e-06
463,1,0,463,0.0031415913616614694,0.006283182723322939,9.869596283665964e-06
464,0,0,464,0.0031415913616617505,0.006283182723323501,9.869596283667731e-06
465,0,0,465,0.003141591361661455,0.00628318272332291,9.869596283665878e-06
466,0,0,466,0.0031415913616618055,0.006283182723323611,9.869596283668077e-06
467,0,0,467,0.0031415913616615098,0.0062831827233230195,9.869596283666216e-06
468,0,0,468,0.003141591361661926,0.006283182723323852,9.869596283668834e-06
469,1,0,469,0.0031415913616617973,0.006283182723323595,9.869596283668029e-06
470,1,0,470,0.0031415913616618194,0.00628318272332364,9.869596283668166e-06
471,1,0,471,0.0031415913616618632,0.0062831827233237264,9.869596283668439e-06
472,0,0,472,0.00314159136166174,0.00628318272332348,9.869596283667667e-06
473,1,0,473,0.003141591361661545,0.00628318272332309,9.86959628366644e-06
474,1,0,474,0.003141591361661853,0.006283182723323706,9.869596283668373e-06
475,0,0,475,0.003141591361661475,0.00628318272332295,9.869596283666e-06
476,0,0,476,0.0031415913616617917,0.006283182723323583,9.86959628366799e-06
477,0,0,477,0.0031415913616615727,0.006283182723323145,9.869596283666616e-06
478,0,0,478,0.0031415913616617943,0.0062831827233235885,9.869596283668007e-06
479,0,0,479,0.0031415913616617947,0.006283182723323589,9.86959628366801e-06
480,0,0,480,0.0031415913616617175,0.006283182723323437,9.869596283667528e-06
481,1,0,481,0.0031415913616617617,0.0062831827233235235,9.869596283667804e-06
482,1,0,482,0.003141591361661534,0.006283182723323068,9.869596283666369e-06
483,1,0,483,0.00314159136166156,0.00628318272332312,9.869596283666535e-06
484,0,0,484,0.003141591361661669,0.006283182723323338,9.86959628366722e-06
485,0,0,485,0.003141591361661714,0.006283182723323428,9.869596283667504e-06
486,1,0,486,0.003141591361661637,0.006283182723323274,9.869596283667018e-06
487,0,0,487,0.0031415913616615783,0.006283182723323157,9.869596283666652e-06
488,1,0,488,0.003141591361661615,0.00628318272332323,9.869596283666884e-06
489,1,0,489,0.003141591361661768,0.006283182723323536,9.869596283667841e-06
490,1,0,490,0.003141591361661905,0.00628318272332381,9.869596283668702e-06
491,0,0,491,0.0031415913616616438,0.0062831827233232876,9.86959628366706e-06
492,1,0,492,0.0031415913616618715,0.006283182723323743,9.86959628366849e-06
493,1,0,493,0.003141591361661865,0.00628318272332373,9.869596283668453e-06
494,1,0,494,0.0031415913616617544,0.006283182723323509,9.869596283667756e-06
495,0,0,495,0.0031415913616617795,0.006283182723323559,9.869596283667912e-06
496,1,0,496,0.0031415913616616143,0.0062831827233232294,9.869596283666879e-06
497,0,0,497,0.00314159136166178,0.00628318272332356,9.869596283667916e-06
498,1,0,498,0.0031415913616617925,0.006283182723323585,9.869596283667999e-06
499,1,0,499,0.003141591361661563,0.006283182723323126,9.869596283666557e-06
500,0,0,500,0.0031415913616616173,0.006283182723323235,9.8695962836669e-06
501,0,0,501,0.0031415913616618437,0.006283182723323687,9.86959628366832e-06
502,1,0,502,0.0031415913616617518,0.0062831827233235035,9.86959628366774e-06
503,0,0,503,0.0031415913616617496,0.006283182723323499,9.869596283667726e-06
504,1,0,504,0.0031415913616617322,0.0062831827233234645,9.86959628366762e-06
505,1,0,505,0.003141591361661565,0.00628318272332313,9.869596283666567e-06
506,1,0,506,0.003141591361661501,0.006283182723323002,9.869596283666164e-06
507,1,0,507,0.003141591361661748,0.006283182723323496,9.869596283667717e-06
508,0,0,508,0.0031415913616618203,0.006283182723323641,9.86959628366817e-06
509,0,0,509,0.0031415913616617747,0.0062831827233235495,9.869596283667882e-06
510,1,0,510,0.0031415913616615453,0.006283182723323091,9.869596283666442e-06
511,0,0,511,0.003141591361661528,0.006283182723323054,9.869596283666332e-06
512,0,0,512,0.0031415913616615852,0.006283182723323169,9.86959628366669e-06
513,1,0,513,0.003141591361661737,0.006283182723323474,9.869596283667645e-06
514,1,0,514,0.0031415913616615076,0.006283182723323015,9.869596283666205e-06
515,0,0,515,0.0031415913616617626,0.006283182723323525,9.869596283667806e-06
516,1,0,516,0.003141591361661764,0.006283182723323528,9.869596283667819e-06
517,1,0,517,0.0031415913616615705,0.006283182723323141,9.869596283666601e-06
518,1,0,518,1.9999975325994068,3.9999950651988136,9.869596283668297e-06
519,0,0,519,0.0031415913616618316,0.006283182723323663,9.86959628366824e-06
520,1,0,520,0.003141591361661511,0.006283182723323022,9.869596283666228e-06
521,0,0,521,0.003141591361661529,0.006283182723323058,9.86959628366634e-06
522,0,0,522,0.003141591361661689,0.006283182723323378,9.869596283667346e-06
523,1,0,523,0.00314159136166183,0.00628318272332366,9.869596283668229e-06
524,1,0,524,0.003141591361661581,0.006283182723323162,9.869596283666664e-06
525,1,0,525,0.0031415913616617353,0.006283182723323471,9.869596283667638e-06
526,1,0,526,0.003141591361661747,0.006283182723323494,9.869596283667707e-06
527,0,0,527,0.0031415913616617912,0.0062831827233235825,9.869596283667987e-06
528,1,0,528,0.0031415913616619226,0.006283182723323845,9.869596283668815e-06
529,0,0,529,0.003141591361661811,0.006283182723323622,9.869596283668114e-06
530,1,0,530,0.0031415913616617613,0.006283182723323523,9.869596283667797e-06
531,1,0,531,0.003141591361661789,0.006283182723323578,9.869596283667975e-06
532,0,0,532,0.0031415913616616915,0.006283182723323383,9.86959628366736e-06
533,0,0,533,0.0031415913616615154,0.006283182723323031,9.869596283666257e-06
534,0,0,534,0.0031415913616615553,0.006283182723323111,9.869596283666504e-06
535,1,0,535,0.0031415913616615948,0.0062831827233231895,9.869596283666752e-06
536,0,0,536,0.0031415913616615458,0.0062831827233230915,9.869596283666447e-06
537,0,0,537,0.003141591361661533,0.006283182723323066,9.869596283666367e-06
538,1,0,538,0.0031415913616615635,0.006283182723323127,9.869596283666557e-06
539,0,0,539,0.0031415913616618584,0.006283182723323717,9.86959628366841e-06
540,1,0,540,0.003141591361661522,0.0062831827233230456,9.8695962836663e-06
541,1,0,541,0.0031415913616617713,0.0062831827233235426,9.869596283667863e-06
542,0,0,542,0.003141591361661711,0.006283182723323422,9.869596283667482e-06
543,0,0,543,0.0031415913616618324,0.006283182723323665,9.869596283668246e-06
544,0,0,544,0.003141591361661786,0.006283182723323572,9.869596283667953e-06
545,0,0,545,0.0031415913616618524,0.006283182723323705,9.869596283668371e-06
546,0,0,546,0.0031415913616618316,0.006283182723323663,9.869596283668243e-06
547,1,0,547,0.003141591361661841,0.006283182723323682,9.869596283668302e-06
548,0,0,548,0.0031415913616617886,0.006283182723323577,9.869596283667972e-06
549,0,0,549,0.003141591361661644,0.006283182723323288,9.869596283667064e-06
550,1,0,550,0.0031415913616615328,0.0062831827233230655,9.869596283666362e-06
551,0,0,551,0.003141591361661831,0.006283182723323662,9.869596283668241e-06
552,1,0,552,0.0031415913616614877,0.006283182723322975,9.869596283666081e-06
553,1,0,553,0.003141591361661795,0.00628318272332359,9.869596283668009e-06
554,0,0,554,0.0031415913616618944,0.006283182723323788,9.869596283668634e-06
555,0,0,555,0.0031415913616615375,0.006283182723323075,9.869596283666396e-06
556,0,0,556,0.003141591361661526,0.006283182723323052,9.869596283666316e-06
557,0,0,557,0.0031415913616618272,0.0062831827233236544,9.869596283668214e-06
558,1,0,558,0.0031415913616614647,0.006283182723322929,9.869596283665937e-06
559,1,0,559,0.0031415913616616607,0.006283182723323321,9.869596283667167e-06
560,0,0,560,0.00314159136166158,0.00628318272332316,9.869596283666659e-06
561,0,0,561,0.003141591361661509,0.006283182723323018,9.869596283666215e-06
562,0,0,562,0.0031415913616616694,0.006283182723323339,9.869596283667224e-06
563,1,0,563,0.0031415913616616603,0.0062831827233233205,9.869596283667165e-06
564,1,0,564,0.0031415913616614534,0.006283182723322907,9.869596283665866e-06
565,1,0,565,0.0031415913616615913,0.006283182723323183,9.869596283666728e-06
566,0,0,566,0.003141591361661449,0.006283182723322898,9.869596283665839e-06
567,1,0,567,0.003141591361661491,0.006283182723322982,9.869596283666101e-06
568,1,0,568,0.003141591361661573,0.006283182723323146,9.869596283666618e-06
569,1,0,569,0.0031415913616617726,0.006283182723323545,9.869596283667872e-06
570,1,0,570,0.003141591361661535,0.00628318272332307,9.869596283666379e-06
571,0,0,571,0.003141591361661735,0.00628318272332347,9.869596283667633e-06
572,0,0,572,0.0031415913616615236,0.0062831827233230456,9.869596283666303e-06
573,1,0,573,0.0031415913616617396,0.006283182723323479,9.869596283667663e-06
574,1,0,574,0.0031415913616618264,0.006283182723323653,9.869596283668209e-06
575,1,0,575,0.0031415913616617635,0.006283182723323527,9.86959628366781e-06
576,0,0,576,0.0031415913616617656,0.006283182723323531,9.869596283667824e-06
577,1,0,577,0.0031415913616615336,0.006283182723323066,9.869596283666367e-06
578,1,0,578,0.0031415913616618,0.0062831827233236,9.869596283668043e-06
579,0,0,579,0.0031415913616616494,0.006283182723323299,9.869596283667097e-06
580,0,0,580,0.0031415913616617552,0.0062831827233235105,9.869596283667761e-06
581,0,0,581,0.0031415913616616195,0.006283182723323239,9.869596283666908e-06
582,0,0,582,0.0031415913616615427,0.0062831827233230855,9.869596283666425e-06
583,0,0,583,0.003141591361661739,0.006283182723323478,9.869596283667662e-06
584,1,0,584,0.003141591361661763,0.006283182723323526,9.86959628366781e-06
585,0,0,585,0.0031415913616618454,0.006283182723323691,9.869596283668326e-06
586,1,0,586,0.003141591361661807,0.006283182723323614,9.869596283668087e-06
587,0,0,587,0.003141591361661926,0.006283182723323852,9.869596283668836e-06
588,1,0,588,0.003141591361661756,0.006283182723323512,9.869596283667767e-06
589,0,0,589,0.0031415913616616394,0.006283182723323279,9.869596283667033e-06
590,0,0,590,0.00314159136166159,0.00628318272332318,9.86959628366672e-06
591,0,0,591,0.0031415913616617414,0.006283182723323483,9.869596283667673e-06
592,0,0,592,0.0031415913616617583,0.0062831827233235165,9.869596283667778e-06
593,0,0,593,0.003141591361661799,0.006283182723323598,9.869596283668034e-06
594,1,0,594,0.003141591361661833,0.006283182723323666,9.869596283668251e-06
595,1,0,595,0.0031415913616617804,0.006283182723323561,9.869596283667919e-06
596,0,0,596,0.003141591361661761,0.006283182723323522,9.869596283667799e-06
597,1,0,597,0.003141591361661545,0.00628318272332309,9.86959628366644e-06
598,1,0,598,0.0031415913616616086,0.006283182723323217,9.869596283666842e-06
599,1,0,599,0.0031415913616618476,0.006283182723323695,9.86959628366834e-06
600,1,0,600,0.0031415913616617782,0.0062831827233235564,9.869596283667907e-06
601,1,0,601,0.003141591361661667,0.006283182723323334,9.86959628366721e-06
602,1,0,602,0.0031415913616617327,0.006283182723323465,9.86959628366762e-06
603,0,0,603,0.003141591361661512,0.006283182723323024,9.869596283666232e-06
604,1,0,604,0.0031415913616615427,0.0062831827233230855,9.869596283666425e-06
605,1,0,605,0.0031415913616615683,0.006283182723323137,9.86959628366659e-06
606,1,0,606,0.003141591361661594,0.006283182723323188,9.869596283666748e-06
607,1,0,607,0.0031415913616617158,0.00628318272332343,9.86959628366751e-06
608,1,0,608,0.0031415913616617474,0.006283182723323495,9.869596283667712e-06
609,1,0,609,0.003141591361661485,0.00628318272332297,9.86959628366606e-06
610,0,0,610,0.0031415913616617518,0.0062831827233235035,9.869596283667741e-06
611,0,0,611,0.003141591361661701,0.006283182723323402,9.86959628366742e-06
612,1,0,612,0.003141591361661512,0.006283182723323024,9.869596283666233e-06
613,0,0,613,0.0031415913616615054,0.006283182723323011,9.86959628366619e-06
614,1,0,614,0.003141591361661532,0.006283182723323064,9.869596283666357e-06
615,1,0,615,0.003141591361661614,0.006283182723323228,9.869596283666872e-06
616,1,0,616,0.0031415913616615935,0.006283182723323187,9.869596283666743e-06
617,0,0,617,0.0031415913616613896,0.006283182723322779,9.869596283665466e-06
618,0,0,618,0.003141591361661554,0.006283182723323108,9.869596283666496e-06
619,0,0,619,0.0031415913616617184,0.006283182723323437,9.869596283667531e-06
620,0,0,620,0.0031415913616617513,0.006283182723323503,9.869596283667738e-06
621,0,0,621,0.0031415913616614937,0.0062831827233229874,9.86959628366612e-06
622,0,0,622,0.0031415913616615267,0.006283182723323053,9.869596283666323e-06
623,1,0,623,0.0031415913616618476,0.006283182723323695,9.86959628366834e-06
624,1,0,624,0.0031415913616618285,0.006283182723323657,9.869596283668222e-06
625,1,0,625,0.0031415913616618346,0.006283182723323669,9.86959628366826e-06
626,1,0,626,0.0031415913616617747,0.0062831827233235495,9.869596283667885e-06
627,1,0,627,0.003141591361661777,0.006283182723323554,9.869596283667899e-06
628,0,0,628,0.003141591361661855,0.00628318272332371,9.869596283668387e-06
629,1,0,629,0.003141591361661818,0.006283182723323636,9.869596283668155e-06
630,0,0,630,0.003141591361661561,0.006283182723323122,9.869596283666542e-06
631,0,0,631,0.0031415913616618493,0.006283182723323699,9.869596283668354e-06
632,1,0,632,0.003141591361661487,0.006283182723322974,9.869596283666076e-06
633,1,0,633,0.0031415913616617227,0.006283182723323445,9.869596283667558e-06
634,1,0,634,0.003141591361661805,0.00628318272332361,9.869596283668073e-06
635,0,0,635,0.0031415913616615614,0.006283182723323123,9.869596283666543e-06
636,1,0,636,0.003141591361661727,0.006283182723323454,9.869596283667587e-06
637,0,0,637,0.0031415913616616793,0.006283182723323359,9.869596283667287e-06
638,0,0,638,0.0031415913616618814,0.006283182723323763,9.869596283668553e-06
639,0,0,639,0.003141591361661779,0.006283182723323558,9.869596283667909e-06
640,1,0,640,0.0031415913616615423,0.006283182723323085,9.869596283666425e-06
641,0,0,641,0.0031415913616619023,0.0062831827233238045,9.869596283668685e-06
642,0,0,642,0.0031415913616618537,0.006283182723323707,9.869596283668378e-06
643,1,0,643,0.003141591361661649,0.006283182723323298,9.869596283667096e-06
644,0,0,644,0.003141591361661785,0.00628318272332357,9.869596283667948e-06
645,0,0,645,0.0031415913616617574,0.006283182723323515,9.869596283667773e-06
646,1,0,646,0.0031415913616618537,0.006283182723323707,9.869596283668383e-06
647,0,0,647,0.0031415913616617726,0.006283182723323545,9.86959628366787e-06
648,1,0,648,0.003141591361661575,0.00628318272332315,9.869596283666626e-06
649,0,0,649,0.0031415913616617487,0.0062831827233234975,9.869596283667719e-06
650,1,0,650,0.0031415913616618116,0.006283182723323623,9.869596283668114e-06
651,1,0,651,0.003141591361661744,0.006283182723323488,9.869596283667692e-06
652,1,0,652,0.0031415913616617288,0.0062831827233234576,9.869596283667594e-06
653,0,0,653,0.003141591361661767,0.006283182723323534,9.869596283667834e-06
654,1,0,654,0.003141591361661827,0.006283182723323654,9.86959628366821e-06
655,0,0,655,0.003141591361661529,0.006283182723323058,9.869596283666338e-06
656,0,0,656,0.003141591361661574,0.006283182723323148,9.869596283666623e-06
657,0,0,657,0.0031415913616618624,0.006283182723323725,9.869596283668436e-06
658,0,0,658,0.0031415913616615354,0.006283182723323071,9.869596283666379e-06
659,1,0,659,0.003141591361661798,0.006283182723323596,9.86959628366803e-06
660,1,0,660,0.0031415913616615323,0.006283182723323065,9.869596283666362e-06
661,1,0,661,0.0031415913616617192,0.0062831827233234385,9.869596283667533e-06
662,1,0,662,0.003141591361661461,0.006283182723322922,9.869596283665915e-06
663,0,0,663,0.003141591361661586,0.006283182723323172,9.869596283666696e-06
664,0,0,664,0.0031415913616615393,0.0062831827233230785,9.869596283666403e-06
665,0,0,665,0.0031415913616615497,0.006283182723323099,9.869596283666469e-06
666,0,0,666,0.003141591361661756,0.006283182723323512,9.869596283667765e-06
667,0,0,667,0.0031415913616617817,0.006283182723323563,9.869596283667927e-06
668,1,0,668,0.003141591361661541,0.006283182723323082,9.869596283666415e-06
669,0,0,669,0.0031415913616617847,0.0062831827233235694,9.869596283667944e-06
670,1,0,670,0.0031415913616616937,0.006283182723323387,9.869596283667375e-06
671,0,0,671,0.003141591361661791,0.006283182723323582,9.869596283667987e-06
672,1,0,672,0.0031415913616616967,0.006283182723323393,9.869596283667394e-06
673,0,0,673,0.00314159136166154,0.00628318272332308,9.86959628366641e-06
674,0,0,674,0.0031415913616615653,0.0062831827233231306,9.869596283666567e-06
675,1,0,675,0.0031415913616617487,0.0062831827233234975,9.86959628366772e-06
676,1,0,676,0.003141591361661735,0.00628318272332347,9.869596283667634e-06
677,0,0,677,0.003141591361661675,0.00628318272332335,9.869596283667258e-06
678,0,0,678,0.003141591361661537,0.006283182723323074,9.86959628366639e-06
679,0,0,679,0.003141591361661515,0.00628318272332303,9.869596283666252e-06
680,1,0,680,0.003141591361661538,0.006283182723323076,9.869596283666398e-06
681,0,0,681,0.0031415913616617067,0.006283182723323413,9.869596283667458e-06
682,0,0,682,0.003141591361661773,0.006283182723323546,9.869596283667873e-06
683,1,0,683,0.0031415913616617314,0.006283182723323463,9.869596283667612e-06
684,1,0,684,0.003141591361661758,0.006283182723323516,9.869596283667778e-06
685,0,0,685,0.0031415913616616845,0.006283182723323369,9.869596283667318e-06
686,1,0,686,0.003141591361661551,0.006283182723323102,9.869596283666479e-06
687,1,0,687,0.0031415913616617795,0.006283182723323559,9.869596283667916e-06
688,1,0,688,0.0031415913616617583,0.0062831827233235165,9.869596283667778e-06
689,0,0,689,0.0031415913616618008,0.0062831827233236015,9.86959628366805e-06
690,1,0,690,0.0031415913616618433,0.0062831827233236865,9.869596283668314e-06
691,0,0,691,0.0031415913616617613,0.006283182723323523,9.8695962836678e-06
692,0,0,692,0.0031415913616615948,0.0062831827233231895,9.869596283666754e-06
693,0,0,693,0.003141591361661686,0.006283182723323372,9.869596283667328e-06
694,1,0,694,0.0031415913616617587,0.006283182723323517,9.869596283667784e-06
695,1,0,695,0.0031415913616616342,0.0062831827233232685,9.869596283667003e-06
696,0,0,696,0.0031415913616615475,0.006283182723323095,9.869596283666457e-06
697,0,0,697,0.0031415913616617166,0.006283182723323433,9.869596283667516e-06
698,1,0,698,0.0031415913616615267,0.006283182723323053,9.869596283666327e-06
699,0,0,699,0.0031415913616617153,0.006283182723323431,9.86959628366751e-06
700,0,0,700,0.003141591361661534,0.006283182723323068,9.86959628366637e-06
701,0,0,701,0.0031415913616618277,0.006283182723323655,9.869596283668217e-06
702,1,0,702,0.003141591361661808,0.006283182723323616,9.869596283668094e-06
703,1,0,703,0.003141591361661773,0.006283182723323546,9.869596283667877e-06
704,1,0,704,0.003141591361661735,0.00628318272332347,9.869596283667631e-06
705,1,0,705,0.0031415913616616247,0.006283182723323249,9.869596283666945e-06
706,0,0,706,0.0031415913616615145,0.006283182723323029,9.86959628366625e-06
707,0,0,707,0.0031415913616617956,0.006283182723323591,9.869596283668016e-06
708,0,0,708,0.003141591361661704,0.006283182723323408,9.86959628366744e-06
709,0,0,709,0.003141591361661784,0.006283182723323568,9.86959628366794e-06
710,0,0,710,0.0031415913616615757,0.006283182723323151,9.869596283666632e-06
711,1,0,711,0.00314159136166175,0.0062831827233235,9.869596283667728e-06
712,0,0,712,0.0031415913616615067,0.0062831827233230135,9.869596283666198e-06
713,1,0,713,0.0031415913616615093,0.006283182723323019,9.869596283666216e-06
714,1,0,714,0.003141591361661743,0.006283182723323486,9.869596283667684e-06
715,1,0,715,0.003141591361661662,0.006283182723323324,9.869596283667174e-06
716,0,0,716,0.003141591361661708,0.006283182723323416,9.869596283667467e-06
717,0,0,717,0.0031415913616617977,0.0062831827233235955,9.869596283668026e-06
718,1,0,718,0.0031415913616615315,0.006283182723323063,9.869596283666357e-06
719,1,0,719,0.0031415913616615163,0.0062831827233230325,9.86959628366626e-06
720,1,0,720,0.003141591361661833,0.006283182723323666,9.86959628366825e-06
721,1,0,721,0.00314159136166148,0.00628318272332296,9.86959628366603e-06
722,1,0,722,0.0031415913616618133,0.0062831827233236276,9.869596283668129e-06
723,1,0,723,0.0031415913616618194,0.006283182723323639,9.869596283668165e-06
724,0,0,724,0.003141591361661569,0.006283182723323138,9.869596283666594e-06
725,0,0,725,0.003141591361661555,0.00628318272332311,9.869596283666504e-06
726,0,0,726,0.003141591361661606,0.006283182723323212,9.869596283666823e-06
727,0,0,727,0.003141591361661754,0.006283182723323508,9.869596283667753e-06
728,1,0,728,0.003141591361661781,0.006283182723323562,9.869596283667919e-06
729,1,0,729,0.0031415913616617895,0.006283182723323579,9.869596283667978e-06
730,1,0,730,0.0031415913616615536,0.006283182723323107,9.869596283666493e-06
731,0,0,731,0.0031415913616615688,0.0062831827233231375,9.86959628366659e-06
732,0,0,732,0.003141591361661567,0.006283182723323134,9.869596283666577e-06
733,0,0,733,0.003141591361661764,0.006283182723323528,9.869596283667816e-06
734,1,0,734,0.0031415913616614343,0.0062831827233228695,9.869596283665746e-06
735,0,0,735,0.003141591361661769,0.006283182723323538,9.869596283667851e-06
736,1,0,736,0.0031415913616615714,0.006283182723323143,9.869596283666606e-06
737,1,0,737,0.0031415913616617036,0.006283182723323407,9.869596283667438e-06
738,0,0,738,0.0031415913616617826,0.006283182723323565,9.869596283667934e-06
739,1,0,739,0.003141591361661705,0.00628318272332341,9.869596283667446e-06
740,1,0,740,0.003141591361661636,0.006283182723323272,9.869596283667014e-06
741,1,0,741,0.0031415913616617327,0.006283182723323465,9.86959628366762e-06
742,0,0,742,0.00314159136166176,0.00628318272332352,9.869596283667787e-06
743,1,0,743,0.0031415913616616178,0.0062831827233232355,9.869596283666896e-06
744,1,0,744,0.003141591361661746,0.006283182723323492,9.869596283667706e-06
745,1,0,745,0.003141591361661745,0.00628318272332349,9.869596283667694e-06
746,1,0,746,0.003141591361661783,0.006283182723323566,9.869596283667936e-06
747,0,0,747,0.0031415913616615783,0.006283182723323157,9.86959628366665e-06
748,0,0,748,0.0031415913616618216,0.006283182723323643,9.869596283668177e-06
749,1,0,749,0.0031415913616616863,0.0062831827233233726,9.86959628366733e-06
750,1,0,750,0.00314159136166182,0.00628318272332364,9.869596283668165e-06
751,1,0,751,0.0031415913616617322,0.0062831827233234645,9.869596283667617e-06
752,0,0,752,0.0031415913616615154,0.006283182723323031,9.869596283666257e-06
753,0,0,753,0.0031415913616614963,0.006283182723322993,9.869596283666135e-06
754,0,0,754,0.0031415913616618316,0.006283182723323663,9.869596283668244e-06
755,0,0,755,0.003141591361661722,0.006283182723323444,9.869596283667553e-06
756,0,0,756,0.00314159136166156,0.00628318272332312,9.869596283666533e-06
757,1,0,757,0.0031415913616617817,0.006283182723323563,9.86959628366793e-06
758,0,0,758,0.003141591361661521,0.006283182723323042,9.869596283666291e-06
759,0,0,759,0.003141591361661732,0.006283182723323464,9.869596283667614e-06
760,1,0,760,0.0031415913616617257,0.0062831827233234515,9.869596283667577e-06
761,1,0,761,0.003141591361661817,0.006283182723323634,9.869596283668153e-06
762,0,0,762,0.0031415913616615206,0.006283182723323041,9.869596283666288e-06
763,1,0,763,0.0031415913616618983,0.006283182723323797,9.869596283668661e-06
764,0,0,764,0.0031415913616618172,0.006283182723323635,9.869596283668155e-06
765,1,0,765,0.0031415913616617695,0.006283182723323539,9.86959628366785e-06
766,1,0,766,0.0031415913616616243,0.0062831827233232485,9.869596283666938e-06
767,1,0,767,0.0031415913616618008,0.0062831827233236015,9.869596283668046e-06
768,1,0,768,0.0031415913616618806,0.006283182723323761,9.86959628366855e-06
769,0,0,769,0.003141591361661812,0.006283182723323624,9.869596283668122e-06
770,0,0,770,0.0031415913616618385,0.006283182723323677,9.869596283668285e-06
771,1,0,771,0.0031415913616617648,0.0062831827233235295,9.86959628366782e-06
772,0,0,772,0.003141591361661901,0.006283182723323802,9.869596283668678e-06
773,1,0,773,0.003141591361661779,0.006283182723323558,9.869596283667912e-06
774,0,0,774,0.0031415913616615163,0.0062831827233230325,9.86959628366626e-06
775,0,0,775,0.0031415913616615566,0.006283182723323113,9.869596283666515e-06
776,0,0,776,0.0031415913616616637,0.006283182723323326,9.869596283667182e-06
777,0,0,777,0.003141591361661819,0.006283182723323638,9.869596283668161e-06
778,0,0,778,0.00314159136166166,0.00628318272332332,9.869596283667163e-06
779,0,0,779,0.003141591361661792,0.006283182723323584,9.869596283667994e-06
780,1,0,780,0.0031415913616617665,0.006283182723323532,9.869596283667831e-06
781,1,0,781,0.0031415913616616937,0.006283182723323387,9.869596283667377e-06
782,0,0,782,0.003141591361661499,0.006283182723322998,9.869596283666154e-06
783,0,0,783,0.0031415913616617266,0.006283182723323453,9.86959628366758e-06
784,0,0,784,0.0031415913616615926,0.006283182723323185,9.869596283666738e-06
785,0,0,785,0.0031415913616615857,0.006283182723323171,9.869596283666696e-06
786,0,0,786,0.003141591361661763,0.006283182723323526,9.869596283667809e-06
787,1,0,787,0.003141591361661558,0.006283182723323116,9.86959628366652e-06
788,1,0,788,0.003141591361661612,0.006283182723323224,9.869596283666862e-06
789,1,0,789,0.0031415913616617366,0.006283182723323473,9.869596283667641e-06
790,0,0,790,0.0031415913616617327,0.006283182723323465,9.86959628366762e-06
791,0,0,791,0.0031415913616618055,0.006283182723323611,9.869596283668077e-06
792,1,0,792,0.0031415913616614785,0.006283182723322957,9.869596283666023e-06
793,1,0,793,0.0031415913616618324,0.006283182723323665,9.869596283668246e-06
794,0,0,794,0.0031415913616616334,0.006283182723323267,9.869596283666994e-06
795,1,0,795,0.003141591361661737,0.006283182723323474,9.869596283667646e-06
796,0,0,796,0.003141591361661798,0.006283182723323596,9.869596283668034e-06
797,1,0,797,0.0031415913616616572,0.0062831827233233144,9.869596283667147e-06
798,1,0,798,0.003141591361661839,0.006283182723323678,9.869596283668285e-06
799,0,0,799,0.003141591361661579,0.006283182723323158,9.869596283666657e-06
800,0,0,800,0.003141591361661806,0.006283182723323612,9.869596283668078e-06
801,1,0,801,0.0031415913616617405,0.006283182723323481,9.869596283667668e-06
802,0,0,802,0.003141591361661547,0.006283182723323094,9.869596283666454e-06
803,0,0,803,0.0031415913616617734,0.006283182723323547,9.869596283667875e-06
804,0,0,804,0.003141591361661539,0.006283182723323078,9.869596283666401e-06
805,1,0,805,0.003141591361661547,0.006283182723323094,9.869596283666454e-06
806,1,0,806,0.003141591361661606,0.006283182723323212,9.869596283666821e-06
807,0,0,807,0.0031415913616618177,0.006283182723323635,9.869596283668153e-06
808,0,0,808,0.003141591361661517,0.006283182723323034,9.869596283666267e-06
809,0,0,809,0.0031415913616618498,0.0062831827233236996,9.869596283668356e-06
810,0,0,810,0.0031415913616616178,0.0062831827233232355,9.869596283666896e-06
811,0,0,811,0.0031415913616617253,0.006283182723323451,9.869596283667575e-06
812,0,0,812,0.003141591361661632,0.006283182723323264,9.869596283666987e-06
813,1,0,813,0.0031415913616615575,0.006283182723323115,9.869596283666521e-06
814,0,0,814,0.0031415913616615965,0.006283182723323193,9.869596283666762e-06
815,0,0,815,0.0031415913616618164,0.006283182723323633,9.869596283668143e-06
816,0,0,816,0.0031415913616618346,0.006283182723323669,9.86959628366826e-06
817,0,0,817,0.0031415913616616477,0.006283182723323295,9.869596283667089e-06
818,1,0,818,0.003141591361661761,0.006283182723323522,9.869596283667794e-06
819,0,0,819,0.003141591361661716,0.006283182723323432,9.869596283667518e-06
820,1,0,820,0.0031415913616617795,0.006283182723323559,9.869596283667914e-06
821,0,0,821,0.0031415913616615393,0.0062831827233230785,9.869596283666405e-06
822,1,0,822,0.0031415913616616863,0.0062831827233233726,9.869596283667326e-06
823,0,0,823,0.003141591361661884,0.006283182723323768,9.86959628366857e-06
824,1,0,824,0.0031415913616617956,0.006283182723323591,9.869596283668012e-06
825,1,0,825,0.0031415913616617145,0.006283182723323429,9.869596283667506e-06
826,0,0,826,0.003141591361661753,0.006283182723323506,9.869596283667748e-06
827,0,0,827,0.003141591361661424,0.006283182723322848,9.869596283665681e-06
828,0,0,828,0.003141591361661805,0.00628318272332361,9.869596283668073e-06
829,0,0,829,0.003141591361661738,0.006283182723323476,9.869596283667655e-06
830,0,0,830,0.0031415913616617127,0.0062831827233234255,9.869596283667494e-06
831,0,0,831,0.0031415913616617865,0.006283182723323573,9.86959628366796e-06
832,0,0,832,0.003141591361661782,0.006283182723323564,9.869596283667926e-06
833,1,0,833,0.0031415913616617487,0.0062831827233234975,9.869596283667719e-06
834,1,0,834,0.0031415913616617474,0.006283182723323495,9.869596283667714e-06
835,0,0,835,0.0031415913616615315,0.006283182723323063,9.869596283666357e-06
836,0,0,836,0.0031415913616617626,0.006283182723323525,9.869596283667807e-06
837,1,0,837,0.003141591361661515,0.00628318272332303,9.86959628366625e-06
838,1,0,838,0.0031415913616616394,0.006283182723323279,9.869596283667035e-06
839,0,0,839,0.003141591361661776,0.006283182723323552,9.869596283667892e-06
840,0,0,840,0.0031415913616617947,0.006283182723323589,9.869596283668009e-06
841,0,0,841,0.00314159136166181,0.00628318272332362,9.869596283668104e-06
842,1,0,842,0.0031415913616617795,0.006283182723323559,9.869596283667912e-06
843,0,0,843,0.003141591361661671,0.006283182723323342,9.869596283667231e-06
844,1,0,844,0.0031415913616613974,0.006283182723322795,9.869596283665513e-06
845,1,0,845,0.0031415913616615063,0.006283182723323013,9.869596283666196e-06
846,0,0,846,0.003141591361661808,0.006283182723323616,9.869596283668095e-06
847,1,0,847,0.003141591361661497,0.006283182723322994,9.869596283666137e-06
848,1,0,848,0.0031415913616618194,0.006283182723323639,9.869596283668163e-06
849,0,0,849,0.0031415913616615475,0.006283182723323095,9.869596283666457e-06
850,1,0,850,0.003141591361661805,0.00628318272332361,9.869596283668073e-06
851,1,0,851,0.0031415913616617023,0.006283182723323405,9.869596283667428e-06
852,1,0,852,0.0031415913616617804,0.006283182723323561,9.86959628366792e-06
853,1,0,853,0.0031415913616617375,0.006283182723323475,9.869596283667651e-06
854,0,0,854,0.0031415913616617453,0.006283182723323491,9.869596283667699e-06
855,0,0,855,0.003141591361661668,0.006283182723323336,9.869596283667213e-06
856,0,0,856,0.0031415913616614395,0.006283182723322879,9.86959628366578e-06
857,0,0,857,0.003141591361661531,0.006283182723323062,9.869596283666354e-06
858,1,0,858,0.0031415913616618103,0.006283182723323619,9.869596283668104e-06
859,0,0,859,0.0031415913616616767,0.0062831827233233535,9.86959628366727e-06
860,0,0,860,0.003141591361661785,0.00628318272332357,9.869596283667953e-06
861,1,0,861,0.003141591361661824,0.006283182723323648,9.869596283668195e-06
862,1,0,862,0.0031415913616615818,0.0062831827233231635,9.86959628366667e-06
863,1,0,863,0.00314159136166175,0.0062831827233235,9.86959628366773e-06
864,1,0,864,0.003141591361661716,0.006283182723323432,9.869596283667514e-06
865,1,0,865,0.0031415913616617826,0.006283182723323566,9.869596283667936e-06
866,0,0,866,0.0031415913616616668,0.0062831827233233335,9.869596283667204e-06
867,0,0,867,0.003141591361661559,0.006283182723323118,9.869596283666528e-06
868,1,0,868,0.0031415913616616624,0.006283182723323325,9.869596283667179e-06
869,1,0,869,0.0031415913616618008,0.0062831827233236015,9.869596283668048e-06
870,1,0,870,0.003141591361661729,0.006283182723323458,9.869596283667599e-06
871,1,0,871,0.0031415913616615193,0.006283182723323039,9.869596283666277e-06
872,0,0,872,0.003141591361661757,0.006283182723323514,9.86959628366777e-06
873,0,0,873,0.0031415913616618225,0.006283182723323645,9.869596283668185e-06
874,1,0,874,0.0031415913616618116,0.006283182723323623,9.869596283668117e-06
875,0,0,875,0.0031415913616617747,0.0062831827233235495,9.869596283667883e-06
876,0,0,876,0.0031415913616617357,0.0062831827233234714,9.869596283667638e-06
877,1,0,877,0.003141591361661914,0.006283182723323828,9.869596283668758e-06
878,1,0,878,0.003141591361661796,0.006283182723323592,9.869596283668017e-06
879,1,0,879,0.00314159136166157,0.00628318272332314,9.8695962836666e-06
880,0,0,880,0.0031415913616615787,0.0062831827233231574,9.869596283666654e-06
881,0,0,881,0.003141591361661845,0.00628318272332369,9.869596283668327e-06
882,0,0,882,0.003141591361661611,0.006283182723323222,9.869596283666853e-06
883,0,0,883,0.0031415913616618216,0.006283182723323643,9.869596283668178e-06
884,1,0,884,0.0031415913616615215,0.006283182723323043,9.86959628366629e-06
885,0,0,885,0.003141591361661746,0.006283182723323492,9.8695962836677e-06
886,0,0,886,0.003141591361661761,0.006283182723323522,9.869596283667797e-06
887,0,0,887,0.0031415913616616126,0.006283182723323225,9.869596283666864e-06
888,1,0,888,0.0031415913616617444,0.006283182723323489,9.869596283667694e-06
889,1,0,889,0.0031415913616616004,0.006283182723323201,9.869596283666789e-06
890,0,0,890,0.003141591361661522,0.006283182723323044,9.869596283666293e-06
891,0,0,891,0.003141591361661896,0.006283182723323792,9.869596283668646e-06
892,0,0,892,0.0031415913616617886,0.006283182723323577,9.869596283667972e-06
893,1,0,893,0.003141591361661524,0.006283182723323048,9.869596283666308e-06
894,0,0,894,0.0031415913616618606,0.006283182723323721,9.869596283668422e-06
895,0,0,895,0.0031415913616618563,0.0062831827233237126,9.869596283668398e-06
896,1,0,896,0.0031415913616616034,0.006283182723323207,9.869596283666808e-06
897,1,0,897,0.003141591361661537,0.006283182723323074,9.869596283666391e-06
898,1,0,898,0.003141591361661875,0.00628318272332375,9.869596283668515e-06
899,0,0,899,0.0031415913616617717,0.006283182723323543,9.869596283667865e-06
900,1,0,900,0.0031415913616617847,0.0062831827233235694,9.869596283667946e-06
901,0,0,901,0.0031415913616617197,0.006283182723323439,9.86959628366754e-06
902,1,0,902,0.0031415913616615857,0.006283182723323171,9.869596283666696e-06
903,0,0,903,0.0031415913616620224,0.006283182723324045,9.869596283669442e-06
904,0,0,904,0.003141591361661616,0.006283182723323232,9.869596283666889e-06
905,0,0,905,0.0031415913616617,0.0062831827233234,9.869596283667414e-06
906,0,0,906,0.003141591361661811,0.006283182723323622,9.869596283668114e-06
907,1,0,907,0.0031415913616615427,0.0062831827233230855,9.869596283666425e-06
908,0,0,908,0.0031415913616615297,0.0062831827233230594,9.869596283666344e-06
909,0,0,909,0.0031415913616617995,0.006283182723323599,9.86959628366804e-06
910,0,0,910,0.003141591361661765,0.00628318272332353,9.869596283667822e-06
911,0,0,911,0.003141591361661759,0.006283182723323518,9.869596283667787e-06
912,0,0,912,0.003141591361661595,0.00628318272332319,9.869596283666759e-06
913,1,0,913,0.0031415913616617244,0.006283182723323449,9.86959628366757e-06
914,1,0,914,0.003141591361661616,0.00628318272332323,9.869596283666886e-06
915,1,0,915,0.0031415913616618524,0.006283182723323705,9.869596283668371e-06
916,1,0,916,0.0031415913616617956,0.006283182723323591,9.869596283668017e-06
917,1,0,917,0.003141591361661855,0.00628318272332371,9.869596283668388e-06
918,1,0,918,0.0031415913616618715,0.006283182723323743,9.869596283668492e-06
919,1,0,919,0.003141591361661558,0.006283182723323116,9.86959628366652e-06
920,0,0,920,0.0031415913616618034,0.006283182723323607,9.869596283668065e-06
921,0,0,921,0.0031415913616616464,0.006283182723323293,9.869596283667077e-06
922,1,0,922,0.0031415913616615085,0.006283182723323017,9.869596283666211e-06
923,0,0,923,0.0031415913616616464,0.006283182723323293,9.869596283667077e-06
924,1,0,924,0.00314159136166144,0.00628318272332288,9.869596283665783e-06
925,1,0,925,0.003141591361661748,0.006283182723323496,9.869596283667716e-06
926,1,0,926,0.003141591361661562,0.006283182723323124,9.869596283666543e-06
927,1,0,927,0.003141591361661741,0.006283182723323482,9.869596283667672e-06
928,1,0,928,0.0031415913616618233,0.006283182723323647,9.86959628366819e-06
929,0,0,929,0.003141591361661584,0.006283182723323168,9.869596283666684e-06
930,1,0,930,0.0031415913616617388,0.0062831827233234775,9.869596283667656e-06
931,1,0,931,0.003141591361661734,0.006283182723323468,9.869596283667628e-06
932,0,0,932,0.00314159136166156,0.00628318272332312,9.869596283666535e-06
933,0,0,933,0.0031415913616618225,0.006283182723323645,9.869596283668183e-06
934,0,0,934,0.003141591361661526,0.006283182723323052,9.869596283666318e-06
935,0,0,935,0.0031415913616616546,0.006283182723323309,9.86959628366713e-06
936,0,0,936,0.003141591361661476,0.006283182723322952,9.869596283666005e-06
937,0,0,937,0.0031415913616617787,0.006283182723323557,9.869596283667907e-06
938,1,0,938,0.0031415913616615583,0.006283182723323117,9.869596283666523e-06
939,1,0,939,0.0031415913616618246,0.006283182723323649,9.869596283668199e-06
940,0,0,940,0.0031415913616615722,0.0062831827233231444,9.869596283666611e-06
941,0,0,941,0.0031415913616616004,0.006283182723323201,9.86959628366679e-06
942,1,0,942,0.0031415913616618207,0.0062831827233236414,9.869596283668171e-06
943,0,0,943,0.003141591361661814,0.006283182723323628,9.869596283668134e-06
944,1,0,944,0.0031415913616615002,0.0062831827233230005,9.86959628366616e-06
945,0,0,945,0.003141591361661742,0.006283182723323484,9.86959628366768e-06
946,0,0,946,0.003141591361661728,0.006283182723323456,9.869596283667589e-06
947,1,0,947,0.0031415913616617613,0.006283182723323523,9.869596283667797e-06
948,0,0,948,0.003141591361661796,0.006283182723323592,9.869596283668014e-06
949,1,0,949,0.003141591361661588,0.006283182723323176,9.869596283666711e-06
950,1,0,950,0.0031415913616615995,0.006283182723323199,9.869596283666782e-06
951,1,0,951,0.0031415913616615943,0.006283182723323189,9.869596283666748e-06
952,1,0,952,0.0031415913616614894,0.006283182723322978,9.869596283666091e-06
953,1,0,953,0.0031415913616617544,0.006283182723323509,9.869596283667753e-06
954,0,0,954,0.0031415913616617526,0.006283182723323505,9.869596283667743e-06
955,0,0,955,0.0031415913616617648,0.0062831827233235295,9.869596283667822e-06
956,1,0,956,0.003141591361661394,0.006283182723322788,9.86959628366549e-06
957,0,0,957,0.0031415913616616633,0.006283182723323327,9.869596283667184e-06
958,1,0,958,0.0031415913616617643,0.006283182723323529,9.86959628366782e-06
959,1,0,959,0.0031415913616617665,0.006283182723323533,9.869596283667833e-06
960,0,0,960,0.003141591361661556,0.006283182723323112,9.869596283666511e-06
961,1,0,961,0.003141591361661825,0.00628318272332365,9.869596283668202e-06
962,1,0,962,0.003141591361661776,0.006283182723323552,9.869596283667894e-06
963,1,0,963,0.0031415913616614833,0.006283182723322967,9.86959628366605e-06
964,1,0,964,0.003141591361661535,0.00628318272332307,9.869596283666379e-06
965,0,0,965,0.0031415913616617444,0.006283182723323489,9.869596283667694e-06
966,1,0,966,0.003141591361661766,0.006283182723323532,9.869596283667833e-06
967,1,0,967,0.003141591361661872,0.006283182723323744,9.869596283668493e-06
968,0,0,968,0.0031415913616615505,0.006283182723323101,9.869596283666476e-06
969,1,0,969,0.0031415913616617396,0.006283182723323479,9.869596283667663e-06
970,0,0,970,0.0031415913616617665,0.006283182723323533,9.869596283667831e-06
971,1,0,971,0.0031415913616618463,0.006283182723323693,9.86959628366833e-06
972,0,0,972,0.0031415913616615436,0.006283182723323087,9.86959628366643e-06
973,0,0,973,0.0031415913616615566,0.006283182723323115,9.869596283666516e-06
974,1,0,974,0.0031415913616616247,0.006283182723323249,9.869596283666942e-06
975,0,0,975,0.0031415913616618767,0.006283182723323753,9.869596283668524e-06
976,1,0,976,0.0031415913616616295,0.006283182723323259,9.869596283666972e-06
977,0,0,977,0.0031415913616617227,0.006283182723323445,9.869596283667558e-06
978,0,0,978,0.0031415913616617964,0.006283182723323593,9.869596283668017e-06
979,1,0,979,0.0031415913616614968,0.0062831827233229935,9.869596283666139e-06
980,0,0,980,0.003141591361661737,0.006283182723323474,9.869596283667648e-06
981,1,0,981,0.003141591361661506,0.006283182723323012,9.869596283666194e-06
982,0,0,982,0.003141591361661767,0.006283182723323534,9.869596283667838e-06
983,1,0,983,0.0031415913616615297,0.0062831827233230594,9.869596283666347e-06
984,0,0,984,0.003141591361661545,0.00628318272332309,9.86959628366644e-06
985,1,0,985,0.0031415913616617158,0.0062831827233234315,9.869596283667514e-06
986,0,0,986,0.0031415913616617518,0.0062831827233235035,9.869596283667741e-06
987,0,0,987,0.0031415913616617873,0.006283182723323575,9.869596283667966e-06
988,0,0,988,0.003141591361661572,0.006283182723323144,9.869596283666608e-06
989,0,0,989,0.0031415913616617084,0.006283182723323417,9.869596283667468e-06
990,0,0,990,0.003141591361661824,0.006283182723323648,9.869596283668195e-06
991,1,0,991,0.0031415913616618073,0.0062831827233236145,9.869596283668085e-06
992,1,0,992,0.003141591361661564,0.006283182723323128,9.86959628366656e-06
993,0,0,993,0.00314159136166177,0.00628318272332354,9.869596283667855e-06
994,0,0,994,0.0031415913616618194,0.00628318272332364,9.869596283668166e-06
995,1,0,995,0.003141591361661801,0.006283182723323602,9.869596283668048e-06
996,1,0,996,0.0031415913616617106,0.006283182723323421,9.869596283667482e-06
997,1,0,997,0.003141591361661556,0.006283182723323112,9.86959628366651e-06
998,0,0,998,0.003141591361661876,0.006283182723323752,9.86959628366852e-06
999,0,0,999,0.003141591361661805,0.00628318272332361,9.869596283668073e-06
