,Layer,Qubit,Run,2-Norm,Trace Norm,Diamond Norm
0,1,0,0,0.031414634623641496,0.06270835607761022,0.000986879268536895
1,1,0,1,0.031414634623641295,0.038797595779529015,0.000986879268536883
2,1,0,2,0.03141463462364116,0.06272341161495898,0.0009868792685368743
3,0,0,3,0.03141463462364129,0.02069510853993506,0.0009868792685368822
4,1,0,4,0.03141463462364145,0.0548647824110427,0.0009868792685368921
5,1,0,5,0.03141463462364151,0.05436106167516952,0.0009868792685368958
6,1,0,6,0.03141463462364123,0.05094669025378251,0.0009868792685368782
7,0,0,7,0.031414634623641184,0.06223499483100202,0.0009868792685368756
8,1,0,8,0.03141463462364143,0.06183148656023499,0.0009868792685368904
9,0,0,9,0.03141463462364127,0.002118427121383215,0.0009868792685368809
10,1,0,10,0.03141463462364149,0.05098343756955559,0.0009868792685368945
11,0,0,11,0.031414634623641476,0.03876714506622614,0.000986879268536894
12,1,0,12,0.03141463462364132,0.04337176240793994,0.000986879268536884
13,1,0,13,0.03141463462364136,0.0622872553239457,0.0009868792685368865
14,0,0,14,0.03141463462364151,0.041338654055827484,0.000986879268536896
15,0,0,15,0.031414634623641156,0.028526168628419057,0.0009868792685368733
16,0,0,16,0.03141463462364153,0.002216206721387448,0.0009868792685368973
17,1,0,17,0.03141463462364146,0.002130913498385123,0.0009868792685368928
18,1,0,18,0.03141463462364133,0.011667457869840026,0.0009868792685368848
19,0,0,19,0.03141463462364141,0.03640029448819426,0.00098687926853689
20,0,0,20,0.03141463462364121,0.0008896031164350449,0.0009868792685368776
21,1,0,21,0.03141463462364141,0.009129358210051786,0.0009868792685368897
22,0,0,22,0.031414634623641406,0.007052643322751573,0.0009868792685368895
23,0,0,23,0.03141463462364118,0.015504467391724952,0.0009868792685368748
24,0,0,24,0.03141463462364137,0.012013909390459432,0.0009868792685368874
25,0,0,25,0.03141463462364133,0.029001438704821414,0.0009868792685368848
26,1,0,26,1.9997532649633212,3.7107715619225354,0.0009868792685368928
27,1,0,27,0.03141463462364116,0.062378090615824125,0.0009868792685368741
28,0,0,28,0.031414634623641295,0.05311371713262236,0.0009868792685368824
29,1,0,29,0.0314146346236412,0.0470096672690149,0.0009868792685368765
30,1,0,30,0.03141463462364143,0.04930939558593006,0.0009868792685368908
31,0,0,31,0.03141463462364139,0.06278902656359223,0.0009868792685368887
32,1,0,32,0.03141463462364124,0.06279953561574017,0.0009868792685368791
33,0,0,33,0.031414634623641184,0.008226894868503809,0.000986879268536875
34,0,0,34,0.031414634623641184,0.062449604649706156,0.0009868792685368752
35,1,0,35,0.03141463462364131,0.02232192835409752,0.0009868792685368835
36,1,0,36,0.03141463462364152,0.014133815626415136,0.0009868792685368967
37,1,0,37,0.031414634623641455,0.02613613047081098,0.0009868792685368928
38,0,0,38,0.031414634623641385,0.0385936884705651,0.000986879268536888
39,0,0,39,0.031414634623641184,0.013914347215000067,0.0009868792685368754
40,0,0,40,0.031414634623641226,0.03334695598467552,0.000986879268536878
41,0,0,41,0.031414634623641524,0.06240304247341849,0.0009868792685368971
42,0,0,42,0.031414634623641295,0.06221817822948608,0.0009868792685368826
43,0,0,43,0.031414634623641476,0.027039756201781673,0.0009868792685368936
44,1,0,44,0.03141463462364113,0.059964447273110955,0.0009868792685368717
45,0,0,45,0.03141463462364147,0.038870094964100765,0.0009868792685368932
46,0,0,46,0.0314146346236412,0.05761782010014199,0.0009868792685368767
47,0,0,47,0.031414634623641274,0.03724544171716049,0.0009868792685368815
48,1,0,48,0.03141463462364146,0.020164097237573064,0.0009868792685368928
49,0,0,49,0.03141463462364116,0.0008589057736823058,0.0009868792685368746
50,1,0,50,0.03141463462364122,0.05711450560790027,0.0009868792685368778
51,0,0,51,0.03141463462364112,0.04934591613433792,0.0009868792685368717
52,1,0,52,0.031414634623641434,0.043895199712431165,0.0009868792685368915
53,1,0,53,0.03141463462364135,0.023808851605022108,0.0009868792685368858
54,0,0,54,0.031414634623641295,0.03588373257235011,0.0009868792685368824
55,0,0,55,0.031414634623641434,0.053914463196666096,0.000986879268536891
56,1,0,56,0.03141463462364145,0.03792180520995814,0.0009868792685368917
57,0,0,57,0.031414634623641385,0.051464033829721756,0.0009868792685368882
58,0,0,58,0.031414634623641476,0.0033817691573991837,0.0009868792685368936
59,1,0,59,0.031414634623641385,0.05023799058414413,0.0009868792685368882
60,1,0,60,0.031414634623641226,0.05528172311554763,0.000986879268536878
61,1,0,61,0.03141463462364121,0.03683944331554645,0.0009868792685368774
62,0,0,62,0.03141463462364136,0.05224042892706526,0.0009868792685368863
63,0,0,63,0.031414634623641344,0.030102019812009884,0.0009868792685368854
64,0,0,64,0.03141463462364126,0.06251357658052463,0.0009868792685368804
65,0,0,65,0.031414634623641274,0.018954582448125534,0.0009868792685368815
66,0,0,66,0.03141463462364137,0.054077734195165095,0.0009868792685368874
67,0,0,67,0.031414634623641476,0.032550429595844976,0.0009868792685368936
68,0,0,68,0.03141463462364139,0.020934535069414784,0.0009868792685368884
69,0,0,69,0.03141463462364112,0.05827105984790365,0.0009868792685368717
70,1,0,70,0.031414634623641455,0.020219535707919234,0.0009868792685368926
71,0,0,71,0.03141463462364146,0.007514390428266626,0.0009868792685368932
72,1,0,72,0.03141463462364116,0.06230041735601563,0.000986879268536874
73,1,0,73,0.031414634623641406,0.023268519932060583,0.0009868792685368895
74,1,0,74,0.03141463462364144,0.055415381343750514,0.000986879268536892
75,1,0,75,0.031414634623641094,0.04991271610424741,0.0009868792685368698
76,1,0,76,0.031414634623641455,0.022173292455035964,0.0009868792685368926
77,0,0,77,0.031414634623641295,0.051879422261159824,0.0009868792685368824
78,1,0,78,0.03141463462364135,0.015044259690597972,0.0009868792685368858
79,1,0,79,0.031414634623641295,0.01096209222823763,0.0009868792685368826
80,1,0,80,0.03141463462364125,0.04776579728143482,0.0009868792685368791
81,0,0,81,0.0314146346236413,0.0589554547046614,0.0009868792685368828
82,1,0,82,0.03141463462364123,0.020087464353264473,0.000986879268536879
83,0,0,83,0.031414634623641115,0.058079228781805714,0.000986879268536871
84,1,0,84,0.031414634623641406,0.06255206902073253,0.0009868792685368893
85,0,0,85,0.03141463462364117,0.0009198374302252788,0.0009868792685368743
86,1,0,86,0.031414634623641226,0.04151292534904494,0.000986879268536878
87,0,0,87,0.03141463462364105,0.03860072993354535,0.0009868792685368674
88,0,0,88,0.031414634623641455,0.045527005611710525,0.0009868792685368926
89,0,0,89,0.031414634623641455,0.0316562785112412,0.0009868792685368923
90,0,0,90,0.03141463462364121,0.05017583569860096,0.0009868792685368772
91,1,0,91,0.031414634623641295,0.05166615181604506,0.0009868792685368822
92,1,0,92,0.03141463462364154,0.04599106276890952,0.0009868792685368978
93,0,0,93,0.031414634623641226,0.006472450649681383,0.000986879268536878
94,0,0,94,0.031414634623641184,0.0007825448066285379,0.0009868792685368754
95,0,0,95,0.031414634623641184,0.019341061220003897,0.0009868792685368754
96,1,0,96,0.031414634623641365,0.04521203721539957,0.000986879268536887
97,1,0,97,0.03141463462364141,0.05526538013156895,0.0009868792685368904
98,1,0,98,0.0314146346236413,0.030265253189543095,0.0009868792685368828
99,0,0,99,0.031414634623641406,0.01167415209927336,0.0009868792685368895
100,1,0,100,0.03141463462364142,0.06282585560612522,0.0009868792685368904
101,1,0,101,0.03141463462364141,0.04177151739728391,0.0009868792685368897
102,0,0,102,0.031414634623641455,0.01349791034596326,0.0009868792685368928
103,0,0,103,0.0314146346236414,0.015130926408681411,0.000986879268536889
104,0,0,104,0.03141463462364147,0.06282529863978191,0.0009868792685368932
105,1,0,105,0.031414634623641455,0.05365313788507109,0.0009868792685368923
106,1,0,106,0.03141463462364139,0.050848204095112814,0.0009868792685368884
107,0,0,107,0.03141463462364155,0.060431139865813666,0.0009868792685368984
108,0,0,108,0.03141463462364138,0.04996983846070702,0.0009868792685368878
109,1,0,109,0.03141463462364143,0.04451547539366685,0.000986879268536891
110,0,0,110,0.031414634623641434,0.0303587531170445,0.0009868792685368913
111,1,0,111,0.031414634623641385,0.020134161326484934,0.000986879268536888
112,0,0,112,0.031414634623641254,0.06282199038839714,0.00098687926853688
113,0,0,113,0.03141463462364153,0.05715961434308897,0.0009868792685368975
114,1,0,114,0.03141463462364124,0.028566195292705432,0.000986879268536879
115,1,0,115,0.031414634623641385,0.0052594201544673425,0.0009868792685368878
116,0,0,116,0.031414634623641274,0.03432608655602143,0.000986879268536881
117,0,0,117,0.031414634623641594,0.03385312141091534,0.0009868792685369015
118,1,0,118,0.03141463462364122,0.03894850512112413,0.0009868792685368778
119,1,0,119,0.03141463462364125,0.041049603653231403,0.0009868792685368793
120,1,0,120,0.03141463462364136,0.0030098599156798134,0.0009868792685368863
121,0,0,121,0.03141463462364139,0.026053701598742207,0.0009868792685368884
122,1,0,122,0.03141463462364133,0.024250951599507298,0.0009868792685368845
123,0,0,123,0.031414634623641344,0.02753127818957224,0.000986879268536886
124,1,0,124,0.03141463462364147,0.061332891243032206,0.0009868792685368934
125,0,0,125,0.031414634623641156,0.04680637065258664,0.0009868792685368737
126,1,0,126,0.03141463462364141,0.03687265173971421,0.0009868792685368897
127,1,0,127,0.031414634623641434,0.027200727498865374,0.0009868792685368913
128,1,0,128,0.03141463462364137,0.05381039586410652,0.0009868792685368871
129,1,0,129,0.03141463462364141,0.061802469986452585,0.0009868792685368895
130,1,0,130,0.03141463462364137,0.06161958446557064,0.0009868792685368871
131,1,0,131,0.031414634623641434,0.05396144707909212,0.000986879268536891
132,1,0,132,0.03141463462364134,0.06133554581603923,0.000986879268536885
133,1,0,133,0.0314146346236412,0.0371454704901335,0.0009868792685368767
134,1,0,134,0.03141463462364113,0.0467756487158294,0.000986879268536872
135,1,0,135,0.03141463462364137,0.028974615234361734,0.0009868792685368874
136,1,0,136,0.03141463462364123,0.017798700233006226,0.0009868792685368782
137,1,0,137,0.03141463462364144,0.010667130847709538,0.0009868792685368915
138,1,0,138,0.03141463462364133,0.02838151426855884,0.0009868792685368845
139,0,0,139,0.031414634623641205,0.05442193816667673,0.0009868792685368765
140,0,0,140,0.03141463462364136,0.03319990488557911,0.0009868792685368867
141,1,0,141,0.031414634623641365,0.04699160354483123,0.0009868792685368867
142,1,0,142,0.03141463462364147,0.03615431525116353,0.0009868792685368934
143,1,0,143,0.03141463462364137,0.06282243645125163,0.0009868792685368874
144,1,0,144,0.03141463462364132,0.05123690676202086,0.0009868792685368843
145,0,0,145,0.03141463462364153,0.029553301744572824,0.000986879268536897
146,0,0,146,0.031414634623641476,0.010414558460143164,0.0009868792685368939
147,0,0,147,0.03141463462364128,0.00023425083439310157,0.0009868792685368822
148,0,0,148,0.03141463462364111,0.023150884066281963,0.0009868792685368704
149,0,0,149,0.031414634623641136,0.053358732457877034,0.0009868792685368722
150,0,0,150,0.03141463462364139,0.011151653642211379,0.0009868792685368882
151,0,0,151,0.0314146346236413,0.03954771742422336,0.0009868792685368828
152,0,0,152,0.031414634623641476,0.004185642592711369,0.0009868792685368936
153,0,0,153,0.03141463462364135,0.05499505460304022,0.000986879268536886
154,1,0,154,0.03141463462364136,0.05226838741176565,0.0009868792685368865
155,0,0,155,0.03141463462364149,0.03256519660940127,0.000986879268536895
156,1,0,156,0.03141463462364116,0.01567378131376418,0.000986879268536874
157,0,0,157,0.03141463462364122,0.021299519969481095,0.0009868792685368778
158,1,0,158,0.03141463462364115,0.02117236366614872,0.0009868792685368735
159,1,0,159,0.03141463462364128,0.0343902523113675,0.0009868792685368815
160,0,0,160,0.03141463462364124,0.013955123099147593,0.000986879268536879
161,1,0,161,0.031414634623641406,0.009428775195767791,0.000986879268536889
162,0,0,162,0.031414634623641455,0.03228133791653642,0.0009868792685368928
163,1,0,163,0.03141463462364149,0.04368487980336144,0.0009868792685368947
164,0,0,164,0.0314146346236414,0.020584169235303484,0.0009868792685368887
165,0,0,165,0.03141463462364145,0.05530661834250605,0.0009868792685368921
166,1,0,166,0.03141463462364141,0.00630058051504212,0.0009868792685368897
167,0,0,167,0.03141463462364143,0.06258250444919886,0.0009868792685368908
168,1,0,168,0.03141463462364148,0.051269859863044,0.000986879268536894
169,1,0,169,0.03141463462364115,0.05037567561965006,0.000986879268536873
170,1,0,170,0.031414634623641205,0.034167343873512945,0.0009868792685368765
171,0,0,171,0.03141463462364115,0.05711054473686383,0.000986879268536873
172,0,0,172,0.0314146346236414,0.016131663695878373,0.0009868792685368893
173,1,0,173,0.03141463462364139,0.0011570381012184772,0.0009868792685368882
174,0,0,174,0.03141463462364145,0.06039160732908594,0.0009868792685368923
175,1,0,175,0.031414634623641406,0.013486863562301,0.000986879268536889
176,1,0,176,0.03141463462364117,0.03855823197460362,0.0009868792685368746
177,0,0,177,0.03141463462364147,0.043000326668800826,0.0009868792685368934
178,1,0,178,0.03141463462364141,0.02430318990573266,0.0009868792685368904
179,1,0,179,0.031414634623641274,0.06279595783738556,0.0009868792685368813
180,1,0,180,0.03141463462364123,0.0610928831356152,0.000986879268536879
181,1,0,181,0.031414634623641496,0.06170779323885586,0.0009868792685368952
182,1,0,182,0.03141463462364149,0.05087846101051896,0.0009868792685368947
183,0,0,183,0.03141463462364121,0.014951265047318918,0.0009868792685368772
184,1,0,184,0.03141463462364122,0.046024808488756896,0.000986879268536878
185,0,0,185,0.03141463462364152,0.04135966943713987,0.0009868792685368965
186,1,0,186,0.031414634623641184,0.041834321919658635,0.0009868792685368754
187,1,0,187,0.03141463462364145,0.05103077797178324,0.0009868792685368917
188,0,0,188,0.03141463462364132,0.0604516989831399,0.000986879268536884
189,1,0,189,0.031414634623641385,0.029827877481263254,0.000986879268536888
190,0,0,190,0.03141463462364137,0.017078756401581963,0.0009868792685368878
191,0,0,191,0.03141463462364123,0.06169706745185871,0.0009868792685368785
192,1,0,192,0.03141463462364137,0.055955510586060075,0.000986879268536887
193,1,0,193,0.0314146346236412,0.06266398309241777,0.0009868792685368763
194,1,0,194,0.031414634623641254,0.058362185622742035,0.00098687926853688
195,0,0,195,0.03141463462364153,0.015618110223084458,0.0009868792685368971
196,1,0,196,0.03141463462364123,0.004562514045020727,0.0009868792685368787
197,0,0,197,0.03141463462364145,0.062313062499765495,0.0009868792685368921
198,1,0,198,1.9997532649633212,2.7156353609135344,0.0009868792685368874
199,1,0,199,0.031414634623641316,0.05509268676303447,0.0009868792685368839
200,0,0,200,0.031414634623641455,0.014136175064432432,0.0009868792685368928
201,0,0,201,0.031414634623641274,0.04410446863191497,0.0009868792685368813
202,1,0,202,0.03141463462364136,0.03997657646428998,0.0009868792685368863
203,0,0,203,0.03141463462364138,0.04542536894812654,0.0009868792685368876
204,0,0,204,0.031414634623641406,0.030639961906565594,0.0009868792685368897
205,1,0,205,0.03141463462364144,0.04918975163973616,0.0009868792685368915
206,1,0,206,0.03141463462364141,0.05121552882547342,0.0009868792685368897
207,1,0,207,0.03141463462364149,0.06254515480272249,0.000986879268536895
208,1,0,208,0.03141463462364129,0.06194088036601694,0.0009868792685368824
209,0,0,209,0.03141463462364123,0.06236958963643405,0.0009868792685368787
210,1,0,210,0.03141463462364117,0.060219405285947825,0.0009868792685368746
211,1,0,211,0.031414634623641295,0.052537218002786545,0.0009868792685368826
212,0,0,212,0.03141463462364117,0.05654814140396908,0.000986879268536875
213,1,0,213,0.03141463462364143,0.05671230249061604,0.0009868792685368906
214,0,0,214,0.03141463462364134,0.06107016022538675,0.0009868792685368848
215,0,0,215,0.03141463462364146,0.05215742461410311,0.000986879268536893
216,1,0,216,0.03141463462364135,0.016306818273674528,0.0009868792685368863
217,1,0,217,0.03141463462364125,0.014640457986820121,0.0009868792685368793
218,1,0,218,0.031414634623641385,0.02221410880389607,0.000986879268536888
219,1,0,219,0.031414634623641136,0.008974408200701833,0.0009868792685368726
220,0,0,220,0.03141463462364147,0.04596566718488382,0.000986879268536893
221,1,0,221,0.031414634623641476,0.05754726369448704,0.0009868792685368936
222,1,0,222,0.031414634623641524,0.06098199539374055,0.0009868792685368971
223,1,0,223,0.031414634623641406,0.04788059647583154,0.0009868792685368893
224,0,0,224,0.03141463462364114,0.062255705906989325,0.000986879268536873
225,0,0,225,0.031414634623641385,0.06274507645403203,0.0009868792685368882
226,1,0,226,0.031414634623641406,0.06272727913081427,0.0009868792685368897
227,1,0,227,0.031414634623641226,0.05982642513910913,0.0009868792685368778
228,1,0,228,0.031414634623641205,0.029989321360510468,0.0009868792685368767
229,0,0,229,0.03141463462364134,0.05075951462561623,0.000986879268536885
230,1,0,230,0.03141463462364138,0.022678067569022797,0.0009868792685368878
231,0,0,231,0.031414634623641406,0.06268730517702045,0.0009868792685368895
232,1,0,232,0.03141463462364162,0.04746249200753361,0.0009868792685369028
233,1,0,233,0.031414634623641205,0.042578980668760424,0.0009868792685368765
234,1,0,234,0.03141463462364119,0.03032640090478922,0.0009868792685368756
235,1,0,235,0.03141463462364141,0.05984352573831225,0.0009868792685368902
236,0,0,236,0.03141463462364141,0.06033029625187364,0.0009868792685368897
237,1,0,237,0.0314146346236414,0.0011177990293378404,0.0009868792685368887
238,1,0,238,0.03141463462364141,0.019468361690047287,0.0009868792685368895
239,0,0,239,0.03141463462364145,0.007696424642814725,0.0009868792685368921
240,0,0,240,0.031414634623641406,0.045669559270011595,0.0009868792685368893
241,1,0,241,0.03141463462364115,0.05663053464575518,0.0009868792685368733
242,0,0,242,0.031414634623641184,0.05583674083655166,0.0009868792685368756
243,0,0,243,0.0314146346236412,0.06275386391154776,0.000986879268536876
244,1,0,244,0.03141463462364139,0.022111755569401703,0.0009868792685368889
245,1,0,245,0.031414634623641226,0.05751583475620847,0.000986879268536878
246,0,0,246,0.03141463462364131,0.05308694123891322,0.0009868792685368832
247,1,0,247,0.0314146346236414,0.03306118261748825,0.000986879268536889
248,1,0,248,0.03141463462364122,0.021772603977652016,0.0009868792685368776
249,0,0,249,0.031414634623641455,0.06239797187609855,0.0009868792685368921
250,0,0,250,0.03141463462364125,0.059144326654777535,0.0009868792685368793
251,0,0,251,0.03141463462364143,0.05815641453738046,0.0009868792685368906
252,0,0,252,0.031414634623641316,0.021872693741840754,0.0009868792685368839
253,1,0,253,0.031414634623641434,0.056612646365722996,0.0009868792685368915
254,1,0,254,0.031414634623641385,0.060113690863618174,0.000986879268536888
255,0,0,255,0.03141463462364118,0.05686436711647169,0.0009868792685368748
256,0,0,256,0.031414634623641385,0.014922301718024,0.0009868792685368878
257,1,0,257,0.031414634623641254,0.05465272234477325,0.00098687926853688
258,1,0,258,0.03141463462364137,0.05287590361652139,0.0009868792685368871
259,0,0,259,0.03141463462364141,0.05459741228247822,0.0009868792685368897
260,0,0,260,0.03141463462364152,0.04303974611444639,0.0009868792685368965
261,1,0,261,0.03141463462364139,0.060432142616084206,0.0009868792685368884
262,0,0,262,0.031414634623641476,0.018475146004501952,0.0009868792685368939
263,0,0,263,0.0314146346236412,0.019517274969457765,0.0009868792685368763
264,1,0,264,0.03141463462364139,0.05046907478941731,0.0009868792685368882
265,0,0,265,0.0314146346236412,0.05676591546503951,0.0009868792685368763
266,1,0,266,0.031414634623641385,0.055863334781636076,0.000986879268536888
267,1,0,267,0.031414634623641205,0.03433397385171655,0.0009868792685368767
268,0,0,268,0.03141463462364141,0.038743966561399557,0.00098687926853689
269,0,0,269,0.03141463462364148,0.05418119634451629,0.000986879268536894
270,1,0,270,0.03141463462364143,0.015951084611005695,0.0009868792685368908
271,1,0,271,0.03141463462364119,0.04641981403630413,0.0009868792685368759
272,1,0,272,0.03141463462364119,0.0028474587569186083,0.000986879268536876
273,0,0,273,0.03141463462364137,0.02158512988037775,0.0009868792685368871
274,1,0,274,0.031414634623641344,0.05418943415425376,0.0009868792685368852
275,1,0,275,0.031414634623641205,0.05617680870802666,0.0009868792685368767
276,0,0,276,0.03141463462364141,0.03404139390008054,0.0009868792685368897
277,0,0,277,0.031414634623641344,0.05391022931242562,0.0009868792685368854
278,1,0,278,0.031414634623641455,0.062108973364313286,0.0009868792685368926
279,1,0,279,0.031414634623641476,0.05633960083052003,0.0009868792685368936
280,0,0,280,0.0314146346236414,0.05966331346582432,0.0009868792685368889
281,1,0,281,0.03141463462364119,0.05029965772457645,0.0009868792685368759
282,1,0,282,0.031414634623641434,0.06260858804074425,0.000986879268536891
283,1,0,283,0.03141463462364145,0.06233942834947398,0.000986879268536892
284,0,0,284,0.03141463462364135,0.05574607379558788,0.0009868792685368863
285,1,0,285,0.03141463462364146,0.06040437500078488,0.0009868792685368928
286,1,0,286,0.03141463462364137,0.050541325861024555,0.0009868792685368871
287,1,0,287,0.0314146346236414,0.020286859905326082,0.0009868792685368889
288,0,0,288,1.9997532649633212,0.6419152685330729,0.0009868792685368906
289,1,0,289,0.03141463462364126,0.03213870071545488,0.0009868792685368802
290,1,0,290,0.0314146346236414,0.04658184252834463,0.0009868792685368889
291,0,0,291,0.03141463462364144,0.024498186356350038,0.000986879268536892
292,1,0,292,0.03141463462364138,0.03541070762048437,0.0009868792685368876
293,0,0,293,0.03141463462364137,0.05431224475485125,0.0009868792685368876
294,1,0,294,0.031414634623641385,0.028225924327612284,0.0009868792685368878
295,0,0,295,0.03141463462364144,0.058005865919209976,0.0009868792685368913
296,1,0,296,0.03141463462364124,0.06256152145556396,0.0009868792685368787
297,0,0,297,0.03141463462364138,0.06068986954568853,0.0009868792685368876
298,0,0,298,0.03141463462364154,0.03249734064185583,0.0009868792685368978
299,1,0,299,0.03141463462364126,0.058936253599741584,0.00098687926853688
300,1,0,300,0.031414634623641295,0.004752638803452447,0.0009868792685368826
301,1,0,301,0.03141463462364137,0.016610817658650356,0.0009868792685368876
302,1,0,302,0.03141463462364144,0.05832354605489959,0.0009868792685368915
303,0,0,303,0.03141463462364144,0.04208494182758171,0.0009868792685368913
304,0,0,304,0.031414634623641434,0.06212273789250228,0.0009868792685368913
305,1,0,305,0.0314146346236414,0.017500244845859214,0.0009868792685368889
306,0,0,306,0.031414634623641455,0.004981116770270799,0.0009868792685368928
307,1,0,307,0.03141463462364139,0.003053120633476958,0.0009868792685368884
308,0,0,308,0.03141463462364135,0.013459440821498747,0.000986879268536886
309,0,0,309,0.031414634623641524,0.062218965112706595,0.0009868792685368967
310,1,0,310,0.031414634623641365,0.03587886177381516,0.000986879268536887
311,0,0,311,0.03141463462364139,0.030050106104475116,0.0009868792685368884
312,1,0,312,0.03141463462364117,0.014201641673088128,0.0009868792685368746
313,0,0,313,0.031414634623641295,0.05984991386003019,0.0009868792685368824
314,0,0,314,0.03141463462364147,0.06251115356439067,0.0009868792685368932
315,0,0,315,0.031414634623641385,0.05325683726848207,0.0009868792685368882
316,0,0,316,0.03141463462364115,0.04767796769692734,0.0009868792685368733
317,0,0,317,0.03141463462364146,0.060714152486984946,0.0009868792685368928
318,0,0,318,0.031414634623641385,0.05785639400281145,0.0009868792685368887
319,0,0,319,0.03141463462364148,0.047540824257833125,0.0009868792685368943
320,0,0,320,0.03141463462364143,0.016115153726363296,0.0009868792685368904
321,0,0,321,0.03141463462364151,0.05588421526845855,0.0009868792685368958
322,1,0,322,0.03141463462364144,0.018773293783616807,0.0009868792685368917
323,1,0,323,0.03141463462364117,0.06274815582494289,0.0009868792685368746
324,0,0,324,0.03141463462364123,0.05060380400327835,0.0009868792685368782
325,1,0,325,0.03141463462364123,0.0613322193968478,0.0009868792685368785
326,1,0,326,0.03141463462364148,0.05985669373403668,0.0009868792685368943
327,0,0,327,0.031414634623641406,0.018091184637137547,0.0009868792685368893
328,0,0,328,0.031414634623641226,0.036100740942279885,0.0009868792685368782
329,1,0,329,0.03141463462364113,0.06130324324512709,0.000986879268536872
330,0,0,330,0.03141463462364156,0.04767039127191175,0.0009868792685368993
331,1,0,331,0.0314146346236414,0.00989846506875347,0.0009868792685368893
332,1,0,332,0.03141463462364136,0.016525039884869752,0.0009868792685368865
333,0,0,333,0.03141463462364145,0.06005176131540774,0.000986879268536892
334,1,0,334,0.031414634623641406,0.04048589515586776,0.0009868792685368893
335,1,0,335,0.0314146346236414,0.006729843416895642,0.000986879268536889
336,1,0,336,0.031414634623641434,0.03505214465718631,0.0009868792685368913
337,0,0,337,0.03141463462364138,0.06070372254486159,0.0009868792685368876
338,0,0,338,0.03141463462364145,0.028630474142082085,0.0009868792685368917
339,0,0,339,0.03141463462364125,0.042253330147625445,0.000986879268536879
340,1,0,340,0.031414634623641226,0.060315907818172476,0.0009868792685368785
341,1,0,341,0.03141463462364139,0.06043929888031707,0.0009868792685368889
342,0,0,342,0.031414634623641365,0.03420039703844324,0.0009868792685368865
343,1,0,343,0.03141463462364138,0.06282920743423585,0.000986879268536888
344,0,0,344,0.03141463462364146,0.05429114986386857,0.000986879268536893
345,0,0,345,0.031414634623641136,0.024782429117915283,0.0009868792685368717
346,1,0,346,0.031414634623641226,0.03244309129716294,0.0009868792685368782
347,0,0,347,0.03141463462364118,0.00038329813894355524,0.0009868792685368748
348,0,0,348,0.03141463462364112,0.06142529737921354,0.0009868792685368717
349,0,0,349,0.03141463462364132,0.01413808885403367,0.0009868792685368839
350,1,0,350,0.031414634623641205,0.04882756356333939,0.000986879268536877
351,1,0,351,0.03141463462364125,0.06022701227893096,0.0009868792685368793
352,1,0,352,0.031414634623641455,0.0031664274990946817,0.0009868792685368926
353,0,0,353,0.03141463462364111,0.06205088811480883,0.000986879268536871
354,1,0,354,0.0314146346236413,0.023344257952881087,0.000986879268536883
355,1,0,355,0.031414634623641455,0.05540646598294935,0.0009868792685368926
356,0,0,356,1.9997532649633214,3.2729581778770322,0.0009868792685368926
357,0,0,357,0.03141463462364111,0.0007411186846608686,0.0009868792685368707
358,0,0,358,0.03141463462364121,0.033024936533232685,0.0009868792685368774
359,1,0,359,0.031414634623641434,0.042472092015674034,0.0009868792685368917
360,0,0,360,0.031414634623641205,0.06163231848512854,0.0009868792685368767
361,1,0,361,0.03141463462364156,0.022807523879140423,0.0009868792685368993
362,1,0,362,0.03141463462364143,0.05715072649495645,0.0009868792685368904
363,1,0,363,0.03141463462364142,0.042298523822827394,0.0009868792685368897
364,0,0,364,0.03141463462364139,0.06224002960449106,0.0009868792685368884
365,0,0,365,0.03141463462364136,0.012996983394951478,0.0009868792685368863
366,1,0,366,0.031414634623641184,0.04795209667821709,0.0009868792685368756
367,0,0,367,0.03141463462364142,0.03293328305044119,0.0009868792685368904
368,1,0,368,0.03141463462364122,0.003051492135308864,0.000986879268536878
369,1,0,369,0.03141463462364148,0.006195015538002169,0.0009868792685368945
370,1,0,370,0.03141463462364148,0.06035369924678524,0.000986879268536894
371,0,0,371,0.03141463462364139,0.03449960353192316,0.0009868792685368887
372,0,0,372,0.031414634623641226,0.005411673997677391,0.000986879268536878
373,1,0,373,0.03141463462364116,0.0022490319375998435,0.0009868792685368743
374,1,0,374,0.031414634623641566,0.06275038743242323,0.0009868792685368993
375,0,0,375,0.031414634623641066,0.06254127997612641,0.000986879268536868
376,1,0,376,0.03141463462364147,0.028004221189920075,0.000986879268536893
377,1,0,377,0.031414634623641476,0.0564290203376126,0.0009868792685368939
378,1,0,378,0.03141463462364144,0.0014455429934379094,0.000986879268536892
379,1,0,379,0.03141463462364139,0.0508314716861763,0.0009868792685368887
380,0,0,380,0.031414634623641455,0.03738892047395759,0.0009868792685368923
381,1,0,381,0.03141463462364119,0.06273603982307324,0.000986879268536876
382,1,0,382,0.0314146346236414,0.06135171628652239,0.000986879268536889
383,1,0,383,0.03141463462364118,0.06263510300465565,0.000986879268536875
384,1,0,384,0.03141463462364134,0.04233943717434663,0.000986879268536885
385,0,0,385,0.03141463462364125,0.024263385276032667,0.0009868792685368793
386,1,0,386,0.031414634623641406,0.009243142837963236,0.0009868792685368893
387,0,0,387,0.03141463462364132,0.016951214151077254,0.000986879268536884
388,0,0,388,0.03141463462364141,0.058056768700379346,0.0009868792685368902
389,0,0,389,0.03141463462364136,0.0025049390812708072,0.0009868792685368856
390,1,0,390,0.03141463462364118,0.017762223925847698,0.0009868792685368748
391,0,0,391,0.03141463462364142,0.04035352785102597,0.0009868792685368897
392,1,0,392,0.03141463462364136,0.04328033725213343,0.0009868792685368863
393,1,0,393,0.0314146346236412,0.007576202603735593,0.0009868792685368763
394,1,0,394,0.03141463462364124,0.05090523756196841,0.000986879268536879
395,0,0,395,0.03141463462364156,0.05868941129169103,0.0009868792685368988
396,0,0,396,0.03141463462364126,0.04358600943191826,0.00098687926853688
397,1,0,397,0.03141463462364139,0.05334890880722032,0.0009868792685368884
398,0,0,398,0.03141463462364141,0.03547521709837942,0.0009868792685368902
399,0,0,399,0.03141463462364147,0.01768518825636467,0.0009868792685368932
400,1,0,400,0.03141463462364125,0.005882325740117822,0.00098687926853688
401,1,0,401,0.0314146346236412,0.012291177640320394,0.0009868792685368763
402,0,0,402,0.0314146346236412,0.021774033459324382,0.0009868792685368763
403,0,0,403,0.03141463462364144,0.05752665776728233,0.0009868792685368917
404,1,0,404,0.03141463462364144,0.051868099371769505,0.000986879268536892
405,1,0,405,0.03141463462364123,0.061823523428539945,0.0009868792685368787
406,0,0,406,0.03141463462364135,0.054749955105287795,0.000986879268536886
407,1,0,407,0.03141463462364133,0.05107022586095478,0.0009868792685368848
408,0,0,408,0.031414634623641226,0.006574562947802121,0.0009868792685368778
409,0,0,409,0.031414634623641434,0.05201289782210794,0.0009868792685368913
410,0,0,410,0.031414634623641205,0.021618238836493386,0.0009868792685368767
411,0,0,411,0.03141463462364115,0.02668881886654706,0.000986879268536873
412,1,0,412,0.03141463462364124,0.019206187430874877,0.000986879268536879
413,1,0,413,0.03141463462364143,0.015141594410417514,0.0009868792685368906
414,1,0,414,0.031414634623641365,0.03918635494868383,0.0009868792685368867
415,1,0,415,0.031414634623641455,0.029171374902856262,0.0009868792685368926
416,0,0,416,0.0314146346236412,0.009080917900120222,0.000986879268536876
417,1,0,417,0.03141463462364125,0.06177004197056671,0.0009868792685368793
418,0,0,418,0.03141463462364126,0.03249022948221392,0.00098687926853688
419,0,0,419,0.031414634623641385,0.01939013555786251,0.0009868792685368884
420,1,0,420,0.03141463462364135,0.051230450773998126,0.0009868792685368856
421,0,0,421,0.03141463462364143,0.06211012964089718,0.0009868792685368908
422,1,0,422,0.031414634623641385,0.003980429018564102,0.0009868792685368882
423,1,0,423,0.03141463462364126,0.0327779935000192,0.0009868792685368802
424,0,0,424,0.03141463462364138,0.06282337158939666,0.0009868792685368876
425,1,0,425,0.03141463462364145,0.05331556850561958,0.0009868792685368923
426,1,0,426,0.03141463462364123,0.06006176591203366,0.000986879268536879
427,1,0,427,0.03141463462364143,0.044505662715084826,0.0009868792685368908
428,0,0,428,0.03141463462364122,0.033775731124352726,0.0009868792685368776
429,0,0,429,0.03141463462364148,0.019179372824624563,0.0009868792685368945
430,1,0,430,0.031414634623641434,0.017080658701916884,0.000986879268536891
431,1,0,431,0.03141463462364122,0.058785398051750704,0.0009868792685368774
432,0,0,432,0.03141463462364116,0.06219983273072663,0.0009868792685368743
433,1,0,433,0.03141463462364154,0.03545073611587535,0.0009868792685368978
434,1,0,434,0.031414634623641385,0.06273624866903293,0.000986879268536888
435,0,0,435,0.0314146346236414,0.01649720201958149,0.0009868792685368887
436,1,0,436,0.031414634623641344,0.0034779948445022857,0.0009868792685368854
437,1,0,437,0.03141463462364118,0.002817986008895712,0.0009868792685368752
438,0,0,438,0.03141463462364156,0.034449294996728,0.000986879268536899
439,1,0,439,0.031414634623641295,0.04203892261413755,0.0009868792685368824
440,0,0,440,0.03141463462364114,0.01848667962983508,0.000986879268536873
441,1,0,441,0.031414634623641156,0.06096403578682549,0.0009868792685368737
442,0,0,442,0.03141463462364125,0.01514906649670611,0.0009868792685368793
443,0,0,443,0.0314146346236412,0.06267381403098785,0.0009868792685368765
444,0,0,444,0.031414634623641476,0.014808316374491315,0.0009868792685368939
445,1,0,445,0.03141463462364116,0.03555311281868789,0.000986879268536874
446,0,0,446,0.03141463462364135,0.016017621777445923,0.0009868792685368863
447,0,0,447,0.03141463462364128,0.052149317292369934,0.0009868792685368813
448,1,0,448,0.03141463462364143,0.002208623424175382,0.0009868792685368906
449,1,0,449,0.03141463462364153,0.06278464071286366,0.0009868792685368973
450,0,0,450,0.031414634623641136,0.009817058978858872,0.0009868792685368724
451,1,0,451,0.0314146346236414,0.06120783809919883,0.000986879268536889
452,0,0,452,0.0314146346236414,0.057780044654592244,0.000986879268536889
453,1,0,453,0.03141463462364124,0.009331059772966999,0.0009868792685368793
454,1,0,454,0.03141463462364125,0.03592315449339745,0.0009868792685368793
455,0,0,455,0.03141463462364115,0.05786439627452916,0.0009868792685368735
456,0,0,456,0.03141463462364118,0.017811363260663793,0.0009868792685368752
457,1,0,457,0.031414634623641434,0.029918527837988096,0.000986879268536891
458,1,0,458,0.03141463462364137,0.060676252818797405,0.0009868792685368871
459,0,0,459,0.031414634623641254,0.05250527519707149,0.00098687926853688
460,1,0,460,0.03141463462364129,0.00658364740010331,0.000986879268536882
461,1,0,461,0.03141463462364141,0.060591662310483324,0.00098687926853689
462,0,0,462,0.031414634623641254,0.020568178683518124,0.0009868792685368802
463,0,0,463,0.031414634623641455,0.05192842425693023,0.000986879268536893
464,1,0,464,0.031414634623641594,0.059559434427689184,0.0009868792685369012
465,0,0,465,0.03141463462364118,0.03949767037885232,0.000986879268536875
466,1,0,466,1.9997532649633214,3.605205078611195,0.0009868792685368934
467,1,0,467,0.03141463462364141,0.0278954622258224,0.0009868792685368897
468,0,0,468,0.03141463462364119,0.052153156152708546,0.0009868792685368759
469,1,0,469,0.031414634623641226,0.05516921945149539,0.000986879268536878
470,0,0,470,0.031414634623641344,0.0019509501351584468,0.0009868792685368856
471,0,0,471,0.031414634623641365,0.057323395800230215,0.000986879268536887
472,0,0,472,0.03141463462364125,0.004265584320411353,0.0009868792685368791
473,0,0,473,0.03141463462364142,0.030380306451870065,0.0009868792685368904
474,1,0,474,0.03141463462364128,0.05348458805817413,0.000986879268536882
475,1,0,475,0.031414634623641406,0.02847598853847777,0.0009868792685368897
476,1,0,476,0.03141463462364139,0.059187441297048116,0.0009868792685368887
477,1,0,477,0.03141463462364144,0.03345748957057537,0.0009868792685368915
478,0,0,478,0.03141463462364127,0.03430454480133582,0.0009868792685368806
479,0,0,479,0.0314146346236414,0.06219033074573843,0.000986879268536889
480,0,0,480,0.031414634623641184,0.053139445625315695,0.0009868792685368759
481,0,0,481,0.03141463462364137,0.060546111130859004,0.000986879268536887
482,1,0,482,0.03141463462364129,0.062201244926964466,0.000986879268536882
483,1,0,483,0.03141463462364124,0.04394601385015917,0.0009868792685368791
484,0,0,484,0.031414634623641365,0.04479747363952136,0.000986879268536887
485,1,0,485,0.03141463462364116,0.05433915497559749,0.0009868792685368743
486,0,0,486,0.03141463462364124,0.054727729061639696,0.0009868792685368793
487,1,0,487,0.03141463462364144,0.05985549101827564,0.000986879268536892
488,1,0,488,0.03141463462364147,0.04873138858970494,0.0009868792685368932
489,0,0,489,0.03141463462364125,0.011337231472503317,0.000986879268536879
490,1,0,490,0.031414634623641434,0.06281435994878506,0.000986879268536891
491,1,0,491,0.03141463462364137,0.046141691095978765,0.0009868792685368871
492,0,0,492,0.03141463462364125,0.03498101962377531,0.0009868792685368798
493,1,0,493,0.03141463462364136,0.0024307148629778563,0.0009868792685368863
494,0,0,494,0.03141463462364125,0.02786360641677066,0.0009868792685368793
495,0,0,495,0.031414634623641455,0.049881053645861595,0.0009868792685368926
496,1,0,496,0.0314146346236414,0.028385281426160036,0.0009868792685368893
497,0,0,497,0.031414634623641295,0.005079051879100738,0.0009868792685368826
498,0,0,498,0.03141463462364143,0.05261084824360529,0.0009868792685368908
499,1,0,499,0.03141463462364146,0.0075844285638394515,0.0009868792685368928
500,0,0,500,0.03141463462364115,0.025591266422221537,0.0009868792685368735
501,1,0,501,0.03141463462364123,0.008842453927942806,0.0009868792685368785
502,1,0,502,0.03141463462364139,0.06135751477825105,0.0009868792685368884
503,0,0,503,0.03141463462364114,0.05704768541029659,0.0009868792685368728
504,0,0,504,0.031414634623641496,0.04359955278790251,0.0009868792685368952
505,1,0,505,0.03141463462364119,0.015346295801558107,0.0009868792685368754
506,0,0,506,0.03141463462364143,0.014964269983576473,0.0009868792685368908
507,1,0,507,0.03141463462364144,0.0033592124965506898,0.0009868792685368917
508,0,0,508,0.03141463462364142,0.02197838457857848,0.0009868792685368904
509,1,0,509,0.031414634623641205,0.06058742151405597,0.0009868792685368765
510,0,0,510,0.03141463462364124,0.03052137823432388,0.0009868792685368793
511,1,0,511,0.031414634623641406,0.05890665280014279,0.0009868792685368893
512,1,0,512,0.03141463462364114,0.02652930735196768,0.0009868792685368728
513,1,0,513,0.0314146346236414,0.04310213903412419,0.000986879268536889
514,1,0,514,0.03141463462364124,0.06059595453863387,0.0009868792685368791
515,1,0,515,0.03141463462364123,0.060183594869818835,0.000986879268536878
516,1,0,516,0.031414634623641274,0.04925575059522902,0.000986879268536881
517,0,0,517,0.03141463462364141,0.05636770820892234,0.0009868792685368895
518,0,0,518,0.03141463462364147,0.05330099827787538,0.0009868792685368928
519,1,0,519,0.03141463462364137,0.043332883343337736,0.0009868792685368871
520,0,0,520,0.031414634623641455,0.06100202852059844,0.0009868792685368923
521,0,0,521,0.03141463462364149,0.045959502011359565,0.0009868792685368947
522,1,0,522,0.03141463462364141,0.04439250874787548,0.0009868792685368897
523,1,0,523,0.031414634623641316,0.04855808266606698,0.0009868792685368837
524,1,0,524,0.03141463462364148,0.035698755085766254,0.000986879268536894
525,1,0,525,0.03141463462364123,0.0459786432365491,0.0009868792685368785
526,0,0,526,0.03141463462364136,0.05554467435936605,0.0009868792685368863
527,1,0,527,0.03141463462364121,0.015522060114767977,0.000986879268536877
528,1,0,528,0.03141463462364141,0.01356993546178431,0.0009868792685368895
529,0,0,529,0.03141463462364141,0.06242779044970137,0.0009868792685368897
530,1,0,530,0.03141463462364138,0.010758376176486006,0.0009868792685368878
531,1,0,531,0.03141463462364116,0.04068436381548324,0.000986879268536874
532,1,0,532,0.03141463462364115,0.034571383444747195,0.0009868792685368735
533,1,0,533,0.031414634623641406,0.032273899927255933,0.000986879268536889
534,0,0,534,0.03141463462364144,0.0018328672933460854,0.0009868792685368917
535,0,0,535,0.03141463462364144,0.003613331728429592,0.0009868792685368913
536,1,0,536,0.03141463462364122,0.0619768203420582,0.0009868792685368772
537,1,0,537,0.03141463462364148,0.03848168251430706,0.0009868792685368943
538,0,0,538,0.031414634623641226,0.01826133671865149,0.000986879268536878
539,1,0,539,0.031414634623641316,0.0024700478350352384,0.0009868792685368839
540,1,0,540,0.031414634623641385,0.04424532047557417,0.000986879268536888
541,0,0,541,0.03141463462364126,0.03616186176183733,0.0009868792685368804
542,0,0,542,0.03141463462364136,0.06091235763251596,0.000986879268536886
543,1,0,543,0.031414634623641184,0.06239942340971484,0.0009868792685368752
544,1,0,544,0.03141463462364139,0.06280924255538417,0.0009868792685368884
545,0,0,545,0.03141463462364141,0.03174525623400237,0.0009868792685368897
546,0,0,546,0.03141463462364125,0.04798039913008678,0.0009868792685368793
547,1,0,547,0.03141463462364124,0.06183681310710698,0.0009868792685368787
548,0,0,548,0.03141463462364129,0.04649228686437856,0.000986879268536882
549,1,0,549,0.03141463462364139,0.06211165582134237,0.0009868792685368884
550,0,0,550,0.03141463462364146,0.030160277634742938,0.0009868792685368928
551,1,0,551,0.03141463462364139,0.03406111571777992,0.0009868792685368884
552,1,0,552,0.031414634623641344,0.05064988851115637,0.0009868792685368854
553,0,0,553,0.03141463462364145,0.014341400419014327,0.000986879268536892
554,1,0,554,0.031414634623641136,0.056197486797762985,0.0009868792685368726
555,0,0,555,0.03141463462364146,0.06034720532423865,0.0009868792685368928
556,0,0,556,0.03141463462364142,0.05935863168066746,0.0009868792685368906
557,0,0,557,0.03141463462364151,0.009754688082629581,0.0009868792685368958
558,0,0,558,0.03141463462364142,0.0617011170860175,0.00098687926853689
559,1,0,559,1.9997532649633216,1.624502485736913,0.0009868792685368934
560,1,0,560,0.03141463462364145,0.00031439070495065113,0.0009868792685368923
561,0,0,561,0.031414634623641205,0.04252734683673487,0.000986879268536877
562,0,0,562,0.03141463462364154,0.04410300039689863,0.000986879268536898
563,0,0,563,0.03141463462364117,0.06247458079567868,0.0009868792685368743
564,0,0,564,0.031414634623641365,0.03684285788146413,0.0009868792685368865
565,0,0,565,0.03141463462364126,0.005156754076722891,0.0009868792685368809
566,1,0,566,0.0314146346236414,0.053628504646370256,0.0009868792685368889
567,1,0,567,0.031414634623641385,0.06274402883469382,0.0009868792685368882
568,0,0,568,0.03141463462364147,0.036130063270789714,0.0009868792685368939
569,1,0,569,0.03141463462364141,0.03504769908731942,0.0009868792685368895
570,0,0,570,0.03141463462364138,0.011844505770852942,0.0009868792685368876
571,0,0,571,0.03141463462364145,0.0026947313747164303,0.0009868792685368923
572,1,0,572,0.03141463462364127,0.034074052075813155,0.000986879268536881
573,1,0,573,0.031414634623641316,0.04317471290185315,0.0009868792685368837
574,0,0,574,0.03141463462364131,0.03284697427622929,0.000986879268536883
575,1,0,575,0.03141463462364141,0.04429835199752774,0.0009868792685368902
576,1,0,576,0.03141463462364127,0.03487694387825169,0.0009868792685368813
577,0,0,577,0.031414634623641205,0.05424348410775354,0.0009868792685368765
578,1,0,578,0.031414634623641365,0.06230337584545881,0.0009868792685368867
579,1,0,579,0.03141463462364147,0.046475021557228935,0.000986879268536893
580,0,0,580,0.03141463462364135,0.06071150911277154,0.0009868792685368858
581,0,0,581,0.03141463462364141,0.007013568949947202,0.00098687926853689
582,0,0,582,0.03141463462364139,0.01869071242186582,0.0009868792685368884
583,0,0,583,0.031414634623641455,0.0020391390438500023,0.0009868792685368923
584,0,0,584,0.031414634623641455,0.06152007307379412,0.0009868792685368923
585,0,0,585,0.03141463462364116,0.055461408530478484,0.0009868792685368743
586,0,0,586,0.03141463462364131,0.04895241447056886,0.0009868792685368832
587,1,0,587,0.03141463462364136,0.025758184637351356,0.0009868792685368863
588,0,0,588,0.03141463462364157,0.04538590981565793,0.0009868792685368997
589,1,0,589,0.031414634623641406,0.022414808103196848,0.0009868792685368893
590,0,0,590,0.031414634623641316,0.0500573052713742,0.0009868792685368835
591,1,0,591,0.031414634623641365,0.011051482717343242,0.000986879268536887
592,1,0,592,0.03141463462364142,0.05699433967131873,0.00098687926853689
593,1,0,593,0.03141463462364125,0.014552869657167622,0.0009868792685368795
594,0,0,594,0.031414634623641295,0.05405417714896282,0.0009868792685368822
595,0,0,595,0.031414634623641184,0.0617538107846376,0.0009868792685368754
596,0,0,596,0.03141463462364143,0.06247217620185708,0.0009868792685368908
597,1,0,597,0.03141463462364117,0.03224227003665092,0.0009868792685368743
598,0,0,598,0.03141463462364123,0.019366029669059315,0.0009868792685368787
599,0,0,599,0.03141463462364121,0.02039248651818526,0.0009868792685368772
600,1,0,600,0.03141463462364118,0.06218334718472346,0.0009868792685368748
601,0,0,601,0.031414634623641406,0.0304550530573775,0.0009868792685368893
602,0,0,602,0.03141463462364141,0.023765059976979197,0.0009868792685368897
603,1,0,603,0.031414634623641476,0.037266774366863875,0.0009868792685368936
604,1,0,604,0.03141463462364148,0.047150311717930715,0.0009868792685368945
605,1,0,605,0.03141463462364138,0.06230763221773318,0.0009868792685368878
606,1,0,606,0.0314146346236414,0.056071074115641606,0.0009868792685368893
607,0,0,607,0.03141463462364122,0.05958967888969263,0.0009868792685368776
608,1,0,608,0.03141463462364149,0.05191230816425407,0.0009868792685368947
609,0,0,609,0.031414634623641406,0.058206424073465546,0.0009868792685368893
610,0,0,610,0.03141463462364142,0.03491062435451808,0.0009868792685368904
611,0,0,611,0.03141463462364143,0.06279803482968278,0.0009868792685368913
612,1,0,612,0.031414634623641385,0.0382137834563987,0.000986879268536888
613,0,0,613,0.0314146346236414,0.06228767136704516,0.0009868792685368889
614,1,0,614,0.03141463462364139,0.011154990468610682,0.0009868792685368887
615,0,0,615,0.0314146346236414,0.006134411148891905,0.0009868792685368889
616,0,0,616,0.03141463462364121,0.019088978346852414,0.0009868792685368774
617,1,0,617,0.03141463462364122,0.02194047191705284,0.0009868792685368776
618,1,0,618,0.03141463462364124,0.058198360477889066,0.0009868792685368791
619,0,0,619,0.03141463462364116,0.008832350822473134,0.0009868792685368746
620,1,0,620,0.03141463462364126,0.034949892293716145,0.0009868792685368804
621,0,0,621,0.03141463462364123,0.005509254713477296,0.0009868792685368782
622,1,0,622,0.03141463462364121,0.05888716317581488,0.0009868792685368772
623,1,0,623,0.03141463462364111,0.06066452784928508,0.0009868792685368707
624,0,0,624,0.03141463462364122,0.008230327660773584,0.0009868792685368776
625,0,0,625,0.031414634623641365,0.05977452517413473,0.0009868792685368867
626,0,0,626,0.0314146346236413,0.04701025403096182,0.0009868792685368828
627,0,0,627,0.031414634623641524,0.03247836432074325,0.0009868792685368967
628,0,0,628,0.03141463462364137,0.03318738157992107,0.0009868792685368867
629,0,0,629,0.03141463462364118,0.019470391791422514,0.0009868792685368748
630,1,0,630,0.03141463462364122,0.03280774268036102,0.0009868792685368776
631,1,0,631,0.03141463462364136,0.015333422806044439,0.0009868792685368858
632,1,0,632,0.031414634623641226,0.04631976975707852,0.000986879268536878
633,1,0,633,0.03141463462364144,0.04102708314495773,0.0009868792685368915
634,0,0,634,0.03141463462364115,0.02560332505758023,0.000986879268536873
635,1,0,635,0.03141463462364143,0.026206614444976073,0.0009868792685368908
636,0,0,636,0.03141463462364122,0.013955299495343576,0.0009868792685368776
637,1,0,637,0.03141463462364125,0.06124030513414816,0.0009868792685368793
638,1,0,638,0.0314146346236413,0.010798734411476718,0.0009868792685368828
639,1,0,639,0.03141463462364147,0.0052929681065320144,0.0009868792685368934
640,0,0,640,0.031414634623641496,0.04477949269449166,0.0009868792685368952
641,0,0,641,0.03141463462364137,0.06276571110980846,0.0009868792685368874
642,1,0,642,0.03141463462364111,0.02510559665860801,0.0009868792685368704
643,0,0,643,0.031414634623641184,0.030520880010105778,0.0009868792685368752
644,1,0,644,0.03141463462364148,0.054405324845560044,0.0009868792685368943
645,1,0,645,0.031414634623641385,0.04565296850001954,0.0009868792685368878
646,0,0,646,0.03141463462364119,0.028136918870328653,0.0009868792685368756
647,0,0,647,0.03141463462364144,0.016268909212833305,0.0009868792685368915
648,0,0,648,0.031414634623641066,0.017447912307725133,0.0009868792685368683
649,1,0,649,0.031414634623641295,0.05360466595527835,0.0009868792685368828
650,0,0,650,0.03141463462364145,0.041125691065365455,0.000986879268536892
651,0,0,651,0.03141463462364141,0.0240402122999277,0.0009868792685368897
652,1,0,652,0.0314146346236413,0.03438986187536286,0.000986879268536883
653,0,0,653,0.03141463462364132,0.028856855908029777,0.000986879268536884
654,0,0,654,0.031414634623641455,0.028405519969689652,0.0009868792685368921
655,0,0,655,0.031414634623641434,0.06279767692259242,0.000986879268536891
656,1,0,656,0.031414634623641205,0.055012138745503925,0.0009868792685368765
657,1,0,657,0.03141463462364132,0.0023202377954310016,0.000986879268536884
658,1,0,658,0.03141463462364142,0.03534907567758294,0.0009868792685368908
659,1,0,659,0.03141463462364141,0.05229296497138036,0.00098687926853689
660,1,0,660,0.031414634623641455,0.052858272285466024,0.0009868792685368923
661,1,0,661,0.03141463462364133,0.0228240853441648,0.0009868792685368845
662,0,0,662,0.03141463462364136,0.06220394682462982,0.0009868792685368863
663,0,0,663,0.03141463462364128,0.05091926812007852,0.0009868792685368813
664,0,0,664,0.031414634623641406,0.0614012015640939,0.0009868792685368893
665,1,0,665,0.03141463462364145,0.026867891317719717,0.000986879268536892
666,1,0,666,0.03141463462364135,0.062079075379588455,0.0009868792685368858
667,1,0,667,0.03141463462364126,0.02778131317010679,0.0009868792685368804
668,1,0,668,0.031414634623641184,0.05849196274457508,0.0009868792685368754
669,1,0,669,0.031414634623641295,0.021915639079417182,0.0009868792685368828
670,0,0,670,0.03141463462364142,0.04091342783865781,0.0009868792685368904
671,0,0,671,0.0314146346236412,0.05908202868082402,0.0009868792685368763
672,0,0,672,1.9997532649633212,3.273370070642962,0.0009868792685369004
673,1,0,673,0.03141463462364137,0.05787864787588676,0.0009868792685368876
674,0,0,674,0.031414634623641094,0.0005451090883359377,0.0009868792685368698
675,0,0,675,0.03141463462364139,0.06003662011481936,0.0009868792685368887
676,1,0,676,0.03141463462364148,0.06077681765224735,0.0009868792685368943
677,1,0,677,0.03141463462364119,0.04534314101330028,0.0009868792685368759
678,1,0,678,0.03141463462364143,0.013401847486848029,0.0009868792685368906
679,1,0,679,0.03141463462364136,0.06280986945862213,0.0009868792685368865
680,1,0,680,0.0314146346236414,0.012958319774544202,0.0009868792685368889
681,0,0,681,0.03141463462364172,0.040723088003336905,0.000986879268536909
682,1,0,682,0.03141463462364143,0.015351193894123538,0.0009868792685368908
683,1,0,683,0.03141463462364137,0.06237005861949968,0.0009868792685368874
684,0,0,684,0.03141463462364135,0.059466050149191596,0.0009868792685368863
685,0,0,685,0.031414634623641455,0.03731229610446041,0.0009868792685368926
686,0,0,686,0.0314146346236415,0.04943512767626068,0.0009868792685368956
687,0,0,687,0.031414634623641316,0.013463986138149586,0.0009868792685368837
688,0,0,688,0.03141463462364148,0.014250288647532527,0.000986879268536894
689,1,0,689,0.031414634623641316,0.05437697540727965,0.0009868792685368837
690,1,0,690,0.03141463462364127,0.05253966436412105,0.000986879268536881
691,0,0,691,0.03141463462364144,0.015411915502273166,0.0009868792685368915
692,1,0,692,0.03141463462364129,0.053246354628496695,0.000986879268536882
693,1,0,693,0.031414634623641115,0.06209078587897521,0.000986879268536871
694,1,0,694,0.03141463462364145,0.03478615498071391,0.0009868792685368921
695,0,0,695,0.031414634623641254,0.030707819283211202,0.0009868792685368798
696,1,0,696,0.0314146346236414,0.045974306887115124,0.0009868792685368893
697,1,0,697,0.03141463462364154,0.02925451029671078,0.0009868792685368978
698,0,0,698,0.031414634623641344,0.027041801968157753,0.0009868792685368854
699,0,0,699,0.031414634623641455,0.04363543188933816,0.0009868792685368926
700,1,0,700,0.031414634623641434,0.010785046047262936,0.000986879268536891
701,1,0,701,0.03141463462364142,0.017302245719824527,0.0009868792685368902
702,0,0,702,0.031414634623641406,0.05635714858909724,0.0009868792685368893
703,1,0,703,0.03141463462364127,0.05565963389928613,0.0009868792685368806
704,0,0,704,0.03141463462364148,0.0628007529386602,0.0009868792685368943
705,1,0,705,0.031414634623641385,0.027450110682454953,0.000986879268536888
706,0,0,706,0.03141463462364116,0.030701334416893156,0.0009868792685368741
707,1,0,707,0.0314146346236414,0.05497785308806563,0.000986879268536889
708,1,0,708,0.03141463462364144,0.04250011723112401,0.0009868792685368917
709,1,0,709,0.03141463462364118,0.0593179438828802,0.0009868792685368748
710,1,0,710,0.031414634623641434,0.06138036381344303,0.000986879268536891
711,1,0,711,0.03141463462364144,0.040159051902238785,0.0009868792685368915
712,1,0,712,0.03141463462364138,0.05847081514008379,0.0009868792685368874
713,1,0,713,0.031414634623641406,0.06156205821982538,0.0009868792685368893
714,0,0,714,0.031414634623641365,0.02713234614747828,0.000986879268536887
715,0,0,715,0.031414634623641385,0.0620547619201805,0.000986879268536888
716,0,0,716,0.03141463462364143,0.059113346874511585,0.0009868792685368906
717,1,0,717,0.03141463462364129,0.06271993968628148,0.0009868792685368817
718,1,0,718,0.03141463462364145,0.01099292252245887,0.000986879268536892
719,0,0,719,0.03141463462364117,0.06218998682631424,0.0009868792685368748
720,0,0,720,0.03141463462364138,0.0029389886797919207,0.0009868792685368874
721,0,0,721,0.03141463462364141,0.008662768969280532,0.00098687926853689
722,0,0,722,0.03141463462364132,0.05285652990128775,0.0009868792685368843
723,1,0,723,0.03141463462364143,0.02918639017492841,0.0009868792685368904
724,1,0,724,0.031414634623641434,0.00749057316881363,0.000986879268536891
725,1,0,725,0.03141463462364149,0.03965124590128577,0.0009868792685368945
726,1,0,726,0.03141463462364144,0.009776119039896836,0.000986879268536892
727,0,0,727,0.0314146346236414,0.03720180776737392,0.0009868792685368887
728,0,0,728,0.03141463462364136,0.056583190869994526,0.000986879268536886
729,0,0,729,0.03141463462364143,0.030446831454096546,0.0009868792685368902
730,1,0,730,0.03141463462364122,0.055899490577577704,0.0009868792685368778
731,1,0,731,0.03141463462364135,0.0623887163959336,0.0009868792685368858
732,0,0,732,0.0314146346236414,0.06265460883723348,0.0009868792685368889
733,1,0,733,1.9997532649633212,2.84941054553736,0.000986879268536914
734,1,0,734,0.031414634623641385,0.01840613020908255,0.0009868792685368882
735,1,0,735,0.03141463462364136,0.04132327840232941,0.0009868792685368865
736,1,0,736,0.03141463462364131,0.016111882864980775,0.0009868792685368835
737,1,0,737,0.03141463462364123,0.01625098404608749,0.000986879268536879
738,1,0,738,0.031414634623641274,0.0489366120832353,0.000986879268536881
739,0,0,739,0.03141463462364142,0.06059295057707986,0.0009868792685368904
740,1,0,740,0.031414634623641406,0.04560078624614128,0.0009868792685368893
741,1,0,741,0.031414634623641406,0.06072525968534134,0.0009868792685368897
742,1,0,742,0.03141463462364138,0.03968911673119335,0.0009868792685368876
743,1,0,743,0.03141463462364143,0.06252610934229082,0.0009868792685368906
744,1,0,744,0.031414634623641115,0.030541073555562015,0.000986879268536871
745,0,0,745,0.03141463462364147,0.04180337408836521,0.0009868792685368932
746,0,0,746,0.03141463462364143,0.013020909642518896,0.0009868792685368908
747,1,0,747,0.03141463462364119,0.006632139830456518,0.0009868792685368763
748,1,0,748,0.031414634623641156,0.023518297562117985,0.0009868792685368737
749,1,0,749,0.031414634623641434,0.0011679560101144348,0.0009868792685368917
750,0,0,750,0.031414634623641434,0.009870549314405452,0.0009868792685368915
751,0,0,751,0.031414634623641184,0.050191124066305104,0.0009868792685368754
752,1,0,752,0.03141463462364136,0.04493895660319658,0.0009868792685368863
753,0,0,753,0.0314146346236414,0.004864759814505737,0.0009868792685368889
754,1,0,754,0.031414634623641156,0.047160839244884345,0.0009868792685368735
755,0,0,755,0.03141463462364122,0.05462130444497776,0.0009868792685368774
756,0,0,756,0.03141463462364137,0.04455864248881314,0.0009868792685368871
757,0,0,757,0.03141463462364135,0.043177800892698515,0.0009868792685368863
758,0,0,758,0.03141463462364114,0.0533744049935998,0.000986879268536873
759,0,0,759,0.031414634623641205,0.043747285066123576,0.0009868792685368765
760,1,0,760,0.03141463462364123,0.060798093306098255,0.0009868792685368787
761,1,0,761,0.0314146346236414,0.010339987988671862,0.0009868792685368887
762,1,0,762,0.031414634623641385,0.02695379335747128,0.0009868792685368887
763,0,0,763,0.03141463462364141,0.009622471015850564,0.00098687926853689
764,1,0,764,0.031414634623641274,0.014993033097323694,0.0009868792685368815
765,0,0,765,0.03141463462364142,0.058675721010814696,0.0009868792685368906
766,0,0,766,0.03141463462364143,0.04622712236862059,0.0009868792685368906
767,0,0,767,0.0314146346236413,0.060299902053004895,0.0009868792685368828
768,0,0,768,0.03141463462364133,0.06190201232417877,0.0009868792685368845
769,1,0,769,0.03141463462364139,0.05486801558267984,0.0009868792685368884
770,1,0,770,0.03141463462364127,0.06275717614952186,0.0009868792685368804
771,1,0,771,0.031414634623641254,0.0613049357835376,0.00098687926853688
772,1,0,772,0.03141463462364147,0.05383958588566595,0.0009868792685368932
773,1,0,773,0.031414634623641385,0.03957414275062476,0.0009868792685368878
774,0,0,774,0.03141463462364135,0.05900634252198611,0.0009868792685368856
775,1,0,775,0.03141463462364143,0.025250396350585902,0.0009868792685368908
776,0,0,776,0.0314146346236414,0.056738092070289126,0.0009868792685368889
777,0,0,777,0.03141463462364141,0.061779518884208406,0.0009868792685368897
778,0,0,778,0.031414634623641274,0.05843621159268497,0.000986879268536881
779,1,0,779,0.03141463462364143,0.02865700320953113,0.0009868792685368906
780,1,0,780,0.03141463462364146,0.061528117723528036,0.000986879268536893
781,1,0,781,0.03141463462364115,0.00564414246533218,0.0009868792685368735
782,1,0,782,0.031414634623641344,0.005894443973260222,0.0009868792685368856
783,0,0,783,0.03141463462364138,0.024483116699854035,0.0009868792685368878
784,1,0,784,0.03141463462364133,0.04957735348431358,0.0009868792685368845
785,0,0,785,0.0314146346236415,0.03583875062916153,0.0009868792685368958
786,0,0,786,0.03141463462364129,0.00788414015920158,0.0009868792685368817
787,1,0,787,0.031414634623641434,0.01935751232806071,0.000986879268536891
788,0,0,788,0.03141463462364135,0.018594730484421396,0.0009868792685368863
789,1,0,789,0.03141463462364124,0.0560108127060836,0.000986879268536879
790,1,0,790,0.03141463462364108,0.009298255617020912,0.0009868792685368694
791,1,0,791,0.03141463462364118,0.06084905806978402,0.000986879268536875
792,1,0,792,0.03141463462364146,0.03284748107778923,0.000986879268536893
793,1,0,793,0.03141463462364146,0.05984863407566021,0.0009868792685368928
794,1,0,794,0.03141463462364139,0.009522903180487097,0.0009868792685368887
795,0,0,795,0.03141463462364138,0.050644402297291835,0.0009868792685368876
796,1,0,796,0.031414634623641156,0.032813930509848266,0.0009868792685368737
797,1,0,797,0.0314146346236414,0.05835384010208844,0.0009868792685368889
798,0,0,798,0.03141463462364139,0.05687097321507478,0.0009868792685368887
799,0,0,799,0.03141463462364118,0.05678626998812558,0.0009868792685368752
800,0,0,800,0.03141463462364115,0.05955529524497044,0.0009868792685368735
801,0,0,801,0.03141463462364149,0.0003828904386923293,0.0009868792685368947
802,0,0,802,0.03141463462364136,0.010307190524553755,0.0009868792685368863
803,1,0,803,0.03141463462364139,0.04443141263543826,0.0009868792685368884
804,1,0,804,0.031414634623641184,0.062463510115172816,0.0009868792685368756
805,1,0,805,0.03141463462364144,0.043988819254699774,0.0009868792685368917
806,0,0,806,0.03141463462364116,0.051733592091091185,0.0009868792685368748
807,0,0,807,0.031414634623641385,0.02055413143131235,0.000986879268536888
808,0,0,808,0.03141463462364118,0.03573199793981996,0.0009868792685368752
809,1,0,809,0.03141463462364125,0.04780949890391262,0.0009868792685368793
810,1,0,810,0.03141463462364144,0.06080330393372513,0.0009868792685368917
811,1,0,811,0.03141463462364121,0.000949125209718793,0.0009868792685368774
812,1,0,812,0.03141463462364137,0.062220942606819596,0.0009868792685368874
813,1,0,813,0.03141463462364145,0.06193358836148413,0.000986879268536892
814,0,0,814,0.03141463462364138,0.06265952912517844,0.0009868792685368876
815,1,0,815,0.03141463462364145,0.0008824290906661592,0.0009868792685368923
816,1,0,816,0.03141463462364143,0.02324818212201407,0.000986879268536891
817,1,0,817,0.03141463462364135,0.0618958762075556,0.000986879268536886
818,0,0,818,0.031414634623641476,0.010995014185489205,0.0009868792685368939
819,1,0,819,0.03141463462364142,0.059782823545776465,0.0009868792685368902
820,0,0,820,0.031414634623641385,0.0076664581384012775,0.0009868792685368882
821,0,0,821,0.03141463462364121,0.0595228222963568,0.0009868792685368776
822,1,0,822,0.03141463462364143,0.04851515862617062,0.0009868792685368908
823,0,0,823,0.03141463462364139,0.0407261631862168,0.0009868792685368887
824,1,0,824,0.031414634623641156,0.055549363010910735,0.0009868792685368737
825,1,0,825,0.031414634623641254,0.05476511546624352,0.0009868792685368798
826,0,0,826,0.03141463462364137,0.05899008438459097,0.0009868792685368871
827,0,0,827,0.03141463462364138,0.035785598119111306,0.0009868792685368878
828,1,0,828,0.03141463462364144,0.020850984845895204,0.000986879268536892
829,0,0,829,0.03141463462364136,0.029430780115943356,0.0009868792685368865
830,0,0,830,0.031414634623641455,0.052661973941974916,0.0009868792685368923
831,0,0,831,0.03141463462364142,0.02590086242787215,0.00098687926853689
832,1,0,832,0.03141463462364144,0.06060821815897663,0.0009868792685368917
833,1,0,833,0.03141463462364123,0.060964429084936295,0.0009868792685368787
834,1,0,834,0.03141463462364142,0.057838871013088156,0.0009868792685368902
835,0,0,835,0.03141463462364116,0.02279658405964402,0.000986879268536874
836,1,0,836,0.03141463462364119,0.009462127762465578,0.0009868792685368763
837,1,0,837,0.03141463462364119,0.01601686086905607,0.000986879268536876
838,1,0,838,0.031414634623641156,0.05957804530612398,0.0009868792685368735
839,1,0,839,0.03141463462364145,0.0627473470264017,0.0009868792685368921
840,1,0,840,0.03141463462364127,0.021515123040340756,0.0009868792685368809
841,1,0,841,0.03141463462364139,0.05516118393120267,0.0009868792685368882
842,1,0,842,0.03141463462364148,0.02981826892369921,0.0009868792685368939
843,0,0,843,0.03141463462364122,0.05627134157029334,0.0009868792685368776
844,0,0,844,0.03141463462364119,0.06157695642841737,0.000986879268536876
845,1,0,845,0.031414634623641455,0.05704730467423891,0.0009868792685368926
846,0,0,846,0.03141463462364118,0.055041004337105126,0.0009868792685368752
847,0,0,847,0.03141463462364132,0.0578545358391957,0.0009868792685368843
848,1,0,848,0.031414634623641226,0.06046400131029994,0.000986879268536878
849,1,0,849,0.031414634623641524,0.05535505889702391,0.0009868792685368967
850,0,0,850,0.03141463462364137,0.06240151355854248,0.0009868792685368871
851,0,0,851,0.03141463462364137,0.021610024818559892,0.0009868792685368871
852,0,0,852,0.031414634623641406,0.05215631514728658,0.0009868792685368895
853,1,0,853,0.031414634623641496,0.047563889645524604,0.000986879268536895
854,0,0,854,0.031414634623641094,0.014681492243637906,0.0009868792685368698
855,0,0,855,0.031414634623641455,0.06239724631911929,0.0009868792685368926
856,0,0,856,0.0314146346236414,0.0321311050750237,0.0009868792685368887
857,1,0,857,0.031414634623641406,0.008851920671612223,0.000986879268536889
858,0,0,858,0.03141463462364133,0.05982798694748681,0.0009868792685368845
859,1,0,859,0.03141463462364121,0.026083330752329492,0.0009868792685368774
860,1,0,860,0.031414634623641476,0.0623703225574363,0.0009868792685368936
861,0,0,861,0.03141463462364127,0.0611585516111961,0.0009868792685368806
862,1,0,862,0.031414634623641184,0.020705158489492392,0.0009868792685368756
863,1,0,863,0.03141463462364144,0.02787671844298667,0.0009868792685368921
864,0,0,864,0.03141463462364121,0.062304333333486325,0.0009868792685368774
865,0,0,865,0.031414634623641385,0.02559851761518972,0.000986879268536888
866,1,0,866,0.031414634623641184,0.05843237731328377,0.0009868792685368756
867,1,0,867,0.03141463462364135,0.05359694905194379,0.000986879268536886
868,0,0,868,0.031414634623641365,0.061844284869830596,0.000986879268536887
869,0,0,869,0.03141463462364137,0.0025383544597801233,0.0009868792685368876
870,0,0,870,0.03141463462364139,0.04705005438571619,0.0009868792685368882
871,0,0,871,0.03141463462364118,0.016328899846602463,0.0009868792685368756
872,0,0,872,0.03141463462364141,0.025922134514408057,0.0009868792685368897
873,0,0,873,0.03141463462364139,0.028553509723930448,0.0009868792685368887
874,1,0,874,0.031414634623641295,0.05547311704045238,0.0009868792685368828
875,1,0,875,0.03141463462364145,0.03826011156547948,0.000986879268536892
876,1,0,876,0.031414634623641476,0.0228095699628178,0.000986879268536894
877,0,0,877,0.031414634623641365,0.04261577862833221,0.0009868792685368867
878,1,0,878,0.03141463462364126,0.04832704625316597,0.0009868792685368804
879,0,0,879,0.03141463462364144,0.0554701551277913,0.0009868792685368915
880,0,0,880,0.03141463462364146,0.06096223899873299,0.0009868792685368928
881,0,0,881,0.03141463462364121,0.06134971871249953,0.0009868792685368772
882,0,0,882,0.03141463462364142,0.02257222664559133,0.0009868792685368904
883,0,0,883,0.031414634623641205,0.026018104890182636,0.0009868792685368772
884,1,0,884,0.03141463462364139,0.06271325964351222,0.0009868792685368884
885,0,0,885,0.031414634623641476,0.06264395307703396,0.0009868792685368936
886,1,0,886,0.03141463462364121,0.0023362538791716903,0.0009868792685368774
887,0,0,887,0.03141463462364117,0.03255906970363631,0.0009868792685368743
888,0,0,888,0.03141463462364123,0.06259969932023414,0.0009868792685368785
889,1,0,889,0.031414634623641434,0.006396437628366947,0.0009868792685368908
890,1,0,890,0.03141463462364143,0.036476874512003876,0.0009868792685368904
891,0,0,891,0.03141463462364123,0.06282652598160658,0.0009868792685368785
892,0,0,892,0.03141463462364136,0.04665151204705542,0.0009868792685368865
893,1,0,893,0.03141463462364143,0.060736010598847756,0.0009868792685368906
894,1,0,894,0.031414634623641434,0.03347319011354832,0.0009868792685368915
895,0,0,895,0.031414634623641406,0.049677823855051706,0.0009868792685368895
896,1,0,896,0.03141463462364121,0.03752792882703093,0.000986879268536877
897,0,0,897,0.031414634623641406,0.02480662937464162,0.0009868792685368893
898,0,0,898,0.03141463462364117,0.02863450525018596,0.0009868792685368746
899,0,0,899,0.03141463462364138,0.00817282845038858,0.0009868792685368871
900,0,0,900,0.031414634623641254,0.03130325215038188,0.0009868792685368802
901,0,0,901,0.03141463462364141,0.06142565903209368,0.0009868792685368895
902,0,0,902,0.031414634623641455,0.04134457954751747,0.0009868792685368923
903,1,0,903,0.03141463462364142,0.036781332471537254,0.0009868792685368904
904,0,0,904,1.9997532649633212,1.0085891423964204,0.0009868792685368984
905,1,0,905,0.03141463462364118,0.026403216351386094,0.0009868792685368752
906,1,0,906,0.03141463462364144,0.033172245778397835,0.0009868792685368917
907,0,0,907,0.03141463462364142,0.039769102756369024,0.0009868792685368904
908,1,0,908,0.03141463462364149,0.053796615707150885,0.000986879268536895
909,0,0,909,0.03141463462364144,0.04494438486314478,0.000986879268536892
910,0,0,910,0.03141463462364117,0.0009047348491662,0.0009868792685368743
911,1,0,911,0.031414634623641385,0.024502202235734405,0.000986879268536888
912,0,0,912,0.03141463462364149,0.01865303425156939,0.0009868792685368947
913,1,0,913,0.03141463462364114,0.0371484044559971,0.0009868792685368733
914,1,0,914,0.03141463462364121,0.05484462970537629,0.0009868792685368772
915,0,0,915,0.03141463462364119,0.013220650076505414,0.000986879268536876
916,1,0,916,0.03141463462364122,0.0031250014829588,0.0009868792685368778
917,0,0,917,0.031414634623641295,0.04688498327937651,0.0009868792685368822
918,1,0,918,0.03141463462364135,0.06243550995940941,0.000986879268536886
919,0,0,919,0.031414634623641205,0.018742168570765605,0.000986879268536877
920,1,0,920,0.03141463462364126,0.05870413039774308,0.0009868792685368802
921,0,0,921,0.03141463462364138,0.006770901047713718,0.0009868792685368876
922,1,0,922,0.031414634623641434,0.06272384179209745,0.0009868792685368908
923,0,0,923,0.03141463462364117,0.0625930417813795,0.0009868792685368746
924,0,0,924,0.03141463462364125,0.029494127272090553,0.0009868792685368798
925,1,0,925,0.03141463462364156,0.04311260325111943,0.0009868792685368995
926,0,0,926,0.03141463462364152,0.05573159536623162,0.0009868792685368962
927,1,0,927,0.03141463462364124,0.018718641202233988,0.0009868792685368791
928,0,0,928,0.03141463462364147,0.04681692585150632,0.0009868792685368934
929,0,0,929,0.0314146346236414,0.004711968662738597,0.0009868792685368889
930,1,0,930,0.03141463462364143,0.005444054300352108,0.0009868792685368906
931,0,0,931,0.031414634623641184,0.06223458706230546,0.0009868792685368754
932,1,0,932,0.03141463462364138,0.022191130819687932,0.0009868792685368876
933,0,0,933,0.03141463462364137,0.04984952414643362,0.0009868792685368871
934,1,0,934,0.031414634623641385,0.059762286854281754,0.0009868792685368887
935,0,0,935,0.03141463462364123,0.020064356172840858,0.0009868792685368782
936,1,0,936,0.03141463462364145,0.03670591289612368,0.0009868792685368917
937,0,0,937,0.03141463462364148,0.0537961851985872,0.0009868792685368943
938,0,0,938,0.03141463462364148,0.06269619010316613,0.000986879268536894
939,1,0,939,0.03141463462364127,0.04995086741534327,0.0009868792685368809
940,1,0,940,0.0314146346236414,0.06269129608662238,0.000986879268536889
941,1,0,941,0.03141463462364152,0.06054428652699456,0.0009868792685368965
942,0,0,942,0.03141463462364141,0.04736774538555377,0.00098687926853689
943,0,0,943,0.0314146346236413,0.05949515845042075,0.000986879268536883
944,0,0,944,0.03141463462364143,0.034064664950787193,0.0009868792685368913
945,1,0,945,0.031414634623641406,0.05157823959458352,0.0009868792685368897
946,0,0,946,0.03141463462364134,0.03643697702982529,0.0009868792685368852
947,0,0,947,0.031414634623641434,0.018544889682896915,0.0009868792685368915
948,0,0,948,0.0314146346236414,0.06062203059303564,0.000986879268536889
949,0,0,949,0.031414634623641295,0.05632640498617614,0.0009868792685368826
950,0,0,950,0.031414634623641385,0.06182950840657819,0.0009868792685368882
951,1,0,951,0.03141463462364146,0.06168718730080405,0.000986879268536893
952,0,0,952,0.03141463462364157,0.03411351211093461,0.0009868792685369001
953,1,0,953,0.03141463462364142,0.04628093488794294,0.0009868792685368904
954,0,0,954,0.03141463462364141,0.0624961881461024,0.00098687926853689
955,0,0,955,0.03141463462364115,0.06276365666983963,0.0009868792685368737
956,1,0,956,0.03141463462364123,0.06174183339045011,0.0009868792685368782
957,1,0,957,0.03141463462364146,0.05454906718003688,0.0009868792685368926
958,0,0,958,0.031414634623641476,0.046750923669172106,0.0009868792685368939
959,1,0,959,0.03141463462364118,0.04676909697191489,0.0009868792685368752
960,1,0,960,0.03141463462364136,0.060635940153323103,0.000986879268536886
961,1,0,961,0.031414634623641385,0.019672310769578538,0.0009868792685368884
962,0,0,962,0.03141463462364142,0.03292586300580125,0.00098687926853689
963,0,0,963,0.03141463462364114,0.039341499146091086,0.0009868792685368728
964,1,0,964,0.03141463462364141,0.0301084050449949,0.0009868792685368897
965,0,0,965,0.031414634623641476,0.04146307406735994,0.0009868792685368939
966,0,0,966,0.031414634623641365,0.0043241796611638295,0.0009868792685368867
967,0,0,967,0.03141463462364146,0.025719250055631915,0.0009868792685368928
968,0,0,968,0.031414634623641136,0.05696062948331648,0.0009868792685368724
969,1,0,969,0.03141463462364147,0.056904848228646054,0.000986879268536893
970,1,0,970,0.031414634623641365,0.022761856184607687,0.0009868792685368867
971,1,0,971,0.03141463462364141,0.0445522735345516,0.0009868792685368897
972,0,0,972,0.031414634623641406,0.04145880910337729,0.0009868792685368895
973,1,0,973,0.031414634623641226,0.06272128806587055,0.000986879268536878
974,0,0,974,0.03141463462364139,0.0016609780527726548,0.0009868792685368887
975,1,0,975,0.031414634623641156,0.058822454939240265,0.0009868792685368737
976,1,0,976,0.03141463462364123,0.0311558671824661,0.0009868792685368782
977,1,0,977,0.03141463462364122,0.04925514450687929,0.000986879268536878
978,1,0,978,0.031414634623641205,0.02035248074500906,0.0009868792685368767
979,1,0,979,0.031414634623641385,0.027033960303566085,0.000986879268536888
980,1,0,980,0.03141463462364141,0.05709863017929889,0.0009868792685368897
981,1,0,981,0.03141463462364133,0.029137821377254958,0.0009868792685368848
982,0,0,982,0.03141463462364148,0.04889082611349305,0.000986879268536894
983,1,0,983,0.03141463462364138,0.062122337678159556,0.0009868792685368876
984,0,0,984,0.031414634623641344,0.06282926911480369,0.0009868792685368856
985,1,0,985,0.03141463462364137,0.038491624629802046,0.0009868792685368874
986,0,0,986,0.03141463462364136,0.05643701445054233,0.0009868792685368865
987,0,0,987,0.03141463462364124,0.04922427301224508,0.0009868792685368793
988,1,0,988,0.031414634623641476,0.03219793498894663,0.000986879268536894
989,0,0,989,0.03141463462364145,0.05869708226492115,0.0009868792685368923
990,0,0,990,0.03141463462364137,0.06028891849296181,0.0009868792685368871
991,0,0,991,0.031414634623641254,0.04880943467788279,0.0009868792685368798
992,0,0,992,0.03141463462364138,0.021804755551757093,0.0009868792685368874
993,0,0,993,0.03141463462364135,0.04511470101377657,0.000986879268536886
994,0,0,994,0.0314146346236414,0.061074029394267065,0.0009868792685368887
995,0,0,995,0.03141463462364138,0.06269257134868711,0.0009868792685368876
996,1,0,996,0.03141463462364156,0.03384839716254506,0.0009868792685368993
997,1,0,997,0.03141463462364113,0.03554062671614888,0.000986879268536872
998,1,0,998,0.03141463462364142,0.060872856324564434,0.0009868792685368902
999,0,0,999,0.031414634623641455,0.042520374443113074,0.0009868792685368926
