,Layer,Qubit,Run,2-Norm,Trace Norm,Diamond Norm
0,1,0,0,0.003141591361661747,0.0060174805129460385,9.86959628366771e-06
1,0,0,1,0.003141591361661662,0.0003744550851991768,9.86959628366717e-06
2,1,0,2,0.0031415913616616212,0.005598061100455909,9.86959628366692e-06
3,0,0,3,0.0031415913616617535,0.0013140207528696823,9.869596283667751e-06
4,0,0,4,0.0031415913616618042,0.0037639924043777473,9.869596283668066e-06
5,0,0,5,0.0031415913616615926,0.00555673033431503,9.86959628366674e-06
6,1,0,6,0.00314159136166184,0.0031732494340799278,9.86959628366829e-06
7,0,0,7,0.003141591361661763,0.006192737049989572,9.86959628366781e-06
8,1,0,8,0.0031415913616617617,0.00047046211927082027,9.8695962836678e-06
9,0,0,9,0.003141591361661849,0.005235857122157128,9.86959628366835e-06
10,1,0,10,0.003141591361661787,0.0002988475639904564,9.86959628366796e-06
11,1,0,11,0.003141591361661785,0.002779909521807511,9.869596283667948e-06
12,1,0,12,0.0031415913616615297,0.0010057845481394878,9.869596283666345e-06
13,1,0,13,0.0031415913616615904,0.003235049603454554,9.869596283666725e-06
14,1,0,14,0.0031415913616617067,0.002933685106196293,9.869596283667451e-06
15,0,0,15,0.0031415913616616277,0.006221374125866319,9.86959628366696e-06
16,1,0,16,0.0031415913616616884,0.005521623563255362,9.869596283667341e-06
17,1,0,17,0.0031415913616617713,0.006282989454450716,9.869596283667861e-06
18,1,0,18,0.003141591361661829,0.004861887347653138,9.869596283668224e-06
19,0,0,19,0.003141591361661711,0.004294104118127473,9.869596283667485e-06
20,1,0,20,0.0031415913616617314,0.005432246567846244,9.86959628366761e-06
21,1,0,21,0.0031415913616617305,0.0025555393998217824,9.8695962836676e-06
22,0,0,22,0.0031415913616615627,0.004835593505480462,9.86959628366655e-06
23,0,0,23,0.003141591361661644,0.005341884635912786,9.869596283667062e-06
24,1,0,24,0.0031415913616617396,0.004217954875811003,9.869596283667662e-06
25,0,0,25,0.0031415913616617795,0.0014954922951726513,9.869596283667914e-06
26,0,0,26,0.0031415913616617713,0.0024653570471142583,9.869596283667853e-06
27,1,0,27,0.0031415913616617583,0.005428153423667315,9.869596283667778e-06
28,1,0,28,0.0031415913616618025,0.000641817142511103,9.869596283668058e-06
29,0,0,29,0.00314159136166156,0.0006558923952584284,9.869596283666535e-06
30,0,0,30,0.0031415913616618606,0.006126023777293543,9.869596283668422e-06
31,1,0,31,0.0031415913616618172,0.005812837718514374,9.86959628366815e-06
32,1,0,32,0.0031415913616617067,0.006071730200391534,9.869596283667457e-06
33,0,0,33,0.0031415913616617756,0.003779433068654914,9.869596283667889e-06
34,1,0,34,0.003141591361661792,0.003979693347957225,9.869596283667994e-06
35,0,0,35,0.003141591361661769,0.005832858569654875,9.86959628366785e-06
36,1,0,36,0.0031415913616617956,0.003718277798800518,9.869596283668014e-06
37,1,0,37,0.0031415913616617266,0.004187206148334122,9.869596283667582e-06
38,1,0,38,0.0031415913616617383,0.004520876770005344,9.869596283667655e-06
39,0,0,39,0.003141591361661398,0.0031929730396331735,9.869596283665515e-06
40,0,0,40,0.0031415913616618637,0.0024110447227978504,9.869596283668444e-06
41,1,0,41,0.0031415913616615666,0.006041560376025101,9.869596283666574e-06
42,1,0,42,0.0031415913616618845,0.005800871363090265,9.869596283668573e-06
43,0,0,43,0.003141591361661812,0.005541462811884612,9.869596283668119e-06
44,0,0,44,0.0031415913616614556,0.00030067132618749604,9.869596283665878e-06
45,0,0,45,0.0031415913616617774,0.004707083687533364,9.869596283667899e-06
46,0,0,46,0.003141591361661531,0.00432587623984193,9.86959628366635e-06
47,1,0,47,0.0031415913616617396,0.005701764760499661,9.869596283667665e-06
48,1,0,48,0.003141591361661841,0.002322709289864777,9.8695962836683e-06
49,0,0,49,0.0031415913616619166,0.006025001210868242,9.869596283668775e-06
50,0,0,50,0.0031415913616616945,0.0028154741510451053,9.869596283667379e-06
51,0,0,51,0.00314159136166168,0.005675008818939231,9.86959628366729e-06
52,1,0,52,0.0031415913616618246,0.004795126944955763,9.869596283668199e-06
53,0,0,53,0.0031415913616617917,0.00023946132963637012,9.86959628366799e-06
54,0,0,54,0.003141591361661561,0.004747368391624374,9.86959628366654e-06
55,1,0,55,0.0031415913616617596,0.0014294012738640394,9.869596283667789e-06
56,1,0,56,0.0031415913616618333,0.0028920695972494137,9.86959628366825e-06
57,0,0,57,0.003141591361661688,0.003259704850435252,9.86959628366734e-06
58,1,0,58,0.0031415913616616,0.002998875496701192,9.869596283666784e-06
59,1,0,59,0.0031415913616617834,0.004339888584136142,9.869596283667938e-06
60,0,0,60,0.003141591361661533,0.003351201782718638,9.869596283666366e-06
61,0,0,61,0.0031415913616617457,0.003817216216868591,9.869596283667702e-06
62,1,0,62,0.003141591361661841,0.004448246495285746,9.869596283668298e-06
63,1,0,63,0.003141591361661849,0.0006287784264367158,9.86959628366835e-06
64,1,0,64,0.0031415913616618125,0.0041981321769186675,9.86959628366812e-06
65,0,0,65,0.0031415913616616607,0.003393381920864469,9.869596283667165e-06
66,0,0,66,0.0031415913616615254,0.0010266759028245698,9.869596283666316e-06
67,0,0,67,0.0031415913616615262,0.00037112334757005705,9.86959628366632e-06
68,0,0,68,0.0031415913616618194,0.0048279843376977105,9.869596283668163e-06
69,1,0,69,0.0031415913616615913,0.0021813074474847927,9.86959628366673e-06
70,0,0,70,0.003141591361661756,0.0033327578315343054,9.869596283667767e-06
71,0,0,71,0.003141591361661806,0.0005585906471534674,9.869596283668078e-06
72,0,0,72,0.003141591361661824,0.005989214236591489,9.869596283668193e-06
73,1,0,73,0.0031415913616613944,0.004358403859477278,9.869596283665493e-06
74,0,0,74,0.0031415913616616702,0.006282409850218107,9.869596283667228e-06
75,1,0,75,0.0031415913616615956,0.004698169432007404,9.869596283666757e-06
76,0,0,76,0.003141591361661782,0.0031265707817476063,9.86959628366793e-06
77,1,0,77,0.003141591361661773,0.0011099509106036187,9.86959628366787e-06
78,0,0,78,0.003141591361661526,0.005754631566371793,9.86959628366632e-06
79,0,0,79,0.00314159136166187,0.002910162657949078,9.869596283668481e-06
80,1,0,80,0.0031415913616617253,0.0008164903049643346,9.869596283667572e-06
81,0,0,81,0.0031415913616617422,0.006082295660465142,9.869596283667678e-06
82,1,0,82,0.0031415913616617427,0.0015804412829918402,9.86959628366768e-06
83,0,0,83,0.0031415913616616303,0.005597016024902812,9.869596283666977e-06
84,0,0,84,0.0031415913616617244,0.0045026509907823975,9.869596283667567e-06
85,1,0,85,0.0031415913616615948,0.005143199832769785,9.869596283666754e-06
86,1,0,86,0.00314159136166175,0.0019333648219543864,9.869596283667728e-06
87,0,0,87,0.003141591361661801,0.006262653489185199,9.86959628366805e-06
88,0,0,88,0.003141591361661763,0.006258195166596758,9.86959628366781e-06
89,0,0,89,0.003141591361661563,0.0048116578927113185,9.869596283666554e-06
90,0,0,90,0.0031415913616616086,0.0032539478897710694,9.869596283666838e-06
91,1,0,91,0.0031415913616617427,0.0004640079332236535,9.869596283667682e-06
92,1,0,92,0.0031415913616616976,0.0010196737999002004,9.869596283667397e-06
93,1,0,93,0.003141591361661802,0.00380706131305808,9.869596283668055e-06
94,0,0,94,0.0031415913616618073,0.0025638447947808896,9.869596283668088e-06
95,1,0,95,0.0031415913616615458,0.00615744546854563,9.869596283666445e-06
96,1,0,96,0.0031415913616616624,0.005063490515264224,9.869596283667179e-06
97,1,0,97,0.00314159136166158,0.0008871928911786675,9.869596283666659e-06
98,1,0,98,0.003141591361661732,0.004714620216288656,9.869596283667614e-06
99,0,0,99,0.0031415913616617344,0.002578766402705046,9.869596283667628e-06
100,1,0,100,0.0031415913616616976,0.0061398014632292885,9.869596283667397e-06
101,0,0,101,0.0031415913616617682,0.0013906451819731824,9.869596283667841e-06
102,1,0,102,0.003141591361661807,0.00038610192275378985,9.869596283668088e-06
103,0,0,103,0.00314159136166162,0.00428024322522913,9.86959628366691e-06
104,1,0,104,0.003141591361661535,0.005966625244173018,9.869596283666376e-06
105,0,0,105,0.0031415913616615223,0.005359611087462746,9.869596283666298e-06
106,1,0,106,0.003141591361661559,0.0026696836281012715,9.86959628366653e-06
107,0,0,107,0.0031415913616618008,0.006262696376006238,9.86959628366805e-06
108,1,0,108,0.00314159136166178,0.0006373763372504726,9.869596283667916e-06
109,0,0,109,0.0031415913616617682,0.005325290474843314,9.869596283667841e-06
110,0,0,110,0.003141591361661822,0.003451169653629238,9.86959628366818e-06
111,1,0,111,0.0031415913616619183,0.0025745401936638768,9.869596283668786e-06
112,1,0,112,0.0031415913616615367,0.002874669266491381,9.869596283666388e-06
113,1,0,113,0.003141591361661845,0.004794926185869519,9.869596283668322e-06
114,0,0,114,0.003141591361661592,0.006232238388505396,9.869596283666738e-06
115,1,0,115,0.003141591361661914,0.0018277577788885502,9.869596283668758e-06
116,0,0,116,0.003141591361661671,0.005700358156509044,9.869596283667233e-06
117,0,0,117,0.003141591361661755,0.000696083677484749,9.869596283667756e-06
118,1,0,118,0.0031415913616614703,0.004762931985615282,9.869596283665971e-06
119,0,0,119,0.0031415913616618532,0.004862497358844253,9.869596283668378e-06
120,0,0,120,0.003141591361661527,0.0062475991804255004,9.869596283666328e-06
121,0,0,121,0.003141591361661758,0.0005090944384320562,9.869596283667777e-06
122,1,0,122,0.0031415913616618133,0.0035906424581131358,9.869596283668119e-06
123,0,0,123,0.003141591361661524,0.0012781372448980033,9.869596283666308e-06
124,0,0,124,0.0031415913616619057,0.005774239200296405,9.869596283668705e-06
125,0,0,125,0.0031415913616616845,0.006135931578832521,9.869596283667316e-06
126,0,0,126,0.003141591361661779,0.004322959110775182,9.86959628366791e-06
127,1,0,127,0.0031415913616617223,0.0011332994310397915,9.869596283667551e-06
128,1,0,128,0.00314159136166161,0.00037484201100834724,9.869596283666847e-06
129,0,0,129,0.0031415913616618172,0.002506476622323728,9.869596283668151e-06
130,1,0,130,0.0031415913616617726,0.004096563803952513,9.869596283667872e-06
131,0,0,131,0.0031415913616617765,0.001174672661845122,9.869596283667894e-06
132,1,0,132,0.00314159136166176,0.005409683976219881,9.86959628366779e-06
133,1,0,133,0.0031415913616619105,0.00233150835133622,9.869596283668737e-06
134,0,0,134,0.0031415913616616017,0.004925087628431246,9.869596283666796e-06
135,1,0,135,0.0031415913616615393,0.00398573492160792,9.869596283666405e-06
136,0,0,136,0.0031415913616618723,0.0031578709228388124,9.869596283668495e-06
137,0,0,137,0.003141591361661885,0.0032558713404635675,9.869596283668576e-06
138,0,0,138,0.0031415913616615397,0.006031733961965657,9.869596283666406e-06
139,0,0,139,0.0031415913616616217,0.002675101968957483,9.869596283666923e-06
140,0,0,140,0.0031415913616615614,0.005332724825842794,9.869596283666542e-06
141,1,0,141,0.0031415913616615852,0.0062343442955594686,9.869596283666694e-06
142,0,0,142,0.003141591361661792,0.002414303801743012,9.869596283667994e-06
143,0,0,143,0.0031415913616618103,0.005982319804044733,9.869596283668109e-06
144,1,0,144,0.003141591361661775,0.006283082761263881,9.869596283667885e-06
145,0,0,145,0.0031415913616615076,0.006025605778828047,9.869596283666205e-06
146,0,0,146,0.003141591361661744,0.0029360497276251785,9.86959628366769e-06
147,0,0,147,0.003141591361661772,0.005254610456389752,9.869596283667867e-06
148,0,0,148,0.0031415913616617414,0.005599798286555657,9.869596283667675e-06
149,1,0,149,0.003141591361661695,0.006209903200839029,9.86959628366738e-06
150,0,0,150,0.0031415913616618316,0.006023391062529582,9.869596283668238e-06
151,1,0,151,0.003141591361661586,0.003858735631627752,9.869596283666698e-06
152,0,0,152,0.003141591361661767,0.005146882982122625,9.869596283667834e-06
153,0,0,153,0.003141591361661789,0.00626630493198066,9.869596283667972e-06
154,0,0,154,0.0031415913616618294,0.0012862024966888708,9.869596283668226e-06
155,0,0,155,0.003141591361661648,0.0022055113931409576,9.869596283667086e-06
156,0,0,156,0.0031415913616614955,0.005961736648938287,9.869596283666127e-06
157,1,0,157,0.003141591361661541,0.0027386871320667083,9.869596283666416e-06
158,1,0,158,0.0031415913616618454,0.002829926967799601,9.869596283668326e-06
159,1,0,159,0.0031415913616615523,5.428532680484821e-06,9.869596283666486e-06
160,1,0,160,0.0031415913616618736,0.006265782481752358,9.869596283668507e-06
161,1,0,161,0.0031415913616615007,0.0005962028597708002,9.869596283666162e-06
162,0,0,162,0.0031415913616616572,0.005557674558068104,9.869596283667143e-06
163,0,0,163,0.0031415913616615306,0.0031081260909775477,9.86959628366635e-06
164,1,0,164,0.003141591361661637,0.005822384584472484,9.869596283667016e-06
165,1,0,165,0.0031415913616619044,0.004908031338346275,9.8695962836687e-06
166,0,0,166,0.003141591361661787,0.002466680183896175,9.86959628366796e-06
167,1,0,167,0.003141591361661605,0.006202697515311106,9.86959628366682e-06
168,1,0,168,0.0031415913616615605,0.00628295665256573,9.869596283666537e-06
169,1,0,169,0.0031415913616615367,0.006111879965900735,9.86959628366639e-06
170,1,0,170,0.0031415913616617865,0.0027597231949116896,9.869596283667955e-06
171,1,0,171,0.0031415913616617674,0.004738985341588009,9.869596283667838e-06
172,0,0,172,0.003141591361661782,0.005466710965351895,9.869596283667931e-06
173,0,0,173,0.0031415913616615596,0.005814277703365178,9.869596283666532e-06
174,0,0,174,0.0031415913616617457,0.006069997395434568,9.869596283667702e-06
175,0,0,175,0.0031415913616618055,0.0030413366579544743,9.869596283668075e-06
176,0,0,176,0.0031415913616617513,0.0004099935426986612,9.869596283667733e-06
177,0,0,177,0.0031415913616616477,0.006193869238677485,9.869596283667082e-06
178,0,0,178,0.0031415913616618454,0.003814111880256821,9.869596283668329e-06
179,0,0,179,0.0031415913616617466,0.006177533081723197,9.869596283667706e-06
180,0,0,180,0.003141591361661756,0.006027565738465079,9.869596283667767e-06
181,0,0,181,0.003141591361661948,0.004166817270555123,9.86959628366897e-06
182,1,0,182,0.0031415913616615345,0.0025249264013456063,9.869596283666374e-06
183,0,0,183,0.0031415913616618485,0.005417395202694797,9.869596283668348e-06
184,1,0,184,0.0031415913616614968,0.0040037564723580665,9.869596283666139e-06
185,0,0,185,0.0031415913616617943,0.005930407378341385,9.869596283668005e-06
186,1,0,186,0.0031415913616615757,0.005369642034637412,9.869596283666635e-06
187,0,0,187,0.0031415913616615007,0.003919092226267296,9.869596283666154e-06
188,0,0,188,0.003141591361661659,0.003724507928428711,9.869596283667155e-06
189,1,0,189,0.0031415913616617947,0.006238355339826529,9.869596283668007e-06
190,1,0,190,0.0031415913616615635,0.0021687657243176783,9.869596283666557e-06
191,1,0,191,0.003141591361661801,0.001938455323100996,9.86959628366805e-06
192,1,0,192,0.003141591361661654,0.005413485942265206,9.869596283667126e-06
193,0,0,193,0.003141591361661797,0.0021838820607333886,9.869596283668022e-06
194,0,0,194,0.0031415913616617674,0.00573965516341679,9.869596283667836e-06
195,1,0,195,0.003141591361661752,0.0009631891567145612,9.86959628366774e-06
196,0,0,196,0.003141591361661774,0.0013731602530335785,9.869596283667878e-06
197,0,0,197,0.0031415913616617826,0.0062544104323604965,9.869596283667934e-06
198,1,0,198,0.0031415913616617604,0.0010661499753823467,9.869596283667794e-06
199,0,0,199,0.0031415913616617713,0.0011336181957399827,9.869596283667861e-06
200,0,0,200,0.003141591361661786,0.00433680432864314,9.869596283667953e-06
201,1,0,201,0.0031415913616617466,0.0011441638008051758,9.869596283667706e-06
202,0,0,202,0.003141591361661743,0.0004226914337646104,9.869596283667682e-06
203,1,0,203,0.003141591361661822,0.006193913545427032,9.86959628366818e-06
204,1,0,204,0.0031415913616615644,0.0061987463436397605,9.86959628366656e-06
205,1,0,205,0.003141591361661756,0.0018355552330358016,9.869596283667767e-06
206,0,0,206,0.0031415913616617943,0.006099158436678964,9.869596283668007e-06
207,1,0,207,0.003141591361661566,0.0058424707019294475,9.869596283666574e-06
208,0,0,208,0.0031415913616618277,0.004842359557571507,9.869596283668217e-06
209,1,0,209,0.003141591361661632,0.005581422356302546,9.869596283666987e-06
210,0,0,210,0.0031415913616618272,0.0053552197268833535,9.869596283668212e-06
211,1,0,211,0.0031415913616614664,0.0035134935046292615,9.869596283665944e-06
212,1,0,212,0.003141591361661829,0.004941098389913634,9.869596283668224e-06
213,1,0,213,0.003141591361661533,0.006188534602085738,9.869596283666366e-06
214,0,0,214,0.003141591361661708,0.0020297939496627393,9.869596283667465e-06
215,1,0,215,0.003141591361661568,0.005675521266349626,9.86959628366658e-06
216,0,0,216,0.0031415913616617583,0.001268311107649911,9.86959628366778e-06
217,1,0,217,0.0031415913616617795,0.0038428027033856615,9.869596283667912e-06
218,0,0,218,0.003141591361661551,0.005973361517929043,9.869596283666476e-06
219,0,0,219,0.003141591361661749,0.002935171810040993,9.869596283667723e-06
220,0,0,220,0.0031415913616617526,0.005481121649165144,9.869596283667743e-06
221,0,0,221,0.0031415913616617136,0.0017007358755412039,9.869596283667497e-06
222,0,0,222,0.003141591361661576,0.004637792009266395,9.869596283666635e-06
223,0,0,223,0.0031415913616617995,0.0008072880535627824,9.869596283668038e-06
224,0,0,224,0.003141591361661796,0.0012323465323353933,9.869596283668017e-06
225,1,0,225,0.0031415913616615367,0.005227693348805129,9.869596283666386e-06
226,1,0,226,0.0031415913616617856,0.00518260397308401,9.869596283667953e-06
227,1,0,227,0.003141591361661754,0.002267599485414662,9.86959628366775e-06
228,1,0,228,0.0031415913616615575,0.006176682057492888,9.86959628366652e-06
229,0,0,229,0.0031415913616615588,0.0043833615628727784,9.869596283666527e-06
230,0,0,230,0.003141591361661555,0.005817388089187081,9.869596283666501e-06
231,1,0,231,0.0031415913616618307,0.0003263998773628263,9.869596283668232e-06
232,0,0,232,0.0031415913616615874,0.004500258204607199,9.869596283666706e-06
233,0,0,233,0.003141591361661712,0.004408756211353282,9.869596283667485e-06
234,1,0,234,0.0031415913616618125,0.00387236828281301,9.869596283668122e-06
235,1,0,235,0.0031415913616617956,0.002040477078417924,9.869596283668014e-06
236,1,0,236,0.003141591361661805,0.006278962821223755,9.869596283668071e-06
237,0,0,237,0.0031415913616619387,0.00570045782190598,9.869596283668913e-06
238,0,0,238,0.003141591361661773,0.004782204209111018,9.869596283667875e-06
239,1,0,239,0.003141591361661831,0.005243852785425052,9.869596283668238e-06
240,0,0,240,0.0031415913616617787,0.000696754307270453,9.869596283667907e-06
241,1,0,241,0.003141591361661596,0.004578201933174597,9.86959628366676e-06
242,1,0,242,0.0031415913616617873,0.006264023452909745,9.869596283667963e-06
243,1,0,243,0.003141591361661546,0.002840917849797453,9.869596283666445e-06
244,1,0,244,0.0031415913616614968,0.006086859271411282,9.869596283666135e-06
245,0,0,245,0.0031415913616617557,0.006238391253346354,9.869596283667763e-06
246,0,0,246,0.003141591361661608,0.0007128213893248248,9.869596283666835e-06
247,1,0,247,0.003141591361661846,0.001137663918738152,9.869596283668327e-06
248,0,0,248,0.003141591361661635,0.005134361002113064,9.869596283667008e-06
249,0,0,249,0.0031415913616616104,0.004028144661598176,9.869596283666852e-06
250,1,0,250,0.0031415913616616472,0.005959640007464739,9.869596283667082e-06
251,1,0,251,0.0031415913616615987,0.0016248784701962116,9.869596283666776e-06
252,1,0,252,0.00314159136166175,0.006259148390749925,9.86959628366773e-06
253,1,0,253,0.0031415913616618424,0.004249499028384562,9.869596283668309e-06
254,0,0,254,0.0031415913616617205,0.005620937697215167,9.869596283667543e-06
255,0,0,255,0.00314159136166159,0.0060501807449689915,9.86959628366672e-06
256,1,0,256,0.003141591361661761,0.006184529626191093,9.869596283667797e-06
257,1,0,257,0.003141591361661611,0.0010998532781869574,9.86959628366685e-06
258,0,0,258,0.0031415913616615193,0.0030207769286081376,9.86959628366628e-06
259,0,0,259,0.0031415913616617886,0.006283125995892869,9.869596283667968e-06
260,1,0,260,0.0031415913616617917,0.00015739815179527383,9.869596283667987e-06
261,1,0,261,0.0031415913616615284,0.006232612942873139,9.869596283666335e-06
262,0,0,262,0.0031415913616615948,0.003231450602342756,9.869596283666754e-06
263,0,0,263,0.0031415913616615813,0.0035985823267992156,9.869596283666667e-06
264,1,0,264,0.003141591361661726,0.0048167479262635204,9.869596283667577e-06
265,1,0,265,0.0031415913616617743,0.0017848740663810592,9.869596283667878e-06
266,1,0,266,0.0031415913616616286,0.0005573109215564198,9.869596283666965e-06
267,0,0,267,0.003141591361661812,0.005361436986565771,9.869596283668117e-06
268,0,0,268,0.003141591361661568,0.006226332832356629,9.869596283666586e-06
269,0,0,269,0.0031415913616617847,0.006280703032328971,9.869596283667948e-06
270,0,0,270,0.003141591361661613,0.002063502766534775,9.869596283666867e-06
271,1,0,271,0.003141591361661812,0.0044125763131883655,9.869596283668119e-06
272,0,0,272,0.003141591361661645,0.005588196549604851,9.869596283667069e-06
273,0,0,273,0.003141591361661501,0.005747257175168108,9.869596283666162e-06
274,0,0,274,0.0031415913616618255,0.005087544411214839,9.869596283668202e-06
275,0,0,275,0.003141591361661661,0.00271952790450003,9.86959628366717e-06
276,1,0,276,0.0031415913616614872,0.0028748191006495727,9.869596283666074e-06
277,1,0,277,0.003141591361661553,0.005984651212713299,9.869596283666493e-06
278,0,0,278,0.0031415913616618654,0.0056369446942649,9.869596283668453e-06
279,0,0,279,0.0031415913616618845,0.004041176336335051,9.869596283668575e-06
280,0,0,280,0.0031415913616617353,0.0061141783299184516,9.869596283667634e-06
281,1,0,281,0.0031415913616615813,0.001974047197595752,9.869596283666669e-06
282,0,0,282,0.0031415913616618836,0.0048920766462730025,9.869596283668568e-06
283,0,0,283,0.003141591361661745,0.005471027978012355,9.869596283667694e-06
284,1,0,284,0.003141591361661875,0.004443713193158061,9.86959628366851e-06
285,0,0,285,0.003141591361661888,0.0032660999504681154,9.869596283668593e-06
286,1,0,286,0.003141591361661762,0.0024634810191683787,9.869596283667806e-06
287,0,0,287,0.0031415913616617734,0.0033105574588714326,9.869596283667877e-06
288,1,0,288,0.0031415913616616026,0.004224309104838397,9.869596283666801e-06
289,1,0,289,0.0031415913616618246,0.0017286044447948345,9.869596283668195e-06
290,0,0,290,0.003141591361661716,0.005768810379940703,9.869596283667516e-06
291,0,0,291,0.003141591361661756,0.005260912498153525,9.869596283667767e-06
292,1,0,292,0.003141591361661908,0.005245575527342616,9.86959628366872e-06
293,1,0,293,0.0031415913616617713,0.006195362517145975,9.869596283667863e-06
294,1,0,294,0.0031415913616618723,0.005424883011083237,9.869596283668495e-06
295,0,0,295,0.0031415913616617765,0.005813123348064053,9.869596283667895e-06
296,0,0,296,0.0031415913616615406,0.006217769268542783,9.869596283666411e-06
297,0,0,297,0.0031415913616618663,0.0053336442779745585,9.869596283668458e-06
298,0,0,298,0.0031415913616618355,0.0062811993995934845,9.869596283668265e-06
299,1,0,299,0.003141591361661767,0.005650277130165748,9.869596283667833e-06
300,0,0,300,0.0031415913616616086,0.004226769772207373,9.86959628366684e-06
301,1,0,301,0.003141591361661618,0.006229836368060848,9.869596283666901e-06
302,0,0,302,0.0031415913616618155,0.0014408049854599536,9.869596283668138e-06
303,0,0,303,0.003141591361661753,0.006237709494473109,9.869596283667748e-06
304,0,0,304,0.0031415913616618246,0.006282955997457651,9.869596283668197e-06
305,1,0,305,0.00314159136166186,0.005404114955440464,9.869596283668422e-06
306,1,0,306,0.0031415913616617084,0.0054797953881046135,9.869596283667467e-06
307,0,0,307,0.003141591361661828,0.0017776545136349853,9.869596283668219e-06
308,0,0,308,0.0031415913616616585,0.0054001539455283964,9.869596283667153e-06
309,0,0,309,0.0031415913616618654,0.005998777782187048,9.869596283668453e-06
310,0,0,310,0.003141591361661979,0.0033529509902894272,9.869596283669166e-06
311,0,0,311,0.0031415913616615453,6.792807324362826e-05,9.86959628366644e-06
312,1,0,312,0.0031415913616615666,0.004923893247237521,9.869596283666577e-06
313,1,0,313,0.003141591361661826,0.0017802597604468229,9.869596283668205e-06
314,0,0,314,0.0031415913616617075,0.000569041815937199,9.869596283667458e-06
315,1,0,315,0.003141591361661712,0.0035606645116932345,9.86959628366749e-06
316,0,0,316,0.0031415913616617943,0.001451136688050303,9.869596283668009e-06
317,1,0,317,0.003141591361661795,0.0035786218956403992,9.86959628366801e-06
318,1,0,318,0.003141591361661561,0.0035566633962507144,9.869596283666542e-06
319,0,0,319,0.003141591361661775,0.0031923672468305853,9.869596283667887e-06
320,0,0,320,0.0031415913616615657,0.0021905621603151015,9.86959628366657e-06
321,0,0,321,0.0031415913616616937,0.0032544615648815167,9.869596283667374e-06
322,1,0,322,0.003141591361661698,0.004912611782886378,9.8695962836674e-06
323,1,0,323,0.0031415913616615722,0.005828410481462654,9.869596283666613e-06
324,0,0,324,0.0031415913616617925,0.0036166428160893105,9.869596283667997e-06
325,1,0,325,0.0031415913616618454,0.004320005402951743,9.869596283668327e-06
326,0,0,326,0.0031415913616614916,0.006282936714565479,9.869596283666103e-06
327,1,0,327,0.0031415913616617535,0.00439581761814134,9.869596283667751e-06
328,0,0,328,0.003141591361661795,0.003872495420151223,9.86959628366801e-06
329,0,0,329,0.0031415913616615705,0.0029727550917457712,9.869596283666601e-06
330,0,0,330,0.0031415913616617136,0.006185041166253513,9.869596283667499e-06
331,0,0,331,0.003141591361661737,0.0034582206113622505,9.869596283667645e-06
332,1,0,332,0.003141591361661529,0.005336381422141656,9.869596283666337e-06
333,0,0,333,0.0031415913616618264,0.002949422133321278,9.869596283668207e-06
334,1,0,334,0.0031415913616615267,0.002336860970763688,9.869596283666322e-06
335,0,0,335,0.0031415913616618975,0.0032653885104785285,9.869596283668654e-06
336,1,0,336,0.0031415913616615293,0.002793104944150082,9.86959628366634e-06
337,1,0,337,0.003141591361661758,0.005623608674908964,9.869596283667777e-06
338,0,0,338,0.0031415913616618107,0.0055696203467877625,9.86959628366811e-06
339,0,0,339,0.0031415913616616538,0.0030926323590212412,9.869596283667123e-06
340,1,0,340,0.0031415913616617917,0.005741706272085478,9.869596283667987e-06
341,1,0,341,0.0031415913616617826,0.0024161796046908712,9.869596283667933e-06
342,0,0,342,0.0031415913616614976,0.001967062589394386,9.869596283666139e-06
343,1,0,343,0.0031415913616617648,0.006275461406595129,9.86959628366782e-06
344,0,0,344,0.0031415913616617075,0.0004719389242706651,9.86959628366746e-06
345,1,0,345,0.0031415913616615254,0.00484758388034523,9.869596283666318e-06
346,1,0,346,0.0031415913616617912,0.0003416459060259225,9.869596283667988e-06
347,0,0,347,0.0031415913616616737,0.004358089123001285,9.869596283667248e-06
348,1,0,348,0.0031415913616617062,0.0012632638352276793,9.869596283667451e-06
349,1,0,349,0.0031415913616617865,0.0044886110366071375,9.869596283667956e-06
350,1,0,350,0.003141591361661783,0.0049449627262685425,9.869596283667934e-06
351,0,0,351,0.0031415913616617583,0.002217490341267281,9.869596283667775e-06
352,0,0,352,0.0031415913616615505,0.006027133816866814,9.869596283666474e-06
353,0,0,353,0.003141591361661844,0.006283138468436311,9.86959628366832e-06
354,1,0,354,0.0031415913616617457,0.005074772835091723,9.869596283667702e-06
355,1,0,355,0.003141591361661741,0.0038595138214971847,9.869596283667672e-06
356,0,0,356,0.003141591361661661,0.002419458987509948,9.86959628366717e-06
357,1,0,357,0.0031415913616618554,0.003378380900051603,9.86959628366839e-06
358,0,0,358,0.003141591361661626,0.005837469138474383,9.869596283666947e-06
359,0,0,359,0.0031415913616617943,0.0007186898627602467,9.869596283668004e-06
360,1,0,360,0.003141591361661793,0.0005372446279483523,9.869596283667997e-06
361,0,0,361,0.0031415913616615276,0.005219132622340528,9.869596283666328e-06
362,1,0,362,0.0031415913616618055,0.0029897175279800514,9.869596283668075e-06
363,1,0,363,0.003141591361661718,0.006063158474420849,9.869596283667528e-06
364,0,0,364,0.003141591361661544,0.006274506771114852,9.869596283666435e-06
365,0,0,365,0.0031415913616618025,0.006252753113760279,9.86959628366806e-06
366,0,0,366,0.0031415913616617782,0.002027883190249602,9.869596283667904e-06
367,1,0,367,0.003141591361661839,0.0011969174824737472,9.869596283668287e-06
368,1,0,368,0.003141591361661838,0.005591093879136588,9.869596283668278e-06
369,1,0,369,0.003141591361661827,0.005094940942114157,9.86959628366821e-06
370,0,0,370,0.003141591361661784,0.004430737929954187,9.869596283667941e-06
371,1,0,371,0.0031415913616617552,0.0014073151197122602,9.86959628366776e-06
372,1,0,372,0.0031415913616614807,0.00623463166422511,9.869596283666035e-06
373,1,0,373,0.0031415913616615328,0.0002560334572456746,9.869596283666362e-06
374,0,0,374,0.0031415913616616616,0.002931393944106686,9.869596283667172e-06
375,0,0,375,0.0031415913616616104,0.004541908633998393,9.869596283666852e-06
376,0,0,376,0.003141591361661554,0.003507492915609367,9.869596283666496e-06
377,1,0,377,0.003141591361661813,0.004785996694715244,9.869596283668122e-06
378,0,0,378,0.003141591361661508,0.005833281049065553,9.86959628366621e-06
379,0,0,379,0.003141591361661735,0.0015852737690980057,9.869596283667631e-06
380,1,0,380,0.003141591361661688,0.005744685385234982,9.86959628366734e-06
381,1,0,381,0.0031415913616617197,0.006100736798621886,9.86959628366754e-06
382,1,0,382,0.0031415913616618537,0.0013236307681214754,9.869596283668378e-06
383,0,0,383,0.003141591361661535,0.0014829985126909584,9.869596283666377e-06
384,0,0,384,0.0031415913616617873,0.0003691711393387642,9.869596283667963e-06
385,0,0,385,0.0031415913616617943,0.004433972902724959,9.869596283668004e-06
386,0,0,386,0.003141591361661784,0.005923949832827735,9.86959628366794e-06
387,1,0,387,0.0031415913616618055,0.006282803618634203,9.869596283668078e-06
388,1,0,388,0.0031415913616615315,0.0008020255079217442,9.869596283666354e-06
389,0,0,389,0.0031415913616618277,2.2255485109923256e-05,9.869596283668212e-06
390,1,0,390,0.00314159136166182,0.003864062622645381,9.869596283668166e-06
391,0,0,391,0.003141591361661686,0.0027105707391477107,9.869596283667326e-06
392,0,0,392,0.0031415913616615588,0.00358298028195958,9.869596283666527e-06
393,0,0,393,0.0031415913616618415,0.00431480163793041,9.869596283668302e-06
394,0,0,394,0.003141591361661592,0.005031812523185852,9.869596283666737e-06
395,0,0,395,0.003141591361661673,0.00576185335092072,9.869596283667243e-06
396,1,0,396,0.003141591361661689,0.004206802466432569,9.869596283667343e-06
397,1,0,397,0.0031415913616617743,0.006277225385710183,9.86959628366788e-06
398,0,0,398,0.0031415913616614846,0.00518878039078885,9.86959628366606e-06
399,0,0,399,0.00314159136166172,0.005305011504024515,9.869596283667541e-06
400,0,0,400,0.003141591361661804,0.002326699283359712,9.869596283668065e-06
401,1,0,401,0.003141591361661572,0.0037229217618515165,9.869596283666608e-06
402,0,0,402,0.003141591361661686,0.004801948640428044,9.869596283667326e-06
403,0,0,403,0.0031415913616617544,0.0059111676394129065,9.869596283667756e-06
404,1,0,404,0.003141591361661874,0.00515353064293822,9.869596283668507e-06
405,0,0,405,0.0031415913616617557,0.004334659850042666,9.869596283667763e-06
406,0,0,406,0.0031415913616615727,0.002223643575697043,9.869596283666615e-06
407,0,0,407,0.0031415913616615943,0.0062829207771395446,9.869596283666748e-06
408,0,0,408,0.003141591361661803,0.004368074149056378,9.86959628366806e-06
409,1,0,409,0.003141591361661525,0.0028413497643799968,9.869596283666315e-06
410,1,0,410,0.003141591361661755,0.005939485109517917,9.869596283667758e-06
411,1,0,411,0.003141591361661573,0.0011894871021347342,9.869596283666616e-06
412,1,0,412,0.003141591361661702,0.0002496978553210294,9.869596283667426e-06
413,1,0,413,0.0031415913616617956,0.0008398426521336599,9.869596283668014e-06
414,1,0,414,0.0031415913616617804,0.0012156981527906563,9.86959628366792e-06
415,0,0,415,0.003141591361661775,0.001056811333653096,9.869596283667885e-06
416,1,0,416,0.0031415913616617544,0.0031180853978531875,9.869596283667753e-06
417,1,0,417,0.0031415913616616212,0.00611025736246007,9.869596283666918e-06
418,1,0,418,0.0031415913616615714,0.005930108849186988,9.869596283666604e-06
419,1,0,419,0.003141591361661862,0.006258696058928148,9.86959628366843e-06
420,1,0,420,0.003141591361661525,0.002181327085612361,9.869596283666311e-06
421,1,0,421,0.0031415913616614703,0.0024828455157774876,9.86959628366597e-06
422,1,0,422,0.0031415913616617487,0.0055389697884911104,9.869596283667719e-06
423,0,0,423,0.0031415913616617635,0.006278662492974041,9.869596283667812e-06
424,1,0,424,0.003141591361661793,0.0028121047353557582,9.869596283667997e-06
425,1,0,425,0.0031415913616617015,0.004632141442036497,9.869596283667424e-06
426,0,0,426,0.003141591361661789,0.0004247262181193978,9.869596283667973e-06
427,0,0,427,0.0031415913616618107,0.0062823390142887625,9.869596283668107e-06
428,0,0,428,0.0031415913616615236,0.0017451967137596114,9.869596283666306e-06
429,0,0,429,0.0031415913616618303,0.00542561824505805,9.869596283668232e-06
430,0,0,430,0.003141591361661828,0.0030171858294345544,9.869596283668217e-06
431,1,0,431,0.0031415913616615714,0.0007386489919385397,9.869596283666604e-06
432,0,0,432,0.0031415913616615323,0.005206897299057323,9.869596283666359e-06
433,0,0,433,0.003141591361661638,0.0046140316854152985,9.869596283667025e-06
434,0,0,434,0.003141591361661609,0.0025718197859854186,9.869596283666843e-06
435,0,0,435,0.0031415913616618944,0.004325647685368361,9.869596283668636e-06
436,1,0,436,0.003141591361661757,0.0051041497757871035,9.869596283667772e-06
437,0,0,437,0.0031415913616617184,0.002861848988331861,9.86959628366753e-06
438,0,0,438,0.003141591361661753,0.0014563379847132296,9.869596283667745e-06
439,0,0,439,0.0031415913616615956,0.00575147894572714,9.869596283666759e-06
440,0,0,440,0.003141591361661566,0.003982059087715539,9.869596283666572e-06
441,1,0,441,0.0031415913616617943,0.00628318235789016,9.869596283668005e-06
442,1,0,442,0.003141591361661769,0.006003550779307365,9.86959628366785e-06
443,0,0,443,0.0031415913616615393,0.006100128153522455,9.869596283666405e-06
444,1,0,444,0.003141591361661746,0.0015536273535505796,9.869596283667704e-06
445,0,0,445,0.0031415913616617388,0.005088939031927753,9.869596283667658e-06
446,1,0,446,0.003141591361661575,0.006282822771446553,9.869596283666628e-06
447,0,0,447,0.003141591361661784,0.002601619616756645,9.86959628366794e-06
448,0,0,448,0.0031415913616615852,0.004469637017012085,9.869596283666693e-06
449,1,0,449,0.003141591361661725,0.006235594095241381,9.869596283667572e-06
450,0,0,450,0.003141591361661543,0.005835532753088457,9.869596283666427e-06
451,0,0,451,0.0031415913616617973,0.0025164713031178287,9.869596283668026e-06
452,0,0,452,0.0031415913616618524,0.005987810834250262,9.869596283668371e-06
453,0,0,453,0.003141591361661535,0.001102444754580434,9.869596283666377e-06
454,0,0,454,0.003141591361661655,0.0061970390543764076,9.869596283667128e-06
455,1,0,455,0.0031415913616615974,0.00168666586693611,9.86959628366677e-06
456,0,0,456,0.0031415913616615943,0.0042451707051733845,9.86959628366675e-06
457,1,0,457,0.003141591361661534,0.0062466850266778284,9.869596283666369e-06
458,1,0,458,0.0031415913616617643,0.006129955139069998,9.869596283667819e-06
459,1,0,459,0.0031415913616616113,0.00242936680202277,9.869596283666853e-06
460,0,0,460,0.0031415913616617136,0.005127489903884452,9.869596283667499e-06
461,1,0,461,0.0031415913616618172,0.005028621081047957,9.869596283668151e-06
462,0,0,462,0.003141591361661766,0.004110941815090863,9.869596283667828e-06
463,1,0,463,0.0031415913616617643,0.0027998149937962236,9.869596283667819e-06
464,1,0,464,0.003141591361661764,0.006139945193254004,9.869596283667814e-06
465,0,0,465,0.0031415913616618376,0.005694856676486504,9.869596283668278e-06
466,0,0,466,0.0031415913616617995,0.005674013635302511,9.86959628366804e-06
467,1,0,467,0.0031415913616616394,0.0025574052322789864,9.86959628366703e-06
468,0,0,468,0.003141591361661717,0.005710281559945463,9.86959628366752e-06
469,1,0,469,0.0031415913616615614,0.0002059800675160428,9.86959628366654e-06
470,0,0,470,0.0031415913616615696,0.0006458145131098547,9.869596283666598e-06
471,0,0,471,0.0031415913616616,0.0029497486711522747,9.869596283666786e-06
472,0,0,472,0.0031415913616614647,0.002996953453422213,9.869596283665935e-06
473,1,0,473,0.0031415913616615393,0.005951208689271015,9.869596283666405e-06
474,1,0,474,0.003141591361661488,0.003801192499559125,9.869596283666083e-06
475,1,0,475,0.003141591361661566,0.00013776164180367978,9.869596283666569e-06
476,1,0,476,0.0031415913616617487,0.0006853995948699065,9.869596283667723e-06
477,0,0,477,0.0031415913616615596,0.00477001286103107,9.869596283666533e-06
478,1,0,478,0.0031415913616615696,0.0062742393396446605,9.869596283666593e-06
479,0,0,479,0.003141591361661789,5.197986116423081e-05,9.869596283667975e-06
480,1,0,480,0.00314159136166146,0.0035599116389666285,9.869596283665906e-06
481,0,0,481,0.003141591361661726,0.006191401456179246,9.869596283667579e-06
482,0,0,482,0.003141591361661708,0.006267592651438392,9.869596283667465e-06
483,0,0,483,0.0031415913616615657,0.0042827901856759,9.86959628366657e-06
484,1,0,484,0.0031415913616617804,0.0010138628551268347,9.86959628366792e-06
485,0,0,485,0.0031415913616617656,0.004053117139534379,9.869596283667828e-06
486,0,0,486,0.0031415913616614655,0.003847579827991332,9.869596283665939e-06
487,1,0,487,0.0031415913616616347,0.004304072932875824,9.869596283667003e-06
488,1,0,488,0.0031415913616616256,0.006036537963657773,9.869596283666945e-06
489,0,0,489,0.003141591361661749,0.0012749768678932405,9.869596283667723e-06
490,0,0,490,0.0031415913616618086,0.0061262273271082135,9.869596283668095e-06
491,1,0,491,0.003141591361661809,0.003357369520545994,9.869596283668099e-06
492,1,0,492,0.003141591361661805,0.006281581554513416,9.869596283668075e-06
493,0,0,493,0.0031415913616615336,0.0027564303860676542,9.869596283666369e-06
494,0,0,494,0.0031415913616615544,0.004911002325084457,9.8695962836665e-06
495,1,0,495,0.0031415913616617943,0.005566411257730053,9.869596283668005e-06
496,1,0,496,0.0031415913616617635,0.00028030476965779094,9.869596283667812e-06
497,0,0,497,0.003141591361661496,0.004357874262203687,9.86959628366613e-06
498,1,0,498,0.0031415913616617513,0.006153569918520785,9.869596283667734e-06
499,1,0,499,0.0031415913616618155,0.0061391831557774945,9.869596283668141e-06
500,1,0,500,0.003141591361661577,0.0008950485459651158,9.86959628366664e-06
501,1,0,501,0.0031415913616616845,0.002905501941667943,9.869596283667314e-06
502,0,0,502,0.0031415913616615583,8.866621005765296e-05,9.86959628366652e-06
503,1,0,503,0.0031415913616617487,0.0033974945844639226,9.869596283667719e-06
504,1,0,504,0.0031415913616618116,0.0033081124739722245,9.869596283668114e-06
505,0,0,505,0.0031415913616617617,0.0004235016260758506,9.8695962836678e-06
506,0,0,506,0.003141591361661754,0.0034743368883598524,9.869596283667753e-06
507,0,0,507,0.0031415913616615874,0.0008046628832323321,9.869596283666706e-06
508,0,0,508,0.0031415913616618255,0.0018362333144810172,9.869596283668202e-06
509,1,0,509,0.003141591361661777,0.006282695179993247,9.869596283667897e-06
510,1,0,510,0.003141591361661751,0.003494203149664088,9.869596283667734e-06
511,1,0,511,0.0031415913616617747,0.002218644514825785,9.869596283667882e-06
512,0,0,512,0.003141591361661611,0.00500921751270722,9.869596283666853e-06
513,0,0,513,0.003141591361661538,0.0001959221705192249,9.869596283666393e-06
514,0,0,514,0.003141591361661627,0.00172553488072813,9.869596283666953e-06
515,0,0,515,0.0031415913616615965,0.005061543306733363,9.869596283666764e-06
516,1,0,516,0.0031415913616616273,0.0059956166252062015,9.869596283666955e-06
517,0,0,517,0.0031415913616618016,0.0045868363955765545,9.869596283668051e-06
518,1,0,518,0.003141591361661608,0.003008765782793077,9.869596283666838e-06
519,0,0,519,0.003141591361661705,0.0025557870237746805,9.869596283667445e-06
520,0,0,520,0.003141591361661698,0.006269888754251274,9.8695962836674e-06
521,1,0,521,0.0031415913616615688,0.004146075874338573,9.869596283666591e-06
522,1,0,522,0.0031415913616615935,0.003578293822180001,9.869596283666743e-06
523,0,0,523,0.0031415913616615284,0.00046317724602396027,9.869596283666335e-06
524,1,0,524,0.0031415913616617943,0.006272783722902034,9.869596283668004e-06
525,1,0,525,0.0031415913616615228,0.000664585578415311,9.869596283666298e-06
526,0,0,526,0.0031415913616618025,0.0018676349479225252,9.869596283668058e-06
527,0,0,527,0.0031415913616617626,0.0009652352660545205,9.869596283667806e-06
528,0,0,528,0.003141591361661754,0.0031800546455489354,9.869596283667753e-06
529,1,0,529,0.003141591361661789,0.0002477539830834097,9.869596283667968e-06
530,0,0,530,0.0031415913616615362,0.00627053738208308,9.869596283666386e-06
531,1,0,531,0.0031415913616618155,0.001218173979981474,9.86959628366814e-06
532,0,0,532,0.003141591361661549,0.004682699744598784,9.869596283666462e-06
533,1,0,533,0.003141591361661756,0.0021964767607223212,9.869596283667765e-06
534,1,0,534,0.0031415913616618884,0.0030960890703413124,9.869596283668597e-06
535,1,0,535,0.003141591361661776,0.0004909241153556732,9.86959628366789e-06
536,1,0,536,0.003141591361661564,0.006282139118723079,9.869596283666559e-06
537,1,0,537,0.00314159136166187,0.005628258817026888,9.869596283668483e-06
538,1,0,538,0.0031415913616614564,0.006272209407884088,9.869596283665883e-06
539,0,0,539,0.003141591361661605,0.004043804606737256,9.869596283666818e-06
540,0,0,540,0.0031415913616617518,0.004072561754467685,9.86959628366774e-06
541,1,0,541,0.0031415913616617483,0.0023124597007810888,9.869596283667716e-06
542,1,0,542,0.0031415913616617353,0.0020592552134384157,9.869596283667634e-06
543,1,0,543,0.0031415913616615683,0.006264933419968588,9.869596283666586e-06
544,0,0,544,0.003141591361661744,0.0041203532025531064,9.86959628366769e-06
545,1,0,545,0.003141591361661807,0.0006677464120570242,9.869596283668083e-06
546,0,0,546,0.0031415913616618637,0.004219799695473814,9.869596283668444e-06
547,1,0,547,0.0031415913616617813,0.001282289084150623,9.86959628366792e-06
548,0,0,548,0.003141591361661553,0.0038007034390232786,9.869596283666491e-06
549,1,0,549,0.0031415913616615614,0.0004528159643308882,9.869596283666542e-06
550,0,0,550,0.003141591361661566,0.0020717738920688067,9.869596283666572e-06
551,1,0,551,0.0031415913616614256,0.0036917298145739963,9.86959628366569e-06
552,1,0,552,0.003141591361661828,0.0057177705631050735,9.869596283668217e-06
553,0,0,553,0.0031415913616617045,0.0029901474267004513,9.869596283667443e-06
554,1,0,554,0.003141591361661666,0.0038219213940677843,9.869596283667197e-06
555,1,0,555,0.0031415913616615505,0.0053415919271111445,9.869596283666476e-06
556,0,0,556,0.0031415913616617236,0.0006240880205496957,9.869596283667562e-06
557,1,0,557,0.0031415913616615297,0.0050984507515421384,9.869596283666344e-06
558,0,0,558,0.003141591361661783,0.006265217128532008,9.869596283667936e-06
559,1,0,559,0.003141591361661725,0.004287814623373132,9.869596283667568e-06
560,0,0,560,0.00314159136166153,0.0017811679988704032,9.869596283666349e-06
561,1,0,561,0.003141591361661847,0.0046852075633407875,9.86959628366834e-06
562,0,0,562,0.0031415913616618515,0.0037817475415169444,9.869596283668366e-06
563,1,0,563,0.0031415913616615674,0.005970085600991992,9.869596283666579e-06
564,1,0,564,0.0031415913616616438,0.005265383974085491,9.86959628366706e-06
565,0,0,565,0.0031415913616617405,0.0015337053163815284,9.869596283667667e-06
566,0,0,566,0.0031415913616615393,0.0009659124368164296,9.869596283666401e-06
567,0,0,567,0.003141591361661789,0.006205753676567005,9.869596283667975e-06
568,0,0,568,0.003141591361661481,0.004347356537839575,9.869596283666039e-06
569,1,0,569,0.0031415913616618368,0.0052471567720020484,9.869596283668271e-06
570,0,0,570,0.003141591361661594,0.002939814436457633,9.869596283666748e-06
571,1,0,571,0.0031415913616613736,0.0005478427638330174,9.869596283665363e-06
572,1,0,572,0.0031415913616616204,0.006213221402623259,9.869596283666913e-06
573,1,0,573,0.0031415913616617843,0.003771435509259957,9.869596283667943e-06
574,1,0,574,0.003141591361661592,0.005924288217979079,9.869596283666737e-06
575,1,0,575,0.0031415913616617518,0.0057404685236909225,9.869596283667738e-06
576,1,0,576,0.0031415913616617813,0.0021337165460746377,9.869596283667924e-06
577,1,0,577,0.003141591361661539,0.0015743849810250232,9.8695962836664e-06
578,1,0,578,0.0031415913616617956,0.003667306073589005,9.869596283668016e-06
579,0,0,579,0.0031415913616615262,0.005844484149411633,9.869596283666322e-06
580,1,0,580,0.003141591361661604,0.006201913979045348,9.869596283666811e-06
581,1,0,581,0.0031415913616615583,0.001552043025607297,9.869596283666523e-06
582,1,0,582,0.0031415913616617275,0.00451140523936977,9.869596283667587e-06
583,0,0,583,0.003141591361661575,0.004561634900063671,9.869596283666625e-06
584,1,0,584,0.0031415913616618225,0.0058705861167026585,9.869596283668183e-06
585,0,0,585,0.003141591361661546,0.0060989341626231375,9.869596283666449e-06
586,1,0,586,0.0031415913616618333,0.0022736612783735843,9.86959628366825e-06
587,0,0,587,0.0031415913616616234,0.0024628983825325523,9.86959628366693e-06
588,0,0,588,0.003141591361661797,0.005972954046153167,9.86959628366802e-06
589,1,0,589,0.0031415913616615375,0.002412852359223505,9.869596283666391e-06
590,0,0,590,0.003141591361661811,0.00213782684712438,9.869596283668112e-06
591,0,0,591,0.0031415913616615397,0.00597086656606316,9.869596283666405e-06
592,1,0,592,0.003141591361661902,0.003261578725206604,9.869596283668675e-06
593,1,0,593,0.0031415913616617687,0.006281953497100784,9.869596283667844e-06
594,0,0,594,0.00314159136166154,0.003506467544208247,9.86959628366641e-06
595,1,0,595,0.0031415913616618225,0.003937346090913563,9.869596283668182e-06
596,1,0,596,0.003141591361661791,0.006191255023601239,9.86959628366798e-06
597,1,0,597,0.0031415913616617114,0.0011510208636626995,9.869596283667482e-06
598,1,0,598,0.0031415913616616056,0.006278753372242707,9.869596283666821e-06
599,1,0,599,0.003141591361661663,0.0018952319713874122,9.86959628366718e-06
600,1,0,600,0.0031415913616618368,0.00408216350345092,9.869596283668275e-06
601,0,0,601,0.003141591361661504,0.006149315958852486,9.869596283666184e-06
602,0,0,602,0.003141591361661461,0.0031437923810304635,9.869596283665913e-06
603,0,0,603,0.003141591361661555,0.006266323151525227,9.869596283666503e-06
604,1,0,604,0.003141591361661786,0.0062606899477594125,9.869596283667953e-06
605,1,0,605,0.003141591361661804,0.00023485699016911887,9.869596283668065e-06
606,0,0,606,0.00314159136166149,0.004543431718307511,9.869596283666095e-06
607,0,0,607,0.003141591361661764,0.0062434669877140525,9.869596283667817e-06
608,0,0,608,0.003141591361661733,0.006038456039595408,9.86959628366762e-06
609,1,0,609,0.0031415913616617765,0.001456137509600719,9.869596283667895e-06
610,1,0,610,0.0031415913616617036,0.005948362169717614,9.869596283667438e-06
611,1,0,611,0.0031415913616618845,0.002210988663648994,9.869596283668575e-06
612,0,0,612,0.0031415913616617717,0.0062210053440404645,9.869596283667865e-06
613,0,0,613,0.0031415913616616993,0.0062683601238316955,9.869596283667409e-06
614,1,0,614,0.0031415913616615475,0.0031684870222095096,9.869596283666455e-06
615,1,0,615,0.003141591361661582,0.0012554872010808182,9.86959628366667e-06
616,1,0,616,0.0031415913616617353,0.0021668348716501473,9.869596283667636e-06
617,0,0,617,0.0031415913616615176,0.002606406686055829,9.869596283666267e-06
618,0,0,618,0.0031415913616616433,0.004664905166516853,9.869596283667057e-06
619,0,0,619,0.003141591361661488,0.0007294533765684896,9.86959628366608e-06
620,1,0,620,0.0031415913616615835,0.005650944791004919,9.869596283666682e-06
621,1,0,621,0.0031415913616614573,0.004403572412118528,9.869596283665891e-06
622,0,0,622,0.0031415913616617813,0.002317781291206078,9.869596283667924e-06
623,0,0,623,0.0031415913616617453,0.0006632831181954124,9.869596283667695e-06
624,1,0,624,0.0031415913616614447,0.004836597021490752,9.86959628366581e-06
625,1,0,625,0.003141591361661705,0.0057029103754328014,9.869596283667445e-06
626,0,0,626,0.003141591361661903,0.003966735520549047,9.869596283668688e-06
627,1,0,627,0.0031415913616614877,0.005558832473788855,9.869596283666081e-06
628,1,0,628,0.0031415913616615336,0.006129149801191058,9.869596283666367e-06
629,1,0,629,0.003141591361661795,0.005601660323752977,9.869596283668014e-06
630,1,0,630,0.003141591361661703,0.0048691706991004224,9.869596283667435e-06
631,1,0,631,0.0031415913616615982,0.0014718873726409232,9.869596283666772e-06
632,1,0,632,0.003141591361661583,0.005614414759385511,9.869596283666677e-06
633,1,0,633,0.0031415913616617587,0.0008330492329267081,9.869596283667782e-06
634,0,0,634,0.003141591361661716,0.005952421781297401,9.869596283667516e-06
635,0,0,635,0.0031415913616614738,0.0061701764131533166,9.869596283665991e-06
636,0,0,636,0.0031415913616616702,0.00577895388627403,9.869596283667228e-06
637,1,0,637,0.0031415913616614816,0.006178319859458492,9.869596283666044e-06
638,1,0,638,0.0031415913616616017,0.004833231396490056,9.869596283666798e-06
639,0,0,639,0.003141591361661805,0.001406163162187779,9.869596283668075e-06
640,1,0,640,0.0031415913616616347,0.004760161439993693,9.869596283667e-06
641,1,0,641,0.003141591361661816,0.003942902953199434,9.86959628366814e-06
642,0,0,642,0.003141591361661814,0.005380753933073024,9.869596283668132e-06
643,0,0,643,0.0031415913616615948,0.005874171101723613,9.869596283666754e-06
644,0,0,644,0.003141591361661636,0.0034022687321904055,9.869596283667013e-06
645,0,0,645,0.0031415913616618172,0.003603358593227801,9.86959628366815e-06
646,1,0,646,0.003141591361661726,0.005937817287018254,9.869596283667579e-06
647,1,0,647,0.0031415913616615948,0.0026853878189951885,9.86959628366675e-06
648,1,0,648,0.0031415913616618285,0.004830269988122415,9.86959628366822e-06
649,0,0,649,0.003141591361661746,0.0018584440570128535,9.869596283667704e-06
650,0,0,650,0.0031415913616618086,0.006271219870994937,9.869596283668095e-06
651,1,0,651,0.0031415913616616126,0.0045030647203032625,9.869596283666864e-06
652,0,0,652,0.00314159136166158,0.0027184262161905615,9.86959628366666e-06
653,1,0,653,0.00314159136166172,0.005621214195028035,9.869596283667538e-06
654,1,0,654,0.003141591361661527,0.00016639138700513811,9.869596283666327e-06
655,0,0,655,0.0031415913616618133,0.0052166928251196065,9.869596283668126e-06
656,1,0,656,0.003141591361661518,0.005330622354779546,9.86959628366627e-06
657,0,0,657,0.003141591361661662,0.00337689558203369,9.869596283667174e-06
658,1,0,658,0.0031415913616615167,0.005470678053983047,9.869596283666262e-06
659,0,0,659,0.0031415913616617457,0.0033583193752755314,9.869596283667702e-06
660,1,0,660,0.00314159136166174,0.006236695694472438,9.869596283667667e-06
661,1,0,661,0.003141591361661608,0.0061921741716285394,9.869596283666838e-06
662,1,0,662,0.003141591361661789,0.0025788598265659157,9.869596283667975e-06
663,1,0,663,0.003141591361661787,0.0012282918870560877,9.869596283667958e-06
664,1,0,664,0.0031415913616617414,0.0011651101225811367,9.869596283667673e-06
665,1,0,665,0.0031415913616616694,0.004649702745369133,9.869596283667223e-06
666,1,0,666,0.0031415913616616134,0.004090850772088261,9.86959628366687e-06
667,0,0,667,0.0031415913616615653,0.005638315843257691,9.869596283666569e-06
668,0,0,668,0.00314159136166182,0.0022604499776179843,9.869596283668168e-06
669,1,0,669,0.0031415913616617873,0.0010552470083668997,9.869596283667961e-06
670,1,0,670,0.0031415913616615544,0.0020100879737923183,9.8695962836665e-06
671,1,0,671,0.0031415913616615965,0.003889663668288579,9.869596283666762e-06
672,1,0,672,0.0031415913616617904,0.006199179648286424,9.869596283667982e-06
673,0,0,673,0.003141591361661744,0.0007774786202903172,9.86959628366769e-06
674,1,0,674,0.0031415913616617782,0.006258892361870411,9.869596283667904e-06
675,1,0,675,0.0031415913616617574,6.544314228706938e-05,9.869596283667772e-06
676,1,0,676,0.003141591361661646,0.005925051759572253,9.869596283667075e-06
677,0,0,677,0.0031415913616617422,0.0035489000082853384,9.869596283667678e-06
678,1,0,678,0.003141591361661616,0.00613033691475251,9.869596283666887e-06
679,0,0,679,0.0031415913616618285,0.006245586454133811,9.86959628366822e-06
680,1,0,680,0.003141591361661609,0.0062307343416491134,9.869596283666842e-06
681,0,0,681,0.003141591361661921,0.005409387646611252,9.8695962836688e-06
682,1,0,682,0.003141591361661477,0.0011122056251631207,9.869596283666012e-06
683,0,0,683,0.003141591361661723,0.005690914957144133,9.869596283667558e-06
684,0,0,684,0.003141591361661788,0.001142263064108917,9.869596283667966e-06
685,1,0,685,0.003141591361661637,0.006203496271696807,9.869596283667016e-06
686,0,0,686,0.0031415913616618264,0.0008044634030048847,9.869596283668207e-06
687,0,0,687,0.003141591361661784,0.00543925448039928,9.86959628366794e-06
688,0,0,688,0.003141591361661777,0.0006958854341001519,9.869596283667897e-06
689,0,0,689,0.003141591361661773,0.0005090181889184642,9.869596283667872e-06
690,1,0,690,0.003141591361661814,0.0019313950383352818,9.86959628366813e-06
691,1,0,691,0.0031415913616617813,0.0035484828579941396,9.869596283667924e-06
692,0,0,692,0.0031415913616617583,0.004410140969803855,9.86959628366778e-06
693,0,0,693,0.0031415913616617687,0.0025874737879136855,9.869596283667844e-06
694,0,0,694,0.0031415913616618593,0.001969886260566378,9.869596283668414e-06
695,1,0,695,0.0031415913616617466,0.006282377182758439,9.869596283667706e-06
696,1,0,696,0.0031415913616617613,0.0021900660217550882,9.869596283667799e-06
697,1,0,697,0.003141591361661763,0.006191228533031279,9.86959628366781e-06
698,0,0,698,0.003141591361661779,0.006036005252645027,9.869596283667909e-06
699,1,0,699,0.003141591361661715,0.0027658433676180927,9.869596283667506e-06
700,0,0,700,0.003141591361661757,0.0007047074055279712,9.869596283667773e-06
701,0,0,701,0.00314159136166181,0.0029006341877806374,9.869596283668104e-06
702,0,0,702,0.0031415913616618116,0.005233553408196201,9.869596283668116e-06
703,0,0,703,0.003141591361661731,0.005588530422688143,9.869596283667606e-06
704,1,0,704,0.003141591361661813,0.004963903232871214,9.86959628366812e-06
705,1,0,705,0.003141591361661711,0.0044574474849032875,9.869596283667482e-06
706,0,0,706,0.0031415913616619036,0.006116535909330922,9.869596283668693e-06
707,1,0,707,0.0031415913616615653,0.004105077356369113,9.86959628366657e-06
708,0,0,708,0.0031415913616617596,0.0034686147587992266,9.869596283667789e-06
709,0,0,709,0.00314159136166186,0.0033068601066532644,9.86959628366842e-06
710,1,0,710,0.0031415913616616702,0.002724625529059166,9.869596283667228e-06
711,1,0,711,0.0031415913616616355,0.005685759628956011,9.86959628366701e-06
712,1,0,712,0.003141591361661724,0.004275804762453594,9.869596283667565e-06
713,1,0,713,0.003141591361661761,0.0005705303438541254,9.869596283667795e-06
714,1,0,714,0.0031415913616616043,0.0033995483901929635,9.869596283666813e-06
715,0,0,715,0.0031415913616614755,0.0046351215231816845,9.869596283666001e-06
716,0,0,716,0.0031415913616617227,0.004847875320602046,9.869596283667556e-06
717,0,0,717,0.003141591361661855,0.005255415383141004,9.869596283668388e-06
718,0,0,718,0.003141591361661744,0.006188878799060604,9.86959628366769e-06
719,1,0,719,0.0031415913616617257,0.0012522713307683286,9.869596283667575e-06
720,1,0,720,0.003141591361661801,0.0010855127859858982,9.869596283668048e-06
721,1,0,721,0.003141591361661519,0.005495332432417399,9.869596283666276e-06
722,0,0,722,0.003141591361661696,0.005348109467280482,9.869596283667387e-06
723,0,0,723,0.0031415913616617396,0.006242446182350925,9.869596283667665e-06
724,1,0,724,0.003141591361661716,0.002369099127955465,9.869596283667516e-06
725,0,0,725,0.0031415913616618316,0.0038487801023598944,9.869596283668241e-06
726,0,0,726,0.00314159136166187,0.004888774319601108,9.869596283668485e-06
727,1,0,727,0.0031415913616615735,0.005415150470004626,9.869596283666618e-06
728,0,0,728,0.003141591361661801,0.0062759570385089725,9.869596283668051e-06
729,1,0,729,0.0031415913616615653,0.005273914988288553,9.869596283666567e-06
730,0,0,730,0.0031415913616616134,0.006222174610971187,9.869596283666869e-06
731,0,0,731,0.003141591361661479,0.006228611358890301,9.869596283666027e-06
732,1,0,732,0.0031415913616617886,0.0001454502371656119,9.869596283667968e-06
733,0,0,733,0.0031415913616618793,0.0005712270536839537,9.869596283668539e-06
734,1,0,734,0.003141591361661748,0.005045907485043966,9.869596283667714e-06
735,1,0,735,0.0031415913616616186,0.005842528179999973,9.869596283666901e-06
736,0,0,736,0.0031415913616618663,0.0013522842474884555,9.86959628366846e-06
737,0,0,737,0.003141591361661665,0.002476316346389673,9.869596283667192e-06
738,0,0,738,0.0031415913616617804,0.0062794932738720055,9.869596283667916e-06
739,0,0,739,0.003141591361661495,0.005091633595718292,9.869596283666127e-06
740,1,0,740,0.003141591361661782,0.0013426716438220687,9.86959628366793e-06
741,0,0,741,0.003141591361661536,0.006251043312253124,9.869596283666379e-06
742,0,0,742,0.003141591361661787,0.00015200562487738267,9.869596283667956e-06
743,1,0,743,0.0031415913616614473,0.0027102593125241103,9.869596283665825e-06
744,1,0,744,0.003141591361661734,0.0005861156671502776,9.869596283667626e-06
745,0,0,745,0.003141591361661583,8.202279588087613e-05,9.869596283666677e-06
746,1,0,746,0.003141591361661607,0.0016960125291634043,9.869596283666821e-06
747,0,0,747,0.0031415913616617388,0.006202202987226291,9.869596283667656e-06
748,0,0,748,0.0031415913616616143,0.0047568882963635595,9.869596283666875e-06
749,1,0,749,0.0031415913616616594,0.005929777269144232,9.86959628366716e-06
750,1,0,750,0.003141591361661768,0.006244309148192739,9.86959628366784e-06
751,0,0,751,0.003141591361661734,0.0021447580227853535,9.869596283667626e-06
752,1,0,752,0.003141591361661769,0.0028748204823392243,9.869596283667848e-06
753,0,0,753,0.0031415913616617873,1.3085933208367706e-05,9.869596283667963e-06
754,0,0,754,0.003141591361661845,0.0007423582853769428,9.869596283668324e-06
755,1,0,755,0.003141591361661673,0.0062804651754289065,9.869596283667243e-06
756,1,0,756,0.00314159136166142,0.005965826052158896,9.869596283665656e-06
757,0,0,757,0.0031415913616618654,0.004199130087374492,9.869596283668453e-06
758,1,0,758,0.003141591361661869,0.003542739928615646,9.869596283668473e-06
759,0,0,759,0.00314159136166188,0.005840215303720586,9.869596283668544e-06
760,1,0,760,0.0031415913616618008,0.000677348658665311,9.869596283668041e-06
761,1,0,761,0.003141591361661749,0.0053664336553436165,9.869596283667723e-06
762,0,0,762,0.003141591361661587,0.004320396931175363,9.869596283666704e-06
763,0,0,763,0.0031415913616617145,0.006242269105172893,9.869596283667506e-06
764,1,0,764,0.0031415913616615805,0.0041145747866830895,9.869596283666662e-06
765,1,0,765,0.0031415913616618723,0.003885025732514258,9.869596283668497e-06
766,1,0,766,0.003141591361661801,0.0006302882328754755,9.86959628366805e-06
767,0,0,767,0.003141591361661767,0.00346405988159737,9.869596283667834e-06
768,1,0,768,0.003141591361661779,0.00031104265284565,9.869596283667912e-06
769,1,0,769,0.003141591361661562,0.0062748536551801015,9.869596283666543e-06
770,0,0,770,0.003141591361661534,0.006148360139531461,9.869596283666372e-06
771,0,0,771,0.003141591361661603,0.005863803539561729,9.869596283666806e-06
772,0,0,772,0.003141591361661723,0.006236177086203165,9.869596283667562e-06
773,0,0,773,0.003141591361661797,0.0015865785606257177,9.869596283668022e-06
774,1,0,774,0.003141591361661533,0.006021210130938592,9.869596283666366e-06
775,1,0,775,0.0031415913616617765,0.004743876806730718,9.869596283667894e-06
776,0,0,776,0.0031415913616615293,0.005650337041207876,9.869596283666342e-06
777,1,0,777,0.0031415913616614985,0.0036557680573545692,9.869596283666145e-06
778,0,0,778,0.003141591361661737,0.0010673181105662621,9.869596283667645e-06
779,0,0,779,0.003141591361661836,0.0025825039691784735,9.869596283668261e-06
780,0,0,780,0.0031415913616617895,0.0008708349419528361,9.869596283667978e-06
781,1,0,781,0.0031415913616617695,0.006281027956867802,9.86959628366785e-06
782,1,0,782,0.0031415913616616516,0.005093387383984904,9.869596283667111e-06
783,0,0,783,0.003141591361661523,0.002072690056927229,9.869596283666305e-06
784,1,0,784,0.0031415913616617166,0.0060603076335038475,9.86959628366752e-06
785,0,0,785,0.0031415913616615445,0.0030468791708957443,9.869596283666438e-06
786,0,0,786,0.0031415913616619365,0.0031722209674687196,9.8695962836689e-06
787,0,0,787,0.0031415913616615913,0.005264900493974212,9.86959628366673e-06
788,0,0,788,0.0031415913616616564,0.0006012798471239922,9.869596283667136e-06
789,1,0,789,0.0031415913616617075,0.0033746985922755712,9.86959628366746e-06
790,0,0,790,0.0031415913616617756,0.0029252168827413882,9.869596283667889e-06
791,1,0,791,0.003141591361661797,0.0032418534294174073,9.869596283668024e-06
792,1,0,792,0.0031415913616617665,0.002772424420940167,9.869596283667833e-06
793,0,0,793,0.003141591361661763,0.0013021182957515531,9.86959628366781e-06
794,0,0,794,0.0031415913616615714,0.001916356999072777,9.869596283666608e-06
795,1,0,795,0.0031415913616616355,0.005810950163251949,9.869596283667008e-06
796,0,0,796,0.0031415913616615067,0.004362970767144425,9.8695962836662e-06
797,0,0,797,0.0031415913616617296,0.003843428776505231,9.869596283667599e-06
798,0,0,798,0.0031415913616617643,0.006167303379133182,9.869596283667817e-06
799,0,0,799,0.0031415913616617687,0.002476971185738419,9.869596283667844e-06
800,1,0,800,0.003141591361661785,0.002873912385853661,9.86959628366795e-06
801,0,0,801,0.003141591361661535,0.00044045609057619117,9.869596283666377e-06
802,1,0,802,0.0031415913616617973,0.004028452328530774,9.869596283668024e-06
803,1,0,803,0.0031415913616617045,0.0033825126246316284,9.869596283667443e-06
804,0,0,804,0.003141591361661722,0.00047388682655191694,9.86959628366755e-06
805,1,0,805,0.0031415913616617314,0.0038284693324692753,9.86959628366761e-06
806,1,0,806,0.0031415913616617544,0.0010362141774065137,9.869596283667755e-06
807,0,0,807,0.0031415913616617574,0.0062127574000487296,9.869596283667775e-06
808,1,0,808,0.003141591361661752,0.005267707221633611,9.869596283667743e-06
809,0,0,809,0.0031415913616615753,0.0007738297435440078,9.869596283666628e-06
810,1,0,810,0.0031415913616617934,0.004665768947145432,9.869596283668002e-06
811,0,0,811,0.003141591361661744,0.0039807705826966355,9.869596283667692e-06
812,0,0,812,0.0031415913616618693,0.005712737388206657,9.869596283668478e-06
813,1,0,813,0.0031415913616615757,0.006275670805943712,9.869596283666632e-06
814,1,0,814,0.0031415913616617565,0.006234524990690243,9.869596283667768e-06
815,0,0,815,0.0031415913616617787,0.0006125890604875561,9.869596283667907e-06
816,0,0,816,0.0031415913616617743,0.005778426311652929,9.869596283667882e-06
817,1,0,817,0.003141591361661789,0.006261262551797431,9.869596283667975e-06
818,1,0,818,0.0031415913616615995,0.004160424820962794,9.869596283666784e-06
819,1,0,819,0.003141591361661583,0.005405271395346745,9.869596283666679e-06
820,1,0,820,0.003141591361661721,0.0049180486100717236,9.869596283667546e-06
821,0,0,821,0.003141591361661744,0.0035297886633223197,9.86959628366769e-06
822,0,0,822,0.0031415913616617366,0.005757263158193027,9.869596283667641e-06
823,1,0,823,0.0031415913616617435,0.001261428495088479,9.86959628366769e-06
824,1,0,824,0.0031415913616618524,0.004729299805292131,9.86959628366837e-06
825,0,0,825,0.0031415913616617665,0.00044072881185841517,9.869596283667834e-06
826,0,0,826,0.0031415913616616976,8.968083072824484e-06,9.869596283667399e-06
827,1,0,827,0.0031415913616617674,0.0018508895410709325,9.869596283667834e-06
828,0,0,828,0.0031415913616617943,0.004064346131984031,9.869596283668007e-06
829,0,0,829,0.0031415913616617036,0.005296626634349932,9.869596283667436e-06
830,1,0,830,0.003141591361661731,0.0010425560870144235,9.869596283667607e-06
831,0,0,831,0.0031415913616618307,0.0013571229286748476,9.869596283668232e-06
832,0,0,832,0.0031415913616614673,0.004902425424579304,9.86959628366595e-06
833,0,0,833,0.003141591361661553,0.006272510924671459,9.869596283666491e-06
834,0,0,834,0.0031415913616617093,0.004849342254011901,9.869596283667472e-06
835,1,0,835,0.0031415913616615605,0.0014450017961558093,9.869596283666538e-06
836,0,0,836,0.0031415913616617583,0.002135373208181246,9.86959628366778e-06
837,0,0,837,0.0031415913616617834,0.006267277196888188,9.869596283667938e-06
838,0,0,838,0.0031415913616615714,0.005096777058596791,9.869596283666604e-06
839,1,0,839,0.0031415913616615215,0.005142929258673323,9.869596283666293e-06
840,0,0,840,0.003141591361661767,0.0015927568952331939,9.869596283667831e-06
841,0,0,841,0.0031415913616615484,0.006259774155468578,9.869596283666462e-06
842,0,0,842,0.0031415913616615453,0.0057786087924307505,9.869596283666442e-06
843,0,0,843,0.003141591361661765,0.0011453200864601776,9.869596283667822e-06
844,0,0,844,0.00314159136166191,0.0003959173339720401,9.86959628366873e-06
845,0,0,845,0.00314159136166154,0.006239571915219844,9.869596283666411e-06
846,1,0,846,0.0031415913616617713,0.004448263403000974,9.869596283667861e-06
847,1,0,847,0.003141591361661842,0.005230974226825058,9.869596283668305e-06
848,0,0,848,0.003141591361661736,0.005067154793083617,9.869596283667641e-06
849,0,0,849,0.0031415913616617,0.0037776232263371234,9.869596283667414e-06
850,0,0,850,0.003141591361661796,0.0004617103422008828,9.869596283668014e-06
851,1,0,851,0.0031415913616619382,0.004193647114968613,9.869596283668912e-06
852,0,0,852,0.003141591361661473,0.0034469329461985776,9.869596283665984e-06
853,0,0,853,0.003141591361661985,0.00330049208405514,9.869596283669203e-06
854,0,0,854,0.0031415913616615063,0.004588942513304994,9.869596283666196e-06
855,1,0,855,0.0031415913616615306,0.0050401159566817455,9.869596283666347e-06
856,0,0,856,0.003141591361661568,0.0028898860953594507,9.869596283666584e-06
857,0,0,857,0.003141591361661519,0.00301840432194167,9.869596283666276e-06
858,1,0,858,0.003141591361661614,0.0032039137388188976,9.869596283666875e-06
859,1,0,859,0.0031415913616615445,0.006120737865935144,9.869596283666435e-06
860,0,0,860,0.0031415913616615293,0.006130202507829641,9.869596283666342e-06
861,0,0,861,0.0031415913616618463,0.004913856663839589,9.869596283668334e-06
862,1,0,862,0.003141591361661495,0.00010343136638479855,9.869596283666125e-06
863,1,0,863,0.0031415913616617414,0.006097050705787477,9.869596283667673e-06
864,1,0,864,0.0031415913616617357,0.004444432319470115,9.869596283667638e-06
865,0,0,865,0.0031415913616616407,0.004648059093146806,9.869596283667042e-06
866,0,0,866,0.003141591361661691,6.912533546898914e-05,9.869596283667358e-06
867,0,0,867,0.0031415913616618368,0.005785076080587093,9.869596283668273e-06
868,1,0,868,0.003141591361661729,0.003472538336728448,9.869596283667595e-06
869,1,0,869,0.00314159136166158,0.006217337749726437,9.869596283666659e-06
870,1,0,870,0.0031415913616617158,0.005162566306557981,9.869596283667512e-06
871,0,0,871,0.003141591361661783,0.006262507197097422,9.869596283667936e-06
872,0,0,872,0.003141591361661852,0.005854044702584105,9.869596283668368e-06
873,0,0,873,0.0031415913616615666,0.0006892247122369799,9.869596283666576e-06
874,0,0,874,0.003141591361661738,0.0041093169596373436,9.869596283667651e-06
875,0,0,875,0.003141591361661868,0.0029812184279434106,9.86959628366847e-06
876,0,0,876,0.003141591361661783,0.006274161433610259,9.869596283667934e-06
877,0,0,877,0.0031415913616617596,0.0007601656243561017,9.869596283667787e-06
878,0,0,878,0.0031415913616619708,0.004602864641981785,9.869596283669115e-06
879,1,0,879,0.0031415913616615857,5.434636788348435e-05,9.86959628366669e-06
880,1,0,880,0.0031415913616617765,0.0059803347341865765,9.869596283667895e-06
881,0,0,881,0.0031415913616617895,0.00223390064093687,9.869596283667975e-06
882,0,0,882,0.003141591361661653,0.006115375969630854,9.869596283667116e-06
883,1,0,883,0.0031415913616618,0.006205737691038604,9.869596283668041e-06
884,0,0,884,0.0031415913616617656,0.0025551742284359857,9.869596283667826e-06
885,0,0,885,0.0031415913616618186,0.0033538004999629223,9.869596283668156e-06
886,1,0,886,0.0031415913616618216,0.00479442002453645,9.869596283668177e-06
887,0,0,887,0.0031415913616617943,0.00625357821139344,9.869596283668007e-06
888,0,0,888,0.0031415913616617518,0.004216635881028052,9.869596283667736e-06
889,1,0,889,0.0031415913616618146,0.0023654294027208866,9.869596283668136e-06
890,1,0,890,0.0031415913616616377,0.006181124604813126,9.869596283667023e-06
891,0,0,891,0.0031415913616617617,0.0016801130158627942,9.869596283667802e-06
892,1,0,892,0.00314159136166182,0.0035815973277433244,9.869596283668168e-06
893,1,0,893,0.0031415913616617314,0.0055803665014331205,9.869596283667612e-06
894,1,0,894,0.0031415913616616455,0.006151799132062097,9.86959628366707e-06
895,0,0,895,0.0031415913616617227,0.003647715604261581,9.869596283667558e-06
896,1,0,896,0.0031415913616618615,0.004716572949537756,9.86959628366843e-06
897,0,0,897,0.003141591361661832,0.005705512535104207,9.869596283668244e-06
898,0,0,898,0.00314159136166173,0.004824384275363691,9.869596283667606e-06
899,1,0,899,0.0031415913616615796,0.0001843446218661171,9.869596283666655e-06
900,1,0,900,0.0031415913616615497,0.0059503408078475095,9.869596283666469e-06
901,1,0,901,0.0031415913616615965,0.005234226522836005,9.869596283666765e-06
902,0,0,902,0.003141591361661771,0.00589755610353726,9.869596283667858e-06
903,0,0,903,0.0031415913616617695,0.0023963333092684724,9.869596283667851e-06
904,1,0,904,0.0031415913616616377,0.0043817705299853404,9.869596283667021e-06
905,0,0,905,0.003141591361661571,0.006243523423385966,9.869596283666603e-06
906,1,0,906,0.0031415913616617544,0.006058504780975915,9.869596283667756e-06
907,1,0,907,0.003141591361661766,0.006280935275170707,9.86959628366783e-06
908,1,0,908,0.0031415913616617826,0.005396113045797568,9.869596283667931e-06
909,1,0,909,0.0031415913616615553,0.006272029178163829,9.869596283666504e-06
910,1,0,910,0.0031415913616615262,0.00593817743941405,9.869596283666323e-06
911,0,0,911,0.0031415913616617483,0.005004943743541768,9.869596283667716e-06
912,1,0,912,0.0031415913616617873,0.006183656875198507,9.869596283667963e-06
913,0,0,913,0.003141591361661442,0.005198266480065161,9.869596283665795e-06
914,1,0,914,0.0031415913616617856,0.005628487569628415,9.869596283667951e-06
915,0,0,915,0.003141591361661604,0.006134804982118158,9.869596283666808e-06
916,0,0,916,0.0031415913616615714,0.0003249174398574084,9.869596283666606e-06
917,1,0,917,0.003141591361661639,0.004930033763850927,9.869596283667031e-06
918,1,0,918,0.0031415913616617986,0.0041992969076816156,9.869596283668033e-06
919,1,0,919,0.0031415913616616854,0.003552807583426576,9.869596283667318e-06
920,1,0,920,0.003141591361661854,0.00589246599361315,9.869596283668382e-06
921,0,0,921,0.003141591361661778,0.00236070193002913,9.869596283667902e-06
922,1,0,922,0.0031415913616614803,0.005360846338168246,9.869596283666035e-06
923,0,0,923,0.0031415913616614946,0.0013826753194923214,9.869596283666122e-06
924,0,0,924,0.0031415913616617414,0.005018219535544377,9.869596283667672e-06
925,0,0,925,0.0031415913616617795,0.0017358244471734618,9.869596283667914e-06
926,1,0,926,0.0031415913616615497,0.0002484531658120126,9.86959628366647e-06
927,1,0,927,0.003141591361661774,0.0054589501619604075,9.869596283667878e-06
928,1,0,928,0.0031415913616617487,0.0005343370550090487,9.869596283667717e-06
929,1,0,929,0.0031415913616616533,0.005164969217120063,9.86959628366712e-06
930,0,0,930,0.0031415913616615818,0.004334864344460065,9.869596283666669e-06
931,0,0,931,0.003141591361661574,0.003352451030490755,9.86959628366662e-06
932,1,0,932,0.0031415913616615566,0.006206226407921012,9.869596283666515e-06
933,0,0,933,0.003141591361661836,0.0016865335312923335,9.869596283668268e-06
934,1,0,934,0.0031415913616615505,0.004569255137844008,9.869596283666476e-06
935,1,0,935,0.0031415913616615093,0.005499781082382582,9.869596283666218e-06
936,1,0,936,0.0031415913616615306,0.003852133661769175,9.869596283666349e-06
937,0,0,937,0.0031415913616616485,0.0023682461767446927,9.869596283667089e-06
938,1,0,938,0.00314159136166182,0.006174866778330068,9.869596283668166e-06
939,0,0,939,0.0031415913616614707,0.0047409554965474054,9.869596283665973e-06
940,0,0,940,0.0031415913616617713,0.005686617225851065,9.869596283667861e-06
941,0,0,941,0.0031415913616617396,0.005127368916602926,9.869596283667663e-06
942,1,0,942,0.003141591361661553,0.004005564550352947,9.86959628366649e-06
943,0,0,943,0.0031415913616617375,0.004208041266898999,9.869596283667648e-06
944,1,0,944,0.0031415913616616767,0.005521126037071111,9.869596283667269e-06
945,0,0,945,0.003141591361661482,0.006194440681008273,9.869596283666044e-06
946,1,0,946,0.0031415913616617587,0.0039269984601948416,9.869596283667784e-06
947,0,0,947,0.003141591361661755,0.006181655024415145,9.869596283667758e-06
948,1,0,948,0.003141591361661803,0.005417308010319699,9.86959628366806e-06
949,0,0,949,0.003141591361661755,0.00033218521870459483,9.869596283667755e-06
950,0,0,950,0.003141591361661796,0.006151211317329985,9.869596283668017e-06
951,0,0,951,0.003141591361661842,0.002594190612817071,9.869596283668307e-06
952,1,0,952,0.003141591361661795,0.005259466633383392,9.86959628366801e-06
953,0,0,953,0.0031415913616618264,0.006273727610032642,9.869596283668207e-06
954,1,0,954,0.0031415913616616273,0.00409236408743352,9.869596283666957e-06
955,1,0,955,0.0031415913616616455,0.001985996188928363,9.86959628366707e-06
956,1,0,956,0.003141591361661782,0.0025682984809185516,9.86959628366793e-06
957,0,0,957,0.0031415913616616776,0.001721555178645806,9.86959628366727e-06
958,1,0,958,0.003141591361661568,0.0029657725637199928,9.869596283666584e-06
959,1,0,959,0.003141591361661913,0.0034972130869468376,9.869596283668754e-06
960,0,0,960,0.003141591361661793,0.0011683136698823482,9.869596283667995e-06
961,0,0,961,0.003141591361661716,0.005056140930729258,9.869596283667516e-06
962,0,0,962,0.003141591361661756,0.00504208481550128,9.869596283667767e-06
963,0,0,963,0.0031415913616617795,0.0047028379096392126,9.869596283667912e-06
964,0,0,964,0.0031415913616614386,0.0006193713142774726,9.869596283665768e-06
965,0,0,965,0.0031415913616615575,0.0002412240130407195,9.86959628366652e-06
966,0,0,966,0.003141591361661772,0.006243365743148183,9.869596283667867e-06
967,0,0,967,0.0031415913616617943,0.004668551222381412,9.869596283668007e-06
968,1,0,968,0.0031415913616615223,0.006282615211884002,9.869596283666298e-06
969,1,0,969,0.0031415913616617726,0.006039804974851126,9.86959628366787e-06
970,1,0,970,0.003141591361661697,0.005873468219995237,9.869596283667396e-06
971,1,0,971,0.0031415913616615206,0.004707990037601473,9.869596283666288e-06
972,0,0,972,0.0031415913616615857,0.006283032182364701,9.869596283666696e-06
973,1,0,973,0.0031415913616615683,0.0006491904140037974,9.869596283666587e-06
974,0,0,974,0.0031415913616617453,0.005577496657477088,9.869596283667699e-06
975,1,0,975,0.0031415913616617843,0.0007121216763379401,9.869596283667944e-06
976,0,0,976,0.0031415913616617487,0.005236841459712593,9.869596283667719e-06
977,1,0,977,0.003141591361661779,0.0054993252488551025,9.869596283667912e-06
978,1,0,978,1.999997532599407,3.745478223439706,9.869596283669442e-06
979,1,0,979,0.003141591361661655,0.006155431487059659,9.86959628366713e-06
980,0,0,980,0.0031415913616616906,0.005369357228543148,9.869596283667353e-06
981,1,0,981,0.003141591361661558,0.0005748819630406743,9.869596283666523e-06
982,0,0,982,0.003141591361661774,0.0008842626321901026,9.869596283667877e-06
983,0,0,983,0.003141591361661829,0.004485649209310827,9.869596283668224e-06
984,1,0,984,0.0031415913616615566,0.006240976695865208,9.869596283666511e-06
985,1,0,985,0.003141591361661714,0.0056442705541029925,9.869596283667502e-06
986,1,0,986,0.003141591361661736,0.00047625673232998267,9.86959628366764e-06
987,0,0,987,0.0031415913616618524,0.0046125273738082395,9.869596283668371e-06
988,0,0,988,0.003141591361661701,0.0011710795969772647,9.869596283667418e-06
989,1,0,989,0.0031415913616618537,0.0029774338894639207,9.869596283668378e-06
990,1,0,990,0.0031415913616618138,0.0011274415912529978,9.869596283668129e-06
991,0,0,991,0.0031415913616618103,0.00627268094707667,9.869596283668105e-06
992,0,0,992,0.003141591361661762,0.006227918776790797,9.869596283667806e-06
993,0,0,993,0.003141591361661745,0.005996012876631318,9.869596283667695e-06
994,0,0,994,0.0031415913616617886,0.006147737141203424,9.86959628366797e-06
995,1,0,995,0.0031415913616615137,0.006228132430105782,9.869596283666244e-06
996,1,0,996,0.00314159136166175,0.0062738724236819365,9.869596283667726e-06
997,1,0,997,0.0031415913616617414,0.00034113485043385516,9.869596283667673e-06
998,0,0,998,0.0031415913616615037,0.0005475889601069817,9.86959628366618e-06
999,1,0,999,0.003141591361661665,0.00524507517366346,9.869596283667194e-06
