,Layer,Qubit,Run,2-Norm,Trace Norm,Diamond Norm
0,0,0,0,0.015707801777422575,0.03141560355484515,0.0002467350366787999
1,0,0,1,0.015707801777422592,0.031415603554845184,0.0002467350366788004
2,1,0,2,0.01570780177742262,0.03141560355484524,0.0002467350366788012
3,1,0,3,0.015707801777422585,0.03141560355484517,0.0002467350366788002
4,0,0,4,0.015707801777422613,0.031415603554845226,0.000246735036678801
5,0,0,5,0.01570780177742268,0.03141560355484536,0.0002467350366788031
6,0,0,6,0.015707801777422595,0.03141560355484519,0.0002467350366788005
7,1,0,7,0.015707801777422613,0.031415603554845226,0.00024673503667880094
8,0,0,8,0.01570780177742243,0.03141560355484486,0.0002467350366787952
9,0,0,9,0.015707801777422602,0.031415603554845205,0.0002467350366788007
10,1,0,10,0.015707801777422575,0.03141560355484515,0.0002467350366787998
11,1,0,11,0.01570780177742245,0.0314156035548449,0.0002467350366787959
12,0,0,12,0.015707801777422606,0.03141560355484521,0.00024673503667880077
13,0,0,13,0.01570780177742273,0.03141560355484546,0.00024673503667880473
14,1,0,14,0.015707801777422616,0.03141560355484524,0.00024673503667880115
15,1,0,15,0.01570780177742256,0.03141560355484512,0.0002467350366787993
16,0,0,16,0.01570780177742256,0.03141560355484512,0.0002467350366787993
17,1,0,17,0.015707801777422523,0.031415603554845045,0.00024673503667879817
18,0,0,18,0.01570780177742256,0.03141560355484512,0.0002467350366787994
19,1,0,19,0.01570780177742247,0.03141560355484494,0.00024673503667879654
20,1,0,20,0.015707801777422703,0.031415603554845406,0.00024673503667880386
21,1,0,21,0.01570780177742258,0.03141560355484516,0.00024673503667879996
22,1,0,22,0.01570780177742258,0.03141560355484516,0.00024673503667880007
23,0,0,23,0.015707801777422647,0.031415603554845295,0.00024673503667880213
24,0,0,24,0.015707801777422592,0.031415603554845184,0.00024673503667880034
25,0,0,25,0.015707801777422585,0.03141560355484517,0.00024673503667880007
26,1,0,26,0.015707801777422547,0.031415603554845094,0.000246735036678799
27,0,0,27,0.0157078017774227,0.0314156035548454,0.0002467350366788037
28,1,0,28,0.01570780177742254,0.03141560355484508,0.0002467350366787987
29,0,0,29,0.015707801777422748,0.031415603554845496,0.00024673503667880527
30,0,0,30,0.015707801777422672,0.031415603554845344,0.00024673503667880294
31,0,0,31,0.01570780177742263,0.03141560355484526,0.0002467350366788015
32,0,0,32,0.015707801777422547,0.031415603554845094,0.00024673503667879893
33,0,0,33,0.015707801777422606,0.03141560355484521,0.0002467350366788007
34,0,0,34,0.015707801777422595,0.03141560355484519,0.00024673503667880045
35,0,0,35,0.01570780177742265,0.0314156035548453,0.0002467350366788022
36,0,0,36,0.015707801777422568,0.031415603554845135,0.0002467350366787995
37,0,0,37,0.01570780177742266,0.03141560355484532,0.00024673503667880245
38,1,0,38,0.015707801777422765,0.03141560355484553,0.00024673503667880587
39,0,0,39,0.015707801777422387,0.031415603554844775,0.0002467350366787939
40,1,0,40,0.015707801777422547,0.031415603554845094,0.00024673503667879893
41,0,0,41,0.015707801777422575,0.03141560355484515,0.00024673503667879985
42,1,0,42,0.01570780177742256,0.03141560355484512,0.00024673503667879936
43,0,0,43,0.015707801777422606,0.03141560355484521,0.00024673503667880077
44,1,0,44,0.015707801777422543,0.03141560355484509,0.0002467350366787988
45,0,0,45,0.01570780177742254,0.03141560355484508,0.0002467350366787988
46,0,0,46,0.015707801777422575,0.03141560355484515,0.0002467350366787998
47,1,0,47,0.015707801777422578,0.031415603554845156,0.0002467350366787999
48,1,0,48,0.015707801777422557,0.031415603554845115,0.00024673503667879925
49,0,0,49,0.01570780177742255,0.0314156035548451,0.00024673503667879904
50,1,0,50,0.01570780177742267,0.03141560355484534,0.0002467350366788028
51,0,0,51,0.01570780177742246,0.03141560355484492,0.0002467350366787962
52,1,0,52,0.015707801777422637,0.031415603554845274,0.0002467350366788018
53,1,0,53,0.01570780177742266,0.03141560355484532,0.00024673503667880256
54,1,0,54,0.01570780177742268,0.03141560355484536,0.0002467350366788031
55,1,0,55,0.01570780177742261,0.03141560355484522,0.0002467350366788008
56,0,0,56,0.01570780177742269,0.03141560355484538,0.0002467350366788034
57,0,0,57,0.015707801777422658,0.031415603554845316,0.0002467350366788024
58,1,0,58,0.015707801777422703,0.031415603554845406,0.0002467350366788038
59,0,0,59,0.015707801777422686,0.03141560355484537,0.0002467350366788034
60,0,0,60,0.015707801777422942,0.031415603554845885,0.0002467350366788113
61,0,0,61,0.015707801777422616,0.03141560355484523,0.0002467350366788011
62,1,0,62,0.015707801777422717,0.031415603554845434,0.0002467350366788043
63,0,0,63,0.01570780177742252,0.03141560355484504,0.000246735036678798
64,1,0,64,0.0157078017774225,0.03141560355484499,0.0002467350366787973
65,1,0,65,0.015707801777422804,0.03141560355484561,0.00024673503667880695
66,1,0,66,0.015707801777422484,0.03141560355484497,0.00024673503667879703
67,0,0,67,0.015707801777422595,0.03141560355484519,0.0002467350366788004
68,1,0,68,0.01570780177742259,0.03141560355484518,0.0002467350366788003
69,0,0,69,0.01570780177742272,0.03141560355484544,0.00024673503667880446
70,1,0,70,0.015707801777422675,0.03141560355484535,0.000246735036678803
71,1,0,71,1.9999383152895798,3.999876630579159,0.00024673503667880646
72,1,0,72,0.015707801777422616,0.03141560355484523,0.00024673503667880104
73,1,0,73,0.015707801777422488,0.031415603554844976,0.00024673503667879703
74,1,0,74,0.015707801777422547,0.031415603554845094,0.00024673503667879893
75,0,0,75,0.015707801777422675,0.03141560355484535,0.00024673503667880294
76,1,0,76,0.01570780177742267,0.03141560355484534,0.00024673503667880267
77,0,0,77,0.015707801777422634,0.03141560355484527,0.0002467350366788017
78,0,0,78,0.015707801777422585,0.03141560355484517,0.0002467350366788001
79,0,0,79,0.015707801777422828,0.031415603554845656,0.0002467350366788078
80,1,0,80,0.01570780177742269,0.03141560355484538,0.0002467350366788034
81,1,0,81,0.015707801777422523,0.031415603554845045,0.0002467350366787982
82,0,0,82,0.015707801777422568,0.031415603554845135,0.00024673503667879947
83,0,0,83,0.015707801777422703,0.031415603554845406,0.00024673503667880386
84,0,0,84,0.015707801777422634,0.03141560355484527,0.0002467350366788017
85,0,0,85,0.015707801777422627,0.03141560355484525,0.0002467350366788015
86,1,0,86,0.015707801777422557,0.031415603554845115,0.00024673503667879915
87,0,0,87,0.015707801777422585,0.03141560355484517,0.0002467350366788002
88,0,0,88,0.015707801777422634,0.03141560355484527,0.00024673503667880164
89,1,0,89,0.015707801777422536,0.03141560355484507,0.00024673503667879855
90,0,0,90,0.01570780177742267,0.03141560355484534,0.0002467350366788027
91,0,0,91,0.015707801777422575,0.03141560355484515,0.00024673503667879974
92,0,0,92,0.015707801777422706,0.03141560355484541,0.0002467350366788039
93,1,0,93,0.01570780177742254,0.03141560355484508,0.0002467350366787987
94,1,0,94,0.015707801777422616,0.03141560355484523,0.0002467350366788011
95,1,0,95,0.01570780177742263,0.03141560355484526,0.0002467350366788015
96,1,0,96,0.01570780177742267,0.03141560355484534,0.0002467350366788027
97,0,0,97,0.01570780177742265,0.0314156035548453,0.0002467350366788022
98,1,0,98,0.015707801777422606,0.03141560355484521,0.00024673503667880077
99,1,0,99,0.015707801777422748,0.031415603554845496,0.00024673503667880527
100,0,0,100,0.01570780177742261,0.03141560355484522,0.0002467350366788009
101,1,0,101,0.015707801777422575,0.03141560355484515,0.0002467350366787998
102,0,0,102,0.015707801777422595,0.03141560355484519,0.00024673503667880045
103,0,0,103,0.015707801777422575,0.03141560355484515,0.0002467350366787998
104,1,0,104,0.01570780177742259,0.03141560355484518,0.0002467350366788001
105,1,0,105,0.01570780177742258,0.03141560355484516,0.00024673503667880007
106,1,0,106,0.015707801777422547,0.031415603554845094,0.00024673503667879893
107,0,0,107,0.01570780177742258,0.03141560355484516,0.0002467350366788
108,1,0,108,0.01570780177742266,0.03141560355484532,0.0002467350366788025
109,0,0,109,0.01570780177742283,0.03141560355484566,0.00024673503667880793
110,1,0,110,0.01570780177742256,0.03141560355484512,0.0002467350366787993
111,1,0,111,0.015707801777422533,0.031415603554845066,0.0002467350366787985
112,0,0,112,0.01570780177742256,0.03141560355484512,0.0002467350366787994
113,1,0,113,0.01570780177742258,0.03141560355484516,0.0002467350366788
114,1,0,114,0.015707801777422592,0.031415603554845184,0.00024673503667880034
115,1,0,115,0.01570780177742245,0.0314156035548449,0.0002467350366787959
116,1,0,116,0.015707801777422602,0.031415603554845205,0.0002467350366788007
117,1,0,117,0.015707801777422623,0.031415603554845246,0.0002467350366788013
118,1,0,118,0.01570780177742259,0.03141560355484518,0.0002467350366788002
119,1,0,119,0.0157078017774226,0.03141560355484519,0.0002467350366788005
120,1,0,120,0.015707801777422495,0.03141560355484499,0.0002467350366787973
121,1,0,121,0.01570780177742261,0.03141560355484522,0.00024673503667880094
122,0,0,122,0.01570780177742259,0.03141560355484518,0.00024673503667880023
123,0,0,123,0.01570780177742262,0.03141560355484524,0.00024673503667880126
124,1,0,124,0.015707801777422613,0.031415603554845226,0.00024673503667880094
125,0,0,125,0.015707801777422575,0.03141560355484515,0.0002467350366787998
126,1,0,126,0.015707801777422623,0.031415603554845246,0.0002467350366788013
127,1,0,127,0.01570780177742256,0.03141560355484512,0.00024673503667879936
128,1,0,128,0.01570780177742255,0.0314156035548451,0.00024673503667879904
129,0,0,129,0.015707801777422578,0.031415603554845156,0.00024673503667879996
130,0,0,130,0.015707801777422606,0.03141560355484521,0.0002467350366788007
131,1,0,131,0.01570780177742263,0.03141560355484526,0.0002467350366788015
132,1,0,132,0.01570780177742265,0.0314156035548453,0.00024673503667880224
133,1,0,133,0.01570780177742259,0.03141560355484518,0.0002467350366788003
134,0,0,134,0.015707801777422602,0.031415603554845205,0.0002467350366788006
135,1,0,135,0.015707801777422717,0.031415603554845434,0.0002467350366788043
136,1,0,136,0.015707801777422658,0.031415603554845316,0.0002467350366788024
137,0,0,137,0.015707801777422734,0.03141560355484547,0.00024673503667880484
138,1,0,138,0.015707801777422547,0.031415603554845094,0.0002467350366787989
139,0,0,139,0.015707801777422665,0.03141560355484533,0.00024673503667880267
140,1,0,140,0.01570780177742271,0.03141560355484542,0.000246735036678804
141,1,0,141,0.01570780177742267,0.03141560355484534,0.0002467350366788028
142,1,0,142,0.015707801777422623,0.031415603554845246,0.0002467350366788013
143,0,0,143,0.01570780177742265,0.0314156035548453,0.0002467350366788022
144,1,0,144,0.01570780177742259,0.03141560355484518,0.00024673503667880023
145,0,0,145,0.015707801777422543,0.03141560355484509,0.0002467350366787988
146,1,0,146,0.015707801777422585,0.03141560355484517,0.00024673503667880007
147,1,0,147,0.015707801777422533,0.031415603554845066,0.00024673503667879844
148,1,0,148,0.015707801777422842,0.031415603554845684,0.00024673503667880815
149,0,0,149,0.015707801777422634,0.03141560355484527,0.00024673503667880164
150,1,0,150,0.01570780177742262,0.03141560355484524,0.00024673503667880115
151,0,0,151,0.01570780177742274,0.03141560355484548,0.0002467350366788051
152,0,0,152,0.015707801777422616,0.03141560355484523,0.00024673503667880115
153,1,0,153,0.015707801777422616,0.03141560355484523,0.0002467350366788011
154,0,0,154,0.01570780177742255,0.0314156035548451,0.000246735036678799
155,1,0,155,0.01570780177742258,0.03141560355484516,0.0002467350366788
156,0,0,156,0.0157078017774227,0.0314156035548454,0.00024673503667880375
157,0,0,157,0.015707801777422613,0.031415603554845226,0.000246735036678801
158,1,0,158,0.015707801777422724,0.03141560355484545,0.0002467350366788045
159,0,0,159,0.015707801777422616,0.03141560355484523,0.0002467350366788011
160,1,0,160,0.01570780177742268,0.03141560355484536,0.00024673503667880305
161,0,0,161,0.015707801777422627,0.03141560355484525,0.0002467350366788014
162,0,0,162,0.015707801777422595,0.03141560355484519,0.00024673503667880045
163,1,0,163,0.01570780177742262,0.03141560355484524,0.00024673503667880126
164,1,0,164,0.015707801777422696,0.031415603554845385,0.0002467350366788036
165,0,0,165,0.015707801777422575,0.03141560355484515,0.0002467350366787998
166,1,0,166,0.015707801777422613,0.031415603554845226,0.00024673503667880104
167,0,0,167,0.01570780177742253,0.03141560355484506,0.0002467350366787984
168,0,0,168,0.015707801777422585,0.03141560355484517,0.00024673503667880007
169,1,0,169,0.01570780177742263,0.03141560355484526,0.00024673503667880153
170,1,0,170,0.015707801777422564,0.03141560355484513,0.0002467350366787994
171,1,0,171,0.01570780177742254,0.03141560355484508,0.0002467350366787987
172,0,0,172,0.015707801777422543,0.03141560355484509,0.00024673503667879877
173,1,0,173,0.0157078017774226,0.0314156035548452,0.00024673503667880056
174,0,0,174,0.015707801777422755,0.03141560355484551,0.00024673503667880554
175,0,0,175,0.015707801777422627,0.03141560355484525,0.0002467350366788015
176,1,0,176,0.015707801777422613,0.031415603554845226,0.00024673503667880094
177,0,0,177,0.01570780177742266,0.03141560355484532,0.0002467350366788025
178,1,0,178,0.01570780177742258,0.03141560355484516,0.00024673503667880007
179,0,0,179,0.015707801777422547,0.031415603554845094,0.000246735036678799
180,1,0,180,0.01570780177742255,0.0314156035548451,0.000246735036678799
181,0,0,181,0.015707801777422647,0.031415603554845295,0.00024673503667880197
182,1,0,182,0.01570780177742255,0.0314156035548451,0.00024673503667879904
183,0,0,183,0.015707801777422644,0.03141560355484529,0.00024673503667880197
184,1,0,184,0.015707801777422654,0.03141560355484531,0.00024673503667880224
185,0,0,185,0.01570780177742262,0.03141560355484524,0.0002467350366788013
186,0,0,186,0.01570780177742264,0.03141560355484528,0.00024673503667880186
187,1,0,187,0.015707801777422606,0.03141560355484521,0.0002467350366788009
188,0,0,188,0.015707801777422616,0.03141560355484523,0.0002467350366788011
189,0,0,189,0.015707801777422557,0.031415603554845115,0.00024673503667879925
190,0,0,190,0.015707801777422817,0.031415603554845635,0.0002467350366788074
191,0,0,191,0.015707801777422602,0.031415603554845205,0.0002467350366788006
192,1,0,192,0.015707801777422637,0.031415603554845274,0.0002467350366788018
193,0,0,193,0.01570780177742247,0.03141560355484494,0.0002467350366787966
194,0,0,194,0.015707801777422644,0.03141560355484529,0.00024673503667880197
195,0,0,195,0.01570780177742258,0.03141560355484516,0.00024673503667879996
196,1,0,196,0.015707801777422658,0.031415603554845316,0.00024673503667880245
197,1,0,197,0.015707801777422717,0.031415603554845434,0.00024673503667880424
198,1,0,198,0.015707801777422654,0.03141560355484531,0.00024673503667880234
199,0,0,199,0.01570780177742271,0.03141560355484542,0.0002467350366788041
200,1,0,200,0.015707801777422658,0.031415603554845316,0.0002467350366788024
201,1,0,201,0.01570780177742252,0.03141560355484504,0.000246735036678798
202,0,0,202,0.01570780177742266,0.03141560355484533,0.0002467350366788026
203,1,0,203,0.01570780177742257,0.03141560355484514,0.0002467350366787997
204,0,0,204,0.01570780177742251,0.03141560355484502,0.0002467350366787978
205,1,0,205,0.015707801777422575,0.03141560355484515,0.0002467350366787998
206,0,0,206,0.015707801777422748,0.031415603554845496,0.00024673503667880516
207,1,0,207,0.015707801777422703,0.031415603554845406,0.0002467350366788038
208,0,0,208,0.015707801777422602,0.031415603554845205,0.0002467350366788007
209,1,0,209,0.015707801777422578,0.031415603554845156,0.00024673503667879996
210,1,0,210,0.015707801777422637,0.031415603554845274,0.00024673503667880186
211,1,0,211,0.01570780177742255,0.0314156035548451,0.00024673503667879904
212,1,0,212,0.015707801777422547,0.031415603554845094,0.00024673503667879893
213,0,0,213,0.01570780177742258,0.03141560355484517,0.0002467350366788
214,0,0,214,0.015707801777422602,0.031415603554845205,0.00024673503667880066
215,0,0,215,0.015707801777422578,0.031415603554845156,0.00024673503667879985
216,1,0,216,0.015707801777422554,0.03141560355484511,0.0002467350366787992
217,1,0,217,0.015707801777422554,0.03141560355484511,0.0002467350366787992
218,1,0,218,0.015707801777422547,0.031415603554845094,0.0002467350366787989
219,1,0,219,0.01570780177742267,0.03141560355484534,0.0002467350366788028
220,0,0,220,0.015707801777422783,0.031415603554845566,0.0002467350366788063
221,1,0,221,0.015707801777422536,0.03141560355484507,0.00024673503667879855
222,1,0,222,0.01570780177742264,0.03141560355484528,0.0002467350366788019
223,0,0,223,0.015707801777422682,0.031415603554845364,0.00024673503667880316
224,0,0,224,0.015707801777422502,0.031415603554845004,0.00024673503667879747
225,0,0,225,0.01570780177742266,0.03141560355484532,0.0002467350366788025
226,0,0,226,0.015707801777422575,0.03141560355484515,0.0002467350366787998
227,1,0,227,0.0157078017774227,0.0314156035548454,0.00024673503667880375
228,0,0,228,0.015707801777422554,0.03141560355484511,0.00024673503667879915
229,1,0,229,0.015707801777422516,0.03141560355484503,0.00024673503667879795
230,1,0,230,0.015707801777422606,0.03141560355484521,0.0002467350366788008
231,0,0,231,0.015707801777422585,0.03141560355484517,0.0002467350366788001
232,1,0,232,0.01570780177742255,0.0314156035548451,0.0002467350366787991
233,0,0,233,0.015707801777422727,0.031415603554845455,0.0002467350366788047
234,1,0,234,0.015707801777422536,0.03141560355484507,0.00024673503667879866
235,1,0,235,1.9999383152895793,3.9998766305791587,0.000246735036678811
236,1,0,236,0.01570780177742274,0.03141560355484548,0.000246735036678805
237,1,0,237,0.01570780177742254,0.03141560355484508,0.0002467350366787986
238,1,0,238,0.015707801777422623,0.031415603554845246,0.00024673503667880137
239,0,0,239,0.015707801777422585,0.03141560355484517,0.0002467350366788002
240,0,0,240,0.015707801777422627,0.03141560355484525,0.0002467350366788014
241,0,0,241,0.015707801777422762,0.031415603554845524,0.0002467350366788057
242,1,0,242,0.0157078017774227,0.0314156035548454,0.00024673503667880375
243,1,0,243,0.015707801777422547,0.031415603554845094,0.00024673503667879893
244,0,0,244,0.015707801777422543,0.03141560355484509,0.0002467350366787988
245,1,0,245,0.01570780177742263,0.03141560355484526,0.00024673503667880153
246,0,0,246,0.015707801777422634,0.03141560355484527,0.0002467350366788016
247,0,0,247,0.015707801777422613,0.031415603554845226,0.00024673503667880094
248,0,0,248,0.01570780177742246,0.03141560355484492,0.0002467350366787962
249,1,0,249,0.015707801777422585,0.03141560355484517,0.0002467350366788001
250,1,0,250,0.015707801777422557,0.031415603554845115,0.0002467350366787993
251,1,0,251,0.015707801777422543,0.03141560355484509,0.0002467350366787988
252,1,0,252,0.01570780177742242,0.03141560355484484,0.0002467350366787948
253,1,0,253,0.015707801777422585,0.03141560355484517,0.0002467350366788002
254,0,0,254,0.015707801777422474,0.03141560355484495,0.00024673503667879665
255,1,0,255,1.9999383152895798,3.9998766305791595,0.00024673503667880733
256,1,0,256,0.015707801777422585,0.03141560355484517,0.0002467350366788002
257,0,0,257,0.01570780177742261,0.03141560355484522,0.0002467350366788009
258,1,0,258,0.01570780177742267,0.03141560355484534,0.0002467350366788027
259,1,0,259,0.015707801777422602,0.031415603554845205,0.0002467350366788007
260,0,0,260,0.015707801777422637,0.031415603554845274,0.00024673503667880175
261,0,0,261,0.015707801777422682,0.031415603554845364,0.00024673503667880316
262,1,0,262,0.015707801777422634,0.03141560355484527,0.0002467350366788016
263,0,0,263,0.015707801777422696,0.03141560355484539,0.0002467350366788037
264,0,0,264,0.015707801777422672,0.031415603554845344,0.00024673503667880283
265,1,0,265,0.01570780177742254,0.03141560355484508,0.0002467350366787987
266,0,0,266,0.015707801777422703,0.031415603554845406,0.00024673503667880375
267,1,0,267,0.01570780177742269,0.03141560355484538,0.0002467350366788034
268,0,0,268,0.015707801777422575,0.03141560355484515,0.00024673503667879974
269,0,0,269,0.015707801777422647,0.031415603554845295,0.0002467350366788021
270,0,0,270,0.01570780177742272,0.03141560355484544,0.00024673503667880435
271,0,0,271,0.015707801777422634,0.03141560355484526,0.0002467350366788016
272,1,0,272,0.015707801777422647,0.031415603554845295,0.00024673503667880213
273,0,0,273,0.015707801777422554,0.03141560355484511,0.0002467350366787991
274,1,0,274,0.015707801777422627,0.03141560355484525,0.00024673503667880153
275,0,0,275,0.015707801777422665,0.03141560355484533,0.00024673503667880267
276,1,0,276,0.01570780177742256,0.03141560355484512,0.0002467350366787993
277,1,0,277,0.01570780177742258,0.03141560355484516,0.00024673503667880007
278,0,0,278,0.015707801777422575,0.03141560355484515,0.00024673503667879985
279,1,0,279,0.0157078017774225,0.031415603554845,0.0002467350366787974
280,1,0,280,0.015707801777422523,0.031415603554845045,0.0002467350366787981
281,1,0,281,0.015707801777422578,0.031415603554845156,0.0002467350366787999
282,1,0,282,0.015707801777422734,0.03141560355484547,0.0002467350366788048
283,0,0,283,0.015707801777422547,0.031415603554845094,0.00024673503667879893
284,0,0,284,0.015707801777422613,0.031415603554845226,0.00024673503667880094
285,1,0,285,0.015707801777422523,0.031415603554845045,0.0002467350366787982
286,1,0,286,0.015707801777422616,0.03141560355484523,0.00024673503667880104
287,0,0,287,0.015707801777422623,0.031415603554845246,0.0002467350366788013
288,0,0,288,0.015707801777422477,0.031415603554844955,0.0002467350366787967
289,0,0,289,0.0157078017774226,0.0314156035548452,0.00024673503667880056
290,1,0,290,0.0157078017774225,0.031415603554845,0.0002467350366787974
291,0,0,291,0.01570780177742274,0.03141560355484548,0.000246735036678805
292,0,0,292,0.01570780177742255,0.0314156035548451,0.000246735036678799
293,0,0,293,0.015707801777422578,0.03141560355484516,0.0002467350366788
294,1,0,294,0.015707801777422554,0.03141560355484511,0.00024673503667879915
295,0,0,295,0.01570780177742263,0.03141560355484526,0.00024673503667880153
296,0,0,296,0.015707801777422665,0.03141560355484533,0.0002467350366788026
297,0,0,297,0.015707801777422675,0.03141560355484535,0.00024673503667880294
298,1,0,298,0.015707801777422682,0.031415603554845364,0.00024673503667880316
299,1,0,299,0.015707801777422627,0.03141560355484525,0.0002467350366788015
300,0,0,300,0.015707801777422706,0.03141560355484541,0.00024673503667880397
301,1,0,301,0.015707801777422533,0.031415603554845066,0.00024673503667879855
302,1,0,302,0.015707801777422616,0.03141560355484523,0.0002467350366788011
303,1,0,303,0.01570780177742268,0.03141560355484536,0.00024673503667880316
304,1,0,304,0.015707801777422578,0.031415603554845156,0.0002467350366787999
305,0,0,305,0.015707801777422616,0.03141560355484523,0.0002467350366788011
306,1,0,306,0.01570780177742269,0.03141560355484538,0.00024673503667880343
307,1,0,307,0.015707801777422425,0.03141560355484485,0.0002467350366787951
308,0,0,308,0.015707801777422623,0.031415603554845246,0.00024673503667880137
309,0,0,309,0.015707801777422706,0.03141560355484541,0.000246735036678804
310,0,0,310,0.015707801777422595,0.03141560355484519,0.0002467350366788005
311,0,0,311,0.015707801777422585,0.03141560355484517,0.0002467350366788001
312,1,0,312,0.01570780177742253,0.03141560355484506,0.00024673503667879844
313,0,0,313,0.015707801777422457,0.03141560355484491,0.00024673503667879606
314,1,0,314,0.015707801777422654,0.03141560355484531,0.0002467350366788023
315,0,0,315,0.015707801777422606,0.03141560355484521,0.0002467350366788009
316,1,0,316,0.015707801777422547,0.031415603554845094,0.000246735036678799
317,0,0,317,0.01570780177742266,0.03141560355484532,0.0002467350366788025
318,0,0,318,0.015707801777422557,0.03141560355484511,0.00024673503667879915
319,1,0,319,0.015707801777422738,0.031415603554845475,0.00024673503667880484
320,0,0,320,0.015707801777422484,0.03141560355484497,0.00024673503667879703
321,0,0,321,0.015707801777422616,0.03141560355484523,0.0002467350366788012
322,1,0,322,0.015707801777422665,0.03141560355484533,0.00024673503667880256
323,1,0,323,0.015707801777422557,0.031415603554845115,0.00024673503667879925
324,0,0,324,0.015707801777422734,0.03141560355484547,0.0002467350366788048
325,0,0,325,0.01570780177742267,0.03141560355484534,0.0002467350366788027
326,1,0,326,0.01570780177742259,0.03141560355484518,0.0002467350366788002
327,1,0,327,0.015707801777422554,0.03141560355484511,0.00024673503667879915
328,0,0,328,0.015707801777422554,0.03141560355484511,0.00024673503667879915
329,0,0,329,0.01570780177742259,0.03141560355484518,0.00024673503667880023
330,1,0,330,0.0157078017774226,0.0314156035548452,0.0002467350366788006
331,0,0,331,0.01570780177742255,0.0314156035548451,0.000246735036678799
332,0,0,332,0.01570780177742263,0.03141560355484526,0.0002467350366788015
333,1,0,333,0.015707801777422557,0.031415603554845115,0.00024673503667879915
334,0,0,334,0.01570780177742276,0.03141560355484552,0.00024673503667880554
335,0,0,335,0.01570780177742255,0.0314156035548451,0.00024673503667879904
336,1,0,336,0.01570780177742278,0.03141560355484556,0.0002467350366788062
337,0,0,337,0.015707801777422654,0.03141560355484531,0.0002467350366788023
338,0,0,338,0.01570780177742254,0.03141560355484508,0.00024673503667879866
339,1,0,339,0.015707801777422644,0.03141560355484529,0.00024673503667880197
340,1,0,340,0.01570780177742252,0.03141560355484504,0.000246735036678798
341,0,0,341,0.01570780177742258,0.03141560355484516,0.0002467350366788
342,1,0,342,0.01570780177742267,0.03141560355484534,0.00024673503667880267
343,1,0,343,0.015707801777422543,0.03141560355484509,0.00024673503667879877
344,1,0,344,0.01570780177742255,0.031415603554845094,0.00024673503667879893
345,0,0,345,0.015707801777422693,0.031415603554845385,0.0002467350366788035
346,0,0,346,0.015707801777422762,0.031415603554845524,0.0002467350366788057
347,0,0,347,0.01570780177742264,0.03141560355484528,0.0002467350366788018
348,0,0,348,0.015707801777422693,0.031415603554845385,0.00024673503667880354
349,1,0,349,0.015707801777422745,0.03141560355484549,0.0002467350366788052
350,0,0,350,0.015707801777422637,0.031415603554845274,0.00024673503667880175
351,1,0,351,0.01570780177742267,0.03141560355484534,0.0002467350366788028
352,1,0,352,0.01570780177742252,0.031415603554845045,0.0002467350366787981
353,0,0,353,0.015707801777422477,0.031415603554844955,0.0002467350366787967
354,1,0,354,0.01570780177742261,0.03141560355484522,0.0002467350366788009
355,1,0,355,0.015707801777422606,0.03141560355484521,0.0002467350366788008
356,1,0,356,0.015707801777422557,0.031415603554845115,0.00024673503667879925
357,1,0,357,0.015707801777422557,0.031415603554845115,0.00024673503667879925
358,1,0,358,0.01570780177742261,0.03141560355484522,0.0002467350366788008
359,0,0,359,0.015707801777422536,0.03141560355484507,0.00024673503667879866
360,0,0,360,0.015707801777422578,0.031415603554845156,0.00024673503667879996
361,0,0,361,0.015707801777422564,0.03141560355484513,0.00024673503667879947
362,1,0,362,0.015707801777422477,0.031415603554844955,0.00024673503667879676
363,0,0,363,0.015707801777422543,0.03141560355484509,0.0002467350366787989
364,1,0,364,0.01570780177742264,0.03141560355484528,0.00024673503667880186
365,0,0,365,0.015707801777422568,0.03141560355484514,0.0002467350366787997
366,0,0,366,0.015707801777422432,0.031415603554844865,0.00024673503667879524
367,1,0,367,0.015707801777422637,0.031415603554845274,0.00024673503667880175
368,0,0,368,0.01570780177742269,0.03141560355484538,0.00024673503667880343
369,1,0,369,0.0157078017774225,0.031415603554845,0.00024673503667879747
370,0,0,370,0.015707801777422734,0.03141560355484547,0.0002467350366788049
371,0,0,371,0.01570780177742264,0.03141560355484528,0.00024673503667880186
372,1,0,372,0.015707801777422644,0.03141560355484529,0.0002467350366788019
373,1,0,373,0.01570780177742265,0.0314156035548453,0.0002467350366788022
374,1,0,374,0.01570780177742273,0.03141560355484546,0.0002467350366788047
375,0,0,375,0.015707801777422554,0.03141560355484511,0.00024673503667879915
376,1,0,376,0.01570780177742261,0.03141560355484522,0.0002467350366788009
377,0,0,377,0.01570780177742257,0.03141560355484514,0.0002467350366787997
378,1,0,378,0.01570780177742264,0.03141560355484528,0.0002467350366788019
379,1,0,379,0.01570780177742274,0.03141560355484548,0.00024673503667880495
380,1,0,380,0.015707801777422776,0.03141560355484555,0.00024673503667880603
381,1,0,381,0.0157078017774225,0.031415603554845,0.00024673503667879747
382,1,0,382,0.015707801777422592,0.031415603554845184,0.0002467350366788004
383,0,0,383,0.015707801777422658,0.031415603554845316,0.00024673503667880234
384,0,0,384,0.015707801777422634,0.03141560355484527,0.00024673503667880164
385,1,0,385,0.015707801777422495,0.03141560355484499,0.0002467350366787973
386,1,0,386,0.015707801777422623,0.031415603554845246,0.00024673503667880126
387,0,0,387,0.015707801777422512,0.031415603554845024,0.0002467350366787978
388,1,0,388,0.015707801777422665,0.03141560355484533,0.00024673503667880267
389,0,0,389,0.015707801777422693,0.031415603554845385,0.00024673503667880343
390,1,0,390,0.015707801777422533,0.031415603554845066,0.00024673503667879844
391,0,0,391,0.015707801777422595,0.03141560355484519,0.0002467350366788004
392,1,0,392,0.015707801777422675,0.03141560355484535,0.000246735036678803
393,0,0,393,0.015707801777422675,0.03141560355484535,0.00024673503667880294
394,1,0,394,0.01570780177742256,0.03141560355484512,0.0002467350366787993
395,1,0,395,0.015707801777422658,0.031415603554845316,0.00024673503667880245
396,0,0,396,0.015707801777422516,0.03141560355484503,0.00024673503667879795
397,0,0,397,0.015707801777422734,0.03141560355484547,0.0002467350366788048
398,0,0,398,0.015707801777422516,0.03141560355484503,0.0002467350366787979
399,1,0,399,0.015707801777422634,0.03141560355484527,0.00024673503667880164
400,1,0,400,0.015707801777422564,0.03141560355484513,0.00024673503667879947
401,0,0,401,0.015707801777422703,0.031415603554845406,0.00024673503667880386
402,1,0,402,0.01570780177742262,0.03141560355484523,0.0002467350366788012
403,1,0,403,0.01570780177742259,0.03141560355484518,0.0002467350366788003
404,1,0,404,0.01570780177742276,0.03141560355484552,0.00024673503667880554
405,0,0,405,0.015707801777422523,0.031415603554845045,0.00024673503667879817
406,1,0,406,0.015707801777422578,0.031415603554845156,0.0002467350366787999
407,0,0,407,0.01570780177742261,0.03141560355484522,0.0002467350366788009
408,0,0,408,0.01570780177742256,0.03141560355484512,0.0002467350366787994
409,1,0,409,0.015707801777422765,0.03141560355484553,0.0002467350366788058
410,1,0,410,0.015707801777422585,0.03141560355484517,0.00024673503667880007
411,0,0,411,0.01570780177742256,0.03141560355484512,0.00024673503667879936
412,1,0,412,0.015707801777422734,0.03141560355484547,0.00024673503667880473
413,1,0,413,0.0157078017774226,0.0314156035548452,0.0002467350366788005
414,1,0,414,0.015707801777422682,0.031415603554845364,0.00024673503667880316
415,0,0,415,0.015707801777422627,0.03141560355484525,0.0002467350366788015
416,0,0,416,0.015707801777422578,0.031415603554845156,0.00024673503667879996
417,0,0,417,0.01570780177742247,0.03141560355484494,0.0002467350366787965
418,0,0,418,0.015707801777422675,0.03141560355484535,0.000246735036678803
419,0,0,419,0.015707801777422616,0.03141560355484523,0.0002467350366788011
420,0,0,420,0.015707801777422585,0.03141560355484517,0.0002467350366788002
421,0,0,421,0.015707801777422627,0.03141560355484525,0.0002467350366788014
422,1,0,422,0.01570780177742262,0.03141560355484524,0.0002467350366788012
423,0,0,423,0.015707801777422592,0.031415603554845184,0.00024673503667880034
424,1,0,424,0.015707801777422613,0.031415603554845226,0.00024673503667880094
425,0,0,425,0.01570780177742266,0.03141560355484532,0.00024673503667880245
426,0,0,426,0.01570780177742255,0.0314156035548451,0.00024673503667879904
427,1,0,427,0.015707801777422564,0.03141560355484513,0.00024673503667879947
428,0,0,428,0.015707801777422637,0.031415603554845274,0.00024673503667880175
429,1,0,429,0.015707801777422675,0.03141560355484535,0.00024673503667880294
430,1,0,430,0.015707801777422526,0.03141560355484505,0.0002467350366787982
431,0,0,431,0.015707801777422523,0.03141560355484505,0.0002467350366787983
432,0,0,432,0.015707801777422776,0.03141560355484555,0.00024673503667880603
433,0,0,433,0.015707801777422578,0.031415603554845156,0.00024673503667879996
434,0,0,434,0.015707801777422578,0.031415603554845156,0.00024673503667879996
435,0,0,435,0.015707801777422776,0.03141560355484555,0.0002467350366788061
436,0,0,436,0.015707801777422613,0.031415603554845226,0.00024673503667880104
437,0,0,437,0.015707801777422526,0.03141560355484505,0.0002467350366787982
438,1,0,438,0.015707801777422686,0.03141560355484537,0.00024673503667880327
439,1,0,439,0.015707801777422627,0.03141560355484525,0.0002467350366788015
440,0,0,440,0.01570780177742266,0.03141560355484532,0.00024673503667880245
441,1,0,441,0.015707801777422592,0.03141560355484519,0.0002467350366788004
442,0,0,442,0.015707801777422613,0.031415603554845226,0.00024673503667880094
443,0,0,443,0.015707801777422557,0.031415603554845115,0.00024673503667879925
444,1,0,444,0.01570780177742254,0.03141560355484508,0.00024673503667879877
445,1,0,445,0.015707801777422634,0.03141560355484527,0.0002467350366788016
446,0,0,446,0.01570780177742262,0.03141560355484524,0.0002467350366788012
447,0,0,447,0.015707801777422568,0.031415603554845135,0.0002467350366787997
448,0,0,448,0.015707801777422658,0.031415603554845316,0.0002467350366788025
449,1,0,449,0.015707801777422557,0.031415603554845115,0.00024673503667879925
450,1,0,450,0.015707801777422523,0.031415603554845045,0.0002467350366787982
451,1,0,451,0.015707801777422672,0.031415603554845344,0.00024673503667880283
452,1,0,452,0.015707801777422623,0.031415603554845246,0.0002467350366788013
453,1,0,453,0.01570780177742266,0.03141560355484532,0.00024673503667880256
454,0,0,454,0.01570780177742273,0.03141560355484546,0.0002467350366788047
455,0,0,455,0.015707801777422634,0.03141560355484527,0.00024673503667880164
456,1,0,456,0.01570780177742258,0.03141560355484516,0.0002467350366788
457,0,0,457,0.01570780177742276,0.03141560355484552,0.00024673503667880565
458,0,0,458,0.015707801777422748,0.031415603554845496,0.0002467350366788052
459,0,0,459,0.015707801777422557,0.031415603554845115,0.0002467350366787992
460,1,0,460,0.015707801777422526,0.03141560355484505,0.00024673503667879833
461,1,0,461,0.01570780177742277,0.03141560355484554,0.00024673503667880587
462,1,0,462,0.01570780177742263,0.03141560355484526,0.00024673503667880164
463,1,0,463,0.015707801777422713,0.03141560355484543,0.00024673503667880424
464,1,0,464,0.015707801777422665,0.03141560355484532,0.00024673503667880256
465,0,0,465,0.01570780177742253,0.03141560355484506,0.00024673503667879833
466,0,0,466,0.015707801777422432,0.031415603554844865,0.0002467350366787954
467,0,0,467,0.015707801777422488,0.031415603554844976,0.0002467350366787971
468,1,0,468,0.015707801777422516,0.03141560355484503,0.0002467350366787979
469,1,0,469,0.01570780177742272,0.03141560355484544,0.00024673503667880435
470,1,0,470,0.015707801777422647,0.031415603554845295,0.00024673503667880213
471,1,0,471,0.015707801777422543,0.03141560355484509,0.0002467350366787988
472,0,0,472,0.01570780177742268,0.03141560355484536,0.00024673503667880305
473,1,0,473,0.015707801777422533,0.031415603554845066,0.0002467350366787984
474,1,0,474,0.01570780177742257,0.03141560355484514,0.00024673503667879963
475,1,0,475,0.01570780177742274,0.03141560355484548,0.000246735036678805
476,1,0,476,0.0157078017774225,0.031415603554845,0.0002467350366787974
477,0,0,477,0.015707801777422495,0.03141560355484499,0.00024673503667879725
478,1,0,478,1.9999383152895795,3.999876630579159,0.000246735036678804
479,1,0,479,0.015707801777422634,0.03141560355484527,0.0002467350366788017
480,1,0,480,0.015707801777422602,0.031415603554845205,0.00024673503667880056
481,1,0,481,0.015707801777422578,0.031415603554845156,0.0002467350366787999
482,1,0,482,0.015707801777422595,0.03141560355484519,0.00024673503667880045
483,1,0,483,0.015707801777422554,0.03141560355484511,0.0002467350366787992
484,0,0,484,0.015707801777422616,0.03141560355484523,0.0002467350366788011
485,0,0,485,0.015707801777422616,0.03141560355484524,0.00024673503667880115
486,1,0,486,0.015707801777422578,0.031415603554845156,0.0002467350366787999
487,0,0,487,0.01570780177742258,0.03141560355484516,0.00024673503667879996
488,1,0,488,0.015707801777422654,0.03141560355484531,0.0002467350366788023
489,0,0,489,0.01570780177742257,0.03141560355484514,0.00024673503667879963
490,0,0,490,0.01570780177742265,0.0314156035548453,0.0002467350366788022
491,0,0,491,0.015707801777422613,0.031415603554845226,0.00024673503667880094
492,1,0,492,0.015707801777422717,0.031415603554845434,0.00024673503667880435
493,0,0,493,0.015707801777422647,0.031415603554845295,0.000246735036678802
494,0,0,494,0.0157078017774226,0.0314156035548452,0.00024673503667880045
495,1,0,495,0.01570780177742271,0.03141560355484542,0.0002467350366788041
496,0,0,496,0.015707801777422578,0.031415603554845156,0.00024673503667879996
497,0,0,497,0.015707801777422647,0.031415603554845295,0.00024673503667880213
498,0,0,498,0.015707801777422675,0.03141560355484535,0.00024673503667880294
499,0,0,499,0.015707801777422623,0.031415603554845246,0.00024673503667880126
500,0,0,500,0.015707801777422564,0.03141560355484513,0.00024673503667879947
501,0,0,501,0.015707801777422505,0.03141560355484501,0.00024673503667879763
502,0,0,502,0.01570780177742246,0.03141560355484492,0.00024673503667879616
503,0,0,503,0.015707801777422786,0.03141560355484557,0.00024673503667880646
504,1,0,504,0.015707801777422495,0.03141560355484499,0.00024673503667879725
505,1,0,505,0.015707801777422578,0.031415603554845156,0.00024673503667879996
506,1,0,506,0.01570780177742286,0.031415603554845725,0.00024673503667880874
507,1,0,507,0.015707801777422592,0.031415603554845184,0.00024673503667880034
508,1,0,508,0.01570780177742277,0.03141560355484554,0.0002467350366788059
509,0,0,509,1.9999383152895793,3.9998766305791587,0.0002467350366788139
510,0,0,510,0.015707801777422762,0.031415603554845524,0.00024673503667880565
511,1,0,511,0.01570780177742261,0.03141560355484522,0.0002467350366788009
512,0,0,512,0.015707801777422547,0.031415603554845094,0.0002467350366787988
513,1,0,513,0.01570780177742275,0.0314156035548455,0.0002467350366788053
514,0,0,514,0.015707801777422554,0.03141560355484511,0.0002467350366787992
515,0,0,515,0.01570780177742272,0.03141560355484544,0.0002467350366788043
516,0,0,516,0.015707801777422672,0.031415603554845344,0.0002467350366788028
517,0,0,517,0.015707801777422713,0.03141560355484543,0.00024673503667880413
518,0,0,518,0.015707801777422547,0.031415603554845094,0.0002467350366787989
519,0,0,519,0.015707801777422526,0.03141560355484505,0.00024673503667879833
520,1,0,520,0.015707801777422717,0.031415603554845434,0.0002467350366788043
521,1,0,521,0.01570780177742271,0.03141560355484542,0.0002467350366788041
522,0,0,522,0.01570780177742259,0.03141560355484518,0.0002467350366788002
523,0,0,523,0.015707801777422585,0.03141560355484517,0.0002467350366788002
524,1,0,524,0.015707801777422585,0.03141560355484517,0.0002467350366788002
525,1,0,525,0.015707801777422554,0.03141560355484511,0.00024673503667879915
526,1,0,526,0.01570780177742254,0.03141560355484508,0.00024673503667879877
527,1,0,527,0.015707801777422616,0.03141560355484523,0.0002467350366788011
528,1,0,528,0.015707801777422547,0.031415603554845094,0.00024673503667879893
529,0,0,529,0.01570780177742258,0.03141560355484516,0.00024673503667880007
530,0,0,530,0.01570780177742269,0.03141560355484538,0.0002467350366788034
531,1,0,531,0.01570780177742269,0.03141560355484538,0.0002467350366788034
532,1,0,532,0.015707801777422516,0.03141560355484503,0.0002467350366787979
533,0,0,533,0.015707801777422693,0.031415603554845385,0.00024673503667880343
534,0,0,534,0.015707801777422526,0.03141560355484505,0.0002467350366787983
535,0,0,535,0.01570780177742261,0.03141560355484522,0.0002467350366788009
536,0,0,536,0.015707801777422717,0.031415603554845434,0.00024673503667880424
537,1,0,537,0.01570780177742252,0.03141560355484504,0.00024673503667879806
538,0,0,538,0.0157078017774226,0.03141560355484519,0.0002467350366788005
539,0,0,539,0.015707801777422575,0.03141560355484515,0.0002467350366787998
540,0,0,540,0.015707801777422713,0.03141560355484543,0.00024673503667880424
541,1,0,541,0.015707801777422575,0.03141560355484515,0.0002467350366787998
542,0,0,542,0.01570780177742244,0.03141560355484488,0.0002467350366787955
543,0,0,543,0.015707801777422575,0.03141560355484515,0.0002467350366787998
544,0,0,544,0.015707801777422512,0.031415603554845024,0.00024673503667879785
545,1,0,545,0.01570780177742266,0.03141560355484532,0.00024673503667880245
546,0,0,546,0.01570780177742275,0.0314156035548455,0.0002467350366788053
547,0,0,547,0.015707801777422734,0.03141560355484547,0.0002467350366788048
548,1,0,548,0.01570780177742253,0.03141560355484506,0.00024673503667879844
549,0,0,549,0.015707801777422675,0.03141560355484535,0.00024673503667880283
550,1,0,550,0.015707801777422644,0.03141560355484529,0.00024673503667880197
551,0,0,551,0.015707801777422675,0.03141560355484535,0.0002467350366788029
552,1,0,552,0.015707801777422647,0.031415603554845295,0.0002467350366788021
553,1,0,553,0.01570780177742267,0.03141560355484534,0.00024673503667880283
554,1,0,554,0.015707801777422523,0.031415603554845045,0.0002467350366787981
555,0,0,555,0.015707801777422602,0.031415603554845205,0.00024673503667880066
556,1,0,556,0.015707801777422536,0.03141560355484507,0.0002467350366787986
557,0,0,557,0.015707801777422578,0.031415603554845156,0.0002467350366787999
558,0,0,558,0.0157078017774224,0.0314156035548448,0.0002467350366787944
559,1,0,559,0.01570780177742254,0.03141560355484508,0.0002467350366787987
560,1,0,560,0.015707801777422585,0.03141560355484517,0.0002467350366788002
561,1,0,561,0.015707801777422623,0.031415603554845246,0.0002467350366788013
562,0,0,562,0.015707801777422634,0.03141560355484527,0.00024673503667880164
563,1,0,563,0.015707801777422557,0.031415603554845115,0.00024673503667879925
564,1,0,564,0.015707801777422644,0.03141560355484529,0.000246735036678802
565,1,0,565,0.015707801777422554,0.03141560355484511,0.0002467350366787991
566,0,0,566,0.015707801777422623,0.031415603554845246,0.00024673503667880126
567,0,0,567,0.0157078017774227,0.0314156035548454,0.0002467350366788038
568,1,0,568,0.015707801777422738,0.031415603554845475,0.0002467350366788049
569,0,0,569,0.015707801777422606,0.03141560355484521,0.00024673503667880066
570,0,0,570,0.015707801777422627,0.03141560355484525,0.00024673503667880153
571,0,0,571,0.015707801777422734,0.03141560355484547,0.00024673503667880473
572,1,0,572,0.01570780177742258,0.03141560355484516,0.0002467350366788
573,0,0,573,0.015707801777422578,0.031415603554845156,0.0002467350366787999
574,0,0,574,0.015707801777422425,0.03141560355484485,0.00024673503667879513
575,1,0,575,0.015707801777422557,0.031415603554845115,0.00024673503667879925
576,0,0,576,0.01570780177742271,0.03141560355484542,0.0002467350366788041
577,1,0,577,0.015707801777422637,0.031415603554845274,0.00024673503667880175
578,0,0,578,0.015707801777422606,0.03141560355484521,0.00024673503667880077
579,1,0,579,0.015707801777422658,0.031415603554845316,0.0002467350366788024
580,0,0,580,0.01570780177742265,0.0314156035548453,0.0002467350366788022
581,0,0,581,0.015707801777422634,0.03141560355484527,0.00024673503667880164
582,1,0,582,0.015707801777422592,0.031415603554845184,0.0002467350366788004
583,0,0,583,0.015707801777422595,0.03141560355484519,0.0002467350366788005
584,0,0,584,0.015707801777422613,0.031415603554845226,0.000246735036678801
585,0,0,585,0.01570780177742267,0.03141560355484534,0.0002467350366788028
586,1,0,586,0.015707801777422637,0.031415603554845274,0.0002467350366788018
587,1,0,587,0.015707801777422505,0.03141560355484501,0.00024673503667879763
588,1,0,588,0.015707801777422616,0.03141560355484523,0.00024673503667880115
589,0,0,589,0.015707801777422606,0.03141560355484521,0.0002467350366788007
590,0,0,590,0.01570780177742273,0.03141560355484546,0.0002467350366788047
591,0,0,591,0.015707801777422595,0.03141560355484519,0.00024673503667880045
592,1,0,592,0.015707801777422533,0.031415603554845066,0.0002467350366787984
593,0,0,593,0.015707801777422536,0.03141560355484507,0.00024673503667879855
594,0,0,594,0.015707801777422554,0.03141560355484511,0.00024673503667879925
595,1,0,595,0.015707801777422578,0.031415603554845156,0.00024673503667879985
596,1,0,596,0.01570780177742267,0.03141560355484534,0.00024673503667880283
597,1,0,597,0.015707801777422654,0.03141560355484531,0.00024673503667880234
598,1,0,598,0.015707801777422658,0.031415603554845316,0.00024673503667880234
599,0,0,599,0.015707801777422488,0.031415603554844976,0.00024673503667879703
600,0,0,600,0.015707801777422523,0.03141560355484505,0.0002467350366787982
601,1,0,601,0.015707801777422672,0.031415603554845344,0.0002467350366788029
602,0,0,602,0.015707801777422644,0.03141560355484529,0.00024673503667880197
603,1,0,603,0.015707801777422672,0.031415603554845344,0.00024673503667880283
604,0,0,604,0.01570780177742254,0.03141560355484508,0.0002467350366787987
605,0,0,605,0.01570780177742254,0.03141560355484508,0.0002467350366787987
606,1,0,606,0.015707801777422682,0.031415603554845364,0.00024673503667880316
607,1,0,607,0.015707801777422647,0.031415603554845295,0.000246735036678802
608,0,0,608,0.015707801777422727,0.031415603554845455,0.0002467350366788046
609,1,0,609,0.01570780177742253,0.03141560355484506,0.0002467350366787984
610,1,0,610,0.015707801777422783,0.031415603554845566,0.00024673503667880636
611,0,0,611,0.01570780177742258,0.03141560355484516,0.00024673503667880007
612,0,0,612,0.015707801777422682,0.031415603554845364,0.00024673503667880316
613,1,0,613,0.01570780177742242,0.03141560355484484,0.0002467350366787949
614,1,0,614,0.01570780177742264,0.03141560355484528,0.00024673503667880197
615,1,0,615,0.015707801777422686,0.03141560355484537,0.0002467350366788032
616,0,0,616,0.015707801777422817,0.031415603554845635,0.00024673503667880744
617,1,0,617,0.01570780177742275,0.0314156035548455,0.0002467350366788053
618,1,0,618,0.015707801777422533,0.031415603554845066,0.00024673503667879844
619,1,0,619,0.015707801777422717,0.031415603554845434,0.0002467350366788043
620,0,0,620,0.01570780177742255,0.0314156035548451,0.00024673503667879904
621,1,0,621,0.015707801777422495,0.03141560355484499,0.00024673503667879725
622,1,0,622,0.01570780177742255,0.0314156035548451,0.0002467350366787991
623,1,0,623,0.0157078017774226,0.0314156035548452,0.0002467350366788005
624,0,0,624,0.015707801777422516,0.03141560355484503,0.00024673503667879795
625,1,0,625,0.015707801777422623,0.031415603554845246,0.00024673503667880126
626,0,0,626,0.015707801777422755,0.03141560355484551,0.0002467350366788055
627,1,0,627,0.015707801777422595,0.03141560355484519,0.00024673503667880045
628,0,0,628,0.015707801777422602,0.031415603554845205,0.0002467350366788006
629,1,0,629,0.015707801777422776,0.03141560355484555,0.00024673503667880614
630,0,0,630,0.015707801777422547,0.031415603554845094,0.000246735036678799
631,1,0,631,0.015707801777422644,0.03141560355484529,0.000246735036678802
632,0,0,632,0.015707801777422526,0.03141560355484505,0.0002467350366787982
633,0,0,633,0.0157078017774225,0.031415603554845,0.0002467350366787974
634,1,0,634,0.01570780177742261,0.03141560355484522,0.00024673503667880094
635,0,0,635,0.015707801777422523,0.031415603554845045,0.0002467350366787981
636,0,0,636,0.015707801777422665,0.03141560355484533,0.0002467350366788026
637,1,0,637,0.015707801777422554,0.03141560355484511,0.0002467350366787992
638,1,0,638,0.015707801777422557,0.031415603554845115,0.00024673503667879925
639,1,0,639,0.015707801777422693,0.031415603554845385,0.00024673503667880354
640,0,0,640,0.015707801777422495,0.03141560355484499,0.00024673503667879725
641,0,0,641,0.01570780177742267,0.03141560355484534,0.0002467350366788027
642,1,0,642,0.01570780177742251,0.03141560355484502,0.0002467350366787978
643,0,0,643,0.015707801777422637,0.031415603554845274,0.00024673503667880175
644,0,0,644,0.015707801777422543,0.03141560355484509,0.0002467350366787989
645,0,0,645,0.015707801777422654,0.03141560355484531,0.0002467350366788023
646,1,0,646,0.01570780177742272,0.03141560355484544,0.00024673503667880435
647,0,0,647,0.0157078017774227,0.0314156035548454,0.00024673503667880365
648,1,0,648,0.01570780177742277,0.03141560355484554,0.0002467350366788059
649,1,0,649,0.01570780177742274,0.03141560355484548,0.00024673503667880506
650,0,0,650,0.015707801777422502,0.031415603554845004,0.0002467350366787975
651,1,0,651,0.01570780177742266,0.03141560355484532,0.00024673503667880256
652,0,0,652,0.015707801777422533,0.031415603554845066,0.0002467350366787985
653,0,0,653,0.01570780177742257,0.03141560355484514,0.0002467350366787997
654,1,0,654,0.015707801777422675,0.03141560355484535,0.00024673503667880294
655,0,0,655,0.01570780177742253,0.03141560355484506,0.00024673503667879833
656,0,0,656,0.015707801777422706,0.03141560355484541,0.0002467350366788039
657,1,0,657,0.015707801777422557,0.031415603554845115,0.0002467350366787992
658,1,0,658,0.015707801777422724,0.03141560355484545,0.00024673503667880457
659,0,0,659,0.015707801777422717,0.031415603554845434,0.0002467350366788043
660,0,0,660,0.015707801777422613,0.031415603554845226,0.000246735036678801
661,1,0,661,0.015707801777422665,0.03141560355484534,0.0002467350366788027
662,0,0,662,0.015707801777422703,0.031415603554845406,0.00024673503667880375
663,1,0,663,0.015707801777422516,0.03141560355484503,0.00024673503667879795
664,1,0,664,0.01570780177742259,0.031415603554845184,0.0002467350366788003
665,1,0,665,0.015707801777422602,0.031415603554845205,0.00024673503667880066
666,1,0,666,0.015707801777422585,0.03141560355484517,0.0002467350366788002
667,1,0,667,0.01570780177742268,0.031415603554845364,0.00024673503667880316
668,1,0,668,0.01570780177742261,0.03141560355484522,0.0002467350366788009
669,1,0,669,0.015707801777422647,0.031415603554845295,0.00024673503667880213
670,0,0,670,0.01570780177742254,0.03141560355484508,0.0002467350366787987
671,0,0,671,0.015707801777422602,0.031415603554845205,0.0002467350366788007
672,0,0,672,0.01570780177742258,0.03141560355484516,0.00024673503667879996
673,1,0,673,0.015707801777422602,0.031415603554845205,0.00024673503667880066
674,0,0,674,0.015707801777422425,0.03141560355484485,0.000246735036678795
675,1,0,675,0.015707801777422554,0.03141560355484511,0.00024673503667879915
676,1,0,676,0.015707801777422595,0.03141560355484519,0.00024673503667880045
677,0,0,677,0.01570780177742264,0.03141560355484528,0.00024673503667880186
678,0,0,678,0.015707801777422557,0.031415603554845115,0.0002467350366787993
679,0,0,679,0.01570780177742267,0.03141560355484534,0.0002467350366788027
680,1,0,680,0.015707801777422616,0.03141560355484523,0.00024673503667880104
681,1,0,681,0.01570780177742269,0.03141560355484538,0.00024673503667880343
682,0,0,682,0.01570780177742259,0.03141560355484518,0.0002467350366788002
683,1,0,683,0.015707801777422637,0.031415603554845274,0.00024673503667880175
684,0,0,684,0.015707801777422557,0.031415603554845115,0.00024673503667879915
685,0,0,685,0.01570780177742266,0.03141560355484532,0.0002467350366788025
686,0,0,686,0.015707801777422675,0.03141560355484535,0.000246735036678803
687,0,0,687,0.01570780177742261,0.03141560355484522,0.0002467350366788008
688,1,0,688,0.015707801777422585,0.03141560355484517,0.0002467350366788001
689,1,0,689,0.01570780177742254,0.03141560355484508,0.00024673503667879877
690,1,0,690,0.01570780177742268,0.03141560355484536,0.0002467350366788031
691,1,0,691,0.01570780177742259,0.03141560355484518,0.00024673503667880023
692,1,0,692,0.015707801777422484,0.03141560355484497,0.00024673503667879703
693,0,0,693,0.015707801777422717,0.031415603554845434,0.00024673503667880435
694,0,0,694,0.015707801777422592,0.031415603554845184,0.0002467350366788003
695,1,0,695,0.01570780177742253,0.031415603554845066,0.00024673503667879844
696,0,0,696,0.015707801777422526,0.03141560355484505,0.0002467350366787983
697,0,0,697,0.015707801777422488,0.031415603554844976,0.0002467350366787972
698,0,0,698,0.015707801777422536,0.03141560355484507,0.00024673503667879866
699,1,0,699,0.015707801777422592,0.031415603554845184,0.0002467350366788004
700,0,0,700,0.015707801777422578,0.031415603554845156,0.00024673503667879996
701,1,0,701,0.015707801777422613,0.031415603554845226,0.000246735036678801
702,1,0,702,0.015707801777422647,0.031415603554845295,0.0002467350366788021
703,0,0,703,0.015707801777422734,0.03141560355484547,0.00024673503667880484
704,1,0,704,0.01570780177742257,0.03141560355484514,0.0002467350366787997
705,1,0,705,0.015707801777422547,0.031415603554845094,0.000246735036678799
706,1,0,706,0.015707801777422554,0.03141560355484511,0.0002467350366787992
707,0,0,707,0.0157078017774226,0.03141560355484519,0.00024673503667880056
708,0,0,708,0.01570780177742267,0.03141560355484534,0.0002467350366788027
709,0,0,709,0.015707801777422575,0.03141560355484515,0.0002467350366787999
710,1,0,710,0.01570780177742268,0.03141560355484536,0.0002467350366788031
711,1,0,711,0.01570780177742265,0.0314156035548453,0.00024673503667880224
712,1,0,712,0.01570780177742254,0.03141560355484508,0.0002467350366787987
713,1,0,713,0.015707801777422578,0.031415603554845156,0.00024673503667879996
714,1,0,714,0.015707801777422602,0.031415603554845205,0.00024673503667880066
715,0,0,715,0.015707801777422665,0.03141560355484533,0.00024673503667880267
716,0,0,716,0.01570780177742265,0.0314156035548453,0.00024673503667880224
717,0,0,717,0.015707801777422516,0.03141560355484503,0.00024673503667879806
718,1,0,718,0.01570780177742251,0.03141560355484502,0.0002467350366787978
719,0,0,719,0.015707801777422602,0.031415603554845205,0.0002467350366788007
720,0,0,720,0.015707801777422647,0.03141560355484529,0.0002467350366788021
721,1,0,721,0.015707801777422602,0.031415603554845205,0.0002467350366788007
722,0,0,722,0.015707801777422547,0.031415603554845094,0.0002467350366787989
723,0,0,723,0.015707801777422658,0.031415603554845316,0.0002467350366788024
724,0,0,724,0.01570780177742257,0.03141560355484514,0.0002467350366787997
725,0,0,725,0.015707801777422516,0.03141560355484503,0.00024673503667879795
726,1,0,726,0.015707801777422703,0.031415603554845406,0.00024673503667880386
727,0,0,727,0.015707801777422547,0.031415603554845094,0.00024673503667879893
728,0,0,728,0.01570780177742244,0.03141560355484488,0.00024673503667879557
729,0,0,729,0.015707801777422634,0.03141560355484527,0.0002467350366788016
730,0,0,730,0.015707801777422536,0.03141560355484507,0.0002467350366787986
731,1,0,731,0.015707801777422644,0.03141560355484529,0.00024673503667880197
732,0,0,732,0.0157078017774227,0.0314156035548454,0.00024673503667880375
733,1,0,733,0.015707801777422495,0.03141560355484499,0.0002467350366787973
734,0,0,734,0.015707801777422703,0.031415603554845406,0.0002467350366788038
735,1,0,735,0.015707801777422557,0.031415603554845115,0.0002467350366787992
736,1,0,736,0.015707801777422623,0.031415603554845246,0.00024673503667880126
737,0,0,737,0.01570780177742274,0.03141560355484548,0.000246735036678805
738,0,0,738,0.01570780177742264,0.03141560355484528,0.00024673503667880186
739,1,0,739,0.015707801777422644,0.03141560355484529,0.00024673503667880197
740,0,0,740,0.015707801777422592,0.031415603554845184,0.00024673503667880034
741,1,0,741,0.01570780177742254,0.03141560355484508,0.00024673503667879866
742,0,0,742,0.015707801777422547,0.031415603554845094,0.000246735036678799
743,1,0,743,0.01570780177742249,0.03141560355484498,0.00024673503667879725
744,1,0,744,0.015707801777422647,0.031415603554845295,0.000246735036678802
745,0,0,745,0.015707801777422703,0.031415603554845406,0.00024673503667880375
746,0,0,746,0.015707801777422658,0.031415603554845316,0.0002467350366788024
747,0,0,747,0.015707801777422613,0.031415603554845226,0.00024673503667880094
748,1,0,748,0.015707801777422484,0.03141560355484497,0.00024673503667879687
749,0,0,749,0.015707801777422592,0.031415603554845184,0.0002467350366788004
750,1,0,750,0.015707801777422627,0.03141560355484525,0.0002467350366788014
751,1,0,751,0.015707801777422575,0.03141560355484515,0.00024673503667879974
752,0,0,752,0.015707801777422734,0.03141560355484546,0.0002467350366788047
753,0,0,753,0.015707801777422602,0.031415603554845205,0.0002467350366788006
754,1,0,754,0.015707801777422578,0.031415603554845156,0.0002467350366788
755,1,0,755,0.015707801777422627,0.03141560355484525,0.00024673503667880137
756,0,0,756,0.015707801777422554,0.03141560355484511,0.0002467350366787992
757,0,0,757,0.015707801777422394,0.03141560355484479,0.0002467350366787942
758,0,0,758,0.01570780177742262,0.03141560355484524,0.00024673503667880115
759,0,0,759,0.015707801777422564,0.03141560355484513,0.00024673503667879936
760,0,0,760,0.01570780177742254,0.03141560355484508,0.00024673503667879877
761,1,0,761,0.01570780177742248,0.03141560355484496,0.0002467350366787969
762,1,0,762,0.01570780177742269,0.03141560355484538,0.00024673503667880343
763,1,0,763,0.015707801777422665,0.03141560355484533,0.00024673503667880256
764,0,0,764,0.015707801777422557,0.031415603554845115,0.00024673503667879925
765,0,0,765,0.0157078017774227,0.0314156035548454,0.00024673503667880375
766,1,0,766,0.015707801777422616,0.03141560355484523,0.0002467350366788011
767,0,0,767,0.01570780177742255,0.0314156035548451,0.000246735036678799
768,0,0,768,0.015707801777422727,0.031415603554845455,0.0002467350366788045
769,0,0,769,0.015707801777422547,0.031415603554845094,0.000246735036678799
770,0,0,770,0.01570780177742256,0.03141560355484512,0.0002467350366787994
771,1,0,771,0.015707801777422453,0.031415603554844906,0.000246735036678796
772,1,0,772,0.015707801777422592,0.031415603554845184,0.00024673503667880045
773,0,0,773,0.015707801777422675,0.03141560355484535,0.00024673503667880294
774,1,0,774,0.01570780177742249,0.03141560355484498,0.00024673503667879714
775,0,0,775,0.015707801777422762,0.031415603554845524,0.0002467350366788056
776,0,0,776,0.015707801777422536,0.03141560355484507,0.00024673503667879866
777,0,0,777,0.01570780177742245,0.0314156035548449,0.00024673503667879595
778,1,0,778,0.01570780177742258,0.03141560355484516,0.0002467350366788
779,1,0,779,0.01570780177742284,0.03141560355484568,0.0002467350366788081
780,1,0,780,0.01570780177742266,0.03141560355484532,0.0002467350366788025
781,0,0,781,0.015707801777422575,0.03141560355484515,0.00024673503667879985
782,0,0,782,0.015707801777422665,0.03141560355484533,0.0002467350366788026
783,1,0,783,0.015707801777422606,0.03141560355484521,0.0002467350366788009
784,1,0,784,0.01570780177742264,0.03141560355484528,0.0002467350366788019
785,1,0,785,0.015707801777422613,0.031415603554845226,0.00024673503667880104
786,1,0,786,0.015707801777422647,0.031415603554845295,0.0002467350366788021
787,0,0,787,0.015707801777422804,0.03141560355484561,0.000246735036678807
788,1,0,788,0.015707801777422592,0.031415603554845184,0.0002467350366788003
789,0,0,789,0.015707801777422606,0.03141560355484521,0.0002467350366788008
790,0,0,790,0.015707801777422536,0.03141560355484507,0.0002467350366787986
791,0,0,791,0.01570780177742264,0.03141560355484528,0.0002467350366788019
792,0,0,792,0.015707801777422585,0.03141560355484517,0.0002467350366788001
793,1,0,793,0.015707801777422543,0.03141560355484509,0.0002467350366787988
794,1,0,794,0.015707801777422526,0.03141560355484505,0.0002467350366787982
795,0,0,795,0.01570780177742257,0.03141560355484514,0.00024673503667879974
796,1,0,796,0.01570780177742271,0.03141560355484542,0.000246735036678804
797,0,0,797,0.015707801777422564,0.03141560355484513,0.0002467350366787994
798,0,0,798,0.015707801777422568,0.031415603554845135,0.0002467350366787995
799,1,0,799,0.015707801777422613,0.031415603554845226,0.00024673503667880094
800,1,0,800,0.015707801777422554,0.03141560355484511,0.0002467350366787991
801,1,0,801,0.015707801777422602,0.031415603554845205,0.0002467350366788007
802,0,0,802,0.015707801777422606,0.03141560355484521,0.0002467350366788008
803,1,0,803,0.015707801777422606,0.03141560355484521,0.00024673503667880066
804,1,0,804,0.015707801777422526,0.03141560355484505,0.0002467350366787983
805,1,0,805,0.015707801777422575,0.03141560355484515,0.0002467350366787998
806,1,0,806,0.015707801777422568,0.031415603554845135,0.0002467350366787995
807,0,0,807,0.015707801777422443,0.031415603554844886,0.00024673503667879573
808,0,0,808,0.0157078017774226,0.0314156035548452,0.00024673503667880056
809,1,0,809,0.015707801777422627,0.03141560355484525,0.00024673503667880137
810,0,0,810,0.01570780177742265,0.0314156035548453,0.0002467350366788022
811,0,0,811,0.015707801777422543,0.03141560355484509,0.0002467350366787988
812,1,0,812,0.015707801777422703,0.031415603554845406,0.00024673503667880386
813,0,0,813,0.015707801777422672,0.031415603554845344,0.0002467350366788029
814,0,0,814,0.015707801777422634,0.03141560355484527,0.00024673503667880164
815,1,0,815,0.015707801777422693,0.031415603554845385,0.0002467350366788035
816,1,0,816,0.015707801777422602,0.031415603554845205,0.0002467350366788006
817,0,0,817,0.015707801777422557,0.031415603554845115,0.0002467350366787993
818,1,0,818,0.015707801777422592,0.031415603554845184,0.0002467350366788004
819,1,0,819,0.01570780177742271,0.03141560355484542,0.00024673503667880397
820,1,0,820,0.015707801777422585,0.03141560355484517,0.0002467350366788002
821,1,0,821,0.015707801777422682,0.031415603554845364,0.00024673503667880316
822,0,0,822,0.015707801777422765,0.03141560355484553,0.0002467350366788057
823,0,0,823,0.015707801777422592,0.031415603554845184,0.0002467350366788003
824,0,0,824,0.01570780177742257,0.03141560355484514,0.00024673503667879963
825,0,0,825,0.01570780177742272,0.03141560355484544,0.0002467350366788044
826,1,0,826,0.015707801777422734,0.03141560355484547,0.00024673503667880484
827,0,0,827,0.015707801777422717,0.031415603554845434,0.0002467350366788043
828,1,0,828,0.015707801777422682,0.031415603554845364,0.00024673503667880316
829,1,0,829,0.015707801777422533,0.031415603554845066,0.0002467350366787985
830,0,0,830,0.01570780177742264,0.03141560355484528,0.0002467350366788019
831,1,0,831,0.01570780177742254,0.03141560355484508,0.00024673503667879877
832,0,0,832,0.015707801777422505,0.03141560355484501,0.00024673503667879763
833,1,0,833,0.015707801777422533,0.031415603554845066,0.00024673503667879855
834,0,0,834,0.015707801777422738,0.031415603554845475,0.00024673503667880495
835,1,0,835,0.01570780177742272,0.03141560355484544,0.0002467350366788044
836,1,0,836,0.01570780177742266,0.03141560355484532,0.00024673503667880245
837,0,0,837,0.0157078017774227,0.0314156035548454,0.00024673503667880375
838,1,0,838,0.015707801777422613,0.031415603554845226,0.000246735036678801
839,1,0,839,0.015707801777422623,0.031415603554845246,0.00024673503667880137
840,1,0,840,0.01570780177742259,0.03141560355484518,0.0002467350366788003
841,1,0,841,0.015707801777422724,0.03141560355484545,0.00024673503667880446
842,1,0,842,0.015707801777422817,0.031415603554845635,0.0002467350366788074
843,0,0,843,0.015707801777422547,0.031415603554845094,0.00024673503667879893
844,0,0,844,0.01570780177742268,0.03141560355484536,0.00024673503667880305
845,1,0,845,0.01570780177742265,0.0314156035548453,0.0002467350366788023
846,1,0,846,0.01570780177742269,0.03141560355484538,0.00024673503667880343
847,1,0,847,0.0157078017774225,0.031415603554845,0.00024673503667879747
848,0,0,848,0.015707801777422696,0.03141560355484539,0.00024673503667880365
849,1,0,849,0.015707801777422623,0.031415603554845246,0.00024673503667880126
850,0,0,850,0.015707801777422738,0.031415603554845475,0.00024673503667880495
851,1,0,851,0.01570780177742263,0.03141560355484526,0.0002467350366788016
852,0,0,852,0.015707801777422672,0.031415603554845344,0.0002467350366788029
853,1,0,853,0.01570780177742259,0.03141560355484518,0.0002467350366788002
854,0,0,854,0.0157078017774227,0.0314156035548454,0.0002467350366788037
855,0,0,855,0.015707801777422488,0.031415603554844976,0.00024673503667879703
856,1,0,856,0.015707801777422505,0.03141560355484501,0.0002467350366787976
857,1,0,857,0.0157078017774225,0.031415603554845,0.00024673503667879736
858,1,0,858,0.01570780177742266,0.03141560355484532,0.00024673503667880256
859,1,0,859,0.015707801777422703,0.031415603554845406,0.0002467350366788039
860,0,0,860,0.015707801777422457,0.03141560355484491,0.00024673503667879616
861,1,0,861,0.01570780177742262,0.03141560355484524,0.0002467350366788012
862,1,0,862,0.015707801777422745,0.03141560355484549,0.00024673503667880516
863,0,0,863,0.01570780177742272,0.03141560355484544,0.0002467350366788044
864,1,0,864,0.01570780177742263,0.03141560355484526,0.0002467350366788015
865,1,0,865,0.015707801777422578,0.031415603554845156,0.0002467350366787999
866,1,0,866,0.01570780177742249,0.03141560355484498,0.00024673503667879714
867,0,0,867,0.01570780177742265,0.0314156035548453,0.0002467350366788022
868,1,0,868,0.01570780177742254,0.03141560355484508,0.0002467350366787987
869,1,0,869,0.01570780177742267,0.03141560355484534,0.0002467350366788027
870,0,0,870,0.015707801777422665,0.03141560355484533,0.0002467350366788026
871,0,0,871,0.015707801777422568,0.031415603554845135,0.0002467350366787995
872,1,0,872,0.015707801777422613,0.031415603554845226,0.00024673503667880104
873,0,0,873,0.01570780177742267,0.03141560355484534,0.0002467350366788027
874,0,0,874,0.01570780177742261,0.03141560355484522,0.0002467350366788009
875,0,0,875,0.015707801777422835,0.03141560355484567,0.00024673503667880804
876,0,0,876,0.015707801777422647,0.0314156035548453,0.0002467350366788022
877,1,0,877,1.9999383152895793,3.9998766305791587,0.00024673503667880923
878,1,0,878,0.01570780177742258,0.03141560355484516,0.00024673503667879996
879,1,0,879,0.01570780177742262,0.03141560355484524,0.0002467350366788012
880,1,0,880,0.015707801777422578,0.03141560355484515,0.00024673503667879985
881,1,0,881,0.015707801777422568,0.031415603554845135,0.0002467350366787996
882,1,0,882,0.015707801777422738,0.031415603554845475,0.0002467350366788049
883,1,0,883,0.015707801777422526,0.03141560355484505,0.0002467350366787983
884,1,0,884,0.015707801777422696,0.03141560355484539,0.0002467350366788036
885,0,0,885,0.015707801777422592,0.031415603554845184,0.0002467350366788004
886,0,0,886,0.01570780177742255,0.0314156035548451,0.00024673503667879904
887,0,0,887,0.01570780177742261,0.03141560355484522,0.000246735036678801
888,0,0,888,0.015707801777422536,0.03141560355484507,0.00024673503667879866
889,0,0,889,0.015707801777422495,0.03141560355484499,0.0002467350366787973
890,1,0,890,0.015707801777422495,0.03141560355484499,0.0002467350366787973
891,0,0,891,0.015707801777422616,0.03141560355484523,0.0002467350366788011
892,1,0,892,0.01570780177742253,0.03141560355484506,0.00024673503667879833
893,1,0,893,0.015707801777422557,0.031415603554845115,0.0002467350366787993
894,0,0,894,0.015707801777422627,0.03141560355484525,0.0002467350366788014
895,0,0,895,0.015707801777422713,0.03141560355484543,0.0002467350366788042
896,1,0,896,0.0157078017774226,0.0314156035548452,0.0002467350366788006
897,1,0,897,0.015707801777422578,0.031415603554845156,0.0002467350366787999
898,0,0,898,0.015707801777422713,0.03141560355484543,0.0002467350366788042
899,1,0,899,0.015707801777422547,0.031415603554845094,0.0002467350366787988
900,0,0,900,0.015707801777422505,0.03141560355484501,0.00024673503667879763
901,0,0,901,0.015707801777422696,0.03141560355484539,0.00024673503667880365
902,0,0,902,0.015707801777422616,0.03141560355484523,0.0002467350366788011
903,1,0,903,0.015707801777422543,0.03141560355484509,0.00024673503667879877
904,1,0,904,0.015707801777422658,0.031415603554845316,0.0002467350366788024
905,1,0,905,0.01570780177742267,0.03141560355484534,0.0002467350366788027
906,1,0,906,0.0157078017774226,0.0314156035548452,0.00024673503667880056
907,1,0,907,0.015707801777422578,0.031415603554845156,0.00024673503667879996
908,1,0,908,0.015707801777422606,0.03141560355484521,0.00024673503667880077
909,1,0,909,0.015707801777422564,0.03141560355484513,0.00024673503667879947
910,1,0,910,0.01570780177742262,0.03141560355484524,0.0002467350366788011
911,1,0,911,0.01570780177742272,0.03141560355484544,0.0002467350366788044
912,1,0,912,0.01570780177742251,0.03141560355484502,0.0002467350366787977
913,0,0,913,0.015707801777422495,0.03141560355484499,0.0002467350366787972
914,1,0,914,0.015707801777422623,0.031415603554845246,0.00024673503667880137
915,0,0,915,0.015707801777422693,0.031415603554845385,0.00024673503667880343
916,0,0,916,0.015707801777422672,0.031415603554845344,0.0002467350366788029
917,1,0,917,0.015707801777422536,0.03141560355484507,0.0002467350366787986
918,1,0,918,0.01570780177742254,0.03141560355484508,0.0002467350366787987
919,0,0,919,0.01570780177742258,0.03141560355484516,0.0002467350366788
920,1,0,920,0.01570780177742274,0.03141560355484548,0.00024673503667880506
921,1,0,921,0.01570780177742247,0.03141560355484494,0.0002467350366787965
922,0,0,922,0.015707801777422557,0.031415603554845115,0.00024673503667879925
923,0,0,923,0.015707801777422495,0.03141560355484499,0.0002467350366787973
924,0,0,924,0.015707801777422658,0.031415603554845316,0.00024673503667880234
925,0,0,925,0.015707801777422554,0.03141560355484511,0.0002467350366787992
926,1,0,926,0.015707801777422654,0.03141560355484531,0.0002467350366788023
927,0,0,927,0.015707801777422703,0.031415603554845406,0.00024673503667880386
928,1,0,928,0.015707801777422602,0.031415603554845205,0.0002467350366788006
929,0,0,929,0.015707801777422533,0.031415603554845066,0.00024673503667879855
930,0,0,930,0.01570780177742282,0.03141560355484564,0.00024673503667880755
931,0,0,931,0.015707801777422717,0.031415603554845434,0.00024673503667880424
932,0,0,932,0.015707801777422637,0.031415603554845274,0.0002467350366788018
933,0,0,933,0.015707801777422672,0.031415603554845344,0.0002467350366788029
934,0,0,934,0.015707801777422644,0.03141560355484529,0.0002467350366788019
935,0,0,935,0.015707801777422526,0.03141560355484505,0.00024673503667879833
936,1,0,936,0.015707801777422575,0.03141560355484515,0.00024673503667879974
937,0,0,937,0.015707801777422713,0.03141560355484543,0.00024673503667880413
938,1,0,938,0.01570780177742257,0.031415603554845135,0.00024673503667879963
939,0,0,939,0.015707801777422675,0.03141560355484535,0.000246735036678803
940,0,0,940,0.015707801777422554,0.03141560355484511,0.0002467350366787992
941,0,0,941,0.01570780177742265,0.0314156035548453,0.00024673503667880213
942,0,0,942,0.015707801777422536,0.03141560355484507,0.0002467350366787986
943,0,0,943,0.015707801777422672,0.031415603554845344,0.00024673503667880294
944,1,0,944,0.01570780177742248,0.03141560355484496,0.0002467350366787968
945,0,0,945,0.015707801777422564,0.03141560355484513,0.0002467350366787994
946,0,0,946,0.015707801777422606,0.03141560355484521,0.0002467350366788007
947,1,0,947,0.01570780177742261,0.031415603554845226,0.00024673503667880094
948,0,0,948,0.015707801777422467,0.031415603554844934,0.0002467350366787965
949,1,0,949,0.015707801777422717,0.031415603554845434,0.0002467350366788043
950,1,0,950,0.015707801777422672,0.031415603554845344,0.0002467350366788028
951,1,0,951,0.015707801777422616,0.03141560355484523,0.00024673503667880104
952,1,0,952,0.01570780177742258,0.03141560355484516,0.00024673503667880007
953,1,0,953,0.01570780177742261,0.03141560355484522,0.00024673503667880094
954,0,0,954,0.01570780177742257,0.03141560355484514,0.0002467350366787997
955,1,0,955,0.0157078017774226,0.0314156035548452,0.0002467350366788006
956,1,0,956,0.015707801777422526,0.03141560355484505,0.0002467350366787983
957,1,0,957,0.015707801777422675,0.03141560355484535,0.000246735036678803
958,0,0,958,0.01570780177742268,0.03141560355484536,0.000246735036678803
959,0,0,959,0.015707801777422682,0.031415603554845364,0.0002467350366788032
960,1,0,960,0.015707801777422543,0.03141560355484509,0.0002467350366787988
961,1,0,961,0.015707801777422564,0.03141560355484513,0.00024673503667879947
962,0,0,962,0.015707801777422765,0.03141560355484553,0.0002467350366788058
963,1,0,963,0.01570780177742268,0.031415603554845364,0.00024673503667880316
964,1,0,964,0.015707801777422585,0.03141560355484517,0.0002467350366788001
965,0,0,965,1.9999383152895795,3.999876630579159,0.0002467350366788148
966,0,0,966,0.01570780177742262,0.03141560355484524,0.0002467350366788012
967,0,0,967,0.01570780177742264,0.03141560355484528,0.00024673503667880186
968,0,0,968,0.01570780177742255,0.0314156035548451,0.000246735036678799
969,0,0,969,0.015707801777422613,0.031415603554845226,0.00024673503667880094
970,1,0,970,0.01570780177742257,0.03141560355484514,0.0002467350366787998
971,1,0,971,0.015707801777422724,0.03141560355484545,0.0002467350366788045
972,1,0,972,0.015707801777422592,0.031415603554845184,0.0002467350366788003
973,0,0,973,0.015707801777422564,0.03141560355484513,0.0002467350366787995
974,0,0,974,0.015707801777422595,0.03141560355484519,0.0002467350366788005
975,0,0,975,0.015707801777422536,0.03141560355484507,0.0002467350366787986
976,1,0,976,0.015707801777422536,0.03141560355484507,0.00024673503667879855
977,0,0,977,0.01570780177742269,0.03141560355484538,0.0002467350366788033
978,0,0,978,0.015707801777422703,0.031415603554845406,0.00024673503667880386
979,0,0,979,0.01570780177742272,0.03141560355484544,0.00024673503667880435
980,0,0,980,0.01570780177742255,0.0314156035548451,0.0002467350366787991
981,0,0,981,0.01570780177742255,0.0314156035548451,0.00024673503667879904
982,0,0,982,0.01570780177742285,0.0314156035548457,0.00024673503667880847
983,1,0,983,0.01570780177742275,0.0314156035548455,0.0002467350366788054
984,1,0,984,0.015707801777422606,0.03141560355484521,0.0002467350366788007
985,1,0,985,0.01570780177742273,0.03141560355484546,0.00024673503667880473
986,1,0,986,0.015707801777422693,0.031415603554845385,0.00024673503667880354
987,0,0,987,0.01570780177742258,0.03141560355484516,0.0002467350366788
988,0,0,988,0.01570780177742256,0.03141560355484512,0.0002467350366787993
989,0,0,989,0.015707801777422554,0.03141560355484511,0.00024673503667879915
990,0,0,990,1.9999383152895793,3.9998766305791587,0.00024673503667881286
991,1,0,991,0.015707801777422755,0.03141560355484551,0.0002467350366788055
992,1,0,992,0.015707801777422585,0.03141560355484517,0.00024673503667880023
993,1,0,993,0.015707801777422713,0.03141560355484543,0.00024673503667880413
994,0,0,994,1.9999383152895793,3.9998766305791587,0.0002467350366788058
995,1,0,995,0.015707801777422578,0.031415603554845156,0.00024673503667879996
996,0,0,996,0.015707801777422637,0.031415603554845274,0.0002467350366788017
997,1,0,997,0.015707801777422637,0.031415603554845274,0.00024673503667880175
998,0,0,998,0.015707801777422783,0.031415603554845566,0.00024673503667880636
999,0,0,999,0.01570780177742273,0.03141560355484546,0.0002467350366788047
