,Layer,Qubit,Run,2-Norm,Trace Norm,Diamond Norm
0,0,0,0,0.0031415913616614955,0.002892757845325389,9.869596283666125e-06
1,1,0,1,0.0031415913616616815,0.005543554398793227,9.869596283667296e-06
2,1,0,2,0.0031415913616617873,0.002247786941953045,9.86959628366796e-06
3,0,0,3,0.003141591361661553,0.00484545273207293,9.869596283666491e-06
4,0,0,4,0.0031415913616618606,0.004803449248304337,9.869596283668419e-06
5,0,0,5,0.0031415913616617665,0.006061698291379702,9.869596283667831e-06
6,0,0,6,0.0031415913616615766,0.002662731990203504,9.869596283666638e-06
7,0,0,7,0.0031415913616615744,0.006282124443558704,9.869596283666623e-06
8,1,0,8,0.0031415913616618663,0.0043953483825409645,9.869596283668461e-06
9,1,0,9,0.0031415913616615887,0.0010886742169600172,9.869596283666715e-06
10,0,0,10,0.0031415913616615722,0.0017414341263806143,9.86959628366661e-06
11,0,0,11,0.0031415913616618953,0.005027733386645528,9.869596283668639e-06
12,1,0,12,0.003141591361661819,0.0004648372535728251,9.869596283668161e-06
13,0,0,13,0.0031415913616618064,0.0004817538204707761,9.869596283668082e-06
14,0,0,14,0.0031415913616620076,0.004632965676963918,9.86959628366935e-06
15,0,0,15,0.0031415913616618775,0.003187824709521503,9.869596283668527e-06
16,1,0,16,0.0031415913616618003,0.005742429374902436,9.869596283668048e-06
17,0,0,17,0.003141591361661799,0.005586884332621667,9.869596283668034e-06
18,0,0,18,0.0031415913616619356,0.00566867470738841,9.869596283668893e-06
19,0,0,19,0.0031415913616617856,0.0023537195143473744,9.86959628366795e-06
20,0,0,20,0.003141591361661764,0.0010579154688374892,9.86959628366782e-06
21,1,0,21,0.00314159136166154,0.005788850162309844,9.869596283666413e-06
22,0,0,22,0.003141591361661567,0.006226325899611307,9.869596283666577e-06
23,0,0,23,0.0031415913616617856,0.005409400896991601,9.869596283667951e-06
24,1,0,24,0.0031415913616617817,0.004509729967293374,9.869596283667926e-06
25,0,0,25,0.003141591361661637,0.004610289553495628,9.869596283667014e-06
26,1,0,26,0.0031415913616616143,0.00013982889995911574,9.869596283666877e-06
27,0,0,27,0.0031415913616617756,0.004546518116442577,9.869596283667889e-06
28,0,0,28,0.0031415913616617964,0.006091441514765178,9.869596283668022e-06
29,0,0,29,0.003141591361661609,0.005499173249072786,9.869596283666842e-06
30,0,0,30,0.003141591361661518,0.002532970733085005,9.869596283666269e-06
31,1,0,31,0.0031415913616617843,0.00047312875343408223,9.86959628366794e-06
32,0,0,32,0.0031415913616619244,0.004509919159393805,9.869596283668824e-06
33,1,0,33,0.0031415913616618736,0.004383535985501785,9.869596283668505e-06
34,0,0,34,0.00314159136166183,0.004910839027080338,9.86959628366824e-06
35,1,0,35,0.003141591361661847,0.0010664453799004159,9.869596283668337e-06
36,0,0,36,0.0031415913616617648,0.0055535943947050415,9.869596283667816e-06
37,1,0,37,0.0031415913616615223,0.006279895943890473,9.869596283666298e-06
38,1,0,38,0.003141591361661746,0.0028440629674605367,9.869596283667707e-06
39,0,0,39,0.003141591361661554,0.00022375939528629374,9.869596283666496e-06
40,1,0,40,0.0031415913616615306,0.0031378298905855306,9.869596283666342e-06
41,1,0,41,0.0031415913616615345,0.005725380542545566,9.869596283666374e-06
42,1,0,42,0.0031415913616617375,0.0054770859722284015,9.869596283667646e-06
43,0,0,43,0.003141591361661632,0.00434124147492243,9.869596283666987e-06
44,0,0,44,0.003141591361661579,0.001848037057623042,9.869596283666655e-06
45,0,0,45,0.0031415913616616928,0.004001511165984906,9.869596283667365e-06
46,0,0,46,0.00314159136166181,0.0020189193510367076,9.869596283668107e-06
47,1,0,47,0.003141591361661766,0.005132332840754206,9.86959628366783e-06
48,1,0,48,0.003141591361661707,0.003770957670104602,9.869596283667458e-06
49,0,0,49,0.0031415913616618047,0.005424110075511246,9.869596283668073e-06
50,0,0,50,0.003141591361661628,0.0019680699074052788,9.869596283666964e-06
51,0,0,51,0.0031415913616615714,0.0010498429546306198,9.869596283666606e-06
52,0,0,52,0.0031415913616618103,0.000526384704916838,9.869596283668107e-06
53,1,0,53,0.0031415913616618116,0.0017137568506833123,9.869596283668119e-06
54,0,0,54,0.003141591361661895,0.003149480945796701,9.869596283668636e-06
55,0,0,55,0.003141591361661596,0.000575091444602438,9.869596283666759e-06
56,1,0,56,0.003141591361661822,0.0010483021044628282,9.869596283668177e-06
57,1,0,57,0.0031415913616616247,0.0062829165478817724,9.869596283666942e-06
58,0,0,58,0.0031415913616617487,0.005938775366830407,9.86959628366772e-06
59,1,0,59,0.003141591361661591,0.006110362814273157,9.86959628366673e-06
60,0,0,60,0.0031415913616615397,0.0053720261186824825,9.869596283666408e-06
61,1,0,61,0.0031415913616617782,0.0024555594970854244,9.869596283667905e-06
62,0,0,62,0.003141591361661752,0.006206993543636852,9.869596283667741e-06
63,0,0,63,0.00314159136166185,0.005492337198829744,9.869596283668356e-06
64,1,0,64,0.003141591361661815,0.004443099848676635,9.869596283668136e-06
65,0,0,65,0.0031415913616615614,0.00627691223048641,9.86959628366655e-06
66,0,0,66,0.003141591361661727,0.0018892861432282526,9.869596283667584e-06
67,1,0,67,0.003141591361661594,0.0060278944797745315,9.869596283666747e-06
68,1,0,68,0.0031415913616618407,0.00594636735767512,9.869596283668295e-06
69,1,0,69,0.003141591361661612,0.006101267762897933,9.869596283666862e-06
70,0,0,70,0.003141591361661782,0.006199956127669298,9.869596283667931e-06
71,0,0,71,0.003141591361661597,0.003894965545993001,9.869596283666767e-06
72,0,0,72,0.0031415913616618936,0.00036415993512972644,9.869596283668627e-06
73,0,0,73,0.0031415913616618055,0.005643584961234349,9.869596283668078e-06
74,0,0,74,0.003141591361661856,0.005312298813865635,9.869596283668393e-06
75,0,0,75,0.0031415913616617782,0.005803621042251406,9.869596283667905e-06
76,1,0,76,0.003141591361661637,0.005062416498200939,9.869596283667021e-06
77,1,0,77,0.003141591361661818,0.0034242695753361474,9.869596283668156e-06
78,1,0,78,0.0031415913616615774,0.00532535403990253,9.869596283666645e-06
79,0,0,79,0.0031415913616616347,0.005933289454653934,9.869596283667004e-06
80,0,0,80,0.0031415913616616655,0.004280473244121952,9.869596283667197e-06
81,0,0,81,0.003141591361661524,0.006245309504742044,9.86959628366631e-06
82,1,0,82,0.0031415913616617912,0.0054951047833057265,9.869596283667988e-06
83,1,0,83,0.003141591361661847,0.006264272992024561,9.869596283668337e-06
84,0,0,84,0.003141591361661683,0.0020004689261667874,9.869596283667306e-06
85,1,0,85,0.003141591361661835,0.005627058121285278,9.86959628366826e-06
86,1,0,86,0.003141591361661641,0.002297168074660738,9.869596283667047e-06
87,0,0,87,0.003141591361661779,0.0029904859756662017,9.86959628366791e-06
88,1,0,88,0.0031415913616616993,0.005837693404077915,9.869596283667406e-06
89,1,0,89,0.0031415913616615484,0.003203031144396684,9.869596283666459e-06
90,0,0,90,0.003141591361661854,0.004669901403580923,9.869596283668383e-06
91,0,0,91,0.0031415913616618884,0.0026661371734687522,9.8695962836686e-06
92,0,0,92,0.0031415913616617873,0.005364866194698337,9.869596283667963e-06
93,1,0,93,0.003141591361661818,0.006028515113231214,9.869596283668156e-06
94,0,0,94,0.0031415913616615913,0.00037664862955044676,9.869596283666731e-06
95,0,0,95,0.00314159136166157,0.004952282151577947,9.869596283666596e-06
96,0,0,96,0.0031415913616618368,0.0016273447152456155,9.869596283668275e-06
97,1,0,97,0.003141591361661926,0.0056695120572835545,9.869596283668837e-06
98,1,0,98,0.0031415913616616455,0.003222767898334755,9.869596283667072e-06
99,1,0,99,0.0031415913616615787,0.006282192850460708,9.869596283666652e-06
100,1,0,100,0.003141591361661639,0.0021123371223233933,9.86959628366703e-06
101,1,0,101,0.003141591361661863,0.0013389413768125635,9.869596283668439e-06
102,1,0,102,0.0031415913616618545,0.003612395514093536,9.869596283668385e-06
103,1,0,103,0.003141591361661798,0.0007614628048214778,9.869596283668033e-06
104,0,0,104,0.0031415913616615588,0.00628137481652823,9.869596283666528e-06
105,0,0,105,0.00314159136166155,0.005802554074894772,9.86959628366647e-06
106,1,0,106,0.0031415913616618684,0.0012030309240783632,9.869596283668475e-06
107,0,0,107,0.0031415913616617084,0.004815539800839819,9.869596283667465e-06
108,1,0,108,0.0031415913616617804,0.0003776090932445797,9.869596283667922e-06
109,1,0,109,0.003141591361661604,0.00536790956611255,9.86959628366681e-06
110,0,0,110,0.003141591361661874,0.005304093253273523,9.869596283668507e-06
111,1,0,111,0.003141591361661542,0.002686362341720483,9.869596283666416e-06
112,0,0,112,0.0031415913616617682,0.006261028905304125,9.869596283667841e-06
113,0,0,113,0.003141591361661827,0.005929587339986608,9.869596283668212e-06
114,0,0,114,0.00314159136166182,0.005481579946540971,9.869596283668168e-06
115,1,0,115,0.00314159136166192,0.004609965910754021,9.869596283668797e-06
116,1,0,116,0.0031415913616615913,0.005398809340540933,9.869596283666735e-06
117,1,0,117,0.003141591361661777,0.006064303960229056,9.869596283667897e-06
118,0,0,118,0.003141591361661787,0.001943871484803128,9.86959628366796e-06
119,0,0,119,0.0031415913616615154,0.004849483838188728,9.869596283666255e-06
120,1,0,120,0.0031415913616617943,0.004658203972652375,9.869596283668005e-06
121,0,0,121,0.003141591361661827,0.006256940187452598,9.86959628366821e-06
122,1,0,122,0.003141591361661601,0.0062275864512324475,9.869596283666792e-06
123,1,0,123,0.0031415913616614794,0.003380084314062004,9.869596283666023e-06
124,0,0,124,0.0031415913616615644,0.004961578098202857,9.869596283666562e-06
125,0,0,125,0.0031415913616618953,0.004614506111911498,9.86959628366864e-06
126,0,0,126,0.003141591361661814,0.0043787825020168425,9.869596283668132e-06
127,0,0,127,0.003141591361661795,0.0035657682773667654,9.869596283668016e-06
128,1,0,128,0.0031415913616617045,0.004982138207600961,9.86959628366744e-06
129,1,0,129,0.0031415913616617305,0.002821369966550469,9.86959628366761e-06
130,1,0,130,0.003141591361661914,0.005531550029844512,9.869596283668756e-06
131,1,0,131,0.003141591361661842,0.0040487427087065875,9.869596283668304e-06
132,1,0,132,0.0031415913616617713,0.006253247394506084,9.869596283667861e-06
133,1,0,133,0.0031415913616617878,0.0061028130647280965,9.869596283667966e-06
134,0,0,134,0.0031415913616617878,0.0013303493028518076,9.869596283667966e-06
135,0,0,135,0.003141591361661862,0.0054952722491352635,9.869596283668432e-06
136,1,0,136,0.003141591361661779,0.006228883681116626,9.869596283667912e-06
137,1,0,137,0.003141591361661855,0.0011036476726903333,9.869596283668385e-06
138,0,0,138,0.0031415913616618762,0.005051387079050951,9.869596283668515e-06
139,1,0,139,0.0031415913616616017,0.005039261840856124,9.869596283666798e-06
140,1,0,140,0.0031415913616617817,0.003813920456126274,9.869596283667927e-06
141,0,0,141,0.0031415913616618047,0.0061111206582540045,9.869596283668075e-06
142,1,0,142,0.0031415913616616798,0.0017442480125562376,9.869596283667285e-06
143,1,0,143,0.0031415913616615267,0.0032619999226468632,9.869596283666323e-06
144,1,0,144,0.003141591361661626,0.0012409974915956745,9.86959628366695e-06
145,1,0,145,0.00314159136166179,0.00550522966555822,9.86959628366798e-06
146,1,0,146,0.003141591361661832,0.0062297681600929355,9.869596283668244e-06
147,1,0,147,0.0031415913616615965,0.00584008583535095,9.869596283666764e-06
148,0,0,148,0.0031415913616618177,0.0017248761132284685,9.869596283668153e-06
149,0,0,149,0.0031415913616618498,0.005643539678875709,9.869596283668356e-06
150,0,0,150,0.0031415913616618467,0.004011377501715208,9.86959628366834e-06
151,0,0,151,0.003141591361661747,0.004427980510169016,9.869596283667709e-06
152,1,0,152,0.003141591361661901,0.0014243257850062863,9.869596283668675e-06
153,0,0,153,0.003141591361661851,0.005633179682309364,9.869596283668365e-06
154,0,0,154,0.003141591361661539,0.006245180333862718,9.869596283666401e-06
155,0,0,155,0.00314159136166156,0.005461420118572036,9.869596283666538e-06
156,0,0,156,0.003141591361661887,0.006115683043043524,9.869596283668592e-06
157,0,0,157,0.003141591361661854,0.0036816693351071628,9.869596283668378e-06
158,0,0,158,0.003141591361661923,0.005647527948645925,9.869596283668819e-06
159,1,0,159,0.0031415913616618064,0.005314582823287783,9.869596283668082e-06
160,0,0,160,0.003141591361661763,0.0036538754956911834,9.869596283667809e-06
161,1,0,161,0.003141591361661842,0.004993867078125214,9.869596283668304e-06
162,0,0,162,0.0031415913616617604,0.006169753223174146,9.869596283667795e-06
163,1,0,163,0.00314159136166178,0.0005748474905602485,9.869596283667917e-06
164,1,0,164,0.0031415913616616247,0.004369870460633196,9.869596283666942e-06
165,1,0,165,0.003141591361661655,0.005079867350253342,9.869596283667133e-06
166,1,0,166,0.0031415913616618845,0.0061970521953067514,9.869596283668573e-06
167,0,0,167,0.0031415913616616017,0.00027740244057294916,9.869596283666798e-06
168,0,0,168,0.0031415913616616754,0.0047892036774670466,9.869596283667258e-06
169,1,0,169,0.003141591361661773,0.0062815055014372005,9.869596283667873e-06
170,1,0,170,0.003141591361661623,0.00012829347000609115,9.86959628366693e-06
171,0,0,171,0.003141591361661621,0.006237572382796999,9.869596283666914e-06
172,1,0,172,0.003141591361661832,0.006212574886998307,9.869596283668241e-06
173,1,0,173,0.0031415913616617843,0.00628125833087281,9.869596283667946e-06
174,0,0,174,0.00314159136166184,0.005576695509097396,9.869596283668292e-06
175,0,0,175,0.0031415913616619226,0.0031879077090860575,9.869596283668813e-06
176,0,0,176,0.0031415913616617674,0.006265159432064474,9.86959628366784e-06
177,1,0,177,0.0031415913616616065,0.002073740070956176,9.86959628366683e-06
178,0,0,178,0.0031415913616617817,0.006019180501366628,9.86959628366793e-06
179,1,0,179,0.003141591361661782,0.002732862130998326,9.869596283667931e-06
180,1,0,180,0.003141591361661594,0.003317573526973927,9.869596283666747e-06
181,1,0,181,0.0031415913616618693,0.004895585344672715,9.869596283668476e-06
182,1,0,182,0.0031415913616616394,0.0038577683969245324,9.869596283667036e-06
183,0,0,183,0.003141591361661768,0.0032752808690084123,9.869596283667841e-06
184,0,0,184,0.003141591361661729,0.005904352955807435,9.869596283667599e-06
185,0,0,185,0.003141591361661577,0.00376614750428661,9.869596283666642e-06
186,1,0,186,0.003141591361661527,0.006069194954714863,9.86959628366633e-06
187,0,0,187,0.0031415913616618324,0.0015294196431402396,9.869596283668246e-06
188,1,0,188,0.003141591361661884,0.006229457323015858,9.869596283668571e-06
189,1,0,189,0.0031415913616617726,0.0021906448555359948,9.869596283667867e-06
190,0,0,190,0.0031415913616615943,0.0006495358857125932,9.869596283666754e-06
191,0,0,191,0.003141591361661882,0.004686154496591821,9.869596283668558e-06
192,1,0,192,0.003141591361661677,0.005043891001241363,9.869596283667267e-06
193,0,0,193,0.0031415913616619105,0.00626558858508669,9.869596283668739e-06
194,1,0,194,0.003141591361661783,0.0062655499359399874,9.869596283667941e-06
195,1,0,195,0.003141591361661791,0.003124789337855649,9.869596283667983e-06
196,0,0,196,0.003141591361661586,0.0060533114699996005,9.869596283666694e-06
197,1,0,197,0.003141591361661788,0.0016682066790953964,9.869596283667966e-06
198,1,0,198,0.0031415913616618706,0.0025700577450421536,9.869596283668488e-06
199,0,0,199,0.003141591361661767,0.005910662056730076,9.869596283667834e-06
200,0,0,200,0.003141591361661784,0.005860373597163626,9.869596283667941e-06
201,1,0,201,0.003141591361661861,0.001821609240805544,9.869596283668426e-06
202,1,0,202,0.003141591361661796,0.0022105940935426283,9.869596283668017e-06
203,0,0,203,0.003141591361661862,0.005634871587886114,9.869596283668432e-06
204,1,0,204,0.0031415913616618402,0.00018184731659631748,9.8695962836683e-06
205,0,0,205,0.0031415913616616538,0.001921610434148402,9.869596283667123e-06
206,0,0,206,0.0031415913616616047,0.0011410745255279187,9.869596283666813e-06
207,0,0,207,0.0031415913616615588,0.0060595968061346595,9.869596283666525e-06
208,1,0,208,0.0031415913616616013,0.006224066371433329,9.869596283666796e-06
209,1,0,209,0.003141591361661602,0.006012576703906036,9.8695962836668e-06
210,0,0,210,0.0031415913616618146,0.006271595733456391,9.869596283668134e-06
211,0,0,211,0.0031415913616618194,0.0015025140552560323,9.869596283668168e-06
212,1,0,212,0.0031415913616619252,0.004565417803225058,9.869596283668829e-06
213,1,0,213,0.003141591361661798,0.006282071388737376,9.869596283668033e-06
214,1,0,214,0.003141591361661893,0.0021756625814004504,9.869596283668627e-06
215,0,0,215,0.0031415913616618333,0.005279889983248465,9.869596283668251e-06
216,1,0,216,0.0031415913616618008,0.006282364978003999,9.869596283668046e-06
217,0,0,217,0.003141591361661824,0.0030028010959189944,9.869596283668195e-06
218,1,0,218,0.003141591361661666,0.005738236675877806,9.869596283667197e-06
219,0,0,219,0.0031415913616617934,0.006254152893480441,9.869596283668002e-06
220,0,0,220,0.003141591361661768,0.0015852357207040146,9.86959628366784e-06
221,0,0,221,0.003141591361661671,0.002431684430379444,9.869596283667235e-06
222,0,0,222,0.0031415913616615284,0.005122223133122716,9.869596283666337e-06
223,1,0,223,0.003141591361661786,0.006185172912757747,9.869596283667955e-06
224,1,0,224,0.0031415913616616342,0.005973880153568922,9.869596283667003e-06
225,1,0,225,0.0031415913616617947,0.006078589662499523,9.869596283668009e-06
226,0,0,226,0.0031415913616618584,0.0056633337254372584,9.86959628366841e-06
227,0,0,227,0.0031415913616617847,0.0005419170109270954,9.869596283667944e-06
228,0,0,228,0.0031415913616618814,0.005400704057159422,9.869596283668553e-06
229,0,0,229,0.0031415913616618767,0.006185025821467793,9.869596283668524e-06
230,1,0,230,0.0031415913616617934,0.004362569793702753,9.869596283668e-06
231,1,0,231,0.0031415913616618953,0.0048063079232070205,9.86959628366864e-06
232,0,0,232,0.003141591361661776,0.005762751102043939,9.869596283667892e-06
233,0,0,233,0.0031415913616618545,0.005868885831067927,9.869596283668385e-06
234,0,0,234,0.0031415913616616165,0.004335760968434688,9.86959628366689e-06
235,1,0,235,0.0031415913616618355,0.00405454793296145,9.869596283668266e-06
236,0,0,236,0.0031415913616616286,0.006047400649119239,9.869596283666967e-06
237,1,0,237,0.0031415913616616663,0.00627055660746785,9.869596283667202e-06
238,0,0,238,0.0031415913616618762,0.0035728768561119617,9.86959628366852e-06
239,1,0,239,0.003141591361661767,0.0007708959759138434,9.869596283667834e-06
240,0,0,240,0.0031415913616618467,0.006238135731342173,9.869596283668334e-06
241,0,0,241,0.0031415913616618055,0.005990890351981248,9.869596283668077e-06
242,1,0,242,0.0031415913616618103,0.0006049983750022747,9.869596283668109e-06
243,0,0,243,0.0031415913616617878,0.00625173737667728,9.869596283667966e-06
244,0,0,244,0.003141591361661858,0.00377045509076146,9.869596283668407e-06
245,0,0,245,0.0031415913616617617,3.755989335108012e-05,9.869596283667802e-06
246,0,0,246,0.0031415913616615436,6.07735681068533e-06,9.869596283666437e-06
247,1,0,247,0.00314159136166189,0.004799819232049751,9.86959628366861e-06
248,1,0,248,0.00314159136166185,0.005345642534192119,9.86959628366836e-06
249,0,0,249,0.003141591361661575,0.004172166649585529,9.869596283666628e-06
250,1,0,250,0.0031415913616618008,0.003960163244398629,9.869596283668046e-06
251,1,0,251,0.003141591361661857,0.006153500741431089,9.869596283668407e-06
252,1,0,252,0.0031415913616617687,0.006228264565052766,9.869596283667846e-06
253,0,0,253,0.0031415913616616234,0.005384920931006065,9.869596283666936e-06
254,1,0,254,0.003141591361661809,0.002620188584676386,9.869596283668104e-06
255,1,0,255,0.003141591361661853,0.006204470363209369,9.869596283668376e-06
256,0,0,256,0.0031415913616618303,0.005232768347729899,9.869596283668234e-06
257,1,0,257,0.003141591361661604,0.005887425878321306,9.869596283666813e-06
258,1,0,258,0.0031415913616616195,0.0006638868020044653,9.869596283666911e-06
259,0,0,259,0.003141591361661566,0.004241776402283293,9.869596283666574e-06
260,1,0,260,0.003141591361661752,0.005979087797066851,9.869596283667745e-06
261,1,0,261,0.0031415913616618793,0.004184972299145828,9.869596283668539e-06
262,0,0,262,0.003141591361661567,0.005761912838568806,9.869596283666577e-06
263,1,0,263,0.0031415913616618897,0.0037138365086992753,9.869596283668605e-06
264,1,0,264,0.0031415913616617782,0.004018426184666524,9.869596283667905e-06
265,0,0,265,0.003141591361661776,0.004562535884873653,9.86959628366789e-06
266,1,0,266,0.0031415913616616117,0.0037118654264549633,9.869596283666859e-06
267,0,0,267,0.0031415913616618047,0.0006720124248578152,9.869596283668071e-06
268,1,0,268,0.0031415913616617917,0.004517911946263498,9.86959628366799e-06
269,0,0,269,0.00314159136166179,0.0035536926878168007,9.86959628366798e-06
270,0,0,270,0.0031415913616615345,0.0012767937657396367,9.869596283666374e-06
271,0,0,271,0.0031415913616615995,0.005686080506384805,9.869596283666784e-06
272,0,0,272,0.0031415913616616464,0.006283182647620509,9.869596283667079e-06
273,1,0,273,0.003141591361661849,0.002769904445022009,9.86959628366835e-06
274,1,0,274,0.0031415913616618515,0.006257359285417444,9.86959628366836e-06
275,1,0,275,0.003141591361661797,0.002727937145045045,9.869596283668024e-06
276,1,0,276,0.0031415913616615787,0.006282407803725751,9.869596283666655e-06
277,0,0,277,0.003141591361661811,0.005650845660073012,9.869596283668112e-06
278,1,0,278,0.0031415913616618216,0.0062779828647622354,9.86959628366818e-06
279,1,0,279,0.0031415913616617995,0.005294575726026873,9.869596283668043e-06
280,1,0,280,0.0031415913616618584,0.005632941672219727,9.86959628366841e-06
281,1,0,281,0.0031415913616615167,0.005676958446725111,9.869596283666262e-06
282,1,0,282,0.003141591361661564,0.005906180752048185,9.869596283666557e-06
283,1,0,283,0.0031415913616617687,0.00624377680739982,9.869596283667844e-06
284,0,0,284,0.0031415913616616993,0.00230247048406218,9.869596283667404e-06
285,0,0,285,0.003141591361661907,0.001989511418142631,9.869596283668714e-06
286,0,0,286,0.0031415913616618402,0.0010743498355411107,9.869596283668293e-06
287,0,0,287,0.00314159136166182,0.0012174156875115472,9.869596283668168e-06
288,1,0,288,0.0031415913616617813,0.004752831078888131,9.869596283667927e-06
289,0,0,289,0.0031415913616618016,0.005107812805068557,9.869596283668046e-06
290,1,0,290,0.0031415913616615722,0.0009134504921890496,9.86959628366661e-06
291,0,0,291,0.0031415913616617574,0.0023934368595883715,9.869596283667777e-06
292,1,0,292,0.003141591361661862,0.005358876841184523,9.869596283668432e-06
293,0,0,293,0.0031415913616616013,0.0026790649719965476,9.869596283666792e-06
294,1,0,294,0.0031415913616617028,0.0012941550427119086,9.869596283667431e-06
295,1,0,295,0.00314159136166191,0.004874926635165977,9.869596283668736e-06
296,0,0,296,0.0031415913616618728,0.0010378463829026074,9.869596283668503e-06
297,0,0,297,0.003141591361661745,0.0057768076047465255,9.869596283667697e-06
298,0,0,298,0.0031415913616618,0.003543936261782177,9.86959628366804e-06
299,0,0,299,0.0031415913616618584,0.006186260710361768,9.86959628366841e-06
300,1,0,300,0.0031415913616617487,0.006067930647190467,9.86959628366772e-06
301,0,0,301,0.003141591361661875,0.005839230972852993,9.869596283668514e-06
302,0,0,302,0.0031415913616618537,0.006275943771891099,9.869596283668378e-06
303,0,0,303,0.003141591361661786,0.0062768123292048505,9.869596283667956e-06
304,0,0,304,0.0031415913616615297,0.004408410777946736,9.869596283666344e-06
305,0,0,305,0.0031415913616618866,0.004025745102425149,9.869596283668585e-06
306,0,0,306,0.003141591361661566,0.0026860074257231137,9.869596283666576e-06
307,1,0,307,0.003141591361661658,0.003760690842312786,9.869596283667153e-06
308,0,0,308,0.003141591361661506,0.004993780986376484,9.869596283666194e-06
309,0,0,309,0.0031415913616617375,0.006278071375604349,9.869596283667648e-06
310,1,0,310,0.0031415913616618684,0.00522533761278432,9.869596283668473e-06
311,1,0,311,0.0031415913616615466,0.004319895353686931,9.869596283666452e-06
312,0,0,312,0.0031415913616618207,0.0007767871024045858,9.869596283668173e-06
313,1,0,313,0.003141591361661801,0.002214978812891344,9.869596283668041e-06
314,1,0,314,0.003141591361661731,0.003329390746920846,9.869596283667606e-06
315,0,0,315,0.0031415913616618554,0.006283124267180443,9.86959628366839e-06
316,0,0,316,0.003141591361661875,0.004260561879975366,9.869596283668512e-06
317,0,0,317,0.0031415913616618454,0.005681106159796334,9.869596283668326e-06
318,0,0,318,0.003141591361661763,0.0047313607403338676,9.86959628366781e-06
319,1,0,319,0.0031415913616616047,0.005316073894237161,9.869596283666818e-06
320,0,0,320,0.003141591361661633,0.004504527198313069,9.86959628366699e-06
321,1,0,321,0.003141591361661539,0.004252301148752302,9.869596283666401e-06
322,1,0,322,0.0031415913616618606,0.005470449426090651,9.869596283668426e-06
323,1,0,323,0.003141591361661899,0.00014767767618117933,9.869596283668664e-06
324,1,0,324,0.0031415913616617366,0.005443360395985364,9.869596283667643e-06
325,1,0,325,0.0031415913616616195,0.004753835084339908,9.869596283666906e-06
326,0,0,326,0.0031415913616615154,0.0059822355683119,9.869596283666254e-06
327,1,0,327,0.0031415913616617873,0.006110038762628972,9.869596283667958e-06
328,0,0,328,0.003141591361661854,0.0025003504694808276,9.869596283668382e-06
329,0,0,329,0.0031415913616618576,0.005582932078408431,9.869596283668404e-06
330,0,0,330,0.0031415913616618003,0.0011440644033494651,9.869596283668046e-06
331,0,0,331,0.003141591361661795,0.005897887249657063,9.869596283668007e-06
332,1,0,332,0.003141591361661744,0.0051437462202224005,9.869596283667692e-06
333,1,0,333,0.0031415913616618476,0.0024369389026011046,9.86959628366834e-06
334,0,0,334,0.003141591361661678,0.004478837133656932,9.869596283667277e-06
335,0,0,335,0.003141591361661802,0.006154844225280981,9.869596283668053e-06
336,1,0,336,0.003141591361661842,0.0025095208817210723,9.869596283668304e-06
337,0,0,337,0.0031415913616618706,0.005461363688796628,9.869596283668487e-06
338,1,0,338,0.003141591361661833,0.005740276937628963,9.869596283668251e-06
339,1,0,339,0.0031415913616615783,0.00605604828983608,9.869596283666652e-06
340,0,0,340,0.003141591361661654,0.0050402253994981105,9.869596283667128e-06
341,1,0,341,0.003141591361661913,0.006282497350348486,9.869596283668758e-06
342,1,0,342,0.0031415913616618923,0.006167089854860419,9.86959628366862e-06
343,1,0,343,0.003141591361661535,0.004010607190289894,9.869596283666377e-06
344,0,0,344,0.0031415913616618303,0.003742822221518005,9.869596283668236e-06
345,1,0,345,0.003141591361661897,0.0028871504972159956,9.86959628366865e-06
346,1,0,346,0.0031415913616617756,0.005789543062455493,9.869596283667889e-06
347,0,0,347,0.0031415913616616212,0.003096424923670016,9.869596283666918e-06
348,1,0,348,0.003141591361661636,0.0053231989958377746,9.86959628366701e-06
349,1,0,349,0.0031415913616616867,0.004500175513133531,9.86959628366733e-06
350,1,0,350,0.0031415913616618003,0.0045264559863971154,9.869596283668044e-06
351,1,0,351,0.0031415913616618086,0.0062609411653254815,9.869596283668097e-06
352,0,0,352,0.0031415913616618055,0.003423661380468901,9.869596283668077e-06
353,1,0,353,0.003141591361661816,0.0030291889604350253,9.869596283668143e-06
354,1,0,354,0.0031415913616615826,0.005965380173639567,9.869596283666677e-06
355,1,0,355,0.003141591361661552,0.00011807954529641229,9.869596283666488e-06
356,1,0,356,0.003141591361661569,0.0023067763325794743,9.869596283666591e-06
357,0,0,357,0.003141591361661755,0.0024205633073558497,9.869596283667758e-06
358,0,0,358,0.0031415913616618485,0.004786565353979921,9.869596283668348e-06
359,0,0,359,0.0031415913616617726,0.0043311583911955776,9.869596283667868e-06
360,1,0,360,0.00314159136166167,0.005431339452531603,9.869596283667224e-06
361,1,0,361,0.003141591361661644,0.0029207374493932514,9.869596283667064e-06
362,0,0,362,0.003141591361661821,0.0023196846334961885,9.869596283668175e-06
363,1,0,363,0.003141591361661806,0.005261112526867229,9.869596283668082e-06
364,1,0,364,0.0031415913616617695,0.0010781704384619228,9.86959628366785e-06
365,0,0,365,0.0031415913616617904,0.005064169556870501,9.86959628366798e-06
366,1,0,366,0.0031415913616615245,0.0003650376363454333,9.869596283666313e-06
367,0,0,367,0.003141591361661899,0.004441025484558936,9.869596283668664e-06
368,0,0,368,0.0031415913616618485,0.002608578451089638,9.869596283668346e-06
369,0,0,369,0.003141591361661733,0.002235848796644957,9.869596283667621e-06
370,1,0,370,0.0031415913616618077,0.006103208595451187,9.869596283668088e-06
371,0,0,371,0.0031415913616618467,0.003660675008427261,9.869596283668337e-06
372,1,0,372,0.003141591361661812,0.005066638947027746,9.869596283668116e-06
373,1,0,373,0.003141591361661858,0.0029449893045200293,9.869596283668404e-06
374,1,0,374,0.003141591361661557,0.0004116382884795655,9.869596283666516e-06
375,0,0,375,0.003141591361661827,0.004499484302352252,9.869596283668209e-06
376,1,0,376,0.0031415913616618303,0.003310347562251237,9.86959628366823e-06
377,0,0,377,0.003141591361661739,0.005594946368296383,9.869596283667662e-06
378,0,0,378,0.003141591361661799,0.002280960235751417,9.869596283668034e-06
379,1,0,379,0.0031415913616615917,0.0012111556175169458,9.869596283666733e-06
380,1,0,380,0.0031415913616615826,0.005812316425300168,9.869596283666674e-06
381,1,0,381,0.0031415913616617895,0.006048195046179761,9.869596283667975e-06
382,1,0,382,0.0031415913616618207,0.006240582276173634,9.869596283668175e-06
383,1,0,383,0.0031415913616617804,0.0004944044312915619,9.869596283667917e-06
384,0,0,384,0.0031415913616617695,0.006007437249084369,9.86959628366785e-06
385,0,0,385,0.0031415913616618728,0.001406999640022888,9.869596283668503e-06
386,0,0,386,0.0031415913616618823,0.005668419807683012,9.869596283668563e-06
387,1,0,387,0.0031415913616618186,0.003421946841591028,9.869596283668156e-06
388,0,0,388,0.0031415913616615674,0.0059660975893935375,9.869596283666582e-06
389,1,0,389,0.003141591361661759,0.004262973055196628,9.869596283667784e-06
390,0,0,390,0.0031415913616618016,0.00019973894742131293,9.869596283668055e-06
391,1,0,391,0.0031415913616617526,0.006276433444952906,9.869596283667743e-06
392,1,0,392,0.0031415913616616416,0.006277191307277073,9.869596283667048e-06
393,1,0,393,0.0031415913616618446,0.005594169194066634,9.869596283668327e-06
394,1,0,394,0.0031415913616616733,0.006207225134230804,9.869596283667246e-06
395,0,0,395,0.003141591361661908,0.0006387100531165535,9.869596283668725e-06
396,0,0,396,0.003141591361661613,0.0036057297742402294,9.869596283666869e-06
397,1,0,397,0.003141591361661541,0.0007865224300900309,9.869596283666415e-06
398,1,0,398,0.0031415913616616156,0.00010383106628453209,9.869596283666882e-06
399,0,0,399,0.0031415913616616737,0.005396490472966975,9.869596283667248e-06
400,0,0,400,0.0031415913616617574,0.00622825300186472,9.869596283667777e-06
401,0,0,401,0.003141591361661861,0.005128867221053657,9.869596283668424e-06
402,0,0,402,0.0031415913616617856,0.0019831684379276737,9.86959628366795e-06
403,0,0,403,0.0031415913616616373,0.0060949366244840986,9.869596283667014e-06
404,1,0,404,0.003141591361661782,0.004624739773890996,9.86959628366793e-06
405,1,0,405,0.0031415913616617513,0.0050694699193967185,9.869596283667734e-06
406,1,0,406,0.0031415913616617847,0.004079778865663908,9.869596283667944e-06
407,1,0,407,0.0031415913616617713,0.0034862099833262716,9.869596283667858e-06
408,0,0,408,0.0031415913616616594,0.0045519237071379726,9.869596283667158e-06
409,1,0,409,0.0031415913616619543,0.003919034097169649,9.869596283669015e-06
410,1,0,410,0.003141591361661621,0.005553099109737836,9.869596283666918e-06
411,1,0,411,1.999997532599407,0.025805351463559605,9.869596283668085e-06
412,1,0,412,0.0031415913616615826,0.005804783968281102,9.869596283666676e-06
413,0,0,413,0.003141591361661801,0.002731429946654762,9.86959628366805e-06
414,1,0,414,0.003141591361661574,0.005881387270754435,9.869596283666625e-06
415,0,0,415,0.0031415913616616143,0.005075190204552826,9.869596283666874e-06
416,0,0,416,0.003141591361661599,0.0007500958485711084,9.869596283666782e-06
417,1,0,417,0.0031415913616617856,0.006194960609347572,9.869596283667953e-06
418,0,0,418,0.003141591361661821,0.00153662522302489,9.869596283668168e-06
419,1,0,419,0.00314159136166177,0.006281959267577245,9.869596283667851e-06
420,1,0,420,0.003141591361661607,0.005683465493853679,9.86959628366683e-06
421,0,0,421,0.003141591361661874,0.005616754327548601,9.869596283668509e-06
422,0,0,422,0.0031415913616618784,0.0049409545709828695,9.869596283668539e-06
423,0,0,423,0.003141591361661609,0.005623782186855275,9.869596283666845e-06
424,0,0,424,0.003141591361661897,0.002230405001935498,9.869596283668656e-06
425,1,0,425,0.0031415913616618125,0.0012903014027403348,9.869596283668119e-06
426,1,0,426,0.003141591361661631,0.0012216849368483773,9.869596283666982e-06
427,0,0,427,0.003141591361661806,0.0033389807558000806,9.869596283668077e-06
428,1,0,428,0.003141591361661755,0.006220295492271155,9.869596283667755e-06
429,0,0,429,0.0031415913616618624,0.0005178077810484849,9.869596283668432e-06
430,0,0,430,0.003141591361661784,0.00627552102258476,9.869596283667943e-06
431,1,0,431,0.003141591361661788,0.0026598499046368573,9.869596283667966e-06
432,1,0,432,0.0031415913616617986,0.003503428150467891,9.869596283668034e-06
433,1,0,433,0.003141591361661601,0.005643926196009785,9.869596283666792e-06
434,1,0,434,0.003141591361661666,0.004884653901789715,9.869596283667197e-06
435,0,0,435,0.003141591361661773,0.006275406385609104,9.869596283667873e-06
436,1,0,436,0.0031415913616617106,0.003280598563097259,9.869596283667482e-06
437,0,0,437,0.0031415913616618225,0.002067804862753597,9.869596283668182e-06
438,0,0,438,0.003141591361661842,0.0051135511200077755,9.869596283668305e-06
439,1,0,439,0.003141591361661561,0.00213269526951132,9.869596283666543e-06
440,0,0,440,0.0031415913616617635,0.006283097269089327,9.869596283667819e-06
441,0,0,441,0.003141591361661825,0.006267067852093869,9.8695962836682e-06
442,1,0,442,0.0031415913616618077,0.0010634386522690997,9.869596283668097e-06
443,1,0,443,0.0031415913616616438,0.004207788579267957,9.86959628366706e-06
444,0,0,444,0.003141591361661608,0.0024930520317578697,9.869596283666837e-06
445,0,0,445,0.0031415913616617917,0.006092565539734807,9.86959628366799e-06
446,0,0,446,0.0031415913616617895,0.002496296082302951,9.869596283667975e-06
447,1,0,447,0.0031415913616616364,0.006278949568804419,9.869596283667016e-06
448,1,0,448,0.0031415913616615766,3.613655041978525e-05,9.86959628366664e-06
449,1,0,449,0.003141591361661891,0.00023788287131709662,9.869596283668617e-06
450,1,0,450,0.003141591361661608,0.0013279418903666684,9.86959628366683e-06
451,1,0,451,0.003141591361661825,0.002087951793621534,9.869596283668199e-06
452,1,0,452,0.0031415913616615744,0.0037525455657766438,9.869596283666626e-06
453,0,0,453,0.0031415913616618676,0.0016331898445036686,9.869596283668466e-06
454,0,0,454,0.003141591361661787,0.006283041619694032,9.86959628366796e-06
455,1,0,455,0.003141591361661849,0.0025373915746385034,9.869596283668348e-06
456,1,0,456,0.003141591361661602,0.0019199593851708663,9.8695962836668e-06
457,1,0,457,0.0031415913616618146,0.002848009561028597,9.869596283668138e-06
458,1,0,458,0.0031415913616618207,0.005736464051158685,9.869596283668173e-06
459,0,0,459,0.003141591361661792,0.0020826398208048102,9.869596283667994e-06
460,0,0,460,0.003141591361661857,0.004719520368576702,9.869596283668404e-06
461,0,0,461,0.0031415913616618823,0.006034122947790266,9.869596283668558e-06
462,0,0,462,0.0031415913616617886,0.004451299292330013,9.86959628366797e-06
463,1,0,463,0.003141591361661758,0.004122990951081151,9.869596283667777e-06
464,1,0,464,0.003141591361661673,0.00269145780726876,9.869596283667245e-06
465,1,0,465,0.0031415913616614746,0.005172008967588182,9.869596283665998e-06
466,1,0,466,0.0031415913616618077,0.004853539381919569,9.86959628366809e-06
467,1,0,467,0.0031415913616618125,0.006071647308326655,9.86959628366812e-06
468,1,0,468,0.0031415913616616403,0.0031612445027678904,9.869596283667036e-06
469,0,0,469,0.0031415913616617956,0.003108899064946269,9.869596283668012e-06
470,1,0,470,0.0031415913616617834,0.006172687638116042,9.86959628366794e-06
471,1,0,471,0.0031415913616618953,0.0025140769981701894,9.869596283668642e-06
472,1,0,472,0.0031415913616616047,0.003203413797082,9.869596283666814e-06
473,0,0,473,0.0031415913616616785,0.0018131859022973984,9.869596283667279e-06
474,1,0,474,0.0031415913616616967,0.003908752112883218,9.869596283667396e-06
475,0,0,475,0.003141591361661839,0.00270689362764831,9.869596283668287e-06
476,0,0,476,0.0031415913616619677,0.003920704623554427,9.869596283669095e-06
477,1,0,477,0.003141591361661841,0.004957997811200321,9.869596283668302e-06
478,1,0,478,0.003141591361661611,0.0035730603457221344,9.869596283666853e-06
479,1,0,479,0.0031415913616615874,0.0026145556896082223,9.869596283666704e-06
480,1,0,480,0.0031415913616617865,0.0031789367238741484,9.869596283667961e-06
481,1,0,481,0.0031415913616617535,0.005647291760546125,9.86959628366775e-06
482,1,0,482,0.0031415913616617136,0.0051694866873439604,9.869596283667499e-06
483,1,0,483,0.003141591361661858,0.006116723099794857,9.869596283668409e-06
484,1,0,484,0.0031415913616617396,0.004181048221681083,9.869596283667665e-06
485,0,0,485,0.0031415913616617422,0.006240293889657578,9.86959628366768e-06
486,1,0,486,0.0031415913616616047,0.006033843907455316,9.869596283666814e-06
487,0,0,487,0.003141591361661507,0.0030881214440923177,9.869596283666201e-06
488,0,0,488,0.0031415913616616993,0.006262585510538932,9.869596283667413e-06
489,1,0,489,0.0031415913616617453,0.004686064907084342,9.869596283667699e-06
490,1,0,490,0.0031415913616616897,0.005111865121319559,9.869596283667348e-06
491,0,0,491,0.0031415913616618493,0.00334500005523497,9.869596283668354e-06
492,1,0,492,0.0031415913616616538,0.005264555978407248,9.869596283667125e-06
493,1,0,493,0.003141591361661595,0.004681429238666324,9.869596283666755e-06
494,1,0,494,0.0031415913616617574,0.0001117177782572476,9.869596283667777e-06
495,0,0,495,0.0031415913616618307,0.0014082412736379224,9.869596283668236e-06
496,0,0,496,0.003141591361661628,0.000994580742730844,9.869596283666962e-06
497,0,0,497,0.003141591361661757,0.000699511402682873,9.86959628366777e-06
498,1,0,498,0.0031415913616617145,0.004520532682289691,9.869596283667506e-06
499,1,0,499,0.003141591361661826,0.001150158906047194,9.869596283668199e-06
500,1,0,500,0.0031415913616615874,0.00063387119273417,9.869596283666704e-06
501,0,0,501,0.0031415913616616147,0.003561509031635657,9.869596283666877e-06
502,1,0,502,0.003141591361661535,0.004406171931063185,9.869596283666372e-06
503,0,0,503,0.0031415913616615805,0.0007734989692114169,9.869596283666664e-06
504,1,0,504,0.003141591361661853,0.005479745481593912,9.869596283668373e-06
505,1,0,505,0.003141591361661834,0.006192471996507576,9.869596283668261e-06
506,1,0,506,0.0031415913616617682,0.0013254875370223296,9.869596283667846e-06
507,0,0,507,0.0031415913616618424,0.0062777544026449,9.86959628366831e-06
508,1,0,508,0.0031415913616618064,0.005433372917667101,9.869596283668088e-06
509,0,0,509,0.0031415913616618055,0.0037043560818859067,9.869596283668077e-06
510,0,0,510,0.00314159136166185,0.00485369755812004,9.86959628366836e-06
511,1,0,511,0.0031415913616618,0.0015266119146917223,9.86959628366804e-06
512,0,0,512,0.003141591361661843,0.006281177847655157,9.86959628366831e-06
513,1,0,513,0.0031415913616617886,0.0006138989975355003,9.869596283667978e-06
514,1,0,514,0.0031415913616616963,0.003237902293408812,9.86959628366739e-06
515,0,0,515,0.0031415913616617834,0.0018405199873932077,9.86959628366794e-06
516,1,0,516,0.0031415913616618094,0.00013389054203560846,9.869596283668104e-06
517,1,0,517,0.0031415913616617197,0.0056213244342376845,9.869596283667536e-06
518,1,0,518,0.0031415913616617474,0.005550427869636221,9.869596283667714e-06
519,1,0,519,0.0031415913616615323,0.0047202312879037756,9.869596283666362e-06
520,1,0,520,0.003141591361661643,0.005422490758742682,9.869596283667052e-06
521,0,0,521,0.0031415913616615757,0.005893605559246229,9.869596283666633e-06
522,1,0,522,0.003141591361661726,0.004508621393590984,9.869596283667577e-06
523,1,0,523,0.003141591361661809,0.0043421674171670865,9.869596283668097e-06
524,0,0,524,0.003141591361661612,0.004964984846707043,9.869596283666862e-06
525,0,0,525,0.0031415913616617344,0.006235246296878161,9.869596283667631e-06
526,0,0,526,0.0031415913616618094,0.0059615641680222375,9.869596283668104e-06
527,0,0,527,0.003141591361661827,0.001476859874636971,9.869596283668209e-06
528,1,0,528,0.003141591361661815,0.0031178731205088184,9.869596283668132e-06
529,0,0,529,0.003141591361661839,0.0008076293867439466,9.869596283668287e-06
530,0,0,530,0.0031415913616617283,0.006213288418927487,9.869596283667592e-06
531,1,0,531,0.0031415913616617496,0.00014240343219684704,9.869596283667726e-06
532,0,0,532,0.0031415913616618597,0.0039126416671108055,9.86959628366841e-06
533,1,0,533,0.0031415913616618025,0.003682230713503931,9.869596283668061e-06
534,0,0,534,0.0031415913616616104,0.002681287812283495,9.869596283666853e-06
535,0,0,535,0.0031415913616618146,0.0017991512048216585,9.86959628366813e-06
536,0,0,536,0.0031415913616618055,0.002836509336305193,9.869596283668077e-06
537,0,0,537,0.003141591361661762,0.00628165242270164,9.869596283667804e-06
538,0,0,538,0.003141591361661571,0.0006528228790194657,9.869596283666604e-06
539,0,0,539,0.0031415913616617518,0.006221914159676434,9.86959628366774e-06
540,0,0,540,0.0031415913616618107,0.002348349560344243,9.869596283668109e-06
541,1,0,541,0.0031415913616618264,0.006228606990246188,9.86959628366821e-06
542,1,0,542,0.0031415913616615987,0.00627362297682707,9.869596283666774e-06
543,0,0,543,0.003141591361661876,0.004865384411525064,9.869596283668517e-06
544,0,0,544,0.0031415913616617067,0.002917565715609749,9.869596283667457e-06
545,1,0,545,0.0031415913616618177,0.0054535010776669,9.869596283668153e-06
546,0,0,546,0.0031415913616615093,0.0010519569251926653,9.869596283666213e-06
547,1,0,547,0.0031415913616615132,0.0060909744758836926,9.869596283666242e-06
548,1,0,548,0.003141591361661789,0.0016991109935944326,9.869596283667973e-06
549,0,0,549,0.003141591361661785,0.0007075694774620889,9.869596283667948e-06
550,1,0,550,0.003141591361661857,0.006060627838768262,9.869596283668398e-06
551,0,0,551,0.003141591361661777,0.006206626958687345,9.869596283667897e-06
552,0,0,552,0.0031415913616617344,0.0046710375221648,9.86959628366763e-06
553,0,0,553,0.0031415913616617856,0.003528620633282298,9.869596283667953e-06
554,0,0,554,0.0031415913616615544,0.004154645930635414,9.8695962836665e-06
555,0,0,555,0.0031415913616618194,0.0020700580451959993,9.869596283668165e-06
556,1,0,556,0.0031415913616615674,0.0011674556977812056,9.869596283666579e-06
557,1,0,557,0.003141591361661559,0.003743447126763444,9.869596283666528e-06
558,1,0,558,0.003141591361661648,0.0001732994881802341,9.869596283667086e-06
559,1,0,559,0.0031415913616618944,0.0035738145184215364,9.869596283668636e-06
560,1,0,560,0.00314159136166143,0.0036807903116149454,9.869596283665718e-06
561,0,0,561,0.0031415913616617587,0.0036334554981207745,9.869596283667782e-06
562,0,0,562,0.003141591361661801,0.005722432748817341,9.869596283668051e-06
563,0,0,563,0.0031415913616618654,0.004486788598511038,9.869596283668453e-06
564,0,0,564,0.003141591361661821,0.00032359855583841135,9.869596283668173e-06
565,1,0,565,0.003141591361661846,0.0013340421910308375,9.869596283668327e-06
566,1,0,566,0.003141591361661797,0.003290458302846022,9.86959628366802e-06
567,1,0,567,0.0031415913616617414,0.0005114948864276547,9.869596283667675e-06
568,0,0,568,0.003141591361661777,0.00361126014596147,9.869596283667895e-06
569,1,0,569,0.0031415913616615635,0.0004098912738679239,9.869596283666554e-06
570,1,0,570,0.003141591361661822,0.0030093919158045157,9.86959628366818e-06
571,1,0,571,0.003141591361661784,0.00374207378794178,9.869596283667941e-06
572,0,0,572,0.0031415913616618632,0.004064780092662312,9.869596283668437e-06
573,0,0,573,0.0031415913616617366,0.006264947345349686,9.869596283667646e-06
574,0,0,574,0.0031415913616617414,0.0018848173817335168,9.869596283667673e-06
575,1,0,575,0.003141591361661793,0.006186261932243864,9.869596283667995e-06
576,1,0,576,0.0031415913616616295,0.004788716348973376,9.86959628366697e-06
577,0,0,577,0.00314159136166182,0.0036794567951001778,9.869596283668168e-06
578,1,0,578,0.0031415913616618385,0.002763759148169953,9.869596283668287e-06
579,1,0,579,0.003141591361661614,0.006025428858860871,9.869596283666875e-06
580,1,0,580,0.003141591361661586,0.005524816032203728,9.8695962836667e-06
581,1,0,581,0.003141591361661759,0.005672730972678952,9.869596283667784e-06
582,0,0,582,0.00314159136166181,0.0033863214700902144,9.869596283668105e-06
583,0,0,583,0.0031415913616617774,0.0023953547654792517,9.869596283667902e-06
584,0,0,584,0.0031415913616616095,0.0025174769443548906,9.869596283666845e-06
585,1,0,585,0.003141591361661593,0.0007829523994412613,9.86959628366674e-06
586,0,0,586,0.0031415913616615193,0.006265678946096961,9.86959628366628e-06
587,0,0,587,0.0031415913616616485,0.004582321610860474,9.86959628366709e-06
588,0,0,588,0.0031415913616618524,0.004938274431901091,9.869596283668373e-06
589,1,0,589,0.00314159136166183,0.0032677733842687573,9.869596283668224e-06
590,1,0,590,0.003141591361661835,0.00016897937568194354,9.86959628366826e-06
591,1,0,591,0.0031415913616618034,0.006279035721917368,9.869596283668068e-06
592,0,0,592,0.003141591361661785,0.005982930101866124,9.869596283667948e-06
593,1,0,593,0.003141591361661538,0.00433527884550966,9.869596283666396e-06
594,0,0,594,0.00314159136166192,0.0033513885737871396,9.869596283668797e-06
595,1,0,595,0.003141591361661525,0.00246301575073149,9.869596283666311e-06
596,1,0,596,0.003141591361661884,0.0050092294778241175,9.869596283668571e-06
597,0,0,597,0.003141591361661561,0.0008988416328458149,9.86959628366654e-06
598,0,0,598,0.0031415913616618294,0.006282829691574111,9.869596283668232e-06
599,1,0,599,0.0031415913616618775,0.0028570079285853422,9.869596283668527e-06
600,1,0,600,0.0031415913616615982,0.0010874413080710355,9.869596283666774e-06
601,0,0,601,0.0031415913616618667,0.0035856731213387283,9.869596283668461e-06
602,0,0,602,0.003141591361661826,0.0030360962079677423,9.869596283668207e-06
603,0,0,603,0.0031415913616616472,0.0005422076827350519,9.869596283667084e-06
604,0,0,604,0.0031415913616617626,0.006141128271961699,9.869596283667806e-06
605,1,0,605,0.0031415913616618203,0.0029688603798855295,9.86959628366817e-06
606,1,0,606,0.003141591361661874,0.004204383616370766,9.86959628366851e-06
607,1,0,607,0.0031415913616617665,0.0038294311943247727,9.869596283667833e-06
608,0,0,608,0.003141591361661676,0.003248167327761453,9.869596283667263e-06
609,1,0,609,0.0031415913616618207,0.005654803809623243,9.869596283668173e-06
610,1,0,610,0.0031415913616617544,0.00356603367731978,9.869596283667756e-06
611,1,0,611,0.003141591361661584,0.0012693861465059575,9.869596283666687e-06
612,0,0,612,0.0031415913616618172,0.0004959375125850318,9.869596283668153e-06
613,1,0,613,0.003141591361661818,0.006124054805788898,9.869596283668156e-06
614,1,0,614,0.0031415913616616607,0.004794821379987435,9.869596283667167e-06
615,1,0,615,0.003141591361661569,0.0029708265896994934,9.869596283666593e-06
616,1,0,616,0.003141591361661851,0.0018631252390862718,9.869596283668363e-06
617,0,0,617,0.0031415913616618593,0.006080793679642704,9.869596283668415e-06
618,0,0,618,0.003141591361661616,0.002980452985088422,9.869596283666884e-06
619,1,0,619,0.00314159136166176,0.005114859287288609,9.869596283667795e-06
620,0,0,620,0.0031415913616617713,0.0058357564308794685,9.869596283667863e-06
621,0,0,621,0.0031415913616616477,0.004190795465310648,9.869596283667087e-06
622,0,0,622,0.003141591361661643,0.0019254830978520099,9.869596283667055e-06
623,0,0,623,0.003141591361661585,0.006279855374316759,9.869596283666689e-06
624,1,0,624,0.003141591361661846,0.0005076723199385347,9.869596283668327e-06
625,0,0,625,0.0031415913616618853,0.000509922832863885,9.869596283668576e-06
626,1,0,626,0.0031415913616618927,0.004594073947566724,9.869596283668627e-06
627,0,0,627,0.0031415913616618368,0.003551113200122913,9.869596283668271e-06
628,0,0,628,0.003141591361661767,0.000987330179906376,9.869596283667833e-06
629,1,0,629,0.0031415913616615557,0.0032055276795381893,9.869596283666506e-06
630,1,0,630,0.0031415913616616212,0.006176086660281382,9.869596283666921e-06
631,1,0,631,0.0031415913616617895,0.005561771496512713,9.869596283667973e-06
632,1,0,632,0.0031415913616617422,0.00577847197883774,9.86959628366768e-06
633,0,0,633,0.0031415913616615315,0.002900702875791139,9.869596283666352e-06
634,1,0,634,0.003141591361661772,0.0014791004453102996,9.869596283667865e-06
635,1,0,635,0.0031415913616618394,0.001336433468002718,9.869596283668288e-06
636,0,0,636,0.003141591361661632,0.0027078308495948056,9.869596283666987e-06
637,1,0,637,0.0031415913616617648,0.0030190081661256585,9.869596283667819e-06
638,1,0,638,0.0031415913616618823,0.0031322070294736992,9.869596283668556e-06
639,0,0,639,0.003141591361661804,0.0036135837119479763,9.869596283668065e-06
640,0,0,640,0.0031415913616617487,0.0031732391582171005,9.869596283667719e-06
641,0,0,641,0.0031415913616618203,0.0014393279671138792,9.869596283668173e-06
642,0,0,642,0.00314159136166156,0.0019604729653114328,9.869596283666532e-06
643,1,0,643,0.003141591361661628,0.003788872383986841,9.869596283666964e-06
644,1,0,644,0.0031415913616616854,0.004149151879128343,9.869596283667321e-06
645,0,0,645,0.0031415913616618216,0.005228150987010238,9.869596283668178e-06
646,0,0,646,0.0031415913616616516,0.004625616577088265,9.869596283667111e-06
647,0,0,647,0.0031415913616617496,0.0017682199789839093,9.869596283667723e-06
648,0,0,648,0.0031415913616616156,7.442989890693585e-05,9.86959628366688e-06
649,0,0,649,0.0031415913616616373,0.003796097203603521,9.869596283667018e-06
650,1,0,650,0.0031415913616618055,0.0005451159333564881,9.869596283668071e-06
651,1,0,651,0.0031415913616618255,0.003084401040526985,9.869596283668204e-06
652,0,0,652,0.0031415913616617743,0.005856188550929953,9.869596283667882e-06
653,1,0,653,0.003141591361661479,0.0057459109564724775,9.869596283666025e-06
654,1,0,654,0.0031415913616616134,0.0005201958877951718,9.86959628366687e-06
655,0,0,655,0.0031415913616617682,0.0062378333930138835,9.869596283667841e-06
656,0,0,656,0.0031415913616617687,0.005891699115533444,9.869596283667848e-06
657,1,0,657,0.003141591361661566,0.0005517344927739032,9.869596283666572e-06
658,0,0,658,0.003141591361661684,0.0060780852968680965,9.869596283667316e-06
659,0,0,659,0.0031415913616618576,0.0029169846202053984,9.869596283668402e-06
660,0,0,660,0.0031415913616615766,0.005450008587335742,9.869596283666642e-06
661,1,0,661,0.0031415913616618363,0.005326881565334229,9.869596283668271e-06
662,1,0,662,0.0031415913616619304,0.004717774522876472,9.869596283668861e-06
663,1,0,663,0.003141591361661833,0.0019386098635968407,9.869596283668248e-06
664,1,0,664,0.003141591361661661,0.0034214455502273866,9.869596283667167e-06
665,1,0,665,0.0031415913616616273,0.005518547569917209,9.869596283666957e-06
666,1,0,666,0.0031415913616615553,0.00547714846850772,9.869596283666504e-06
667,1,0,667,0.003141591361661566,0.0034296864206809774,9.869596283666569e-06
668,0,0,668,0.003141591361661592,0.0031334344358301403,9.869596283666737e-06
669,0,0,669,0.003141591361661766,0.0016335072534618966,9.86959628366783e-06
670,0,0,670,0.0031415913616616264,0.0026603595884041598,9.869596283666953e-06
671,1,0,671,0.003141591361661768,0.005939566929964724,9.869596283667843e-06
672,1,0,672,0.003141591361661643,0.00628316920367535,9.869596283667057e-06
673,0,0,673,0.003141591361661652,0.002996495662322296,9.869596283667114e-06
674,0,0,674,0.0031415913616618545,0.006278650684257883,9.869596283668382e-06
675,1,0,675,0.0031415913616616078,0.0038867609118973245,9.869596283666837e-06
676,1,0,676,0.003141591361661524,0.0015048807684121535,9.869596283666306e-06
677,1,0,677,0.003141591361661654,0.005288138146119947,9.869596283667123e-06
678,1,0,678,0.0031415913616619773,0.0019124265068115598,9.869596283669157e-06
679,0,0,679,0.003141591361661799,0.0053341954829559945,9.869596283668038e-06
680,0,0,680,0.0031415913616615583,0.001146234252074274,9.869596283666523e-06
681,0,0,681,0.0031415913616617145,0.006169142030930275,9.869596283667506e-06
682,1,0,682,0.0031415913616617873,0.00014329124059031528,9.869596283667963e-06
683,1,0,683,0.0031415913616618597,0.005140639531454827,9.869596283668417e-06
684,1,0,684,0.0031415913616615753,0.005862522425916228,9.869596283666632e-06
685,0,0,685,0.0031415913616618437,0.005579646016605433,9.869596283668317e-06
686,1,0,686,0.0031415913616616147,0.0017278360614658705,9.869596283666879e-06
687,1,0,687,0.0031415913616618632,0.00018688722776882827,9.869596283668436e-06
688,0,0,688,0.003141591361661797,0.0013653204311740996,9.86959628366802e-06
689,0,0,689,0.0031415913616618307,0.005218965125987518,9.869596283668234e-06
690,0,0,690,0.0031415913616617574,0.006059743040955967,9.869596283667775e-06
691,1,0,691,0.0031415913616618905,0.0032163030100735845,9.869596283668612e-06
692,1,0,692,0.003141591361661584,0.006010581850186658,9.869596283666684e-06
693,1,0,693,0.003141591361661602,0.006276199453546155,9.8695962836668e-06
694,1,0,694,0.0031415913616620185,0.0031344773418220395,9.869596283669413e-06
695,0,0,695,0.003141591361661661,0.0059381158904722176,9.869596283667169e-06
696,1,0,696,0.003141591361661818,0.0061211559532978466,9.869596283668155e-06
697,0,0,697,0.0031415913616618493,0.003019347706726294,9.869596283668353e-06
698,1,0,698,0.0031415913616617526,0.005447667116683208,9.869596283667746e-06
699,0,0,699,0.0031415913616616416,0.005311383822314997,9.869596283667048e-06
700,1,0,700,0.0031415913616617405,0.004541739081262763,9.869596283667667e-06
701,1,0,701,0.0031415913616618294,0.006150872236161731,9.869596283668224e-06
702,1,0,702,0.0031415913616618042,0.004323523122984341,9.869596283668071e-06
703,1,0,703,0.0031415913616615974,0.0051235695070223075,9.869596283666767e-06
704,0,0,704,0.0031415913616618485,0.0024644061346318358,9.869596283668344e-06
705,0,0,705,0.003141591361661815,0.0028308323255480383,9.869596283668141e-06
706,1,0,706,0.0031415913616618294,0.0061279665147953855,9.869596283668226e-06
707,0,0,707,0.0031415913616617843,0.00010722388991624143,9.869596283667941e-06
708,0,0,708,0.003141591361661857,0.0006229929066002837,9.869596283668404e-06
709,1,0,709,0.0031415913616617765,0.0029355634934025154,9.869596283667894e-06
710,1,0,710,0.0031415913616617895,0.005293039555068768,9.869596283667975e-06
711,0,0,711,0.0031415913616617964,0.005681883875763294,9.86959628366802e-06
712,1,0,712,0.003141591361661838,0.005305514321387816,9.86959628366828e-06
713,0,0,713,0.0031415913616617054,0.005625928553807946,9.86959628366745e-06
714,0,0,714,0.0031415913616616178,0.0062274109099103025,9.869596283666898e-06
715,1,0,715,0.003141591361661814,0.006277411417828983,9.86959628366813e-06
716,0,0,716,0.0031415913616617726,0.0012978459981727308,9.869596283667868e-06
717,1,0,717,0.003141591361661602,0.005882545598273781,9.869596283666796e-06
718,0,0,718,0.003141591361661831,0.0028995553237906035,9.86959628366824e-06
719,1,0,719,0.003141591361661866,0.005392278487979962,9.86959628366846e-06
720,1,0,720,0.0031415913616617986,0.006282130261725291,9.869596283668033e-06
721,1,0,721,0.0031415913616615805,0.00596595258564081,9.869596283666662e-06
722,1,0,722,0.0031415913616617847,0.0011457974612105737,9.869596283667946e-06
723,1,0,723,0.0031415913616618567,0.004805630144969597,9.869596283668395e-06
724,0,0,724,0.0031415913616617895,0.0049461842792646316,9.869596283667977e-06
725,0,0,725,0.0031415913616615813,0.003770879165069796,9.86959628366667e-06
726,1,0,726,0.0031415913616618454,0.0032801949632272898,9.869596283668327e-06
727,1,0,727,0.0031415913616615835,0.006215964321081374,9.869596283666684e-06
728,0,0,728,0.0031415913616618138,5.604759341393262e-05,9.86959628366813e-06
729,0,0,729,0.003141591361661756,0.0028227694223650346,9.86959628366777e-06
730,0,0,730,0.0031415913616616104,0.006282880668399217,9.869596283666847e-06
731,1,0,731,0.0031415913616618905,0.004460937248924601,9.869596283668609e-06
732,0,0,732,0.003141591361661842,0.006251475322091249,9.869596283668305e-06
733,1,0,733,0.003141591361661752,0.0055092501178669595,9.869596283667741e-06
734,1,0,734,0.003141591361661787,0.005672980310002906,9.869596283667961e-06
735,1,0,735,0.003141591361661623,0.0035359761125981493,9.869596283666926e-06
736,0,0,736,0.003141591361661559,0.004471596986219795,9.86959628366653e-06
737,0,0,737,0.003141591361661832,0.002105372302830033,9.869596283668246e-06
738,1,0,738,0.0031415913616618194,0.006267504139929117,9.869596283668166e-06
739,0,0,739,0.0031415913616616134,0.006203871014811346,9.869596283666869e-06
740,0,0,740,0.0031415913616617015,0.0033343423302464315,9.86959628366742e-06
741,1,0,741,0.0031415913616618597,0.00432966729376727,9.869596283668419e-06
742,0,0,742,0.0031415913616615653,0.00025201030282406833,9.869596283666574e-06
743,1,0,743,0.003141591361661742,0.005073182009548982,9.869596283667678e-06
744,0,0,744,0.0031415913616618337,0.005047870154358258,9.869596283668258e-06
745,1,0,745,0.0031415913616618376,0.003291243865496063,9.86959628366828e-06
746,1,0,746,0.0031415913616616785,0.004722827785963668,9.869596283667279e-06
747,1,0,747,0.0031415913616618047,0.004945945798782825,9.869596283668071e-06
748,0,0,748,0.003141591361661529,0.005746713039946116,9.86959628366634e-06
749,1,0,749,0.0031415913616618437,0.0060423241948732165,9.869596283668315e-06
750,0,0,750,0.003141591361661729,0.0033414928229321683,9.869596283667599e-06
751,1,0,751,0.0031415913616617747,0.002636189479829465,9.869596283667882e-06
752,0,0,752,0.003141591361661566,0.002178849530584559,9.869596283666576e-06
753,0,0,753,0.0031415913616618983,0.004654145321381753,9.86959628366866e-06
754,1,0,754,0.0031415913616617743,0.003283059399986854,9.869596283667882e-06
755,1,0,755,0.0031415913616617648,0.006131822961029154,9.869596283667822e-06
756,0,0,756,0.0031415913616615544,0.0010119642604944357,9.869596283666496e-06
757,0,0,757,0.0031415913616616147,0.0061844822956098056,9.869596283666879e-06
758,0,0,758,0.0031415913616617496,0.003410065358954495,9.86959628366772e-06
759,1,0,759,0.0031415913616617453,0.004098705878779807,9.869596283667699e-06
760,0,0,760,0.0031415913616615436,0.00620055816997056,9.869596283666432e-06
761,1,0,761,0.0031415913616618155,0.0019523275110336913,9.869596283668143e-06
762,0,0,762,0.003141591361661905,0.0032784098246756432,9.8695962836687e-06
763,1,0,763,0.0031415913616615917,0.0031470158458446473,9.869596283666733e-06
764,1,0,764,0.0031415913616618606,0.0008807331203321,9.869596283668426e-06
765,0,0,765,0.0031415913616618255,0.0005208542323825727,9.869596283668204e-06
766,1,0,766,0.0031415913616618272,0.004756594642958745,9.869596283668214e-06
767,0,0,767,0.0031415913616618584,0.00547350091542248,9.86959628366841e-06
768,1,0,768,0.0031415913616617843,0.006142212278043235,9.869596283667944e-06
769,1,0,769,0.0031415913616617552,0.005820995322392164,9.869596283667761e-06
770,0,0,770,0.0031415913616617787,0.0027342944580746043,9.86959628366791e-06
771,1,0,771,0.0031415913616617904,0.006275231526770349,9.869596283667982e-06
772,0,0,772,0.003141591361661871,5.004297657029699e-05,9.869596283668488e-06
773,1,0,773,0.0031415913616618186,0.005982898632896139,9.869596283668156e-06
774,1,0,774,0.0031415913616617747,0.0032289408379591045,9.869596283667885e-06
775,1,0,775,0.003141591361661786,0.005856580347250562,9.869596283667951e-06
776,1,0,776,0.0031415913616615787,0.0003281444522245103,9.869596283666655e-06
777,1,0,777,0.0031415913616615236,0.005782535394854849,9.869596283666305e-06
778,0,0,778,0.003141591361661766,0.005452947316705814,9.86959628366783e-06
779,0,0,779,0.003141591361661594,0.000999238110933831,9.869596283666745e-06
780,0,0,780,0.0031415913616618454,0.006270647954933831,9.869596283668329e-06
781,1,0,781,0.0031415913616615514,0.0020123523371410323,9.86959628366648e-06
782,0,0,782,0.003141591361661628,0.0014910497901370334,9.869596283666957e-06
783,1,0,783,0.0031415913616617565,0.004620061353767135,9.869596283667768e-06
784,1,0,784,0.0031415913616618645,0.006125929300048488,9.869596283668446e-06
785,1,0,785,0.0031415913616616455,0.005252816425447837,9.86959628366707e-06
786,0,0,786,0.0031415913616616438,0.00485605523314081,9.869596283667062e-06
787,1,0,787,0.003141591361661767,0.00031028879938854725,9.869596283667833e-06
788,1,0,788,0.0031415913616616746,0.004225401652760752,9.869596283667257e-06
789,0,0,789,0.0031415913616614837,0.005087330493782849,9.869596283666056e-06
790,0,0,790,0.003141591361661797,0.001866367149381043,9.869596283668022e-06
791,1,0,791,0.003141591361661799,0.00477378820666674,9.869596283668034e-06
792,1,0,792,0.0031415913616617917,0.004719489189384252,9.86959628366799e-06
793,1,0,793,0.003141591361661579,0.0045513384013688984,9.869596283666654e-06
794,1,0,794,0.003141591361661794,0.0005721292404401446,9.869596283668002e-06
795,1,0,795,0.003141591361661781,0.0018672679069426934,9.86959628366792e-06
796,0,0,796,0.003141591361661555,0.005254435490605447,9.869596283666501e-06
797,1,0,797,0.003141591361661532,0.0016951206317826761,9.869596283666357e-06
798,0,0,798,0.003141591361661784,0.00592971902674666,9.869596283667941e-06
799,1,0,799,0.0031415913616618697,0.00021103709207626054,9.869596283668483e-06
800,0,0,800,0.003141591361661731,0.003560843606494002,9.869596283667606e-06
801,0,0,801,0.003141591361661641,0.0023044397117237825,9.86959628366704e-06
802,1,0,802,0.0031415913616617765,0.00045063414465218443,9.869596283667899e-06
803,0,0,803,0.0031415913616615818,0.0036079174681076243,9.869596283666669e-06
804,0,0,804,0.003141591361661797,0.003491509068849319,9.869596283668024e-06
805,0,0,805,0.003141591361661757,0.00350580315473481,9.869596283667773e-06
806,1,0,806,0.0031415913616615943,0.00499827019413035,9.86959628366675e-06
807,0,0,807,0.0031415913616618034,0.000957306723879614,9.869596283668061e-06
808,1,0,808,0.0031415913616615887,0.0028305030756512473,9.869596283666713e-06
809,1,0,809,0.0031415913616616225,0.0008401176829297974,9.86959628366693e-06
810,1,0,810,0.0031415913616616776,0.005716926542260081,9.869596283667275e-06
811,0,0,811,0.00314159136166184,0.005233138930014647,9.869596283668295e-06
812,0,0,812,0.0031415913616615805,0.00393240685261631,9.869596283666662e-06
813,1,0,813,0.003141591361661801,0.0020052944246760074,9.869596283668046e-06
814,1,0,814,0.0031415913616617904,0.0013360491000796726,9.86959628366798e-06
815,1,0,815,0.003141591361661774,0.0007682179929251465,9.869596283667878e-06
816,1,0,816,0.003141591361661888,0.0014009480284508102,9.869596283668595e-06
817,1,0,817,0.003141591361661809,0.006254335520053986,9.869596283668099e-06
818,1,0,818,0.003141591361661808,0.00340541387528559,9.869596283668095e-06
819,0,0,819,0.0031415913616615883,0.005359908023550464,9.869596283666711e-06
820,1,0,820,0.0031415913616618103,0.0012075214677190749,9.869596283668109e-06
821,1,0,821,0.0031415913616618103,0.002814394555485822,9.869596283668109e-06
822,1,0,822,0.003141591361661805,0.0008454835276903161,9.869596283668075e-06
823,1,0,823,0.003141591361661843,0.0061196500309484425,9.869596283668307e-06
824,0,0,824,0.0031415913616615635,0.006036475822804976,9.869596283666557e-06
825,0,0,825,0.0031415913616618216,0.0005047467252279336,9.869596283668175e-06
826,0,0,826,0.0031415913616615553,0.004201089327258045,9.869596283666508e-06
827,1,0,827,0.0031415913616615774,0.0062669939098571464,9.869596283666645e-06
828,1,0,828,0.003141591361661853,0.00045812197326244863,9.869596283668378e-06
829,0,0,829,0.0031415913616615857,8.999507341123092e-05,9.869596283666694e-06
830,0,0,830,0.003141591361661849,0.00028719803522070375,9.869596283668346e-06
831,0,0,831,0.003141591361661751,0.006210636387631391,9.86959628366774e-06
832,1,0,832,0.0031415913616617747,0.0019910804794778247,9.869596283667883e-06
833,0,0,833,0.0031415913616616295,0.006254232203575155,9.869596283666972e-06
834,0,0,834,0.0031415913616616403,0.006203758440439966,9.869596283667036e-06
835,0,0,835,0.003141591361661621,0.0061685936454773105,9.869596283666914e-06
836,0,0,836,0.003141591361661603,0.0028320405071897703,9.869596283666811e-06
837,1,0,837,0.003141591361661734,0.002170790264909739,9.869596283667624e-06
838,0,0,838,0.003141591361661814,0.0026068444776234934,9.869596283668134e-06
839,0,0,839,0.003141591361661835,0.006174538771244298,9.869596283668263e-06
840,0,0,840,0.003141591361661895,0.001849092970282129,9.86959628366864e-06
841,1,0,841,0.0031415913616618784,0.0040503550818118406,9.869596283668536e-06
842,0,0,842,0.0031415913616616225,0.004227313314632886,9.869596283666928e-06
843,1,0,843,0.0031415913616615583,0.0028785480990801693,9.869596283666525e-06
844,0,0,844,0.003141591361661788,0.006276058336076362,9.869596283667972e-06
845,1,0,845,0.0031415913616617717,0.0016981269972791146,9.869596283667865e-06
846,1,0,846,0.003141591361661835,0.005984305126430334,9.869596283668261e-06
847,1,0,847,0.0031415913616615787,0.003267994458499457,9.869596283666654e-06
848,0,0,848,0.003141591361661873,0.006023376818586612,9.8695962836685e-06
849,0,0,849,0.003141591361661613,0.005950624567982232,9.86959628366687e-06
850,0,0,850,0.0031415913616617804,0.0061851848333507875,9.86959628366792e-06
851,1,0,851,0.003141591361661639,0.004672002222377847,9.86959628366703e-06
852,1,0,852,0.0031415913616615974,0.006175617556551882,9.869596283666765e-06
853,0,0,853,0.0031415913616618294,0.00430914132150062,9.869596283668227e-06
854,1,0,854,0.003141591361661831,0.0013721121412499926,9.869596283668234e-06
855,1,0,855,0.0031415913616618892,0.00010323430528724753,9.869596283668602e-06
856,0,0,856,0.0031415913616616355,0.0048691040164488,9.869596283667011e-06
857,1,0,857,0.0031415913616618957,0.0038980222923321595,9.869596283668644e-06
858,0,0,858,0.003141591361661887,0.0028061032559344445,9.869596283668593e-06
859,1,0,859,0.0031415913616617817,0.0013701540803487955,9.869596283667922e-06
860,0,0,860,0.0031415913616615783,8.05951027738061e-06,9.869596283666647e-06
861,0,0,861,0.003141591361661767,0.005684748207902046,9.869596283667834e-06
862,1,0,862,0.0031415913616616694,0.0037847079612626233,9.86959628366722e-06
863,1,0,863,0.0031415913616618285,0.0027938067642944153,9.869596283668219e-06
864,1,0,864,0.0031415913616619586,0.0029684483731697853,9.869596283669039e-06
865,0,0,865,0.0031415913616615787,0.005769396131685756,9.869596283666654e-06
866,0,0,866,0.0031415913616615484,0.003979220068295097,9.86959628366646e-06
867,1,0,867,0.0031415913616618576,0.0007024558011770043,9.869596283668405e-06
868,0,0,868,0.003141591361661739,0.0016599988618255512,9.86959628366766e-06
869,1,0,869,0.003141591361661841,0.001862164744882322,9.869596283668297e-06
870,0,0,870,0.003141591361661869,0.0036583512601325863,9.869596283668475e-06
871,0,0,871,0.003141591361661853,0.000276798866383432,9.869596283668375e-06
872,1,0,872,0.00314159136166185,0.0006383144764029458,9.869596283668356e-06
873,1,0,873,0.003141591361661751,0.0011855905425997015,9.869596283667733e-06
874,0,0,874,0.003141591361661809,0.0017390980084015517,9.8695962836681e-06
875,1,0,875,0.0031415913616617145,0.0032319296744800496,9.869596283667502e-06
876,1,0,876,0.003141591361661714,0.0025135056179166337,9.869596283667507e-06
877,1,0,877,0.003141591361661747,0.006281679223967013,9.869596283667712e-06
878,0,0,878,0.0031415913616617587,0.0008294904547849757,9.869596283667787e-06
879,1,0,879,0.0031415913616618407,0.00438451504270343,9.869596283668295e-06
880,0,0,880,0.003141591361661868,0.0050383022951174805,9.869596283668473e-06
881,0,0,881,0.0031415913616616425,0.006147981068727715,9.869596283667057e-06
882,1,0,882,0.0031415913616615527,0.006127106715908576,9.869596283666486e-06
883,0,0,883,0.0031415913616617904,0.004534062453296572,9.86959628366798e-06
884,0,0,884,0.003141591361661565,0.00034037218759030985,9.869596283666564e-06
885,1,0,885,0.0031415913616618975,0.0004027175822747253,9.869596283668656e-06
886,0,0,886,0.0031415913616618485,0.0036680671155566724,9.86959628366835e-06
887,0,0,887,0.003141591361661763,0.004480224698236168,9.869596283667807e-06
888,1,0,888,0.0031415913616615913,0.0029237817491590823,9.869596283666731e-06
889,0,0,889,0.0031415913616618125,0.005947246907305137,9.869596283668122e-06
890,1,0,890,0.003141591361661832,0.003030798007269353,9.869596283668244e-06
891,1,0,891,0.0031415913616616303,0.004280509299403046,9.86959628366698e-06
892,0,0,892,0.0031415913616615137,0.005192554988213582,9.86959628366624e-06
893,0,0,893,0.0031415913616618884,0.0046305518932961975,9.869596283668597e-06
894,0,0,894,0.003141591361661826,0.002226400511897486,9.869596283668202e-06
895,0,0,895,0.0031415913616617947,0.00485357149786203,9.869596283668012e-06
896,1,0,896,0.003141591361661814,0.004721505983170449,9.869596283668132e-06
897,0,0,897,0.0031415913616617847,0.005796807087570854,9.869596283667948e-06
898,1,0,898,0.003141591361661813,0.006216726852779603,9.869596283668126e-06
899,0,0,899,0.003141591361661866,0.002417989925020403,9.869596283668454e-06
900,1,0,900,0.003141591361661789,0.005944384447469975,9.869596283667972e-06
901,1,0,901,0.0031415913616619807,0.006150733214016574,9.869596283669174e-06
902,0,0,902,0.0031415913616617596,0.0020142979432986596,9.869596283667785e-06
903,0,0,903,0.0031415913616617856,0.006243029570118422,9.869596283667953e-06
904,1,0,904,0.003141591361661619,0.005020915901042922,9.869596283666904e-06
905,0,0,905,0.0031415913616618624,0.006231427380850418,9.869596283668434e-06
906,0,0,906,0.0031415913616618454,0.005269712721906794,9.869596283668329e-06
907,0,0,907,0.003141591361661752,0.0005792946517515496,9.86959628366775e-06
908,0,0,908,0.0031415913616616178,0.005918440983589068,9.869596283666896e-06
909,0,0,909,0.0031415913616616906,0.00502442461842445,9.869596283667352e-06
910,1,0,910,0.0031415913616615896,0.0011167693753102448,9.869596283666721e-06
911,1,0,911,0.0031415913616617977,0.005638571695996131,9.869596283668027e-06
912,0,0,912,0.0031415913616618615,0.006258439197973281,9.869596283668427e-06
913,1,0,913,0.0031415913616618042,0.0054374874827312625,9.869596283668068e-06
914,0,0,914,0.003141591361661541,0.005838501935729212,9.869596283666415e-06
915,1,0,915,0.003141591361661542,0.0051300953803952165,9.869596283666418e-06
916,0,0,916,0.003141591361661627,0.0032125896372054985,9.869596283666953e-06
917,1,0,917,0.003141591361661791,0.005025413179626792,9.869596283667987e-06
918,0,0,918,0.0031415913616616984,0.0015419787828346854,9.869596283667402e-06
919,1,0,919,0.0031415913616617804,0.004530601174354221,9.869596283667919e-06
920,1,0,920,0.0031415913616618524,0.0006315581594705799,9.86959628366837e-06
921,1,0,921,0.0031415913616616438,0.001779811339680304,9.869596283667058e-06
922,0,0,922,0.0031415913616615753,0.006256428330090422,9.869596283666632e-06
923,1,0,923,0.003141591361661788,0.00042602447291995027,9.869596283667966e-06
924,0,0,924,0.0031415913616618047,0.004635196594976687,9.869596283668071e-06
925,0,0,925,0.0031415913616617227,0.003883104502615753,9.869596283667556e-06
926,1,0,926,0.003141591361661819,0.003419848752013843,9.86959628366816e-06
927,0,0,927,0.0031415913616614985,0.0006403315137664123,9.869596283666149e-06
928,0,0,928,0.0031415913616617388,0.0037000462327909656,9.86959628366766e-06
929,0,0,929,0.003141591361661609,0.0015648802492542746,9.869596283666842e-06
930,1,0,930,0.003141591361661841,0.0028124178057127303,9.8695962836683e-06
931,0,0,931,0.0031415913616617925,0.0006935718506586586,9.869596283667997e-06
932,0,0,932,0.003141591361661862,0.005240579222783093,9.869596283668434e-06
933,1,0,933,0.003141591361661632,0.0045819957680907075,9.869596283666986e-06
934,0,0,934,0.003141591361661515,0.002830918848098163,9.869596283666252e-06
935,0,0,935,0.0031415913616618016,0.0060942349609997,9.869596283668053e-06
936,0,0,936,0.00314159136166183,0.004236523762171429,9.869596283668229e-06
937,0,0,937,0.0031415913616617787,0.005419834159836823,9.869596283667907e-06
938,0,0,938,0.0031415913616618676,0.0034099436810319794,9.869596283668463e-06
939,1,0,939,0.0031415913616616386,0.0026149096754097823,9.869596283667021e-06
940,0,0,940,0.0031415913616618402,0.004854416566724029,9.8695962836683e-06
941,1,0,941,0.0031415913616618563,0.0057695285298901555,9.869596283668395e-06
942,1,0,942,0.0031415913616618723,0.0011028734891777026,9.869596283668495e-06
943,0,0,943,0.003141591361661821,0.0048242147021611,9.86959628366818e-06
944,1,0,944,0.0031415913616616355,0.0036737510232043302,9.869596283667006e-06
945,0,0,945,0.0031415913616618077,0.002826876511791254,9.869596283668087e-06
946,1,0,946,0.0031415913616615714,0.006159826266769836,9.869596283666608e-06
947,1,0,947,0.003141591361661793,0.006256753207304358,9.869596283667995e-06
948,1,0,948,0.003141591361661788,0.005823019263026641,9.869596283667966e-06
949,0,0,949,0.00314159136166184,0.004015059249646291,9.869596283668288e-06
950,0,0,950,0.0031415913616616525,0.004666787657270799,9.869596283667114e-06
951,0,0,951,0.0031415913616615896,7.464798081779911e-05,9.869596283666716e-06
952,1,0,952,0.003141591361661797,0.003285876586210268,9.869596283668022e-06
953,1,0,953,0.003141591361661533,0.0018049412521969899,9.869596283666364e-06
954,1,0,954,0.003141591361661656,0.0055018067145855,9.869596283667135e-06
955,1,0,955,0.003141591361661544,0.00041109361516167287,9.869596283666433e-06
956,1,0,956,0.0031415913616615835,0.002087147415802626,9.86959628366668e-06
957,1,0,957,0.0031415913616616685,0.005494592815461885,9.869596283667218e-06
958,1,0,958,0.0031415913616618996,0.003517789703662233,9.869596283668666e-06
959,1,0,959,0.0031415913616617774,0.00604571155654865,9.869596283667899e-06
960,1,0,960,0.0031415913616615436,0.0035226899941058765,9.86959628366643e-06
961,1,0,961,0.00314159136166171,0.0021681398959305653,9.869596283667475e-06
962,1,0,962,0.003141591361661829,0.001304356605514978,9.869596283668227e-06
963,1,0,963,0.00314159136166164,0.0062391791349828835,9.869596283667036e-06
964,1,0,964,0.003141591361661791,0.0021728400477636356,9.869596283667983e-06
965,0,0,965,0.0031415913616617656,0.0027581365493604126,9.869596283667824e-06
966,1,0,966,0.003141591361661668,0.0040224954462665385,9.869596283667214e-06
967,0,0,967,0.003141591361661668,0.006216989336952611,9.869596283667214e-06
968,0,0,968,0.0031415913616616477,0.000820837442140232,9.869596283667084e-06
969,1,0,969,0.0031415913616618094,0.0011052000284982322,9.8695962836681e-06
970,1,0,970,0.0031415913616618272,0.00622805721222236,9.869596283668212e-06
971,1,0,971,0.0031415913616614903,0.00020159507979911062,9.869596283666096e-06
972,0,0,972,0.0031415913616618515,0.005224118043875348,9.869596283668366e-06
973,0,0,973,0.003141591361661564,0.0013961656035113013,9.869596283666559e-06
974,0,0,974,0.003141591361661592,5.209084898460947e-05,9.869596283666735e-06
975,1,0,975,0.00314159136166179,0.0030897048680771366,9.86959628366798e-06
976,1,0,976,0.0031415913616618116,0.006245060126071553,9.869596283668114e-06
977,0,0,977,0.0031415913616618584,0.000801859230963653,9.869596283668414e-06
978,0,0,978,0.003141591361661634,0.006141832085323401,9.869596283666999e-06
979,0,0,979,0.0031415913616616256,0.006095658198815357,9.869596283666943e-06
980,0,0,980,0.0031415913616616746,0.00161902084248855,9.869596283667257e-06
981,1,0,981,0.003141591361661792,0.0035640639656790984,9.869596283667988e-06
982,0,0,982,0.003141591361661671,0.0016931280026056816,9.869596283667231e-06
983,0,0,983,0.0031415913616617427,0.00396343910064112,9.86959628366768e-06
984,1,0,984,0.0031415913616617123,0.006138627952304854,9.86959628366749e-06
985,0,0,985,0.0031415913616619057,0.0049842049130175425,9.869596283668705e-06
986,1,0,986,0.0031415913616619296,0.0057527885360235675,9.869596283668858e-06
987,1,0,987,0.003141591361661724,0.005558276342128909,9.869596283667567e-06
988,0,0,988,0.0031415913616615262,0.002547308397037984,9.869596283666322e-06
989,1,0,989,0.003141591361661749,0.0036947098089603614,9.869596283667723e-06
990,1,0,990,0.0031415913616617626,0.006248314822289602,9.869596283667809e-06
991,0,0,991,0.003141591361661582,0.0015973160618540927,9.869596283666665e-06
992,1,0,992,0.003141591361661718,0.0010973966752121367,9.86959628366753e-06
993,0,0,993,0.0031415913616616225,0.002706142871831241,9.869596283666926e-06
994,0,0,994,0.003141591361661511,0.005798351851824091,9.869596283666227e-06
995,0,0,995,0.0031415913616618446,0.004210560035206257,9.869596283668327e-06
996,0,0,996,0.0031415913616618003,0.00552200246826734,9.869596283668044e-06
997,1,0,997,0.0031415913616616364,0.006102701665196469,9.869596283667013e-06
998,0,0,998,0.0031415913616616277,0.002619360644044999,9.869596283666957e-06
999,0,0,999,0.0031415913616618728,0.000402717536908459,9.8695962836685e-06
