,Layer,Qubit,Run,2-Norm,Trace Norm,Diamond Norm
0,0,0,0,0.0,0.0,0.0
1,2,0,1,0.031414634623641295,0.010679999941813123,0.0009868792685368826
2,0,0,2,2.1153170283822724e-16,2.7755575615628914e-16,4.474566130564008e-32
3,1,0,3,0.03141463462364125,0.0435508377703091,0.0009868792685368798
4,2,0,4,0.03141463462364122,0.0612071311666991,0.0009868792685368776
5,0,0,5,0.031414634623641156,0.03603518480461876,0.000986879268536874
6,0,0,6,0.031414634623641205,0.03253948099090831,0.0009868792685368767
7,2,0,7,0.0,0.0,0.0
8,0,0,8,0.0,0.0,0.0
9,1,0,9,0.03141463462364154,0.05047657039724063,0.0009868792685368975
10,2,0,10,1.5700924586837754e-16,2.220446049250313e-16,2.465190328815662e-32
11,0,0,11,1.5700924586837754e-16,2.220446049250313e-16,2.465190328815662e-32
12,0,0,12,1.3877787807814457e-16,1.6653345369377348e-16,1.9259299443872359e-32
13,0,0,13,0.0314146346236413,0.059110406915444835,0.000986879268536883
14,0,0,14,0.0,0.0,0.0
15,1,0,15,0.03141463462364117,0.03295852526329812,0.000986879268536875
16,0,0,16,0.03141463462364121,0.04653993340466567,0.000986879268536877
17,0,0,17,0.031414634623641434,0.018455099375505823,0.0009868792685368913
18,1,0,18,0.031414634623641115,0.06231995224473662,0.000986879268536871
19,1,0,19,0.031414634623641254,0.020683803246297594,0.00098687926853688
20,1,0,20,0.03141463462364132,0.04873707065537358,0.000986879268536884
21,1,0,21,1.1102230246251565e-16,0.0,1.232595164407831e-32
22,0,0,22,5.551115123125783e-17,0.0,3.0814879110195774e-33
23,0,0,23,0.03141463462364145,0.023183138563376393,0.0009868792685368917
24,0,0,24,0.03141463462364146,0.05983391543167205,0.000986879268536893
25,2,0,25,1.7963785889362148e-16,2.220446049250313e-16,3.226976034788466e-32
26,1,0,26,1.0408340855860843e-16,1.97758476261356e-16,1.0833355937178202e-32
27,1,0,27,1.1102230246251565e-16,0.0,1.232595164407831e-32
28,1,0,28,0.0,0.0,0.0
29,0,0,29,1.5700924586837752e-16,1.1102230246251565e-16,2.465190328815662e-32
30,2,0,30,0.03141463462364123,0.06087616408309757,0.0009868792685368787
31,2,0,31,0.03141463462364117,0.05752200147415376,0.0009868792685368741
32,1,0,32,0.031414634623641184,0.043391392835268494,0.0009868792685368754
33,0,0,33,0.0,0.0,0.0
34,0,0,34,2.5757479175327106e-16,3.885780586188048e-16,6.634477334674098e-32
35,2,0,35,0.0,0.0,0.0
36,2,0,36,1.2412670766236366e-16,1.1102230246251565e-16,1.5407439555097887e-32
37,0,0,37,0.031414634623641295,0.017811154197903134,0.0009868792685368824
38,1,0,38,0.0,0.0,0.0
39,2,0,39,0.0314146346236412,0.06232956610475045,0.0009868792685368765
40,2,0,40,0.0,0.0,0.0
41,2,0,41,0.031414634623641184,0.052790988536278505,0.0009868792685368752
42,0,0,42,0.0,0.0,0.0
43,2,0,43,0.0,0.0,0.0
44,2,0,44,0.031414634623641254,0.06215583352831969,0.00098687926853688
45,0,0,45,0.0,0.0,0.0
46,1,0,46,0.0,0.0,0.0
47,1,0,47,2.556594533555939e-16,3.3306690738754696e-16,6.536175609008108e-32
48,2,0,48,0.03141463462364125,0.05057265950572265,0.0009868792685368791
49,2,0,49,2.5404629636302383e-16,3.3306690738754696e-16,6.453952069576933e-32
50,1,0,50,0.0,0.0,0.0
51,1,0,51,0.031414634623641226,0.011602733044265068,0.0009868792685368778
52,0,0,52,2.843894911573697e-16,1.1102230246251565e-16,8.087738268074765e-32
53,1,0,53,0.031414634623641205,0.06271918562091819,0.0009868792685368765
54,0,0,54,0.0,0.0,0.0
55,1,0,55,0.0,0.0,0.0
56,1,0,56,0.03141463462364124,0.04587775925926674,0.0009868792685368791
57,1,0,57,0.03141463462364124,0.061721008906958696,0.0009868792685368791
58,1,0,58,2.906601613561372e-16,2.220446049250313e-16,8.448332939957566e-32
59,0,0,59,0.031414634623641205,0.02055912722372122,0.0009868792685368772
60,2,0,60,0.03141463462364124,0.06168059697742079,0.0009868792685368791
61,1,0,61,0.031414634623641205,0.01048650666133899,0.0009868792685368767
62,0,0,62,0.03141463462364109,0.03724503227044407,0.0009868792685368694
63,0,0,63,0.03141463462364114,0.04020223107074994,0.000986879268536873
64,1,0,64,0.0314146346236414,0.05968532814198241,0.0009868792685368889
65,1,0,65,0.031414634623641524,0.009368458493022147,0.000986879268536897
66,1,0,66,0.03141463462364129,0.04737561768032683,0.0009868792685368817
67,0,0,67,0.03141463462364127,0.0623355144737779,0.0009868792685368809
68,0,0,68,0.031414634623641455,0.037406701039013224,0.0009868792685368921
69,0,0,69,0.03141463462364127,0.06225051240637719,0.0009868792685368809
70,1,0,70,0.03141463462364128,0.03893167760910077,0.0009868792685368813
71,0,0,71,1.4219474557868487e-16,2.220446049250313e-16,2.0219345670186916e-32
72,1,0,72,0.031414634623641094,0.01960262812888236,0.0009868792685368696
73,0,0,73,0.031414634623641476,0.05700151603313558,0.0009868792685368936
74,2,0,74,0.031414634623641274,0.05082421923762803,0.0009868792685368809
75,0,0,75,0.03141463462364123,0.059584007339305356,0.000986879268536879
76,2,0,76,2.641269943531951e-16,3.885780586188048e-16,6.976306914605275e-32
77,2,0,77,0.03141463462364126,0.05187861460822918,0.0009868792685368804
78,1,0,78,1.405679767653706e-16,1.1102230246251565e-16,1.975935609190976e-32
79,1,0,79,0.0,0.0,0.0
80,0,0,80,0.03141463462364118,0.0109362114788909,0.0009868792685368754
81,1,0,81,0.03141463462364128,0.004735007973365124,0.0009868792685368815
82,2,0,82,0.03141463462364132,0.022876672349191107,0.0009868792685368843
83,1,0,83,1.9997532649633214,3.8904328316488312,0.0009868792685368936
84,2,0,84,2.5404629636302383e-16,1.1102230246251565e-16,6.453952069576932e-32
85,1,0,85,0.0314146346236413,0.03772966107768028,0.0009868792685368832
86,0,0,86,0.0314146346236414,0.051199282398628476,0.0009868792685368889
87,2,0,87,1.1102230246251565e-16,1.1102230246251565e-16,1.232595164407831e-32
88,0,0,88,1.6213750489334986e-16,1.1102230246251565e-16,2.6288570493041047e-32
89,1,0,89,0.03141463462364129,0.05790678552943279,0.0009868792685368817
90,1,0,90,0.03141463462364119,0.05668637780490121,0.000986879268536876
91,0,0,91,0.0,0.0,0.0
92,0,0,92,0.031414634623641274,0.061570329896901366,0.000986879268536881
93,0,0,93,0.031414634623641385,0.03572214887816216,0.0009868792685368882
94,2,0,94,0.03141463462364135,0.029886014306003905,0.0009868792685368858
95,1,0,95,1.5700924586837752e-16,1.1102230246251565e-16,2.465190328815662e-32
96,0,0,96,0.03141463462364133,0.02571454104036397,0.0009868792685368845
97,0,0,97,0.0,0.0,0.0
98,1,0,98,0.03141463462364115,0.052171530530579546,0.000986879268536873
99,0,0,99,0.03141463462364115,0.04392823687182168,0.0009868792685368733
100,1,0,100,1.6213750489334986e-16,1.6653345369377348e-16,2.6288570493041047e-32
101,1,0,101,0.0,0.0,0.0
102,1,0,102,0.0314146346236413,0.06282505496737523,0.0009868792685368828
103,0,0,103,0.0,0.0,0.0
104,0,0,104,0.03141463462364121,0.0013029303857582386,0.000986879268536877
105,1,0,105,1.6213750489334986e-16,1.1102230246251565e-16,2.628857049304104e-32
106,1,0,106,1.2412670766236366e-16,5.551115123125783e-17,1.5407439555097887e-32
107,0,0,107,0.0,0.0,0.0
108,0,0,108,0.0,0.0,0.0
109,0,0,109,0.03141463462364125,0.029915595938605155,0.0009868792685368793
110,1,0,110,0.0,0.0,0.0
111,0,0,111,0.03141463462364124,0.028242237347091637,0.0009868792685368787
112,1,0,112,0.031414634623641545,0.057420509429078115,0.0009868792685368986
113,0,0,113,1.8342259053322625e-16,2.0816681711721685e-16,3.3643846717919587e-32
114,1,0,114,1.2412670766236366e-16,1.1102230246251565e-16,1.5407439555097887e-32
115,1,0,115,0.03141463462364124,0.058151876004644276,0.0009868792685368793
116,1,0,116,0.0,0.0,0.0
117,2,0,117,1.5700924586837752e-16,1.1102230246251565e-16,2.465190328815662e-32
118,1,0,118,2.220446049250313e-16,3.3306690738754696e-16,4.930380657631324e-32
119,2,0,119,1.5700924586837752e-16,1.1102230246251565e-16,2.465190328815662e-32
120,2,0,120,0.03141463462364126,0.057500025556050716,0.0009868792685368802
121,2,0,121,0.0,0.0,0.0
122,0,0,122,0.0,0.0,0.0
123,1,0,123,0.03141463462364121,0.004350806467694035,0.0009868792685368772
124,1,0,124,0.0,0.0,0.0
125,0,0,125,0.0,0.0,0.0
126,0,0,126,0.031414634623641205,0.023555198096487207,0.000986879268536877
127,2,0,127,0.031414634623641316,0.01366571743670253,0.0009868792685368837
128,2,0,128,0.03141463462364127,0.032500862268778796,0.0009868792685368806
129,0,0,129,0.03141463462364126,0.02535665264787257,0.00098687926853688
130,0,0,130,0.03141463462364131,0.06245730815088982,0.0009868792685368835
131,0,0,131,0.03141463462364137,0.05536130122809735,0.0009868792685368874
132,0,0,132,1.7963785889362148e-16,2.220446049250313e-16,3.226976034788466e-32
133,2,0,133,0.0,0.0,0.0
134,2,0,134,2.482534153247273e-16,1.1102230246251565e-16,6.162975822039155e-32
135,1,0,135,0.03141463462364117,0.050106372206141114,0.0009868792685368743
136,1,0,136,1.1757450506243963e-16,5.551115123125783e-17,1.3823764240677645e-32
137,0,0,137,0.03141463462364128,0.048476060434850976,0.0009868792685368817
138,2,0,138,1.1102230246251565e-16,0.0,1.232595164407831e-32
139,1,0,139,1.5700924586837752e-16,1.1102230246251565e-16,2.465190328815662e-32
140,0,0,140,0.03141463462364132,0.052139771004916624,0.0009868792685368843
141,2,0,141,1.7963785889362148e-16,1.1102230246251565e-16,3.226976034788466e-32
142,2,0,142,0.031414634623641316,0.03203790246722471,0.0009868792685368839
143,0,0,143,0.0,0.0,0.0
144,2,0,144,1.1102230246251565e-16,0.0,1.232595164407831e-32
145,2,0,145,2.2433027941373636e-16,3.3306690738754696e-16,5.032407426184501e-32
146,0,0,146,1.7963785889362148e-16,2.220446049250313e-16,3.226976034788466e-32
147,2,0,147,2.1153170283822722e-16,1.1102230246251565e-16,4.4745661305640066e-32
148,0,0,148,0.0,0.0,0.0
149,2,0,149,0.0,0.0,0.0
150,1,0,150,0.03141463462364128,0.04321026661413008,0.0009868792685368817
151,2,0,151,0.0,0.0,0.0
152,0,0,152,0.03141463462364135,0.04707309062713749,0.0009868792685368858
153,0,0,153,1.5700924586837752e-16,1.1102230246251565e-16,2.465190328815662e-32
154,2,0,154,1.7963785889362148e-16,2.220446049250313e-16,3.226976034788466e-32
155,1,0,155,1.1102230246251565e-16,2.220446049250313e-16,1.232595164407831e-32
156,1,0,156,1.2474732967014774e-16,1.1102230246251565e-16,1.556189625983252e-32
157,1,0,157,0.0314146346236412,0.02162977315587744,0.0009868792685368767
158,2,0,158,5.551115123125783e-17,1.1102230246251565e-16,3.0814879110195774e-33
159,1,0,159,2.5404629636302383e-16,1.1102230246251565e-16,6.453952069576933e-32
160,2,0,160,2.8626421255571347e-16,1.6653345369377348e-16,8.194719939014273e-32
161,2,0,161,0.03141463462364149,0.06282455012681568,0.0009868792685368952
162,1,0,162,1.942890293094024e-16,2.220446049250313e-16,3.7748226909989817e-32
163,0,0,163,0.03141463462364122,0.04094500285688618,0.0009868792685368778
164,2,0,164,0.031414634623641344,0.0076251021735329605,0.0009868792685368854
165,0,0,165,0.0,0.0,0.0
166,0,0,166,0.03141463462364119,0.03318969903173863,0.0009868792685368759
167,2,0,167,1.7963785889362148e-16,2.220446049250313e-16,3.226976034788466e-32
168,0,0,168,0.0,0.0,0.0
169,2,0,169,0.03141463462364137,0.010491739266963451,0.0009868792685368874
170,1,0,170,0.0,0.0,0.0
171,1,0,171,1.3964187789842415e-16,2.220446049250313e-16,1.9499854062998405e-32
172,2,0,172,1.340157741654466e-16,1.1102230246251565e-16,1.796022772516398e-32
173,0,0,173,1.6213750489334986e-16,1.6653345369377348e-16,2.6288570493041047e-32
174,0,0,174,0.031414634623641184,0.050088623654907516,0.0009868792685368754
175,1,0,175,0.03141463462364146,0.01803753582620482,0.0009868792685368928
176,2,0,176,0.031414634623641205,0.06224042745417595,0.000986879268536877
177,2,0,177,2.1692196495170418e-16,2.220446049250313e-16,4.7055138878508374e-32
178,2,0,178,0.031414634623641226,0.0003505955881547562,0.0009868792685368782
179,2,0,179,1.5700924586837754e-16,2.220446049250313e-16,2.465190328815662e-32
180,2,0,180,0.03141463462364113,0.061766838223163395,0.0009868792685368717
181,2,0,181,1.8623046625175345e-16,1.1102230246251565e-16,3.4681786560345475e-32
182,2,0,182,0.031414634623641274,0.001635413043737044,0.000986879268536881
183,1,0,183,2.3514901012487926e-16,1.1102230246251565e-16,5.529505696271058e-32
184,1,0,184,0.0,0.0,0.0
185,0,0,185,0.03141463462364129,0.05925498585087002,0.0009868792685368822
186,2,0,186,0.03141463462364116,0.04124892679589198,0.000986879268536874
187,0,0,187,0.0,0.0,0.0
188,0,0,188,0.0,0.0,0.0
189,0,0,189,0.031414634623641316,0.018047731021079483,0.0009868792685368835
190,0,0,190,0.031414634623641295,0.03817468952132175,0.000986879268536882
191,2,0,191,0.0,0.0,0.0
192,2,0,192,1.7963785889362148e-16,2.220446049250313e-16,3.226976034788466e-32
193,2,0,193,1.7963785889362148e-16,1.1102230246251565e-16,3.226976034788466e-32
194,0,0,194,1.2412670766236366e-16,1.1102230246251565e-16,1.5407439555097887e-32
195,2,0,195,5.551115123125783e-17,0.0,3.0814879110195774e-33
196,1,0,196,0.0,0.0,0.0
197,0,0,197,0.031414634623641295,0.01835530489011561,0.0009868792685368826
198,1,0,198,0.03141463462364146,0.05322190237133406,0.0009868792685368926
199,0,0,199,0.03141463462364116,0.05181351409132462,0.0009868792685368746
200,2,0,200,0.03141463462364123,0.05297346381584411,0.0009868792685368782
201,2,0,201,0.0,0.0,0.0
202,1,0,202,0.0,0.0,0.0
203,1,0,203,2.2887833992611187e-16,4.440892098500626e-16,5.238529448733282e-32
204,2,0,204,2.7865292505852477e-16,3.3306690738754696e-16,7.764745264367185e-32
205,1,0,205,2.5565945335559395e-16,2.220446049250313e-16,6.536175609008109e-32
206,0,0,206,0.03141463462364131,0.04054783930713146,0.0009868792685368832
207,2,0,207,0.03141463462364118,0.03253202403326183,0.0009868792685368752
208,0,0,208,0.03141463462364123,0.06141703991987185,0.0009868792685368785
209,0,0,209,0.031414634623641406,0.04822521561237747,0.00098687926853689
210,0,0,210,1.3401577416544657e-16,1.1102230246251565e-16,1.796022772516398e-32
211,0,0,211,1.7963785889362148e-16,1.1102230246251565e-16,3.2269760347884667e-32
212,1,0,212,1.1443916996305594e-16,2.7755575615628914e-17,1.3096323621833204e-32
213,2,0,213,0.03141463462364133,0.04985355915703327,0.0009868792685368845
214,1,0,214,0.031414634623641115,0.06282548305391128,0.0009868792685368713
215,1,0,215,0.0,0.0,0.0
216,1,0,216,0.03141463462364142,0.030242460689105632,0.0009868792685368904
217,1,0,217,0.03141463462364126,0.05054553035725573,0.0009868792685368802
218,1,0,218,0.03141463462364127,0.05196355593329849,0.0009868792685368806
219,1,0,219,0.0,0.0,0.0
220,1,0,220,0.03141463462364115,0.060685619222352605,0.0009868792685368733
221,1,0,221,0.03141463462364124,0.05850524146889907,0.000986879268536879
222,2,0,222,0.0,0.0,0.0
223,0,0,223,1.9770589680994263e-16,1.6653345369377348e-16,3.90876216334237e-32
224,1,0,224,1.7963785889362148e-16,1.1102230246251565e-16,3.2269760347884667e-32
225,0,0,225,1.4018147898914907e-16,2.220446049250313e-16,1.965084705158524e-32
226,0,0,226,0.03141463462364136,0.060694555936620126,0.0009868792685368867
227,1,0,227,0.0,0.0,0.0
228,0,0,228,0.03141463462364125,0.05762517822216534,0.0009868792685368795
229,1,0,229,0.0,0.0,0.0
230,1,0,230,2.1153170283822724e-16,2.7755575615628914e-16,4.474566130564007e-32
231,1,0,231,1.1102230246251565e-16,0.0,1.232595164407831e-32
232,2,0,232,0.03141463462364118,0.01498244496460166,0.0009868792685368748
233,2,0,233,0.03141463462364142,0.0021978106926024976,0.0009868792685368904
234,0,0,234,1.2660852402060024e-16,8.326672684688674e-17,1.6029718354674913e-32
235,1,0,235,1.5700924586837752e-16,1.1102230246251565e-16,2.465190328815662e-32
236,2,0,236,0.0,0.0,0.0
237,1,0,237,0.03141463462364125,0.05526229590190862,0.0009868792685368795
238,2,0,238,0.0,0.0,0.0
239,1,0,239,2.0816681711721685e-16,4.163336342344337e-16,4.3333423748712807e-32
240,0,0,240,1.1102230246251565e-16,0.0,1.232595164407831e-32
241,1,0,241,2.0,2.7665929066678774,1.3269345629177944e-31
242,1,0,242,0.031414634623641316,0.057967302807395926,0.0009868792685368837
243,1,0,243,0.0,0.0,0.0
244,0,0,244,1.8098848224002284e-16,2.498001805406602e-16,3.2756830703547057e-32
245,1,0,245,0.03141463462364122,0.01965474819603874,0.0009868792685368776
246,0,0,246,0.0,0.0,0.0
247,2,0,247,1.8098848224002284e-16,2.498001805406602e-16,3.2756830703547057e-32
248,0,0,248,0.031414634623641184,0.004296096372071845,0.0009868792685368754
249,0,0,249,0.0,0.0,0.0
250,1,0,250,0.031414634623641254,0.030619828063526366,0.0009868792685368795
251,0,0,251,1.5700924586837754e-16,2.220446049250313e-16,2.465190328815662e-32
252,0,0,252,0.0,0.0,0.0
253,1,0,253,0.03141463462364123,0.062253372460401135,0.0009868792685368785
254,2,0,254,0.031414634623641205,0.06239867467941053,0.000986879268536877
255,1,0,255,0.031414634623641226,0.06115952844765771,0.0009868792685368778
256,1,0,256,0.031414634623641455,0.061226546048841174,0.0009868792685368926
257,1,0,257,1.1102230246251565e-16,1.1102230246251565e-16,1.232595164407831e-32
258,1,0,258,0.0,0.0,0.0
259,2,0,259,0.03141463462364138,0.050683461168138044,0.0009868792685368878
260,2,0,260,0.0,0.0,0.0
261,0,0,261,0.03141463462364132,0.03688952342089136,0.0009868792685368839
262,0,0,262,2.5321704804120053e-16,2.220446049250313e-16,6.411887341869964e-32
263,2,0,263,1.7857877399635678e-16,1.1102230246251565e-16,3.189037852204187e-32
264,2,0,264,0.03141463462364128,0.06078351340616556,0.0009868792685368817
265,0,0,265,1.2412670766236366e-16,1.1102230246251565e-16,1.5407439555097887e-32
266,1,0,266,2.1153170283822724e-16,2.7755575615628914e-16,4.474566130564007e-32
267,0,0,267,1.6213750489334986e-16,1.1102230246251565e-16,2.6288570493041047e-32
268,2,0,268,1.3378220776706827e-16,2.220446049250313e-16,1.7897679115031027e-32
269,2,0,269,0.0314146346236412,0.0037301841217495246,0.0009868792685368763
270,1,0,270,0.0,0.0,0.0
271,2,0,271,1.7963785889362148e-16,1.1102230246251565e-16,3.2269760347884667e-32
272,2,0,272,0.0,0.0,0.0
273,0,0,273,0.03141463462364123,0.007905418432400446,0.0009868792685368785
274,0,0,274,0.0,0.0,0.0
275,0,0,275,0.031414634623641274,0.026301060609741356,0.0009868792685368817
276,1,0,276,0.0,0.0,0.0
277,0,0,277,1.1102230246251565e-16,0.0,1.232595164407831e-32
278,2,0,278,0.03141463462364144,0.05378265132921045,0.0009868792685368915
279,2,0,279,0.0,0.0,0.0
280,0,0,280,0.0,0.0,0.0
281,1,0,281,1.4396601710099216e-16,1.1102230246251565e-16,2.072621407992316e-32
282,2,0,282,0.0,0.0,0.0
283,2,0,283,1.5700924586837752e-16,1.1102230246251565e-16,2.465190328815662e-32
284,2,0,284,0.03141463462364149,0.037783420346803265,0.000986879268536895
285,0,0,285,1.6653345369377348e-16,2.220446049250313e-16,2.77333911991762e-32
286,0,0,286,0.031414634623641205,0.006488786882557718,0.0009868792685368776
287,0,0,287,0.03141463462364114,0.06149607799379925,0.000986879268536873
288,2,0,288,1.273953726888975e-16,3.8163916471489756e-17,1.62295809825431e-32
289,1,0,289,0.0,0.0,0.0
290,2,0,290,1.2412670766236366e-16,1.1102230246251565e-16,1.5407439555097887e-32
291,1,0,291,1.1102230246251565e-16,1.6653345369377348e-16,1.232595164407831e-32
292,0,0,292,0.0,0.0,0.0
293,1,0,293,0.03141463462364134,0.01185931921265626,0.0009868792685368852
294,0,0,294,0.031414634623641316,0.022446397919961614,0.0009868792685368843
295,0,0,295,0.03141463462364121,0.049481694248764474,0.0009868792685368772
296,0,0,296,0.03141463462364116,0.039512377590228076,0.0009868792685368741
297,1,0,297,0.0,0.0,0.0
298,2,0,298,1.4219474557868487e-16,5.551115123125783e-17,2.0219345670186916e-32
299,0,0,299,1.796378588936215e-16,2.220446049250313e-16,3.2269760347884667e-32
300,1,0,300,0.0,0.0,0.0
301,1,0,301,0.03141463462364121,0.06273895030154325,0.0009868792685368774
302,2,0,302,0.03141463462364119,0.02151842864382769,0.000986879268536876
303,0,0,303,0.031414634623641274,0.0616609030078602,0.000986879268536881
304,2,0,304,0.03141463462364128,0.007834924160456613,0.0009868792685368815
305,1,0,305,0.03141463462364149,0.06078710417044178,0.0009868792685368945
306,1,0,306,1.1102230246251565e-16,0.0,1.232595164407831e-32
307,0,0,307,0.03141463462364121,0.011936286398937401,0.0009868792685368774
308,1,0,308,1.6213750489334986e-16,1.6653345369377348e-16,2.6288570493041047e-32
309,0,0,309,0.03141463462364122,0.04679435295727785,0.0009868792685368774
310,2,0,310,0.0,0.0,0.0
311,2,0,311,0.031414634623641365,0.06178347533812814,0.0009868792685368865
312,2,0,312,1.314522928702541e-16,1.1102230246251565e-16,1.7279705300847062e-32
313,0,0,313,0.0,0.0,0.0
314,2,0,314,0.03141463462364137,0.02534208215003897,0.0009868792685368874
315,1,0,315,0.0,0.0,0.0
316,1,0,316,1.8127524132186752e-16,1.3877787807814457e-16,3.286071311630131e-32
317,0,0,317,2.688821387764051e-17,0.0,7.229760455297397e-34
318,0,0,318,2.843894911573697e-16,4.440892098500626e-16,8.087738268074765e-32
319,0,0,319,2.1153170283822722e-16,1.1102230246251565e-16,4.474566130564008e-32
320,1,0,320,0.03141463462364136,0.06142913477696321,0.0009868792685368863
321,0,0,321,0.0,0.0,0.0
322,1,0,322,1.1102230246251565e-16,0.0,1.232595164407831e-32
323,1,0,323,1.9997532649633216,3.2747233742611574,0.0009868792685369093
324,1,0,324,1.1102230246251565e-16,0.0,1.232595164407831e-32
325,2,0,325,0.031414634623641254,0.030642817713507853,0.0009868792685368798
326,1,0,326,0.03141463462364129,0.03223329628991134,0.0009868792685368822
327,0,0,327,0.0,0.0,0.0
328,0,0,328,0.031414634623641136,0.03027876958435094,0.0009868792685368724
329,1,0,329,0.031414634623641476,0.04816908655334806,0.0009868792685368939
330,1,0,330,0.03141463462364156,0.06282066063942118,0.000986879268536899
331,2,0,331,2.220446049250313e-16,4.163336342344337e-16,4.930380657631324e-32
332,1,0,332,1.1102230246251565e-16,1.1102230246251565e-16,1.232595164407831e-32
333,0,0,333,0.03141463462364143,0.059426515662294566,0.000986879268536891
334,2,0,334,0.031414634623641385,0.047503238325296016,0.0009868792685368882
335,2,0,335,1.5700924586837754e-16,2.220446049250313e-16,2.465190328815662e-32
336,1,0,336,1.1102230246251565e-16,0.0,1.232595164407831e-32
337,1,0,337,0.03141463462364147,0.03483805331648504,0.0009868792685368932
338,2,0,338,2.7644077387651364e-16,2.220446049250313e-16,7.641950146144577e-32
339,1,0,339,0.0,0.0,0.0
340,0,0,340,0.0314146346236413,0.0480018807274083,0.0009868792685368828
341,0,0,341,0.03141463462364142,0.01754579057129202,0.0009868792685368904
342,1,0,342,0.03141463462364133,0.03262428370559811,0.0009868792685368843
343,0,0,343,0.03141463462364133,0.01982948342131008,0.0009868792685368848
344,0,0,344,0.03141463462364147,0.06248065775240752,0.0009868792685368934
345,0,0,345,0.03141463462364118,0.062418929817720376,0.000986879268536875
346,2,0,346,0.031414634623641406,0.04714175469998161,0.0009868792685368893
347,0,0,347,1.1102230246251565e-16,0.0,1.232595164407831e-32
348,1,0,348,0.03141463462364138,0.05832033075490567,0.0009868792685368878
349,0,0,349,0.0,0.0,0.0
350,1,0,350,0.03141463462364111,0.056300206652312,0.0009868792685368709
351,1,0,351,1.3377369070879737e-16,4.163336342344337e-17,1.789540032585298e-32
352,1,0,352,0.03141463462364133,0.056204549419524186,0.0009868792685368848
353,0,0,353,2.2530044628618934e-16,2.220446049250313e-16,5.076029109675608e-32
354,2,0,354,2.5404629636302383e-16,3.3306690738754696e-16,6.453952069576933e-32
355,0,0,355,0.03141463462364114,0.06209747906077398,0.000986879268536873
356,2,0,356,0.03141463462364147,0.039547514539628126,0.0009868792685368932
357,2,0,357,1.2412670766236366e-16,1.1102230246251565e-16,1.5407439555097887e-32
358,0,0,358,0.03141463462364139,0.06280639893818124,0.0009868792685368884
359,0,0,359,0.0,0.0,0.0
360,0,0,360,0.03141463462364147,0.05770762121586559,0.0009868792685368932
361,2,0,361,1.942890293094024e-16,3.3306690738754696e-16,3.774822690998982e-32
362,0,0,362,2.5404629636302383e-16,1.1102230246251565e-16,6.453952069576932e-32
363,2,0,363,1.340157741654466e-16,1.1102230246251565e-16,1.796022772516398e-32
364,0,0,364,0.0,0.0,0.0
365,2,0,365,1.5700924586837752e-16,1.1102230246251565e-16,2.465190328815662e-32
366,0,0,366,0.03141463462364135,0.05510942503046379,0.0009868792685368863
367,2,0,367,3.14018491736755e-16,3.3306690738754696e-16,9.86076131526265e-32
368,0,0,368,0.0,0.0,0.0
369,0,0,369,0.031414634623641205,0.028763159555310835,0.000986879268536877
370,2,0,370,0.03141463462364141,0.06255553828910411,0.0009868792685368902
371,2,0,371,0.031414634623641274,0.062242245336585136,0.000986879268536881
372,1,0,372,0.0,0.0,0.0
373,0,0,373,0.03141463462364114,0.017039262271395295,0.0009868792685368728
374,0,0,374,0.03141463462364119,0.014710285179071803,0.0009868792685368756
375,0,0,375,0.03141463462364128,0.060554086146688224,0.0009868792685368817
376,2,0,376,0.0,0.0,0.0
377,0,0,377,1.5700924586837752e-16,1.1102230246251565e-16,2.465190328815662e-32
378,0,0,378,0.0,0.0,0.0
379,2,0,379,1.5700924586837754e-16,2.220446049250313e-16,2.465190328815662e-32
380,1,0,380,0.03141463462364131,0.06276707270463285,0.0009868792685368835
381,1,0,381,0.031414634623641205,0.007761522372672913,0.000986879268536877
382,1,0,382,2.921615689113896e-16,2.220446049250313e-16,8.535838234876464e-32
383,2,0,383,0.031414634623641496,0.012766954024575727,0.000986879268536895
384,0,0,384,0.03141463462364117,0.061090856468068,0.0009868792685368748
385,2,0,385,0.03141463462364115,0.06275762516612635,0.0009868792685368733
386,2,0,386,1.6213750489334986e-16,1.6653345369377348e-16,2.628857049304104e-32
387,1,0,387,0.03141463462364124,0.054863858457764814,0.0009868792685368791
388,1,0,388,0.03141463462364125,0.05473266582261532,0.000986879268536879
389,1,0,389,1.3244965881450316e-16,2.220446049250313e-16,1.754291212007829e-32
390,0,0,390,0.0,0.0,0.0
391,1,0,391,0.03141463462364125,0.05343322648833282,0.0009868792685368798
392,0,0,392,0.03141463462364127,0.044484703929305036,0.0009868792685368809
393,2,0,393,3.33066907387547e-16,2.220446049250313e-16,1.1093356479670479e-31
394,1,0,394,0.03141463462364118,0.05771058180753974,0.0009868792685368748
395,1,0,395,0.0,0.0,0.0
396,1,0,396,1.7724713186976723e-16,2.0816681711721685e-16,3.1416545756058654e-32
397,1,0,397,0.03141463462364141,0.06140387100603398,0.0009868792685368897
398,0,0,398,0.03141463462364129,0.06129330910449626,0.000986879268536882
399,0,0,399,0.03141463462364135,0.05363892748876797,0.000986879268536886
400,2,0,400,0.03141463462364113,0.04946738236330295,0.000986879268536872
401,1,0,401,0.0,0.0,0.0
402,2,0,402,0.03141463462364115,0.025741364283332624,0.0009868792685368733
403,1,0,403,0.03141463462364122,0.0616787923284825,0.0009868792685368778
404,0,0,404,2.316529582945705e-16,3.7470027081099033e-16,5.366309308662605e-32
405,0,0,405,0.0314146346236414,0.00201804967323882,0.0009868792685368889
406,2,0,406,1.5700924586837752e-16,1.1102230246251565e-16,2.465190328815662e-32
407,0,0,407,0.0,0.0,0.0
408,1,0,408,0.03141463462364123,0.05597747521339025,0.0009868792685368787
409,1,0,409,0.03141463462364122,0.055339757544960844,0.0009868792685368778
410,1,0,410,0.031414634623641254,0.033290567070908494,0.00098687926853688
411,1,0,411,1.2412670766236366e-16,1.1102230246251565e-16,1.5407439555097887e-32
412,1,0,412,0.03141463462364153,0.06130358018401749,0.0009868792685368971
413,2,0,413,2.5404629636302373e-16,1.1102230246251565e-16,6.453952069576932e-32
414,0,0,414,0.0,0.0,0.0
415,0,0,415,0.03141463462364115,0.04976179606907971,0.0009868792685368735
416,1,0,416,0.031414634623641094,0.0007330675763248529,0.0009868792685368698
417,1,0,417,0.0314146346236414,0.05147353808690969,0.0009868792685368889
418,2,0,418,0.0,0.0,0.0
419,0,0,419,0.0,0.0,0.0
420,0,0,420,0.0,0.0,0.0
421,0,0,421,0.0,0.0,0.0
422,2,0,422,0.0,0.0,0.0
423,1,0,423,0.03141463462364117,0.03875142586056468,0.0009868792685368743
424,2,0,424,0.0,0.0,0.0
425,2,0,425,0.0,0.0,0.0
426,0,0,426,1.6910588726432322e-16,1.942890293094024e-16,2.859680110745399e-32
427,2,0,427,1.4219474557868487e-16,5.551115123125783e-17,2.0219345670186916e-32
428,0,0,428,0.0,0.0,0.0
429,1,0,429,0.03141463462364126,0.052696778733744454,0.0009868792685368802
430,2,0,430,0.031414634623641406,0.06253011282858978,0.0009868792685368893
431,2,0,431,2.0,1.7125304789769422,5.611230485225925e-32
432,0,0,432,0.0,0.0,0.0
433,2,0,433,0.03141463462364122,0.03900272301586927,0.0009868792685368776
434,1,0,434,0.03141463462364115,0.027668058570866516,0.0009868792685368733
435,0,0,435,0.03141463462364119,0.036123105104977515,0.0009868792685368756
436,1,0,436,0.031414634623641254,0.06277931490251355,0.00098687926853688
437,0,0,437,1.249000902703301e-16,0.0,1.560003254953661e-32
438,2,0,438,0.031414634623641156,0.019000405812858556,0.000986879268536874
439,0,0,439,0.03141463462364133,0.05217226919077811,0.0009868792685368845
440,2,0,440,0.0,0.0,0.0
441,2,0,441,0.0,0.0,0.0
442,2,0,442,1.7963785889362148e-16,1.1102230246251565e-16,3.2269760347884667e-32
443,0,0,443,2.3089392919278834e-16,5.551115123125783e-17,5.331200653808435e-32
444,0,0,444,1.1102230246251565e-16,0.0,1.232595164407831e-32
445,0,0,445,0.03141463462364131,0.035084717727478565,0.0009868792685368832
446,0,0,446,2.5404629636302383e-16,3.3306690738754696e-16,6.453952069576932e-32
447,1,0,447,0.03141463462364137,0.002561621812191772,0.0009868792685368874
448,2,0,448,0.0,0.0,0.0
449,2,0,449,0.03141463462364122,0.008686863470598327,0.0009868792685368778
450,0,0,450,0.03141463462364141,0.050304538407255905,0.0009868792685368895
451,0,0,451,1.5700924586837752e-16,1.1102230246251565e-16,2.465190328815662e-32
452,0,0,452,1.796378588936215e-16,2.220446049250313e-16,3.2269760347884667e-32
453,0,0,453,0.03141463462364136,0.0627537647198128,0.0009868792685368863
454,0,0,454,0.03141463462364136,0.054257712303257266,0.0009868792685368865
455,2,0,455,2.0816681711721685e-17,4.163336342344337e-17,4.333342374871281e-34
456,1,0,456,1.5700924586837754e-16,2.220446049250313e-16,2.465190328815662e-32
457,1,0,457,2.285968075249553e-16,5.551115123125783e-17,5.225650041060146e-32
458,2,0,458,1.5981118887870987e-16,2.220446049250313e-16,2.553961609082668e-32
459,2,0,459,0.03141463462364126,0.018628675538796546,0.0009868792685368804
460,2,0,460,0.031414634623641274,0.02177401759155284,0.000986879268536881
461,2,0,461,0.031414634623641184,0.05911454901014829,0.0009868792685368756
462,0,0,462,0.03141463462364122,0.06264715694452283,0.0009868792685368778
463,0,0,463,1.6386564416554159e-16,2.220446049250313e-16,2.68519493377879e-32
464,0,0,464,0.031414634623641316,0.027602994172561846,0.0009868792685368839
465,1,0,465,1.6213750489334986e-16,1.6653345369377348e-16,2.628857049304104e-32
466,1,0,466,0.03141463462364128,0.052407286567483724,0.0009868792685368813
467,0,0,467,0.0,0.0,0.0
468,1,0,468,0.031414634623641406,0.042646592468220224,0.0009868792685368893
469,1,0,469,0.0,0.0,0.0
470,0,0,470,1.796378588936215e-16,2.220446049250313e-16,3.2269760347884667e-32
471,0,0,471,2.0044916399670253e-16,1.1102230246251565e-16,4.017986734697695e-32
472,1,0,472,1.1102230246251565e-16,2.220446049250313e-16,1.232595164407831e-32
473,0,0,473,0.031414634623641365,0.029592453768864102,0.000986879268536887
474,1,0,474,0.0,0.0,0.0
475,2,0,475,0.03141463462364133,0.006940303321808949,0.0009868792685368843
476,1,0,476,0.0314146346236411,0.04725131635603064,0.00098687926853687
477,1,0,477,0.0314146346236412,0.00018236729258758189,0.0009868792685368763
478,2,0,478,0.03141463462364124,0.042127655172896517,0.000986879268536879
479,0,0,479,0.0,0.0,0.0
480,1,0,480,0.03141463462364114,0.05543860231618769,0.0009868792685368728
481,0,0,481,2.4980018054066017e-16,0.0,6.240013019814644e-32
482,0,0,482,1.4056797676537057e-16,1.1102230246251565e-16,1.9759356091909765e-32
483,0,0,483,0.03141463462364114,0.04009387717580948,0.0009868792685368728
484,2,0,484,1.6653345369377346e-16,0.0,2.7733391199176196e-32
485,0,0,485,3.59275717787243e-16,4.440892098500626e-16,1.2907904139153867e-31
486,2,0,486,0.031414634623641254,0.047192153397898506,0.0009868792685368802
487,1,0,487,0.031414634623641406,0.061636557647679724,0.0009868792685368895
488,1,0,488,0.031414634623641156,0.05848767780400538,0.0009868792685368737
489,1,0,489,2.0,2.624044425194371,3.31308482412465e-32
490,2,0,490,0.03141463462364133,0.009733621236619916,0.0009868792685368843
491,0,0,491,0.03141463462364124,0.06199661495540218,0.000986879268536879
492,0,0,492,0.0,0.0,0.0
493,2,0,493,1.4219474557868487e-16,2.220446049250313e-16,2.0219345670186916e-32
494,1,0,494,0.0,0.0,0.0
495,2,0,495,0.031414634623641274,0.06267804172451664,0.000986879268536881
496,2,0,496,0.031414634623641094,0.03430702305808886,0.0009868792685368696
497,1,0,497,0.031414634623641254,0.03457565712172406,0.0009868792685368802
498,0,0,498,2.788413292877502e-16,3.3306690738754696e-16,7.775248691895954e-32
499,2,0,499,1.5700924586837752e-16,1.1102230246251565e-16,2.465190328815662e-32
500,2,0,500,0.0,0.0,0.0
501,1,0,501,0.03141463462364113,0.06099915112052556,0.000986879268536872
502,0,0,502,5.551115123125783e-17,0.0,3.0814879110195774e-33
503,0,0,503,0.031414634623641295,0.06251614464311592,0.0009868792685368822
504,0,0,504,0.031414634623641274,0.05846265939056816,0.0009868792685368813
505,0,0,505,0.03141463462364139,0.019524229786099245,0.0009868792685368889
506,1,0,506,5.551115123125783e-17,0.0,3.0814879110195774e-33
507,0,0,507,0.03141463462364125,0.0009814328500045155,0.0009868792685368795
508,1,0,508,0.031414634623641316,0.01695138494856785,0.0009868792685368839
509,0,0,509,0.0,0.0,0.0
510,1,0,510,0.0,0.0,0.0
511,1,0,511,1.6213750489334986e-16,1.6653345369377348e-16,2.6288570493041047e-32
512,2,0,512,1.7963785889362148e-16,1.1102230246251565e-16,3.2269760347884667e-32
513,1,0,513,2.5404629636302373e-16,1.1102230246251565e-16,6.453952069576932e-32
514,1,0,514,0.03141463462364131,0.06245090351282065,0.0009868792685368837
515,1,0,515,2.220446049250313e-16,0.0,4.930380657631324e-32
516,0,0,516,0.03141463462364138,0.00441042841628525,0.0009868792685368878
517,1,0,517,0.03141463462364133,0.06207610718302947,0.0009868792685368848
518,0,0,518,1.1102230246251565e-16,0.0,1.232595164407831e-32
519,1,0,519,0.031414634623641545,0.009606295975909118,0.0009868792685368982
520,0,0,520,0.03141463462364132,0.04523613661052417,0.000986879268536884
521,2,0,521,1.1102230246251565e-16,0.0,1.232595164407831e-32
522,2,0,522,0.031414634623641295,0.04845966100352861,0.0009868792685368828
523,0,0,523,2.2887833992611187e-16,5.551115123125783e-17,5.238529448733282e-32
524,0,0,524,0.0314146346236413,0.06049320557135279,0.000986879268536883
525,1,0,525,0.03141463462364138,0.04184684660058946,0.0009868792685368876
526,1,0,526,0.0,0.0,0.0
527,2,0,527,0.0,0.0,0.0
528,0,0,528,1.5700924586837754e-16,2.220446049250313e-16,2.465190328815662e-32
529,1,0,529,0.031414634623641254,0.052597560199201476,0.0009868792685368798
530,1,0,530,0.031414634623641295,0.01121447768638717,0.0009868792685368822
531,1,0,531,0.03141463462364136,0.008107297305515848,0.0009868792685368867
532,1,0,532,1.4480057614142124e-16,2.220446049250313e-16,2.0967206850887523e-32
533,0,0,533,2.7097832552455515e-16,1.8735013540549517e-16,7.342925290409178e-32
534,2,0,534,0.0,0.0,0.0
535,0,0,535,0.03141463462364128,0.06253359471632021,0.0009868792685368815
536,2,0,536,1.5700924586837752e-16,1.1102230246251565e-16,2.465190328815662e-32
537,0,0,537,2.054779745639626e-16,2.7755575615628914e-16,4.222119803090844e-32
538,2,0,538,0.0314146346236414,0.04776368427540745,0.0009868792685368887
539,2,0,539,0.0,0.0,0.0
540,2,0,540,0.0,0.0,0.0
541,0,0,541,0.03141463462364118,0.05307502184714363,0.0009868792685368748
542,2,0,542,0.0,0.0,0.0
543,2,0,543,1.7241654669027102e-16,1.1102230246251565e-16,2.9727465572598405e-32
544,1,0,544,0.031414634623641295,0.05928156486009434,0.0009868792685368828
545,2,0,545,0.03141463462364125,0.01790473653696356,0.0009868792685368793
546,2,0,546,0.0314146346236413,0.03972138750486531,0.0009868792685368828
547,1,0,547,0.0,0.0,0.0
548,0,0,548,0.0,0.0,0.0
549,0,0,549,0.03141463462364133,0.04703268366386748,0.0009868792685368848
550,2,0,550,0.03141463462364131,0.037220337333418674,0.0009868792685368832
551,1,0,551,0.0314146346236412,0.022149296604125346,0.0009868792685368763
552,0,0,552,0.0,0.0,0.0
553,0,0,553,1.7772239894833365e-16,2.220446049250313e-16,3.158525108795067e-32
554,2,0,554,0.03141463462364156,0.017274692150240134,0.0009868792685368988
555,1,0,555,0.031414634623641205,0.0002903753003141718,0.0009868792685368767
556,2,0,556,0.03141463462364129,0.024193026914510418,0.000986879268536882
557,0,0,557,0.0,0.0,0.0
558,2,0,558,0.0,0.0,0.0
559,1,0,559,0.0,0.0,0.0
560,2,0,560,5.551115123125783e-17,0.0,3.0814879110195774e-33
561,1,0,561,1.5020141057651094e-16,1.1102230246251565e-16,2.2560463739173608e-32
562,1,0,562,1.5700924586837752e-16,1.1102230246251565e-16,2.465190328815662e-32
563,1,0,563,8.326672684688673e-17,0.0,6.933347799794049e-33
564,2,0,564,1.7963785889362148e-16,1.1102230246251565e-16,3.2269760347884667e-32
565,2,0,565,0.031414634623641316,0.029115945909108154,0.000986879268536884
566,1,0,566,0.03141463462364119,0.032143324193066314,0.0009868792685368756
567,1,0,567,0.03141463462364121,0.030204021563100203,0.0009868792685368772
568,1,0,568,0.0,0.0,0.0
569,1,0,569,0.031414634623641455,0.06168454791329889,0.0009868792685368921
570,0,0,570,0.0,0.0,0.0
571,0,0,571,0.03141463462364119,0.03662152217797454,0.000986879268536876
572,2,0,572,1.1102230246251565e-16,0.0,1.232595164407831e-32
573,2,0,573,0.0,0.0,0.0
574,1,0,574,0.03141463462364113,0.055686176494515904,0.000986879268536872
575,2,0,575,0.03141463462364129,0.053718882826153,0.0009868792685368824
576,1,0,576,0.03141463462364125,0.05996440620535026,0.0009868792685368798
577,0,0,577,0.0,0.0,0.0
578,0,0,578,0.0,0.0,0.0
579,0,0,579,0.03141463462364139,0.04106226665025792,0.0009868792685368882
580,1,0,580,1.6140069576307328e-16,1.942890293094024e-16,2.6050184592804135e-32
581,2,0,581,0.0,0.0,0.0
582,0,0,582,0.031414634623641344,0.0067505632757446365,0.0009868792685368854
583,0,0,583,1.1102230246251565e-16,1.6653345369377348e-16,1.232595164407831e-32
584,1,0,584,1.3713373918533702e-16,2.220446049250313e-16,1.880566242295204e-32
585,1,0,585,5.551115123125783e-17,0.0,3.0814879110195774e-33
586,1,0,586,0.0,0.0,0.0
587,1,0,587,2.5565945335559395e-16,2.220446049250313e-16,6.536175609008109e-32
588,1,0,588,1.1102230246251565e-16,0.0,1.232595164407831e-32
589,2,0,589,1.1102230246251565e-16,1.1102230246251565e-16,1.232595164407831e-32
590,0,0,590,8.326672684688674e-17,1.249000902703301e-16,6.933347799794049e-33
591,1,0,591,0.03141463462364126,0.02812848109161936,0.0009868792685368806
592,1,0,592,0.03141463462364125,0.051526703761838766,0.0009868792685368795
593,2,0,593,0.03141463462364122,0.012652137160872323,0.0009868792685368778
594,2,0,594,0.03141463462364117,0.061352030806208074,0.0009868792685368748
595,2,0,595,0.031414634623641274,0.058998542389036346,0.000986879268536881
596,1,0,596,0.0,0.0,0.0
597,2,0,597,1.1102230246251565e-16,2.220446049250313e-16,1.232595164407831e-32
598,2,0,598,0.03141463462364129,0.06272360455312159,0.0009868792685368822
599,1,0,599,2.4179105920403396e-16,1.1102230246251565e-16,5.846291631100867e-32
600,1,0,600,0.0,0.0,0.0
601,0,0,601,2.7561582449100317e-16,3.3306690738754696e-16,7.596408270985542e-32
602,1,0,602,2.8113595353074115e-16,2.220446049250313e-16,7.903742436763906e-32
603,1,0,603,0.03141463462364131,0.0459649988558829,0.0009868792685368832
604,2,0,604,2.8438949115736975e-16,1.1102230246251565e-16,8.087738268074766e-32
605,0,0,605,0.03141463462364137,0.04161787199588829,0.0009868792685368874
606,0,0,606,1.1102230246251565e-16,2.220446049250313e-16,1.232595164407831e-32
607,1,0,607,0.03141463462364119,0.015333150118585381,0.0009868792685368756
608,1,0,608,1.1443916996305594e-16,1.1102230246251565e-16,1.3096323621833204e-32
609,1,0,609,0.03141463462364125,0.057939674556505616,0.0009868792685368795
610,1,0,610,0.03141463462364125,0.048787802719508444,0.0009868792685368793
611,2,0,611,0.0,0.0,0.0
612,1,0,612,0.03141463462364116,0.027481675211811107,0.0009868792685368743
613,2,0,613,0.03141463462364121,0.06151091489378449,0.0009868792685368774
614,1,0,614,0.03141463462364148,0.06182922435442248,0.0009868792685368945
615,0,0,615,2.3089392919278834e-16,5.551115123125783e-17,5.331200653808435e-32
616,2,0,616,0.03141463462364118,0.0027749935314873575,0.0009868792685368748
617,0,0,617,0.0314146346236413,0.06044971199140259,0.0009868792685368828
618,2,0,618,0.0,0.0,0.0
619,0,0,619,0.03141463462364123,0.06251407506483003,0.0009868792685368785
620,1,0,620,1.3877787807814457e-16,1.8041124150158794e-16,1.9259299443872359e-32
621,2,0,621,3.1401849173675503e-16,2.220446049250313e-16,9.860761315262648e-32
622,2,0,622,2.680315483308932e-16,2.220446049250313e-16,7.184091090065592e-32
623,0,0,623,0.0,0.0,0.0
624,1,0,624,0.03141463462364127,0.03539630506860203,0.0009868792685368806
625,0,0,625,0.0,0.0,0.0
626,2,0,626,1.6213750489334986e-16,1.6653345369377348e-16,2.628857049304104e-32
627,0,0,627,2.220446049250313e-16,3.3306690738754696e-16,4.930380657631324e-32
628,0,0,628,2.332335501795915e-16,2.7755575615628914e-16,5.439788892937602e-32
629,0,0,629,1.1102230246251565e-16,2.220446049250313e-16,1.232595164407831e-32
630,1,0,630,1.9770589680994268e-16,1.6653345369377348e-16,3.9087621633423706e-32
631,1,0,631,3.3306690738754696e-16,3.3306690738754696e-16,1.109335647967048e-31
632,0,0,632,0.03141463462364133,0.0566025674053664,0.0009868792685368845
633,2,0,633,2.0263133059655238e-16,1.1102230246251565e-16,4.105945613932931e-32
634,0,0,634,0.03141463462364126,0.01410505179587096,0.0009868792685368802
635,2,0,635,0.0,0.0,0.0
636,0,0,636,2.0122792321330962e-16,0.0,4.0492677080741634e-32
637,2,0,637,1.6653345369377348e-16,1.6653345369377348e-16,2.77333911991762e-32
638,1,0,638,4.0659449808892795e-16,6.661338147750939e-16,1.653190858761872e-31
639,2,0,639,0.0,0.0,0.0
640,1,0,640,0.0,0.0,0.0
641,2,0,641,0.03141463462364135,0.062333460820570175,0.0009868792685368863
642,1,0,642,1.5700924586837752e-16,1.1102230246251565e-16,2.465190328815662e-32
643,0,0,643,0.03141463462364123,0.06281364097580655,0.0009868792685368782
644,2,0,644,0.031414634623641254,0.0624861139967699,0.00098687926853688
645,1,0,645,0.031414634623641385,0.06059177923265108,0.0009868792685368878
646,2,0,646,0.0,0.0,0.0
647,2,0,647,0.0,0.0,0.0
648,1,0,648,0.031414634623641205,0.01854800676859336,0.0009868792685368767
649,2,0,649,1.6213750489334986e-16,1.1102230246251565e-16,2.6288570493041047e-32
650,2,0,650,2.0,3.999509529940682,8.391933642174321e-32
651,1,0,651,0.03141463462364146,0.051818556619041556,0.0009868792685368932
652,2,0,652,1.3401577416544657e-16,1.1102230246251565e-16,1.796022772516398e-32
653,2,0,653,0.03141463462364133,0.002041435247728818,0.0009868792685368848
654,0,0,654,0.03141463462364151,0.058233203307453574,0.000986879268536896
655,2,0,655,0.0,0.0,0.0
656,1,0,656,0.03141463462364134,0.009251943994094458,0.000986879268536885
657,2,0,657,0.0314146346236413,0.04053884588590917,0.0009868792685368824
658,1,0,658,0.0,0.0,0.0
659,0,0,659,0.0,0.0,0.0
660,1,0,660,1.7963785889362148e-16,2.220446049250313e-16,3.226976034788466e-32
661,0,0,661,1.7963785889362148e-16,1.1102230246251565e-16,3.2269760347884667e-32
662,1,0,662,0.0,0.0,0.0
663,1,0,663,0.03141463462364142,0.02078089543514705,0.00098687926853689
664,2,0,664,0.031414634623641226,0.030370334801467447,0.000986879268536878
665,2,0,665,2.220446049250313e-16,2.220446049250313e-16,4.930380657631324e-32
666,1,0,666,0.0,0.0,0.0
667,0,0,667,0.03141463462364136,0.038491175934607935,0.0009868792685368865
668,2,0,668,4.163336342344337e-17,0.0,1.7333369499485123e-33
669,2,0,669,0.03141463462364138,0.027878371621595677,0.0009868792685368878
670,2,0,670,1.1102230246251565e-16,1.1102230246251565e-16,1.232595164407831e-32
671,1,0,671,0.0,0.0,0.0
672,0,0,672,2.0497950023830331e-16,2.7755575615628914e-16,4.2016595517944563e-32
673,0,0,673,1.2412670766236366e-16,5.551115123125783e-17,1.5407439555097887e-32
674,1,0,674,0.03141463462364131,0.011107700045560831,0.0009868792685368832
675,0,0,675,0.0,0.0,0.0
676,1,0,676,1.4219474557868485e-16,2.220446049250313e-16,2.0219345670186913e-32
677,1,0,677,5.551115123125783e-17,0.0,3.0814879110195774e-33
678,1,0,678,1.3092278833360675e-16,6.938893903907228e-17,1.71407765050464e-32
679,1,0,679,0.03141463462364123,0.06271665370968163,0.000986879268536879
680,2,0,680,4.14866140961711e-16,4.440892098500626e-16,1.721139149164623e-31
681,0,0,681,2.9898311250827664e-16,2.220446049250313e-16,8.939090156513682e-32
682,0,0,682,0.031414634623641274,0.00770483012591594,0.000986879268536881
683,1,0,683,1.5700924586837754e-16,2.220446049250313e-16,2.465190328815662e-32
684,2,0,684,1.5700924586837752e-16,1.1102230246251565e-16,2.465190328815662e-32
685,1,0,685,1.5700924586837752e-16,1.1102230246251565e-16,2.465190328815662e-32
686,0,0,686,0.03141463462364141,0.0526923919662714,0.0009868792685368902
687,2,0,687,0.03141463462364145,0.02632799126104457,0.0009868792685368921
688,0,0,688,0.03141463462364132,0.04200743064279577,0.0009868792685368843
689,1,0,689,0.03141463462364138,0.02974127540690219,0.0009868792685368878
690,2,0,690,0.031414634623641344,0.06273922471924101,0.0009868792685368852
691,0,0,691,0.031414634623641434,0.03423102277024215,0.0009868792685368913
692,1,0,692,0.03141463462364126,0.040297990518187166,0.0009868792685368804
693,2,0,693,1.1102230246251565e-16,1.1102230246251565e-16,1.232595164407831e-32
694,0,0,694,0.031414634623641434,0.022930819906318067,0.0009868792685368915
695,0,0,695,0.03141463462364128,0.03504050716299878,0.0009868792685368817
696,0,0,696,0.03141463462364117,0.05805820892513425,0.0009868792685368746
697,2,0,697,0.0,0.0,0.0
698,2,0,698,0.03141463462364124,0.014654440862197915,0.000986879268536879
699,2,0,699,2.263254722458512e-16,2.220446049250313e-16,5.122321938730756e-32
700,2,0,700,1.785787739963568e-16,1.6653345369377348e-16,3.189037852204187e-32
701,1,0,701,0.03141463462364123,0.03480587145770575,0.0009868792685368787
702,0,0,702,0.0,0.0,0.0
703,1,0,703,0.03141463462364114,0.055734228662848107,0.000986879268536873
704,2,0,704,1.5700924586837754e-16,2.220446049250313e-16,2.465190328815662e-32
705,0,0,705,0.0,0.0,0.0
706,2,0,706,1.9997532649633216,2.765440729307481,0.0009868792685368884
707,2,0,707,1.0408340855860843e-16,1.457167719820518e-16,1.0833355937178202e-32
708,1,0,708,0.031414634623641205,0.02755760762513426,0.0009868792685368765
709,1,0,709,1.4480057614142124e-16,2.220446049250313e-16,2.096720685088753e-32
710,2,0,710,1.1102230246251565e-16,0.0,1.232595164407831e-32
711,1,0,711,0.03141463462364144,0.05773034372138469,0.0009868792685368917
712,0,0,712,0.0,0.0,0.0
713,0,0,713,0.0314146346236413,0.030182967705282726,0.0009868792685368828
714,2,0,714,1.8098848224002284e-16,2.498001805406602e-16,3.2756830703547057e-32
715,2,0,715,1.4219474557868485e-16,5.551115123125783e-17,2.0219345670186913e-32
716,1,0,716,0.031414634623641316,0.04175784184941023,0.0009868792685368837
717,0,0,717,0.031414634623641316,0.04546209782034383,0.0009868792685368837
718,0,0,718,1.1102230246251565e-16,0.0,1.232595164407831e-32
719,1,0,719,0.031414634623641274,0.062233286824548456,0.0009868792685368813
720,1,0,720,0.03141463462364136,0.04259905605909975,0.0009868792685368863
721,1,0,721,0.031414634623641274,0.03525140579232933,0.000986879268536881
722,1,0,722,0.03141463462364116,0.06117994826947204,0.0009868792685368743
723,1,0,723,0.03141463462364149,0.05076056497076642,0.0009868792685368945
724,1,0,724,2.5565945335559395e-16,3.3306690738754696e-16,6.536175609008109e-32
725,1,0,725,1.1102230246251565e-16,0.0,1.232595164407831e-32
726,0,0,726,0.03141463462364127,0.027502506416722028,0.0009868792685368809
727,1,0,727,0.0314146346236413,0.02347174905661309,0.0009868792685368828
728,2,0,728,5.551115123125783e-17,0.0,3.0814879110195774e-33
729,1,0,729,0.03141463462364123,0.0568302528026951,0.0009868792685368785
730,0,0,730,2.5565945335559395e-16,2.220446049250313e-16,6.536175609008109e-32
731,0,0,731,2.4949465934029543e-16,1.3877787807814457e-16,6.22475850393301e-32
732,1,0,732,0.031414634623641274,0.006529796419899814,0.0009868792685368817
733,2,0,733,2.220446049250313e-16,2.220446049250313e-16,4.930380657631324e-32
734,0,0,734,0.0314146346236412,0.002323662064728227,0.0009868792685368765
735,1,0,735,0.0,0.0,0.0
736,2,0,736,1.7963785889362148e-16,1.1102230246251565e-16,3.226976034788466e-32
737,0,0,737,0.03141463462364123,0.04300169784561625,0.0009868792685368787
738,1,0,738,1.1102230246251565e-16,0.0,1.232595164407831e-32
739,0,0,739,1.5700924586837752e-16,1.1102230246251565e-16,2.465190328815662e-32
740,0,0,740,0.03141463462364122,0.06277880673959137,0.0009868792685368774
741,1,0,741,0.0,0.0,0.0
742,0,0,742,0.031414634623641316,0.05962748811880264,0.0009868792685368835
743,2,0,743,2.645419681687543e-16,2.220446049250313e-16,6.998245292259822e-32
744,0,0,744,0.031414634623641344,0.011914541234711584,0.0009868792685368854
745,1,0,745,0.0,0.0,0.0
746,1,0,746,0.0,0.0,0.0
747,0,0,747,0.03141463462364117,0.042803110035262826,0.0009868792685368743
748,1,0,748,0.03141463462364118,0.06138453272619643,0.000986879268536875
749,2,0,749,0.03141463462364151,0.060963669783263286,0.000986879268536896
750,2,0,750,0.0,0.0,0.0
751,0,0,751,0.03141463462364121,0.01000045920563486,0.0009868792685368772
752,0,0,752,1.6213750489334986e-16,1.6653345369377348e-16,2.628857049304104e-32
753,2,0,753,0.031414634623641295,0.039520645947177746,0.0009868792685368824
754,1,0,754,1.898312045798116e-16,2.220446049250313e-16,3.6035886232222277e-32
755,2,0,755,0.03141463462364123,0.06205036455242663,0.0009868792685368785
756,2,0,756,0.03141463462364129,0.035587382681067314,0.0009868792685368826
757,1,0,757,0.0,0.0,0.0
758,2,0,758,0.0,0.0,0.0
759,2,0,759,0.0,0.0,0.0
760,0,0,760,0.03141463462364151,0.03107339787445662,0.0009868792685368956
761,2,0,761,0.0,0.0,0.0
762,0,0,762,0.03141463462364129,0.05614910777282156,0.000986879268536882
763,2,0,763,0.031414634623641455,0.028945492040098664,0.000986879268536893
764,0,0,764,0.031414634623641156,0.054987162089732644,0.0009868792685368735
765,1,0,765,0.03141463462364115,0.052897327301442476,0.0009868792685368735
766,1,0,766,0.0,0.0,0.0
767,2,0,767,0.03141463462364116,0.016067059867891254,0.0009868792685368746
768,1,0,768,0.03141463462364137,0.05798382719743522,0.0009868792685368871
769,0,0,769,1.7963785889362148e-16,1.1102230246251565e-16,3.2269760347884667e-32
770,2,0,770,0.0314146346236412,0.048992531896699054,0.0009868792685368763
771,1,0,771,0.03141463462364146,0.0454334295956339,0.0009868792685368928
772,2,0,772,0.03141463462364146,0.06068767707606812,0.0009868792685368926
773,2,0,773,0.03141463462364116,0.036797472626213246,0.0009868792685368741
774,1,0,774,0.031414634623641226,0.05714913742734601,0.000986879268536878
775,0,0,775,0.03141463462364124,0.04746490686093763,0.000986879268536879
776,2,0,776,1.1102230246251565e-16,0.0,1.232595164407831e-32
777,0,0,777,0.03141463462364135,0.03267574380178595,0.0009868792685368863
778,1,0,778,1.1102230246251565e-16,1.1102230246251565e-16,1.232595164407831e-32
779,0,0,779,0.031414634623641434,0.06268027331495143,0.0009868792685368913
780,2,0,780,0.0314146346236413,0.04155306063273845,0.000986879268536883
781,1,0,781,0.03141463462364154,0.02962311225375347,0.000986879268536898
782,0,0,782,0.03141463462364135,0.058425040438173204,0.0009868792685368858
783,0,0,783,0.031414634623641274,0.05296268685331429,0.0009868792685368813
784,0,0,784,2.220446049250313e-16,2.220446049250313e-16,4.930380657631324e-32
785,2,0,785,0.03141463462364114,0.061691216536389204,0.0009868792685368728
786,1,0,786,0.03141463462364115,0.062159904415543754,0.0009868792685368733
787,1,0,787,0.031414634623641316,0.0627482484460311,0.0009868792685368839
788,2,0,788,2.0014830212433607e-16,1.1102230246251565e-16,4.00593428432545e-32
789,0,0,789,1.7963785889362148e-16,1.1102230246251565e-16,3.2269760347884667e-32
790,2,0,790,0.03141463462364108,0.062374204506604344,0.0009868792685368685
791,2,0,791,0.0,0.0,0.0
792,0,0,792,1.1102230246251565e-16,1.1102230246251565e-16,1.232595164407831e-32
793,0,0,793,0.031414634623641226,0.027306119412148555,0.0009868792685368785
794,0,0,794,0.031414634623641274,0.03922194883170038,0.000986879268536881
795,2,0,795,0.03141463462364131,0.05223920245693614,0.0009868792685368835
796,0,0,796,1.3401577416544657e-16,1.1102230246251565e-16,1.796022772516398e-32
797,2,0,797,0.03141463462364122,0.06211032581946874,0.0009868792685368776
798,1,0,798,0.031414634623641136,0.011686516904138022,0.0009868792685368722
799,2,0,799,2.2825904409030494e-16,1.1102230246251565e-16,5.210219120901976e-32
800,2,0,800,0.031414634623641226,0.028233319915964894,0.000986879268536878
801,2,0,801,0.031414634623641545,0.03256406354967656,0.000986879268536898
802,0,0,802,0.0,0.0,0.0
803,0,0,803,0.0,0.0,0.0
804,0,0,804,1.2412670766236366e-16,5.551115123125783e-17,1.5407439555097887e-32
805,1,0,805,0.03141463462364126,0.01602170059035979,0.0009868792685368802
806,0,0,806,1.2412670766236366e-16,1.1102230246251565e-16,1.5407439555097887e-32
807,0,0,807,0.031414634623641455,0.019778528959643382,0.0009868792685368923
808,2,0,808,1.665334536937735e-16,2.220446049250313e-16,2.7733391199176196e-32
809,1,0,809,2.3105282466009286e-16,3.3306690738754696e-16,5.338540778340762e-32
810,1,0,810,0.031414634623641455,0.011720917704543976,0.0009868792685368921
811,0,0,811,0.0,0.0,0.0
812,0,0,812,1.1102230246251565e-16,1.1102230246251565e-16,1.232595164407831e-32
813,1,0,813,2.482534153247273e-16,1.1102230246251565e-16,6.162975822039156e-32
814,2,0,814,0.0,0.0,0.0
815,1,0,815,0.03141463462364118,0.010970990445702489,0.0009868792685368748
816,1,0,816,1.460807844556948e-16,1.1102230246251565e-16,2.133959558719116e-32
817,0,0,817,0.031414634623641566,0.0530079675637819,0.0009868792685368995
818,2,0,818,2.220446049250313e-16,4.440892098500626e-16,4.930380657631324e-32
819,1,0,819,2.556594533555939e-16,3.3306690738754696e-16,6.536175609008108e-32
820,0,0,820,0.031414634623641316,0.06282920704703966,0.000986879268536884
821,1,0,821,0.0,0.0,0.0
822,1,0,822,1.796378588936215e-16,2.220446049250313e-16,3.2269760347884667e-32
823,2,0,823,1.5700924586837754e-16,2.220446049250313e-16,2.465190328815662e-32
824,1,0,824,1.5700924586837752e-16,1.1102230246251565e-16,2.465190328815662e-32
825,1,0,825,0.031414634623641295,0.040742150843532166,0.0009868792685368824
826,1,0,826,0.03141463462364111,0.042494822379282926,0.0009868792685368707
827,2,0,827,0.03141463462364138,0.0312807345715973,0.0009868792685368876
828,0,0,828,0.031414634623641316,0.061816674520613235,0.0009868792685368837
829,2,0,829,0.0,0.0,0.0
830,2,0,830,0.03141463462364135,0.06256857376885203,0.0009868792685368858
831,1,0,831,0.03141463462364125,0.06175139520052139,0.0009868792685368791
832,0,0,832,0.03141463462364138,0.03508227635604966,0.0009868792685368878
833,0,0,833,1.6020523443013207e-16,8.326672684688674e-17,2.566571713881357e-32
834,0,0,834,1.6401920938799885e-16,1.457167719820518e-16,2.6902301048264204e-32
835,2,0,835,0.0,0.0,0.0
836,0,0,836,0.0,0.0,0.0
837,0,0,837,0.0,0.0,0.0
838,2,0,838,1.7963785889362148e-16,2.220446049250313e-16,3.226976034788466e-32
839,1,0,839,1.1102230246251565e-16,1.1102230246251565e-16,1.232595164407831e-32
840,2,0,840,0.03141463462364122,0.016160428117970693,0.0009868792685368776
841,0,0,841,0.03141463462364149,0.027655240777244683,0.0009868792685368947
842,0,0,842,1.1102230246251565e-16,2.220446049250313e-16,1.232595164407831e-32
843,0,0,843,0.03141463462364113,0.013688360065571059,0.0009868792685368717
844,0,0,844,0.03141463462364123,0.016062294724551673,0.0009868792685368787
845,2,0,845,0.031414634623641226,0.01675778628804514,0.0009868792685368778
846,1,0,846,0.0,0.0,0.0
847,2,0,847,1.1102230246251565e-16,1.1102230246251565e-16,1.232595164407831e-32
848,1,0,848,0.03141463462364117,0.04840867421228301,0.0009868792685368748
849,2,0,849,2.482534153247273e-16,2.220446049250313e-16,6.162975822039155e-32
850,1,0,850,0.03141463462364129,0.06142770734012343,0.0009868792685368822
851,1,0,851,0.03141463462364122,0.06270199168122503,0.0009868792685368772
852,2,0,852,2.3039168501792004e-16,3.0531133177191805e-16,5.308032852539647e-32
853,0,0,853,0.031414634623641406,0.058366871807631615,0.0009868792685368893
854,0,0,854,1.3304738948097376e-16,1.1102230246251565e-16,1.770160784770192e-32
855,2,0,855,0.0,0.0,0.0
856,2,0,856,0.03141463462364125,0.06260487753839049,0.0009868792685368795
857,1,0,857,3.471455121327502e-16,1.5265566588595902e-16,1.2051000659390948e-31
858,0,0,858,0.03141463462364128,0.02425725375974408,0.0009868792685368817
859,2,0,859,0.03141463462364142,0.013066829244204214,0.0009868792685368902
860,2,0,860,1.1102230246251565e-16,0.0,1.232595164407831e-32
861,0,0,861,1.1102230246251565e-16,1.1102230246251565e-16,1.232595164407831e-32
862,1,0,862,0.03141463462364138,0.02981502128931046,0.0009868792685368871
863,0,0,863,0.0,0.0,0.0
864,1,0,864,0.03141463462364113,0.013597885049694503,0.000986879268536872
865,2,0,865,1.3877787807814457e-16,1.1102230246251565e-16,1.9259299443872359e-32
866,1,0,866,1.7963785889362148e-16,1.1102230246251565e-16,3.2269760347884667e-32
867,0,0,867,1.7963785889362148e-16,1.1102230246251565e-16,3.2269760347884667e-32
868,2,0,868,0.03141463462364139,0.014966238113620078,0.0009868792685368887
869,2,0,869,0.0,0.0,0.0
870,0,0,870,0.0314146346236414,0.061932872991054794,0.000986879268536889
871,0,0,871,2.848301413652113e-16,4.163336342344337e-16,8.112820943012628e-32
872,0,0,872,0.031414634623641365,0.06040082390911711,0.000986879268536887
873,0,0,873,2.862642125557135e-16,3.3306690738754696e-16,8.19471993901427e-32
874,2,0,874,3.2427500978669973e-16,3.3306690738754696e-16,1.0515428197216417e-31
875,2,0,875,0.0314146346236412,0.062329486638457096,0.0009868792685368765
876,2,0,876,0.031414634623641406,0.060688837640169774,0.0009868792685368893
877,2,0,877,0.031414634623641365,0.020629584894262587,0.0009868792685368871
878,2,0,878,0.03141463462364135,0.007232647939223291,0.0009868792685368858
879,0,0,879,0.0,0.0,0.0
880,1,0,880,0.0,0.0,0.0
881,1,0,881,5.551115123125783e-17,0.0,3.0814879110195774e-33
882,1,0,882,1.1102230246251565e-16,1.1102230246251565e-16,1.232595164407831e-32
883,2,0,883,1.2412670766236366e-16,5.551115123125783e-17,1.540743955509789e-32
884,2,0,884,0.0,0.0,0.0
885,0,0,885,0.0,0.0,0.0
886,2,0,886,0.0,0.0,0.0
887,0,0,887,0.0,0.0,0.0
888,1,0,888,0.0,0.0,0.0
889,0,0,889,1.6653345369377346e-16,1.1102230246251565e-16,2.773339119917619e-32
890,0,0,890,0.0,0.0,0.0
891,0,0,891,0.03141463462364127,0.02168534508784825,0.0009868792685368806
892,0,0,892,2.220446049250313e-16,2.220446049250313e-16,4.930380657631324e-32
893,2,0,893,5.551115123125783e-17,1.1102230246251565e-16,3.0814879110195774e-33
894,0,0,894,1.3401577416544657e-16,1.1102230246251565e-16,1.796022772516398e-32
895,1,0,895,0.0,0.0,0.0
896,0,0,896,0.03141463462364148,0.01899656169251851,0.0009868792685368943
897,1,0,897,0.03141463462364124,0.03301139183036461,0.0009868792685368785
898,0,0,898,0.0314146346236413,0.04120153779213742,0.0009868792685368828
899,1,0,899,0.03141463462364129,0.05793162927520862,0.0009868792685368822
900,2,0,900,1.796378588936215e-16,2.220446049250313e-16,3.2269760347884667e-32
901,1,0,901,2.0547797456396257e-16,2.220446049250313e-16,4.222119803090845e-32
902,0,0,902,1.1102230246251565e-16,1.1102230246251565e-16,1.232595164407831e-32
903,0,0,903,0.0,0.0,0.0
904,1,0,904,0.0,0.0,0.0
905,2,0,905,0.03141463462364141,0.03179307834278433,0.00098687926853689
906,2,0,906,0.0,0.0,0.0
907,0,0,907,0.0,0.0,0.0
908,2,0,908,1.1102230246251565e-16,1.3877787807814457e-16,1.232595164407831e-32
909,0,0,909,0.03141463462364124,0.026506491479076577,0.000986879268536879
910,1,0,910,0.03141463462364119,0.0625776810264965,0.000986879268536876
911,1,0,911,0.031414634623641274,0.061691123075807874,0.0009868792685368813
912,0,0,912,1.1102230246251565e-16,2.220446049250313e-16,1.232595164407831e-32
913,1,0,913,0.03141463462364126,0.028363551403693843,0.0009868792685368802
914,2,0,914,5.551115123125783e-17,0.0,3.0814879110195774e-33
915,1,0,915,0.03141463462364137,0.016692180420234126,0.0009868792685368871
916,0,0,916,0.03141463462364125,0.0593796837448477,0.0009868792685368793
917,0,0,917,0.031414634623641205,0.024137002360937188,0.0009868792685368767
918,2,0,918,0.03141463462364123,0.06259569971717527,0.0009868792685368782
919,1,0,919,0.03141463462364113,0.04140261394546263,0.000986879268536872
920,2,0,920,1.4219474557868487e-16,5.551115123125783e-17,2.0219345670186916e-32
921,1,0,921,1.1102230246251565e-16,1.6653345369377348e-16,1.232595164407831e-32
922,2,0,922,0.031414634623641274,0.06183703915592781,0.0009868792685368813
923,2,0,923,0.03141463462364133,0.0288290933976888,0.0009868792685368848
924,1,0,924,1.5700924586837752e-16,1.1102230246251565e-16,2.465190328815662e-32
925,0,0,925,0.031414634623641295,0.04202525139018409,0.0009868792685368822
926,1,0,926,0.03141463462364124,0.02741612685191719,0.0009868792685368793
927,2,0,927,0.03141463462364122,0.00866404200462012,0.0009868792685368778
928,0,0,928,0.03141463462364137,0.016587483994944807,0.0009868792685368874
929,1,0,929,0.0,0.0,0.0
930,2,0,930,0.031414634623641365,0.043366241663883365,0.0009868792685368867
931,2,0,931,2.1153170283822722e-16,1.1102230246251565e-16,4.4745661305640066e-32
932,0,0,932,0.03141463462364134,0.014626657315850111,0.0009868792685368852
933,0,0,933,0.031414634623641476,0.056096485156669984,0.0009868792685368939
934,0,0,934,0.0,0.0,0.0
935,1,0,935,0.03141463462364138,0.028778545692635382,0.0009868792685368874
936,0,0,936,0.031414634623641184,0.043153139187686596,0.000986879268536875
937,1,0,937,1.9997532649633212,0.8782531173012866,0.0009868792685368917
938,0,0,938,0.0,0.0,0.0
939,0,0,939,2.5404629636302383e-16,3.3306690738754696e-16,6.453952069576932e-32
940,2,0,940,1.3401577416544657e-16,1.1102230246251565e-16,1.796022772516398e-32
941,0,0,941,0.031414634623641274,0.004120946590109753,0.000986879268536881
942,1,0,942,0.03141463462364116,0.048242073840666144,0.0009868792685368743
943,1,0,943,1.3877787807814457e-16,0.0,1.9259299443872359e-32
944,1,0,944,0.0,0.0,0.0
945,0,0,945,0.03141463462364117,0.017073168459848298,0.0009868792685368746
946,0,0,946,0.031414634623641455,0.0482637168922494,0.0009868792685368923
947,1,0,947,1.1102230246251565e-16,2.220446049250313e-16,1.232595164407831e-32
948,1,0,948,2.220446049250313e-16,2.220446049250313e-16,4.930380657631324e-32
949,1,0,949,0.031414634623641365,0.05199870433462994,0.0009868792685368867
950,1,0,950,0.0314146346236414,0.04151161019434124,0.000986879268536889
951,1,0,951,1.3877787807814457e-16,1.942890293094024e-16,1.9259299443872359e-32
952,0,0,952,0.0,0.0,0.0
953,0,0,953,0.0,0.0,0.0
954,2,0,954,0.031414634623641254,0.06238455972712846,0.00098687926853688
955,0,0,955,0.03141463462364143,0.04835488771338059,0.0009868792685368906
956,1,0,956,0.03141463462364148,0.02992806361554967,0.0009868792685368939
957,1,0,957,0.03141463462364149,0.0624415658626193,0.0009868792685368947
958,2,0,958,1.1757450506243963e-16,5.551115123125783e-17,1.3823764240677645e-32
959,2,0,959,0.0,0.0,0.0
960,0,0,960,0.0314146346236413,0.062498997325720035,0.0009868792685368826
961,2,0,961,0.03141463462364121,0.05760513634273268,0.0009868792685368772
962,0,0,962,0.0,0.0,0.0
963,0,0,963,0.0,0.0,0.0
964,0,0,964,1.5366509630058266e-16,1.1102230246251565e-16,2.361296182106734e-32
965,1,0,965,1.3877787807814457e-16,8.326672684688674e-17,1.9259299443872359e-32
966,1,0,966,0.0,0.0,0.0
967,0,0,967,2.906601613561372e-16,3.3306690738754696e-16,8.448332939957566e-32
968,0,0,968,0.03141463462364118,0.057479359292889276,0.000986879268536875
969,2,0,969,0.03141463462364122,0.013691687370623207,0.0009868792685368774
970,2,0,970,0.03141463462364125,0.05108483021804988,0.0009868792685368795
971,2,0,971,0.03141463462364119,0.0031019667651824845,0.0009868792685368759
972,2,0,972,0.031414634623641184,0.03022355752992556,0.0009868792685368756
973,0,0,973,0.031414634623641205,0.014061917465721385,0.0009868792685368763
974,0,0,974,0.03141463462364122,0.008335287452123308,0.0009868792685368778
975,1,0,975,1.1102230246251565e-16,0.0,1.232595164407831e-32
976,0,0,976,0.03141463462364136,0.0317770501239214,0.000986879268536886
977,2,0,977,0.0,0.0,0.0
978,0,0,978,0.0,0.0,0.0
979,1,0,979,0.03141463462364121,0.06200494545800245,0.0009868792685368774
980,0,0,980,0.0,0.0,0.0
981,1,0,981,0.031414634623641205,0.05802931977317333,0.000986879268536877
982,0,0,982,1.1102230246251565e-16,0.0,1.232595164407831e-32
983,1,0,983,0.03141463462364148,0.05289210494270968,0.0009868792685368943
984,1,0,984,0.03141463462364127,0.006742633876179682,0.0009868792685368804
985,1,0,985,1.1882519618670247e-16,2.7755575615628914e-17,1.4119427248808333e-32
986,0,0,986,0.0314146346236413,0.0042628971195389775,0.0009868792685368835
987,1,0,987,0.03141463462364121,0.054733645852478696,0.0009868792685368772
988,2,0,988,0.03141463462364137,0.04283593742602232,0.0009868792685368871
989,1,0,989,0.031414634623641344,0.047538120623559,0.0009868792685368852
990,2,0,990,0.03141463462364126,0.04096889658595493,0.0009868792685368806
991,1,0,991,1.7963785889362148e-16,2.220446049250313e-16,3.226976034788466e-32
992,0,0,992,0.031414634623641295,0.005852489959889184,0.0009868792685368826
993,1,0,993,0.031414634623641385,0.017648797966817842,0.000986879268536888
994,1,0,994,0.03141463462364136,0.05059078263374395,0.0009868792685368863
995,1,0,995,0.031414634623641365,0.04335998604311786,0.000986879268536887
996,1,0,996,0.031414634623641226,0.03625309133360921,0.0009868792685368782
997,0,0,997,0.03141463462364131,0.0015709673670326607,0.0009868792685368839
998,0,0,998,0.031414634623641066,0.054125435612002115,0.000986879268536868
999,0,0,999,0.0,0.0,0.0
1000,1,0,1000,0.0,0.0,0.0
1001,2,0,1001,0.03141463462364114,0.061571526358511625,0.0009868792685368728
1002,2,0,1002,0.031414634623641406,0.0352346203152889,0.0009868792685368895
1003,2,0,1003,5.551115123125783e-17,5.551115123125783e-17,3.0814879110195774e-33
1004,1,0,1004,2.220446049250313e-16,4.440892098500626e-16,4.930380657631324e-32
1005,1,0,1005,0.031414634623641156,0.03366853984108131,0.0009868792685368735
1006,2,0,1006,0.0,0.0,0.0
1007,1,0,1007,0.03141463462364145,0.03959301196100029,0.000986879268536892
1008,2,0,1008,0.03141463462364132,0.04813491162895933,0.000986879268536884
1009,0,0,1009,0.03141463462364118,0.044245237721874164,0.000986879268536875
1010,1,0,1010,1.7963785889362148e-16,2.220446049250313e-16,3.226976034788466e-32
1011,1,0,1011,0.0,0.0,0.0
1012,2,0,1012,0.03141463462364136,0.033350038157461515,0.0009868792685368865
1013,1,0,1013,0.031414634623641205,0.008589493929679892,0.0009868792685368767
1014,2,0,1014,0.031414634623641226,0.05895090694126964,0.0009868792685368782
1015,1,0,1015,0.031414634623641385,0.05518851153099252,0.0009868792685368882
1016,2,0,1016,0.03141463462364127,0.030678790759753438,0.0009868792685368809
1017,2,0,1017,0.03141463462364111,0.055010243370798184,0.0009868792685368709
1018,2,0,1018,0.031414634623641385,0.023867416488514204,0.0009868792685368882
1019,1,0,1019,0.03141463462364142,0.04516666597372743,0.0009868792685368904
1020,0,0,1020,1.2660852402060026e-16,8.326672684688674e-17,1.602971835467491e-32
1021,1,0,1021,2.5565945335559395e-16,2.220446049250313e-16,6.536175609008109e-32
1022,2,0,1022,0.031414634623641156,0.051420748263000915,0.0009868792685368735
1023,1,0,1023,0.03141463462364139,0.06255839833266327,0.0009868792685368887
1024,1,0,1024,2.5404629636302383e-16,3.3306690738754696e-16,6.453952069576933e-32
1025,2,0,1025,2.482534153247273e-16,2.220446049250313e-16,6.162975822039155e-32
1026,0,0,1026,0.03141463462364129,0.042000837773012334,0.000986879268536882
1027,0,0,1027,2.2887833992611187e-16,2.220446049250313e-16,5.238529448733282e-32
1028,2,0,1028,1.1102230246251565e-16,0.0,1.232595164407831e-32
1029,0,0,1029,0.03141463462364146,0.060717913918204275,0.000986879268536893
1030,1,0,1030,0.0,0.0,0.0
1031,2,0,1031,1.5700924586837752e-16,1.1102230246251565e-16,2.465190328815662e-32
1032,1,0,1032,0.031414634623641274,0.052729750127709085,0.000986879268536881
1033,1,0,1033,1.5700924586837752e-16,1.1102230246251565e-16,2.465190328815662e-32
1034,0,0,1034,0.0,0.0,0.0
1035,1,0,1035,0.031414634623641295,0.05262987765284666,0.0009868792685368824
1036,1,0,1036,0.031414634623641156,0.0623125723662768,0.0009868792685368741
1037,0,0,1037,1.2412670766236366e-16,2.220446049250313e-16,1.5407439555097887e-32
1038,0,0,1038,1.6653345369377348e-16,0.0,2.7733391199176196e-32
1039,1,0,1039,1.1102230246251565e-16,1.1102230246251565e-16,1.232595164407831e-32
1040,2,0,1040,0.0,0.0,0.0
1041,1,0,1041,1.7963785889362148e-16,1.1102230246251565e-16,3.226976034788466e-32
1042,0,0,1042,0.03141463462364123,0.05174806214723937,0.0009868792685368787
1043,1,0,1043,0.031414634623641254,0.03849615141063356,0.0009868792685368802
1044,1,0,1044,1.5700924586837754e-16,2.220446049250313e-16,2.465190328815662e-32
1045,0,0,1045,1.7963785889362148e-16,1.1102230246251565e-16,3.226976034788466e-32
1046,2,0,1046,1.4219474557868487e-16,2.220446049250313e-16,2.0219345670186916e-32
1047,1,0,1047,1.7963785889362148e-16,1.1102230246251565e-16,3.226976034788466e-32
1048,2,0,1048,1.6213750489334986e-16,1.1102230246251565e-16,2.6288570493041047e-32
1049,0,0,1049,1.5366509630058266e-16,1.1102230246251565e-16,2.3612961821067348e-32
1050,2,0,1050,0.03141463462364118,0.022896037933960667,0.000986879268536875
1051,2,0,1051,0.0,0.0,0.0
1052,1,0,1052,2.220446049250313e-16,0.0,4.930380657631324e-32
1053,0,0,1053,1.8476482148400643e-16,2.220446049250313e-16,3.4138039258016754e-32
1054,2,0,1054,0.031414634623641226,0.05208740771935516,0.0009868792685368778
1055,0,0,1055,0.031414634623641496,0.04863327861540634,0.0009868792685368954
1056,2,0,1056,0.03141463462364146,0.04587654992038337,0.000986879268536893
1057,0,0,1057,0.03141463462364138,0.05808145511825219,0.000986879268536888
1058,2,0,1058,0.0,0.0,0.0
1059,1,0,1059,0.0,0.0,0.0
1060,2,0,1060,0.03141463462364125,0.03275932818766647,0.0009868792685368793
1061,1,0,1061,0.0314146346236412,0.048381594792029414,0.000986879268536876
1062,1,0,1062,2.482534153247273e-16,1.6653345369377348e-16,6.162975822039155e-32
1063,0,0,1063,0.0,0.0,0.0
1064,0,0,1064,0.031414634623641274,0.06034283774711274,0.0009868792685368815
1065,2,0,1065,0.03141463462364127,0.01761331093906504,0.0009868792685368806
1066,2,0,1066,1.3401577416544657e-16,1.1102230246251565e-16,1.796022772516398e-32
1067,2,0,1067,0.0,0.0,0.0
1068,2,0,1068,0.03141463462364124,0.006355521663792385,0.0009868792685368793
1069,1,0,1069,1.2412670766236366e-16,1.1102230246251565e-16,1.5407439555097887e-32
1070,1,0,1070,0.031414634623641365,0.05659185974373587,0.0009868792685368871
1071,0,0,1071,0.03141463462364119,0.054193696147337544,0.000986879268536876
1072,0,0,1072,0.0,0.0,0.0
1073,0,0,1073,0.03141463462364147,0.006752878487798819,0.0009868792685368934
1074,2,0,1074,1.5700924586837752e-16,1.1102230246251565e-16,2.465190328815662e-32
1075,0,0,1075,0.03141463462364139,0.04811580558142292,0.0009868792685368887
1076,0,0,1076,0.0,0.0,0.0
1077,2,0,1077,0.03141463462364127,0.032155130596670634,0.0009868792685368804
1078,1,0,1078,0.031414634623641434,0.028414538627932973,0.0009868792685368913
1079,1,0,1079,1.1102230246251565e-16,1.1102230246251565e-16,1.232595164407831e-32
1080,0,0,1080,1.5700924586837752e-16,1.1102230246251565e-16,2.465190328815662e-32
1081,2,0,1081,3.2427500978669973e-16,2.220446049250313e-16,1.0515428197216419e-31
1082,2,0,1082,0.031414634623641295,0.034624257828149485,0.0009868792685368824
1083,2,0,1083,0.0,0.0,0.0
1084,1,0,1084,6.938893903907228e-17,9.71445146547012e-17,4.8148248609680896e-33
1085,2,0,1085,1.1102230246251565e-16,0.0,1.232595164407831e-32
1086,0,0,1086,0.0,0.0,0.0
1087,0,0,1087,0.0,0.0,0.0
1088,0,0,1088,1.9997532649633218,2.7061407989715924,0.0009868792685369086
1089,2,0,1089,0.03141463462364144,0.06281593591651835,0.0009868792685368915
1090,2,0,1090,1.6711069443220838e-16,2.498001805406602e-16,2.792598419361492e-32
1091,2,0,1091,1.5700924586837754e-16,2.220446049250313e-16,2.465190328815662e-32
1092,0,0,1092,0.031414634623641385,0.041083492936549226,0.0009868792685368884
1093,0,0,1093,0.03141463462364129,0.061208106074474244,0.0009868792685368822
1094,2,0,1094,1.1102230246251565e-16,1.1102230246251565e-16,1.232595164407831e-32
1095,1,0,1095,0.03141463462364127,0.05678802307090858,0.0009868792685368802
1096,2,0,1096,0.0,0.0,0.0
1097,1,0,1097,0.031414634623641156,0.06192515695275269,0.000986879268536874
1098,1,0,1098,0.031414634623641524,0.04803644368983395,0.0009868792685368971
1099,1,0,1099,0.03141463462364121,0.05365796348390317,0.0009868792685368772
1100,2,0,1100,0.03141463462364136,0.05527410014524503,0.0009868792685368863
1101,0,0,1101,0.03141463462364141,0.05843171272954928,0.0009868792685368897
1102,1,0,1102,0.03141463462364126,0.01625759549536754,0.0009868792685368802
1103,1,0,1103,0.03141463462364115,0.03925010957776853,0.0009868792685368733
1104,1,0,1104,0.0,0.0,0.0
1105,1,0,1105,0.031414634623641635,0.0619315285167204,0.0009868792685369038
1106,0,0,1106,0.03141463462364128,0.040035770227388245,0.0009868792685368817
1107,2,0,1107,5.551115123125783e-17,0.0,3.0814879110195774e-33
1108,1,0,1108,0.031414634623641205,0.06056826842851931,0.0009868792685368765
1109,0,0,1109,0.03141463462364145,0.022223214290649995,0.0009868792685368921
1110,2,0,1110,0.0,0.0,0.0
1111,2,0,1111,0.031414634623641365,0.023283818248693966,0.000986879268536887
1112,1,0,1112,8.326672684688674e-17,0.0,6.933347799794049e-33
1113,1,0,1113,0.031414634623641274,0.03601314097215402,0.000986879268536881
1114,0,0,1114,2.450380766279623e-16,3.3306690738754696e-16,6.00436589975311e-32
1115,1,0,1115,0.0,0.0,0.0
1116,0,0,1116,0.0,0.0,0.0
1117,0,0,1117,2.3105282466009286e-16,3.3306690738754696e-16,5.338540778340762e-32
1118,1,0,1118,2.5404629636302383e-16,3.3306690738754696e-16,6.453952069576932e-32
1119,0,0,1119,2.3514901012487926e-16,1.1102230246251565e-16,5.529505696271058e-32
1120,1,0,1120,1.739043475078205e-16,1.1102230246251565e-16,3.024272208212079e-32
1121,2,0,1121,0.03141463462364133,0.0267394319565879,0.0009868792685368848
1122,2,0,1122,2.254614724255715e-16,5.551115123125783e-17,5.083287554830678e-32
1123,0,0,1123,0.031414634623641226,0.06280438714767439,0.000986879268536878
1124,0,0,1124,0.03141463462364122,0.057194609188259804,0.0009868792685368776
1125,1,0,1125,0.03141463462364145,0.06257775508186612,0.0009868792685368917
1126,1,0,1126,0.0,0.0,0.0
1127,2,0,1127,1.5700924586837752e-16,1.1102230246251565e-16,2.465190328815662e-32
1128,2,0,1128,1.4056797676537057e-16,1.1102230246251565e-16,1.9759356091909765e-32
1129,2,0,1129,0.031414634623641365,0.03949907838978106,0.000986879268536887
1130,2,0,1130,0.0,0.0,0.0
1131,0,0,1131,0.03141463462364128,0.06282919696614803,0.0009868792685368815
1132,1,0,1132,0.03141463462364115,0.02493862770844757,0.0009868792685368735
1133,2,0,1133,0.03141463462364122,0.013274629304989682,0.0009868792685368778
1134,2,0,1134,1.1102230246251565e-16,1.1102230246251565e-16,1.232595164407831e-32
1135,1,0,1135,2.3039945295537396e-16,1.8735013540549517e-16,5.30839079221356e-32
1136,0,0,1136,1.2412670766236366e-16,1.1102230246251565e-16,1.5407439555097887e-32
1137,2,0,1137,0.03141463462364142,0.04792506515251338,0.0009868792685368904
1138,0,0,1138,0.0,0.0,0.0
1139,2,0,1139,1.257640900906097e-16,2.7755575615628914e-17,1.5816606356318997e-32
1140,2,0,1140,0.0314146346236413,0.043020624269970664,0.000986879268536883
1141,0,0,1141,2.294154987390783e-16,9.71445146547012e-17,5.263147106170005e-32
1142,0,0,1142,0.03141463462364136,0.025615377310150178,0.0009868792685368867
1143,0,0,1143,0.03141463462364139,0.03939685665706183,0.0009868792685368884
1144,0,0,1144,1.9997532649633214,2.63296370318219,0.0009868792685368982
1145,1,0,1145,2.5129654118927866e-16,3.0531133177191805e-16,6.314995161369479e-32
1146,2,0,1146,0.03141463462364134,0.06269668287673094,0.0009868792685368848
1147,0,0,1147,0.0,0.0,0.0
1148,1,0,1148,0.031414634623641254,0.0588788072494244,0.0009868792685368795
1149,2,0,1149,0.03141463462364144,0.06247055196696551,0.0009868792685368917
1150,2,0,1150,0.03141463462364118,0.0005816488507877082,0.0009868792685368754
1151,1,0,1151,0.031414634623641274,0.05925300577078735,0.0009868792685368815
1152,1,0,1152,0.0,0.0,0.0
1153,0,0,1153,0.0,0.0,0.0
1154,0,0,1154,1.1102230246251565e-16,0.0,1.232595164407831e-32
1155,0,0,1155,1.6213750489334986e-16,1.1102230246251565e-16,2.6288570493041047e-32
1156,2,0,1156,0.031414634623641316,0.0022655561198143825,0.000986879268536884
1157,1,0,1157,1.4056797676537057e-16,1.1102230246251565e-16,1.9759356091909765e-32
1158,0,0,1158,1.1102230246251565e-16,0.0,1.232595164407831e-32
1159,2,0,1159,1.999753264963321,3.3317931038637068,0.0009868792685369116
1160,0,0,1160,1.2412670766236366e-16,5.551115123125783e-17,1.5407439555097887e-32
1161,2,0,1161,0.031414634623641344,0.02661106873533925,0.000986879268536885
1162,0,0,1162,0.03141463462364122,0.05687158865496117,0.0009868792685368776
1163,2,0,1163,0.0,0.0,0.0
1164,1,0,1164,2.8438949115736975e-16,1.1102230246251565e-16,8.087738268074766e-32
1165,1,0,1165,0.031414634623641316,0.031536700243360416,0.0009868792685368835
1166,0,0,1166,1.2412670766236366e-16,5.551115123125783e-17,1.5407439555097887e-32
1167,1,0,1167,2.2433027941373636e-16,2.7755575615628914e-17,5.032407426184501e-32
1168,2,0,1168,0.0,0.0,0.0
1169,0,0,1169,0.0,0.0,0.0
1170,2,0,1170,7.28583859910259e-17,1.0061396160665481e-16,5.308344409217319e-33
1171,1,0,1171,0.0,0.0,0.0
1172,2,0,1172,0.03141463462364131,0.014150317183574734,0.0009868792685368832
1173,2,0,1173,0.0,0.0,0.0
1174,1,0,1174,0.03141463462364135,0.05724143806070031,0.000986879268536886
1175,1,0,1175,0.03141463462364136,0.029593543441685632,0.0009868792685368865
1176,2,0,1176,2.5404629636302383e-16,3.3306690738754696e-16,6.453952069576933e-32
1177,2,0,1177,0.031414634623641115,0.040075539726497134,0.000986879268536871
1178,1,0,1178,2.498001805406602e-16,4.649058915617843e-16,6.240013019814644e-32
1179,1,0,1179,0.03141463462364149,0.06282621275991816,0.000986879268536895
1180,0,0,1180,0.0,0.0,0.0
1181,2,0,1181,0.03141463462364137,0.06212410176235844,0.0009868792685368874
1182,1,0,1182,0.0,0.0,0.0
1183,2,0,1183,0.03141463462364127,0.06166982592983322,0.0009868792685368806
1184,0,0,1184,0.03141463462364122,0.06260219429070504,0.0009868792685368778
1185,1,0,1185,0.0314146346236414,0.06073316848258345,0.0009868792685368893
1186,0,0,1186,0.031414634623641274,0.027488627186069592,0.0009868792685368809
1187,2,0,1187,0.0314146346236413,0.04973067315955937,0.000986879268536883
1188,2,0,1188,0.0,0.0,0.0
1189,2,0,1189,2.482534153247273e-16,2.220446049250313e-16,6.162975822039156e-32
1190,0,0,1190,0.031414634623641254,0.037636858532866024,0.00098687926853688
1191,0,0,1191,0.03141463462364122,0.030683838791384588,0.0009868792685368776
1192,1,0,1192,0.03141463462364136,0.002318261820240086,0.0009868792685368863
1193,1,0,1193,0.031414634623641455,0.027781510531396325,0.0009868792685368928
1194,2,0,1194,0.0,0.0,0.0
1195,0,0,1195,0.031414634623641316,0.05814825451087041,0.0009868792685368839
1196,0,0,1196,0.031414634623641205,0.05589049442058064,0.000986879268536877
1197,1,0,1197,0.03141463462364134,0.05927862617316232,0.0009868792685368854
1198,0,0,1198,0.03141463462364123,0.010968332899684463,0.0009868792685368785
1199,0,0,1199,0.0,0.0,0.0
1200,0,0,1200,0.03141463462364116,0.02453719797363796,0.0009868792685368748
1201,2,0,1201,0.031414634623641344,0.06281777599023369,0.0009868792685368856
1202,2,0,1202,2.482534153247273e-16,2.220446049250313e-16,6.162975822039155e-32
1203,2,0,1203,0.0,0.0,0.0
1204,0,0,1204,2.684988815567052e-16,2.0816681711721685e-16,7.20916493972016e-32
1205,0,0,1205,0.0,0.0,0.0
1206,2,0,1206,0.03141463462364121,0.06263622253337234,0.0009868792685368774
1207,2,0,1207,2.0014830212433607e-16,2.220446049250313e-16,4.0059342843254506e-32
1208,1,0,1208,1.6910588726432322e-16,1.1102230246251565e-16,2.859680110745399e-32
1209,1,0,1209,0.03141463462364122,0.0183137607453282,0.0009868792685368778
1210,1,0,1210,0.03141463462364126,0.008241892679692664,0.00098687926853688
1211,1,0,1211,0.0,0.0,0.0
1212,1,0,1212,0.03141463462364129,0.06198605888639899,0.0009868792685368822
1213,2,0,1213,1.1102230246251565e-16,1.1102230246251565e-16,1.232595164407831e-32
1214,1,0,1214,0.03141463462364114,0.026977336251048145,0.0009868792685368733
1215,0,0,1215,1.366821981847534e-16,1.0408340855860843e-16,1.8682023300616209e-32
1216,0,0,1216,0.03141463462364116,0.05713273976842759,0.000986879268536874
1217,2,0,1217,5.551115123125783e-17,5.551115123125783e-17,3.0814879110195774e-33
1218,1,0,1218,1.5700924586837752e-16,1.1102230246251565e-16,2.465190328815662e-32
1219,1,0,1219,2.220446049250313e-16,2.220446049250313e-16,4.930380657631324e-32
1220,2,0,1220,0.0,0.0,0.0
1221,1,0,1221,0.03141463462364133,0.06111342936529468,0.0009868792685368848
1222,2,0,1222,0.0,0.0,0.0
1223,2,0,1223,0.03141463462364124,0.001609266869586956,0.0009868792685368791
1224,0,0,1224,0.031414634623641254,0.05849334047994115,0.0009868792685368798
1225,2,0,1225,0.03141463462364127,0.06236335923345006,0.0009868792685368806
1226,0,0,1226,0.03141463462364136,0.03339942293690257,0.0009868792685368863
1227,1,0,1227,0.031414634623641316,0.05683769433138891,0.0009868792685368839
1228,0,0,1228,0.0,0.0,0.0
1229,2,0,1229,0.031414634623641316,0.020476924802907304,0.0009868792685368835
1230,0,0,1230,1.5700924586837752e-16,1.1102230246251565e-16,2.465190328815662e-32
1231,0,0,1231,2.0606929776173657e-16,2.498001805406602e-16,4.246455548001524e-32
1232,2,0,1232,0.03141463462364132,0.0276588843126353,0.0009868792685368845
1233,0,0,1233,1.5700924586837752e-16,1.1102230246251565e-16,2.465190328815662e-32
1234,0,0,1234,1.2660852402060026e-16,1.1102230246251565e-16,1.602971835467491e-32
1235,0,0,1235,0.031414634623641274,0.06260571132571738,0.0009868792685368813
1236,2,0,1236,2.220446049250313e-16,0.0,4.930380657631324e-32
1237,0,0,1237,2.903563962170892e-16,2.706168622523819e-16,8.430683682417531e-32
1238,0,0,1238,0.03141463462364131,0.041922339930004604,0.0009868792685368835
1239,1,0,1239,1.1102230246251565e-16,0.0,1.232595164407831e-32
1240,2,0,1240,0.03141463462364126,0.058785833560732303,0.0009868792685368806
1241,0,0,1241,0.03141463462364131,0.05644734192546652,0.0009868792685368832
1242,0,0,1242,1.7963785889362148e-16,1.1102230246251565e-16,3.226976034788466e-32
1243,0,0,1243,0.0,0.0,0.0
1244,1,0,1244,0.031414634623641545,0.03988306005027953,0.000986879268536898
1245,0,0,1245,2.5404629636302383e-16,1.1102230246251565e-16,6.453952069576932e-32
1246,2,0,1246,2.364996334712806e-16,2.220446049250313e-16,5.59320766320501e-32
1247,2,0,1247,0.031414634623641385,0.053249508975058535,0.0009868792685368882
1248,1,0,1248,0.03141463462364135,0.004635650488755916,0.0009868792685368856
1249,2,0,1249,0.03141463462364138,0.057641230306771374,0.0009868792685368876
1250,0,0,1250,1.9997532649633216,1.0956116931219726,0.0009868792685368915
1251,1,0,1251,0.031414634623641365,0.06230997931668003,0.0009868792685368867
1252,2,0,1252,2.556594533555938e-16,2.220446049250313e-16,6.536175609008108e-32
1253,0,0,1253,1.1102230246251565e-16,0.0,1.232595164407831e-32
1254,1,0,1254,0.031414634623641226,0.05260055366108862,0.0009868792685368785
1255,2,0,1255,0.03141463462364125,0.01686237282829184,0.0009868792685368798
1256,0,0,1256,1.5700924586837754e-16,2.220446049250313e-16,2.465190328815662e-32
1257,2,0,1257,1.7963785889362148e-16,1.1102230246251565e-16,3.2269760347884667e-32
1258,1,0,1258,5.551115123125783e-17,5.551115123125783e-17,3.0814879110195774e-33
1259,2,0,1259,1.1102230246251565e-16,2.220446049250313e-16,1.232595164407831e-32
1260,2,0,1260,0.03141463462364123,0.016840440558850034,0.0009868792685368785
1261,1,0,1261,2.220446049250313e-16,2.220446049250313e-16,4.930380657631324e-32
1262,1,0,1262,0.03141463462364128,0.06248104990973463,0.0009868792685368815
1263,0,0,1263,0.031414634623641136,0.025047292157060586,0.000986879268536872
1264,2,0,1264,2.515281801812194e-16,2.220446049250313e-16,6.326642542527598e-32
1265,0,0,1265,2.5404629636302383e-16,1.1102230246251565e-16,6.453952069576932e-32
1266,0,0,1266,0.03141463462364115,0.05536565051806214,0.0009868792685368733
1267,2,0,1267,1.6653345369377348e-16,2.220446049250313e-16,2.77333911991762e-32
1268,1,0,1268,2.5404629636302383e-16,1.1102230246251565e-16,6.453952069576933e-32
1269,1,0,1269,1.5700924586837754e-16,2.220446049250313e-16,2.465190328815662e-32
1270,2,0,1270,1.2412670766236366e-16,5.551115123125783e-17,1.540743955509789e-32
1271,2,0,1271,0.031414634623641365,0.048857959026123554,0.0009868792685368865
1272,1,0,1272,0.0,0.0,0.0
1273,0,0,1273,0.031414634623641344,0.010863092640078897,0.0009868792685368856
1274,2,0,1274,0.03141463462364127,0.011291339768551678,0.000986879268536881
1275,1,0,1275,5.551115123125783e-17,8.326672684688674e-17,3.0814879110195774e-33
1276,1,0,1276,0.031414634623641434,0.04320077130258626,0.0009868792685368908
1277,1,0,1277,1.3401577416544657e-16,1.1102230246251565e-16,1.796022772516398e-32
1278,1,0,1278,0.0,0.0,0.0
1279,1,0,1279,1.2412670766236366e-16,2.220446049250313e-16,1.5407439555097887e-32
1280,2,0,1280,1.7963785889362148e-16,2.220446049250313e-16,3.226976034788466e-32
1281,2,0,1281,4.016824638186528e-16,3.3306690738754696e-16,1.6134880173942333e-31
1282,0,0,1282,0.031414634623641254,0.02856479997549599,0.0009868792685368798
1283,0,0,1283,0.03141463462364118,0.018882780305923053,0.000986879268536875
1284,1,0,1284,0.031414634623641136,0.026347569259614678,0.0009868792685368722
1285,1,0,1285,0.0,0.0,0.0
1286,2,0,1286,0.03141463462364147,0.05130626129193083,0.0009868792685368932
1287,1,0,1287,0.031414634623641295,0.02727824739178042,0.0009868792685368824
1288,0,0,1288,0.031414634623641344,0.06282672452046179,0.0009868792685368856
1289,0,0,1289,0.031414634623641344,0.03950567922955772,0.0009868792685368854
1290,0,0,1290,0.0,0.0,0.0
1291,2,0,1291,0.031414634623641254,0.048603517675238406,0.0009868792685368798
1292,1,0,1292,1.7963785889362148e-16,1.1102230246251565e-16,3.2269760347884667e-32
1293,2,0,1293,0.0,0.0,0.0
1294,2,0,1294,0.031414634623641406,0.021747499512492108,0.0009868792685368895
1295,2,0,1295,0.031414634623641566,0.01235708273129943,0.000986879268536899
1296,1,0,1296,0.0,0.0,0.0
1297,2,0,1297,2.906601613561372e-16,3.3306690738754696e-16,8.448332939957566e-32
1298,0,0,1298,2.7755575615628914e-17,0.0,7.703719777548943e-34
1299,2,0,1299,1.6020523443013207e-16,2.220446049250313e-16,2.566571713881357e-32
1300,1,0,1300,0.03141463462364143,0.018393600787736997,0.0009868792685368904
1301,2,0,1301,0.03141463462364113,0.03802790037604775,0.000986879268536872
1302,0,0,1302,0.0,0.0,0.0
1303,2,0,1303,0.0,0.0,0.0
1304,2,0,1304,0.03141463462364123,0.007441051793080078,0.0009868792685368785
1305,1,0,1305,0.03141463462364119,0.024638684766636,0.0009868792685368759
1306,1,0,1306,5.551115123125783e-17,0.0,3.0814879110195774e-33
1307,1,0,1307,2.0,3.9436145572574404,1.9454709368023902e-31
1308,1,0,1308,1.6653345369377348e-16,2.498001805406602e-16,2.7733391199176196e-32
1309,2,0,1309,1.2812146619032418e-16,9.71445146547012e-17,1.6415110098758386e-32
1310,1,0,1310,0.031414634623641524,0.06059396185965554,0.000986879268536897
1311,0,0,1311,0.03141463462364162,0.057509236250216644,0.000986879268536903
1312,0,0,1312,1.1102230246251565e-16,2.220446049250313e-16,1.232595164407831e-32
1313,0,0,1313,1.5700924586837752e-16,1.1102230246251565e-16,2.465190328815662e-32
1314,1,0,1314,0.0314146346236413,0.003987549802426993,0.000986879268536883
1315,0,0,1315,0.03141463462364129,0.022030259006840414,0.000986879268536882
1316,2,0,1316,0.03141463462364131,0.06278115862131291,0.0009868792685368832
1317,0,0,1317,0.0,0.0,0.0
1318,1,0,1318,0.031414634623641274,0.00918194157548391,0.0009868792685368809
1319,1,0,1319,0.031414634623641455,0.05568126782031879,0.0009868792685368923
1320,2,0,1320,0.03141463462364133,0.031088830069027185,0.000986879268536885
1321,1,0,1321,0.031414634623641226,0.059908973449738834,0.000986879268536878
1322,1,0,1322,0.03141463462364122,0.049399154529813916,0.0009868792685368776
1323,1,0,1323,0.031414634623641344,0.04428353018484943,0.0009868792685368858
1324,0,0,1324,1.6653345369377348e-16,0.0,2.7733391199176196e-32
1325,1,0,1325,0.03141463462364142,0.049476764192231903,0.0009868792685368902
1326,1,0,1326,0.0,0.0,0.0
1327,0,0,1327,0.031414634623641295,0.06077850189118575,0.0009868792685368826
1328,0,0,1328,1.1102230246251565e-16,2.220446049250313e-16,1.232595164407831e-32
1329,2,0,1329,0.0,0.0,0.0
1330,1,0,1330,0.031414634623641295,0.05503790444829609,0.0009868792685368822
1331,0,0,1331,1.1102230246251565e-16,1.1102230246251565e-16,1.232595164407831e-32
1332,2,0,1332,2.532170480412005e-16,1.6653345369377348e-16,6.411887341869965e-32
1333,1,0,1333,1.4219474557868485e-16,5.551115123125783e-17,2.0219345670186913e-32
1334,1,0,1334,1.1102230246251565e-16,0.0,1.232595164407831e-32
1335,0,0,1335,1.3877787807814457e-16,1.1102230246251565e-16,1.9259299443872359e-32
1336,0,0,1336,0.0,0.0,0.0
1337,0,0,1337,1.6910588726432325e-16,1.1102230246251565e-16,2.859680110745399e-32
1338,0,0,1338,1.4219474557868485e-16,2.220446049250313e-16,2.0219345670186913e-32
1339,0,0,1339,0.03141463462364114,0.024250881861877627,0.0009868792685368728
1340,1,0,1340,0.0,0.0,0.0
1341,1,0,1341,0.031414634623641184,0.04054676721952866,0.000986879268536875
1342,1,0,1342,0.03141463462364123,0.062435961073802226,0.0009868792685368782
1343,2,0,1343,2.906601613561371e-16,2.220446049250313e-16,8.448332939957566e-32
1344,1,0,1344,0.0314146346236412,0.048657964219613326,0.0009868792685368763
1345,2,0,1345,0.0,0.0,0.0
1346,1,0,1346,0.03141463462364145,0.061182996916704646,0.0009868792685368917
1347,2,0,1347,0.0,0.0,0.0
1348,1,0,1348,0.03141463462364125,0.06281802816877721,0.0009868792685368795
1349,0,0,1349,0.031414634623641205,0.056576398278252504,0.0009868792685368767
1350,0,0,1350,1.2412670766236366e-16,2.220446049250313e-16,1.5407439555097887e-32
1351,1,0,1351,0.0,0.0,0.0
1352,2,0,1352,1.1102230246251565e-16,2.220446049250313e-16,1.232595164407831e-32
1353,0,0,1353,1.6653345369377348e-16,1.942890293094024e-16,2.7733391199176196e-32
1354,1,0,1354,0.0,0.0,0.0
1355,1,0,1355,1.5700924586837754e-16,2.220446049250313e-16,2.465190328815662e-32
1356,2,0,1356,0.03141463462364131,0.059831713447325574,0.0009868792685368837
1357,0,0,1357,0.03141463462364141,0.03188905405816256,0.00098687926853689
1358,0,0,1358,1.699503211943138e-16,1.1102230246251565e-16,2.8883111674050416e-32
1359,2,0,1359,0.0,0.0,0.0
1360,0,0,1360,1.5700924586837752e-16,1.1102230246251565e-16,2.465190328815662e-32
1361,0,0,1361,0.0,0.0,0.0
1362,0,0,1362,1.5092455330534865e-16,1.1102230246251565e-16,2.2778220790419031e-32
1363,1,0,1363,0.03141463462364133,0.04101086356170425,0.0009868792685368848
1364,1,0,1364,2.899454566892199e-16,3.191891195797325e-16,8.406836785472033e-32
1365,2,0,1365,0.03141463462364124,0.06268484247660625,0.000986879268536879
1366,1,0,1366,0.0314146346236412,0.034751546204897066,0.0009868792685368765
1367,2,0,1367,0.03141463462364135,0.06058173269571707,0.0009868792685368858
1368,2,0,1368,1.6653345369377348e-16,2.220446049250313e-16,2.77333911991762e-32
1369,1,0,1369,2.5404629636302373e-16,1.1102230246251565e-16,6.453952069576932e-32
1370,2,0,1370,0.03141463462364126,0.006954069980198874,0.00098687926853688
1371,2,0,1371,1.2412670766236366e-16,5.551115123125783e-17,1.5407439555097887e-32
1372,2,0,1372,0.03141463462364127,0.03980067495737061,0.0009868792685368806
1373,2,0,1373,0.03141463462364116,0.0533202803389029,0.0009868792685368746
1374,0,0,1374,1.4399409461598103e-16,1.1449174941446927e-16,2.0734299284276094e-32
1375,1,0,1375,0.03141463462364119,0.056557002995544337,0.0009868792685368759
1376,2,0,1376,0.031414634623641226,0.03425049426967919,0.000986879268536878
1377,0,0,1377,0.031414634623641365,0.020156892951220695,0.000986879268536887
1378,0,0,1378,1.7963785889362148e-16,2.220446049250313e-16,3.226976034788466e-32
1379,2,0,1379,2.482534153247273e-16,4.440892098500626e-16,6.162975822039155e-32
1380,1,0,1380,1.1102230246251565e-16,0.0,1.232595164407831e-32
1381,0,0,1381,0.031414634623641274,0.008072410596668078,0.000986879268536881
1382,1,0,1382,0.03141463462364126,0.022328737130482335,0.0009868792685368804
1383,0,0,1383,1.5700924586837754e-16,2.220446049250313e-16,2.465190328815662e-32
1384,2,0,1384,0.03141463462364145,0.028909957147593923,0.0009868792685368926
1385,1,0,1385,0.031414634623641156,0.0049767217293668065,0.0009868792685368737
1386,2,0,1386,1.2412670766236366e-16,5.551115123125783e-17,1.5407439555097887e-32
1387,0,0,1387,1.5700924586837752e-16,1.1102230246251565e-16,2.465190328815662e-32
1388,0,0,1388,2.6890472642377445e-16,1.6653345369377348e-16,7.230975189304502e-32
1389,1,0,1389,2.482534153247273e-16,2.220446049250313e-16,6.162975822039155e-32
1390,2,0,1390,1.1102230246251565e-16,0.0,1.232595164407831e-32
1391,0,0,1391,0.03141463462364143,0.04872505146302719,0.0009868792685368908
1392,1,0,1392,0.03141463462364122,0.06217768472700641,0.0009868792685368776
1393,1,0,1393,2.7755575615628914e-16,3.3306690738754696e-16,7.703719777548943e-32
1394,1,0,1394,0.03141463462364126,0.04290206373517336,0.0009868792685368802
1395,1,0,1395,2.220446049250313e-16,0.0,4.930380657631324e-32
1396,1,0,1396,0.0,0.0,0.0
1397,0,0,1397,1.7963785889362148e-16,2.220446049250313e-16,3.226976034788466e-32
1398,2,0,1398,0.0314146346236412,0.06266613640767621,0.000986879268536876
1399,0,0,1399,1.1102230246251565e-16,0.0,1.232595164407831e-32
1400,0,0,1400,0.03141463462364125,0.047875624311749854,0.0009868792685368795
1401,2,0,1401,0.03141463462364135,0.061644667868200026,0.0009868792685368856
1402,1,0,1402,5.551115123125783e-17,0.0,3.0814879110195774e-33
1403,1,0,1403,1.7963785889362148e-16,1.1102230246251565e-16,3.2269760347884667e-32
1404,0,0,1404,0.031414634623641226,0.040098604173650076,0.0009868792685368778
1405,1,0,1405,0.031414634623641156,0.029699274939920528,0.000986879268536874
1406,1,0,1406,0.0,0.0,0.0
1407,1,0,1407,0.0,0.0,0.0
1408,2,0,1408,0.03141463462364121,0.04526731604927259,0.0009868792685368772
1409,0,0,1409,0.0,0.0,0.0
1410,1,0,1410,0.03141463462364132,0.04091638011644971,0.0009868792685368839
1411,2,0,1411,0.03141463462364117,0.023251507579708064,0.0009868792685368743
1412,2,0,1412,0.0,0.0,0.0
1413,0,0,1413,0.0,0.0,0.0
1414,2,0,1414,0.03141463462364114,0.06271820416754169,0.0009868792685368726
1415,0,0,1415,0.031414634623641205,0.014264711461127066,0.0009868792685368772
1416,2,0,1416,0.031414634623641205,0.012408242455539398,0.0009868792685368767
1417,1,0,1417,0.03141463462364132,0.06273886034642831,0.000986879268536884
1418,2,0,1418,0.03141463462364147,0.020740088649988442,0.0009868792685368936
1419,0,0,1419,1.1102230246251565e-16,0.0,1.232595164407831e-32
1420,1,0,1420,0.0,0.0,0.0
1421,2,0,1421,0.031414634623641205,0.03692232700186904,0.0009868792685368767
1422,0,0,1422,0.03141463462364139,0.05087449635095764,0.0009868792685368884
1423,0,0,1423,2.450380766279623e-16,3.3306690738754696e-16,6.00436589975311e-32
1424,0,0,1424,1.460807844556948e-16,1.1102230246251565e-16,2.1339595587191166e-32
1425,1,0,1425,0.031414634623641115,0.04951976064001662,0.0009868792685368709
1426,2,0,1426,0.03141463462364155,0.058264609430523306,0.0009868792685368988
1427,0,0,1427,1.1102230246251565e-16,0.0,1.232595164407831e-32
1428,1,0,1428,2.843894911573697e-16,1.1102230246251565e-16,8.087738268074765e-32
1429,0,0,1429,2.0263133059655243e-16,2.220446049250313e-16,4.10594561393293e-32
1430,0,0,1430,0.0314146346236412,0.014674423375716228,0.0009868792685368765
1431,2,0,1431,2.3045817328948394e-16,8.326672684688674e-17,5.311096963592581e-32
1432,1,0,1432,1.3244965881450316e-16,2.220446049250313e-16,1.754291212007829e-32
1433,0,0,1433,0.03141463462364128,0.012243118455315116,0.0009868792685368822
1434,2,0,1434,1.3438325695572974e-16,1.1102230246251565e-16,1.8058859750029687e-32
1435,1,0,1435,0.03141463462364136,0.05968870347523081,0.0009868792685368867
1436,0,0,1436,1.1102230246251565e-16,0.0,1.232595164407831e-32
1437,1,0,1437,1.9389994370419227e-16,1.1102230246251565e-16,3.759718816848892e-32
1438,1,0,1438,0.0,0.0,0.0
1439,0,0,1439,1.7963785889362148e-16,1.1102230246251565e-16,3.226976034788466e-32
1440,0,0,1440,1.7527848357088774e-16,1.942890293094024e-16,3.072254680290996e-32
1441,1,0,1441,0.03141463462364137,0.042192689437718256,0.0009868792685368874
1442,1,0,1442,0.03141463462364121,0.026682732098420647,0.0009868792685368774
1443,1,0,1443,0.0,0.0,0.0
1444,0,0,1444,0.03141463462364113,0.021411073325735108,0.000986879268536872
1445,2,0,1445,0.031414634623641156,0.04121096811167424,0.000986879268536874
1446,1,0,1446,0.03141463462364152,0.06021233291803452,0.0009868792685368965
1447,0,0,1447,1.7963785889362148e-16,1.1102230246251565e-16,3.2269760347884667e-32
1448,0,0,1448,1.5700924586837752e-16,1.1102230246251565e-16,2.465190328815662e-32
1449,1,0,1449,1.1102230246251565e-16,1.1102230246251565e-16,1.232595164407831e-32
1450,0,0,1450,5.551115123125783e-17,1.1102230246251565e-16,3.0814879110195774e-33
1451,0,0,1451,0.0314146346236412,0.060375966907664946,0.0009868792685368765
1452,0,0,1452,1.7963785889362148e-16,1.1102230246251565e-16,3.2269760347884667e-32
1453,2,0,1453,8.326672684688674e-17,0.0,6.933347799794049e-33
1454,0,0,1454,0.0314146346236412,0.05995297965684926,0.000986879268536876
1455,1,0,1455,0.03141463462364142,0.042547652634537636,0.0009868792685368902
1456,1,0,1456,0.031414634623641226,0.061617041556261604,0.000986879268536878
1457,0,0,1457,0.0,0.0,0.0
1458,1,0,1458,0.03141463462364136,0.002087697989365811,0.0009868792685368865
1459,1,0,1459,0.0,0.0,0.0
1460,1,0,1460,2.1153170283822722e-16,2.7755575615628914e-16,4.4745661305640066e-32
1461,1,0,1461,2.515281801812194e-16,5.551115123125783e-17,6.326642542527599e-32
1462,2,0,1462,0.031414634623641184,0.00390934057104686,0.0009868792685368756
1463,0,0,1463,0.0,0.0,0.0
1464,2,0,1464,0.031414634623641205,0.053563068353028154,0.000986879268536877
1465,0,0,1465,0.031414634623641274,0.033840227305230175,0.0009868792685368815
1466,2,0,1466,0.03141463462364118,0.03765719522041944,0.0009868792685368748
1467,0,0,1467,0.03141463462364126,0.045436510069223224,0.00098687926853688
1468,1,0,1468,1.257640900906097e-16,2.7755575615628914e-17,1.5816606356318997e-32
1469,1,0,1469,0.031414634623641455,0.060789577421132446,0.0009868792685368926
1470,2,0,1470,0.03141463462364128,0.013719509282798859,0.0009868792685368817
1471,0,0,1471,0.031414634623641385,0.051051307634029874,0.0009868792685368882
1472,0,0,1472,0.03141463462364115,0.056191815209291174,0.0009868792685368733
1473,2,0,1473,0.0,0.0,0.0
1474,0,0,1474,0.031414634623641316,0.04524754240626272,0.0009868792685368839
1475,1,0,1475,0.0,0.0,0.0
1476,0,0,1476,1.7772239894833365e-16,1.1102230246251565e-16,3.158525108795067e-32
1477,0,0,1477,0.03141463462364122,0.030129952129262283,0.000986879268536878
1478,1,0,1478,0.0,0.0,0.0
1479,0,0,1479,1.1102230246251565e-16,1.1102230246251565e-16,1.232595164407831e-32
1480,2,0,1480,1.7963785889362148e-16,1.1102230246251565e-16,3.226976034788466e-32
1481,2,0,1481,2.220446049250313e-16,3.3306690738754696e-16,4.930380657631324e-32
1482,1,0,1482,0.0,0.0,0.0
1483,1,0,1483,1.1102230246251565e-16,0.0,1.232595164407831e-32
1484,1,0,1484,2.5404629636302383e-16,1.1102230246251565e-16,6.453952069576932e-32
1485,1,0,1485,0.031414634623641365,0.05382159111837792,0.0009868792685368867
1486,1,0,1486,0.03141463462364116,0.021459716469696133,0.0009868792685368743
1487,2,0,1487,1.6213750489334986e-16,1.6653345369377348e-16,2.6288570493041047e-32
1488,1,0,1488,1.1102230246251565e-16,0.0,1.232595164407831e-32
1489,2,0,1489,0.03141463462364125,0.0027284300855501264,0.0009868792685368795
1490,2,0,1490,2.7755575615628914e-17,0.0,7.703719777548943e-34
1491,2,0,1491,0.0,0.0,0.0
1492,1,0,1492,1.1102230246251565e-16,1.1102230246251565e-16,1.232595164407831e-32
1493,0,0,1493,1.7963785889362148e-16,1.1102230246251565e-16,3.226976034788466e-32
1494,0,0,1494,8.326672684688674e-17,0.0,6.933347799794049e-33
1495,0,0,1495,0.0,0.0,0.0
1496,1,0,1496,0.031414634623641254,0.05587619027456636,0.00098687926853688
1497,2,0,1497,0.031414634623641274,0.06281265797372293,0.0009868792685368813
1498,1,0,1498,1.3244965881450318e-16,2.220446049250313e-16,1.754291212007829e-32
1499,0,0,1499,1.5188228327799257e-16,1.1102230246251565e-16,2.306822797373638e-32
