,Layer,Qubit,Run,2-Norm,Trace Norm,Diamond Norm
0,1,0,0,0.0314146346236412,0.01200988299191219,0.0009868792685368763
1,1,0,1,0.0,0.0,0.0
2,2,0,2,0.03141463462364128,0.04317437629772414,0.0009868792685368817
3,0,0,3,4.163336342344337e-17,0.0,1.7333369499485123e-33
4,0,0,4,0.0,0.0,0.0
5,1,0,5,0.03141463462364108,0.03130829483432085,0.0009868792685368685
6,1,0,6,0.031414634623641295,0.01705575514295754,0.0009868792685368822
7,0,0,7,1.5700924586837754e-16,2.220446049250313e-16,2.465190328815662e-32
8,0,0,8,0.03141463462364143,0.06275461340762545,0.0009868792685368908
9,0,0,9,3.140184917367551e-16,4.440892098500626e-16,9.860761315262648e-32
10,2,0,10,0.0,0.0,0.0
11,0,0,11,1.5700924586837754e-16,2.220446049250313e-16,2.465190328815662e-32
12,2,0,12,0.03141463462364114,0.002357624288833682,0.0009868792685368726
13,0,0,13,0.03141463462364117,0.02708671255908457,0.0009868792685368748
14,0,0,14,0.0,0.0,0.0
15,0,0,15,1.1443916996305594e-16,2.220446049250313e-16,1.3096323621833204e-32
16,0,0,16,0.03141463462364149,0.03802635630018414,0.0009868792685368945
17,0,0,17,0.03141463462364111,0.03563493987089705,0.0009868792685368707
18,1,0,18,0.031414634623641066,0.007280190490690286,0.0009868792685368683
19,2,0,19,1.5700924586837754e-16,2.220446049250313e-16,2.465190328815662e-32
20,0,0,20,0.03141463462364126,0.061838167123782095,0.0009868792685368802
21,1,0,21,0.031414634623641136,0.03300985146348312,0.0009868792685368724
22,2,0,22,0.0,0.0,0.0
23,2,0,23,1.9999999999999998,3.9776348770610843,1.4997597826618576e-32
24,2,0,24,0.03141463462364113,0.033170246005351345,0.000986879268536872
25,1,0,25,0.03141463462364108,0.05974814471308121,0.000986879268536869
26,0,0,26,0.0,0.0,0.0
27,1,0,27,3.510833468576701e-16,2.220446049250313e-16,1.232595164407831e-31
28,2,0,28,2.482534153247273e-16,2.220446049250313e-16,6.162975822039155e-32
29,0,0,29,0.03141463462364141,0.05644856337406179,0.0009868792685368897
30,0,0,30,2.220446049250313e-16,0.0,4.930380657631324e-32
31,2,0,31,0.031414634623641295,0.05175967626925848,0.0009868792685368824
32,1,0,32,0.03141463462364114,0.0628282292571507,0.0009868792685368728
33,0,0,33,1.5700924586837754e-16,2.220446049250313e-16,2.465190328815662e-32
34,0,0,34,0.03141463462364126,0.03655607216677614,0.0009868792685368802
35,0,0,35,0.03141463462364122,0.05839051959231356,0.0009868792685368776
36,0,0,36,0.0,0.0,0.0
37,2,0,37,0.031414634623641365,0.03884629524191818,0.0009868792685368867
38,2,0,38,1.5700924586837754e-16,2.220446049250313e-16,2.465190328815662e-32
39,0,0,39,0.0314146346236413,0.05703258376292086,0.0009868792685368828
40,0,0,40,0.0,0.0,0.0
41,0,0,41,1.1102230246251565e-16,2.220446049250313e-16,1.232595164407831e-32
42,2,0,42,1.2412670766236366e-16,2.220446049250313e-16,1.5407439555097887e-32
43,2,0,43,2.220446049250313e-16,4.440892098500626e-16,4.930380657631324e-32
44,2,0,44,0.03141463462364118,0.01251870401748656,0.000986879268536875
45,0,0,45,0.03141463462364135,0.008468704190252474,0.0009868792685368858
46,2,0,46,0.031414634623641115,0.03598584689367712,0.000986879268536871
47,2,0,47,1.9999999999999998,3.3319518598601663,2.732792197835582e-31
48,0,0,48,0.0,0.0,0.0
49,0,0,49,1.5700924586837754e-16,2.220446049250313e-16,2.465190328815662e-32
50,0,0,50,0.0314146346236416,0.06089542953068661,0.0009868792685369015
51,0,0,51,0.031414634623641156,0.051704312382822915,0.0009868792685368737
52,1,0,52,0.0,0.0,0.0
53,1,0,53,0.03141463462364139,0.0627803630677506,0.0009868792685368884
54,2,0,54,0.03141463462364126,0.05694418857247152,0.0009868792685368802
55,2,0,55,1.9997532649633212,3.999337829542618,0.0009868792685369023
56,1,0,56,0.031414634623641115,0.011870962085705594,0.0009868792685368709
57,2,0,57,2.7755575615628914e-16,3.3306690738754696e-16,7.703719777548943e-32
58,1,0,58,0.03141463462364123,0.057132888090855816,0.0009868792685368785
59,2,0,59,0.03141463462364134,0.04391673965504039,0.000986879268536885
60,1,0,60,0.0314146346236412,0.05820329974726646,0.0009868792685368765
61,2,0,61,0.03141463462364116,0.009453747755927555,0.0009868792685368741
62,2,0,62,0.0,0.0,0.0
63,0,0,63,1.5700924586837754e-16,2.220446049250313e-16,2.465190328815662e-32
64,1,0,64,2.482534153247273e-16,4.440892098500626e-16,6.162975822039155e-32
65,1,0,65,1.1102230246251565e-16,2.220446049250313e-16,1.232595164407831e-32
66,1,0,66,0.03141463462364137,0.03709374614486771,0.0009868792685368871
67,0,0,67,0.03141463462364123,0.054694994859943113,0.0009868792685368782
68,1,0,68,0.03141463462364138,0.04008889116604819,0.0009868792685368874
69,2,0,69,2.482534153247273e-16,2.220446049250313e-16,6.162975822039155e-32
70,2,0,70,0.03141463462364126,0.04735355097093419,0.00098687926853688
71,1,0,71,1.2412670766236366e-16,1.1102230246251565e-16,1.5407439555097887e-32
72,0,0,72,1.5700924586837754e-16,2.220446049250313e-16,2.465190328815662e-32
73,1,0,73,0.0314146346236411,0.049091808332203835,0.0009868792685368702
74,1,0,74,0.03141463462364113,0.04639396534895979,0.000986879268536872
75,2,0,75,5.551115123125783e-17,1.1102230246251565e-16,3.0814879110195774e-33
76,0,0,76,0.0,0.0,0.0
77,2,0,77,1.9997532649633212,1.5023320135373448,0.0009868792685368915
78,0,0,78,0.031414634623641274,0.0322558613477415,0.000986879268536881
79,1,0,79,0.031414634623641434,0.06206975105055168,0.0009868792685368913
80,2,0,80,0.03141463462364114,0.0324775043801242,0.0009868792685368728
81,2,0,81,0.0,0.0,0.0
82,2,0,82,0.03141463462364127,0.039728793303394516,0.0009868792685368809
83,1,0,83,0.031414634623641594,0.05165391829540256,0.000986879268536901
84,0,0,84,0.0,0.0,0.0
85,0,0,85,1.5700924586837754e-16,2.220446049250313e-16,2.465190328815662e-32
86,0,0,86,0.031414634623641226,0.035381901776683655,0.000986879268536878
87,0,0,87,0.03141463462364123,0.040517687475897235,0.0009868792685368785
88,1,0,88,1.1102230246251565e-16,2.220446049250313e-16,1.232595164407831e-32
89,0,0,89,0.03141463462364122,0.031537563294565585,0.0009868792685368778
90,0,0,90,0.03141463462364121,0.03164976420585863,0.0009868792685368774
91,0,0,91,0.03141463462364116,0.05664421826641819,0.000986879268536874
92,0,0,92,1.2412670766236366e-16,2.220446049250313e-16,1.5407439555097887e-32
93,2,0,93,0.03141463462364131,0.0550951151958301,0.0009868792685368832
94,2,0,94,0.0,0.0,0.0
95,0,0,95,1.2412670766236366e-16,1.1102230246251565e-16,1.5407439555097887e-32
96,0,0,96,1.5700924586837754e-16,2.220446049250313e-16,2.465190328815662e-32
97,2,0,97,0.0,0.0,0.0
98,1,0,98,1.1102230246251565e-16,0.0,1.232595164407831e-32
99,2,0,99,0.03141463462364119,0.05923795453510028,0.000986879268536876
100,2,0,100,0.03141463462364142,0.012407017050507951,0.00098687926853689
101,1,0,101,0.03141463462364111,0.05593261858257892,0.0009868792685368707
102,2,0,102,0.03141463462364116,0.0018972855384875587,0.0009868792685368737
103,0,0,103,1.5700924586837754e-16,2.220446049250313e-16,2.465190328815662e-32
104,1,0,104,0.0,0.0,0.0
105,0,0,105,0.0,0.0,0.0
106,2,0,106,0.03141463462364151,0.06234184409382448,0.000986879268536896
107,2,0,107,0.0,0.0,0.0
108,0,0,108,0.0,0.0,0.0
109,2,0,109,5.551115123125783e-17,1.1102230246251565e-16,3.0814879110195774e-33
110,0,0,110,1.6653345369377348e-16,3.3306690738754696e-16,2.7733391199176196e-32
111,2,0,111,0.03141463462364127,0.01656231067991154,0.0009868792685368804
112,1,0,112,1.2412670766236366e-16,2.220446049250313e-16,1.5407439555097887e-32
113,0,0,113,0.031414634623641316,0.062054690757286424,0.0009868792685368835
114,0,0,114,0.031414634623641254,0.05514724672812055,0.00098687926853688
115,1,0,115,0.03141463462364132,0.0037388410628167446,0.000986879268536884
116,0,0,116,0.031414634623641205,0.04891766954782595,0.0009868792685368765
117,1,0,117,0.031414634623641344,0.015514047912283724,0.0009868792685368854
118,2,0,118,2.482534153247273e-16,2.220446049250313e-16,6.162975822039155e-32
119,1,0,119,0.0,0.0,0.0
120,2,0,120,0.03141463462364117,0.06241820007455923,0.0009868792685368743
121,2,0,121,0.0314146346236413,0.05408209808539477,0.0009868792685368828
122,1,0,122,0.0314146346236413,0.050996922468621975,0.0009868792685368828
123,2,0,123,0.03141463462364126,0.06281361208817429,0.0009868792685368804
124,1,0,124,0.03141463462364112,0.05024966990338031,0.0009868792685368715
125,0,0,125,0.0,0.0,0.0
126,2,0,126,0.0,0.0,0.0
127,0,0,127,0.03141463462364127,0.010549732234770293,0.0009868792685368806
128,1,0,128,1.1102230246251565e-16,0.0,1.232595164407831e-32
129,0,0,129,0.0,0.0,0.0
130,0,0,130,1.5700924586837754e-16,2.220446049250313e-16,2.465190328815662e-32
131,0,0,131,0.03141463462364112,0.01075257375681038,0.000986879268536871
132,0,0,132,0.03141463462364125,0.013360672584900035,0.0009868792685368795
133,1,0,133,0.0,0.0,0.0
134,1,0,134,0.031414634623641205,0.026585138997323288,0.0009868792685368767
135,2,0,135,0.03141463462364146,0.05747214684360591,0.0009868792685368932
136,1,0,136,1.1102230246251565e-16,0.0,1.232595164407831e-32
137,0,0,137,0.03141463462364148,0.06261426391431624,0.000986879268536894
138,0,0,138,0.0,0.0,0.0
139,2,0,139,0.031414634623641365,0.007235603847576266,0.0009868792685368865
140,1,0,140,0.0,0.0,0.0
141,1,0,141,0.03141463462364117,0.04863798553915677,0.0009868792685368743
142,2,0,142,0.0314146346236414,0.01417159731583606,0.0009868792685368889
143,1,0,143,1.1102230246251565e-16,0.0,1.232595164407831e-32
144,2,0,144,0.03141463462364124,0.03452237178262951,0.000986879268536879
145,2,0,145,5.551115123125783e-17,1.1102230246251565e-16,3.0814879110195774e-33
146,2,0,146,0.031414634623641274,0.05900376357035897,0.0009868792685368813
147,0,0,147,2.482534153247273e-16,4.440892098500626e-16,6.162975822039155e-32
148,0,0,148,0.03141463462364138,0.06175798095950236,0.0009868792685368876
149,1,0,149,0.0,0.0,0.0
150,1,0,150,1.5700924586837754e-16,2.220446049250313e-16,2.465190328815662e-32
151,0,0,151,0.03141463462364113,0.05995022161861152,0.000986879268536872
152,0,0,152,0.03141463462364125,0.061285402469291816,0.0009868792685368793
153,2,0,153,2.2887833992611187e-16,4.440892098500626e-16,5.238529448733282e-32
154,2,0,154,0.03141463462364121,0.023421964149327623,0.0009868792685368772
155,1,0,155,0.03141463462364117,0.04017288206397285,0.0009868792685368743
156,2,0,156,4.163336342344337e-17,8.326672684688674e-17,1.7333369499485123e-33
157,2,0,157,0.031414634623641184,0.002729474094580242,0.0009868792685368754
158,1,0,158,0.0,0.0,0.0
159,2,0,159,0.0,0.0,0.0
160,2,0,160,0.0314146346236413,0.007550782231739106,0.0009868792685368826
161,1,0,161,1.5700924586837754e-16,2.220446049250313e-16,2.465190328815662e-32
162,0,0,162,0.031414634623641406,0.020988064614452906,0.0009868792685368893
163,1,0,163,0.0,0.0,0.0
164,2,0,164,5.551115123125783e-17,0.0,3.0814879110195774e-33
165,2,0,165,0.031414634623641295,0.05095047957832022,0.0009868792685368824
166,0,0,166,0.0,0.0,0.0
167,1,0,167,0.03141463462364119,0.030251218854121076,0.0009868792685368756
168,0,0,168,0.0,0.0,0.0
169,0,0,169,0.0,0.0,0.0
170,1,0,170,0.03141463462364123,0.04843221517882412,0.0009868792685368785
171,0,0,171,0.031414634623641066,0.046934537802071574,0.000986879268536868
172,0,0,172,0.0,0.0,0.0
173,2,0,173,1.185718710066887e-16,8.326672684688674e-17,1.4059288594026822e-32
174,1,0,174,0.031414634623641226,0.0573689272102913,0.0009868792685368782
175,1,0,175,1.5700924586837754e-16,2.220446049250313e-16,2.465190328815662e-32
176,1,0,176,1.1102230246251565e-16,0.0,1.232595164407831e-32
177,1,0,177,0.0,0.0,0.0
178,1,0,178,1.1102230246251565e-16,2.220446049250313e-16,1.232595164407831e-32
179,1,0,179,0.0,0.0,0.0
180,1,0,180,1.5700924586837754e-16,2.220446049250313e-16,2.465190328815662e-32
181,2,0,181,2.482534153247273e-16,2.220446049250313e-16,6.162975822039155e-32
182,2,0,182,0.03141463462364122,0.061959648946447954,0.0009868792685368774
183,0,0,183,0.03141463462364115,0.03966809247652092,0.0009868792685368733
184,1,0,184,0.0,0.0,0.0
185,0,0,185,0.031414634623641344,0.007035571211041036,0.0009868792685368852
186,2,0,186,5.551115123125783e-17,1.1102230246251565e-16,3.0814879110195774e-33
187,2,0,187,0.031414634623641136,0.015386206173400696,0.0009868792685368726
188,0,0,188,2.220446049250313e-16,4.440892098500626e-16,4.930380657631324e-32
189,2,0,189,1.1102230246251565e-16,0.0,1.232595164407831e-32
190,1,0,190,0.0314146346236412,0.03678458445193944,0.0009868792685368763
191,1,0,191,0.0314146346236412,0.05985067411065015,0.0009868792685368763
192,0,0,192,0.03141463462364132,0.0311986849435697,0.0009868792685368839
193,2,0,193,0.0,0.0,0.0
194,2,0,194,0.03141463462364133,0.0591562883980814,0.0009868792685368848
195,0,0,195,0.03141463462364139,0.06264125118023389,0.0009868792685368887
196,0,0,196,0.0,0.0,0.0
197,2,0,197,0.0,0.0,0.0
198,1,0,198,0.03141463462364111,0.0577688748281161,0.0009868792685368704
199,0,0,199,1.1102230246251565e-16,0.0,1.232595164407831e-32
200,0,0,200,0.031414634623641,0.03502613162787527,0.0009868792685368635
201,1,0,201,1.1443916996305594e-16,5.551115123125783e-17,1.3096323621833204e-32
202,0,0,202,0.031414634623641295,0.06252752992660954,0.0009868792685368824
203,0,0,203,0.03141463462364133,0.05535875186633443,0.0009868792685368845
204,2,0,204,0.031414634623641406,0.04122215542763619,0.0009868792685368893
205,1,0,205,0.0,0.0,0.0
206,2,0,206,1.1102230246251565e-16,0.0,1.232595164407831e-32
207,2,0,207,5.551115123125783e-17,0.0,3.0814879110195774e-33
208,1,0,208,1.5700924586837754e-16,2.220446049250313e-16,2.465190328815662e-32
209,1,0,209,0.0,0.0,0.0
210,1,0,210,0.03141463462364117,0.06262233609278245,0.0009868792685368743
211,0,0,211,0.0314146346236413,0.04664309481800499,0.0009868792685368828
212,0,0,212,0.0,0.0,0.0
213,1,0,213,1.2412670766236366e-16,1.1102230246251565e-16,1.5407439555097887e-32
214,2,0,214,1.5700924586837754e-16,2.220446049250313e-16,2.465190328815662e-32
215,0,0,215,0.03141463462364113,0.013104630580959453,0.000986879268536872
216,0,0,216,0.031414634623641226,0.05074599034288729,0.000986879268536878
217,0,0,217,0.03141463462364125,0.04238296973791966,0.0009868792685368793
218,2,0,218,0.031414634623641066,0.04420977913922375,0.000986879268536868
219,0,0,219,0.03141463462364134,0.05722194953273585,0.0009868792685368854
220,1,0,220,0.03141463462364141,0.02801704436090291,0.0009868792685368897
221,0,0,221,0.031414634623641344,0.03479886560893153,0.0009868792685368856
222,2,0,222,0.0,0.0,0.0
223,0,0,223,5.551115123125783e-17,0.0,3.0814879110195774e-33
224,0,0,224,0.031414634623641025,0.011710428511479076,0.0009868792685368655
225,2,0,225,2.371437420133774e-16,1.6653345369377348e-16,5.623715437610729e-32
226,2,0,226,0.0,0.0,0.0
227,2,0,227,0.03141463462364119,0.06282463757629031,0.0009868792685368759
228,2,0,228,0.0,0.0,0.0
229,1,0,229,0.03141463462364137,0.058689390924771656,0.0009868792685368871
230,2,0,230,0.0,0.0,0.0
231,2,0,231,0.0,0.0,0.0
232,0,0,232,1.5700924586837754e-16,2.220446049250313e-16,2.465190328815662e-32
233,0,0,233,0.031414634623641184,0.010939614393421282,0.0009868792685368756
234,1,0,234,0.031414634623641295,0.00587649284312497,0.0009868792685368824
235,0,0,235,0.03141463462364117,0.056488808415915304,0.0009868792685368746
236,0,0,236,0.0,0.0,0.0
237,0,0,237,0.0,0.0,0.0
238,2,0,238,0.031414634623641434,0.052614714718002054,0.000986879268536891
239,0,0,239,1.7772239894833365e-16,2.220446049250313e-16,3.158525108795067e-32
240,0,0,240,0.0,0.0,0.0
241,1,0,241,0.03141463462364108,0.06159214011349173,0.0009868792685368691
242,2,0,242,2.220446049250313e-16,0.0,4.930380657631324e-32
243,1,0,243,0.0,0.0,0.0
244,1,0,244,0.0,0.0,0.0
245,2,0,245,1.2412670766236366e-16,2.220446049250313e-16,1.5407439555097887e-32
246,0,0,246,0.0,0.0,0.0
247,1,0,247,0.031414634623641066,0.03799301592432891,0.000986879268536868
248,0,0,248,1.1443916996305594e-16,5.551115123125783e-17,1.3096323621833204e-32
249,0,0,249,0.0,0.0,0.0
250,0,0,250,0.0,0.0,0.0
251,0,0,251,0.0,0.0,0.0
252,2,0,252,0.03141463462364096,0.04993369473808684,0.0009868792685368613
253,2,0,253,1.9997532649633212,3.973608401347455,0.0009868792685368904
254,1,0,254,0.03141463462364146,0.05617479977867168,0.0009868792685368928
255,0,0,255,0.03141463462364116,0.053672456653225176,0.0009868792685368741
256,1,0,256,1.5700924586837754e-16,2.220446049250313e-16,2.465190328815662e-32
257,0,0,257,0.03141463462364121,0.0616823257945458,0.0009868792685368772
258,0,0,258,0.0,0.0,0.0
259,2,0,259,0.0,0.0,0.0
260,1,0,260,2.482534153247273e-16,4.440892098500626e-16,6.162975822039155e-32
261,2,0,261,1.2412670766236366e-16,1.1102230246251565e-16,1.5407439555097887e-32
262,1,0,262,0.03141463462364123,0.061344111563888415,0.0009868792685368787
263,1,0,263,0.0,0.0,0.0
264,0,0,264,0.031414634623641136,0.05388968624958612,0.0009868792685368724
265,2,0,265,0.0,0.0,0.0
266,0,0,266,0.03141463462364118,0.0555824673282429,0.000986879268536875
267,1,0,267,2.220446049250313e-16,0.0,4.930380657631324e-32
268,2,0,268,0.0,0.0,0.0
269,0,0,269,0.031414634623641476,0.03555967187287523,0.0009868792685368939
270,2,0,270,2.7755575615628914e-17,0.0,7.703719777548943e-34
271,1,0,271,0.03141463462364122,0.047379368047563375,0.0009868792685368778
272,1,0,272,0.031414634623641205,0.015587631168985983,0.0009868792685368767
273,1,0,273,0.0,0.0,0.0
274,2,0,274,0.0,0.0,0.0
275,1,0,275,0.0,0.0,0.0
276,2,0,276,2.2887833992611187e-16,1.1102230246251565e-16,5.238529448733282e-32
277,2,0,277,0.031414634623641226,0.04055505773849388,0.0009868792685368778
278,1,0,278,1.2412670766236366e-16,1.1102230246251565e-16,1.5407439555097887e-32
279,0,0,279,0.031414634623641066,0.06050475238396269,0.0009868792685368683
280,1,0,280,0.0,0.0,0.0
281,2,0,281,1.1102230246251565e-16,0.0,1.232595164407831e-32
282,0,0,282,0.031414634623641274,0.04925925455652225,0.0009868792685368813
283,0,0,283,0.0,0.0,0.0
284,0,0,284,0.031414634623641344,0.009098262495427,0.0009868792685368854
285,2,0,285,0.03141463462364124,0.006514074828536165,0.000986879268536879
286,0,0,286,1.9997532649633216,3.8074435181208077,0.000986879268536887
287,0,0,287,0.03141463462364142,0.04790935848736955,0.0009868792685368902
288,0,0,288,2.7755575615628914e-17,5.551115123125783e-17,7.703719777548943e-34
289,2,0,289,0.03141463462364114,0.050228237972619105,0.0009868792685368728
290,1,0,290,0.0,0.0,0.0
291,0,0,291,0.03141463462364128,0.03979732540582903,0.0009868792685368817
292,1,0,292,0.03141463462364107,0.042212594271541226,0.0009868792685368683
293,1,0,293,0.0,0.0,0.0
294,2,0,294,2.482534153247273e-16,4.440892098500626e-16,6.162975822039155e-32
295,2,0,295,0.0,0.0,0.0
296,0,0,296,1.1102230246251565e-16,0.0,1.232595164407831e-32
297,2,0,297,0.0314146346236413,0.06164914669989785,0.0009868792685368828
298,2,0,298,2.482534153247273e-16,4.440892098500626e-16,6.162975822039155e-32
299,0,0,299,0.03141463462364119,0.0204558255653724,0.000986879268536876
300,1,0,300,1.1102230246251565e-16,2.220446049250313e-16,1.232595164407831e-32
301,1,0,301,0.03141463462364111,0.02886152415472809,0.0009868792685368704
302,2,0,302,0.0,0.0,0.0
303,2,0,303,0.0,0.0,0.0
304,0,0,304,0.03141463462364115,0.024081171090491793,0.000986879268536873
305,1,0,305,0.031414634623641295,0.038984783904057574,0.0009868792685368824
306,1,0,306,0.03141463462364139,0.0520254690423998,0.0009868792685368884
307,0,0,307,0.0314146346236412,0.06178461379356437,0.0009868792685368763
308,0,0,308,0.031414634623641205,0.061460173529311046,0.0009868792685368765
309,2,0,309,0.03141463462364107,0.03142448526327324,0.0009868792685368685
310,0,0,310,0.031414634623641295,0.039001069746639194,0.0009868792685368824
311,0,0,311,0.03141463462364122,0.03821244221426423,0.0009868792685368776
312,1,0,312,1.1102230246251565e-16,0.0,1.232595164407831e-32
313,2,0,313,0.03141463462364119,0.060322717050189434,0.0009868792685368759
314,2,0,314,5.551115123125783e-17,1.1102230246251565e-16,3.0814879110195774e-33
315,0,0,315,0.03141463462364125,0.062346254136953716,0.0009868792685368791
316,0,0,316,1.4752290795525882e-16,2.220446049250313e-16,2.1763008371575765e-32
317,0,0,317,5.551115123125783e-17,0.0,3.0814879110195774e-33
318,0,0,318,0.03141463462364123,0.011712813102281894,0.0009868792685368782
319,0,0,319,0.0314146346236412,0.06131063091445732,0.0009868792685368763
320,2,0,320,2.237726045655905e-16,2.220446049250313e-16,5.007417855406813e-32
321,0,0,321,0.0,0.0,0.0
322,1,0,322,0.0314146346236413,0.050650176598519,0.000986879268536883
323,0,0,323,0.03141463462364126,0.06184399881479291,0.0009868792685368802
324,0,0,324,1.1102230246251565e-16,2.220446049250313e-16,1.232595164407831e-32
325,1,0,325,1.5700924586837754e-16,2.220446049250313e-16,2.465190328815662e-32
326,1,0,326,1.6653345369377348e-16,0.0,2.7733391199176196e-32
327,2,0,327,0.03141463462364138,0.04568565130455693,0.0009868792685368878
328,0,0,328,0.03141463462364119,0.062216304030594693,0.0009868792685368759
329,1,0,329,0.0,0.0,0.0
330,0,0,330,0.03141463462364147,0.0505950376157811,0.000986879268536893
331,2,0,331,1.2412670766236366e-16,2.220446049250313e-16,1.5407439555097887e-32
332,0,0,332,0.0314146346236412,0.053969023447027364,0.0009868792685368763
333,2,0,333,0.03141463462364128,0.05221837225965742,0.0009868792685368815
334,0,0,334,0.03141463462364132,0.026424876888833326,0.000986879268536884
335,2,0,335,0.03141463462364121,0.02708125960677199,0.000986879268536877
336,0,0,336,0.0,0.0,0.0
337,0,0,337,1.1102230246251565e-16,2.220446049250313e-16,1.232595164407831e-32
338,1,0,338,0.03141463462364145,0.06235889163436925,0.000986879268536892
339,2,0,339,2.482534153247273e-16,4.440892098500626e-16,6.162975822039155e-32
340,1,0,340,0.03141463462364143,0.058160742709113755,0.0009868792685368906
341,0,0,341,1.6711069443220838e-16,2.498001805406602e-16,2.792598419361492e-32
342,2,0,342,0.0,0.0,0.0
343,0,0,343,0.0314146346236414,0.057357475537253455,0.0009868792685368889
344,2,0,344,0.031414634623641136,0.04877995524628598,0.0009868792685368724
345,0,0,345,0.03141463462364126,0.004621896333809161,0.00098687926853688
346,2,0,346,0.03141463462364118,0.0017996212074240514,0.0009868792685368752
347,0,0,347,0.0314146346236412,0.058136611448358244,0.0009868792685368763
348,2,0,348,0.03141463462364129,0.05592944199871286,0.0009868792685368822
349,1,0,349,0.03141463462364117,0.060043192869401074,0.0009868792685368746
350,1,0,350,1.2412670766236366e-16,1.1102230246251565e-16,1.5407439555097887e-32
351,1,0,351,0.03141463462364122,0.06164039930418552,0.0009868792685368776
352,1,0,352,0.03141463462364133,0.028299823482707875,0.0009868792685368845
353,2,0,353,0.031414634623641274,0.008543386864065416,0.0009868792685368809
354,0,0,354,1.1102230246251565e-16,0.0,1.232595164407831e-32
355,2,0,355,0.03141463462364126,0.0518253783625473,0.0009868792685368802
356,0,0,356,1.1102230246251565e-16,2.220446049250313e-16,1.232595164407831e-32
357,2,0,357,0.031414634623641496,0.039150626536146316,0.000986879268536895
358,2,0,358,0.03141463462364138,0.029117621530295068,0.0009868792685368876
359,1,0,359,0.0,0.0,0.0
360,1,0,360,0.0,0.0,0.0
361,2,0,361,0.03141463462364137,0.05197591351447173,0.0009868792685368871
362,0,0,362,0.031414634623641316,0.05865540420186022,0.0009868792685368839
363,0,0,363,0.03141463462364122,0.05618775028469758,0.0009868792685368778
364,0,0,364,0.0,0.0,0.0
365,1,0,365,0.03141463462364124,0.06208830267654569,0.000986879268536879
366,2,0,366,0.031414634623641205,0.05374665966356851,0.0009868792685368767
367,0,0,367,1.5700924586837754e-16,2.220446049250313e-16,2.465190328815662e-32
368,2,0,368,0.031414634623641254,0.06274068932806809,0.00098687926853688
369,2,0,369,0.03141463462364122,0.04136293195045204,0.0009868792685368776
370,2,0,370,1.2412670766236366e-16,1.1102230246251565e-16,1.5407439555097887e-32
371,1,0,371,0.031414634623641226,0.042858684303790806,0.0009868792685368782
372,2,0,372,0.0,0.0,0.0
373,2,0,373,0.031414634623641344,0.022542325919340023,0.0009868792685368854
374,0,0,374,0.031414634623641496,0.0627176642559294,0.000986879268536895
375,1,0,375,1.1102230246251565e-16,2.220446049250313e-16,1.232595164407831e-32
376,2,0,376,0.0314146346236414,0.022271293838892703,0.000986879268536889
377,0,0,377,0.03141463462364145,0.06265808000586082,0.0009868792685368921
378,0,0,378,1.1102230246251565e-16,0.0,1.232595164407831e-32
379,0,0,379,2.220446049250313e-16,0.0,4.930380657631324e-32
380,0,0,380,0.0,0.0,0.0
381,0,0,381,0.0,0.0,0.0
382,2,0,382,0.031414634623641156,0.056060346726269805,0.0009868792685368737
383,1,0,383,0.0,0.0,0.0
384,2,0,384,2.7755575615628914e-17,5.551115123125783e-17,7.703719777548943e-34
385,1,0,385,0.0,0.0,0.0
386,1,0,386,0.031414634623641226,0.00916807057759117,0.0009868792685368776
387,2,0,387,0.03141463462364138,0.06267190066846617,0.0009868792685368874
388,1,0,388,0.0,0.0,0.0
389,2,0,389,0.03141463462364119,0.026559040103896647,0.0009868792685368759
390,1,0,390,0.0,0.0,0.0
391,0,0,391,0.03141463462364132,0.0439646956849955,0.000986879268536884
392,1,0,392,1.1102230246251565e-16,0.0,1.232595164407831e-32
393,2,0,393,0.03141463462364103,0.06109669509992788,0.0009868792685368657
394,0,0,394,0.03141463462364131,0.06269094149546584,0.0009868792685368832
395,0,0,395,5.551115123125783e-17,0.0,3.0814879110195774e-33
396,0,0,396,0.031414634623641205,0.057009265721355895,0.0009868792685368765
397,1,0,397,2.482534153247273e-16,2.220446049250313e-16,6.162975822039155e-32
398,1,0,398,0.03141463462364111,0.06181039785129233,0.0009868792685368709
399,1,0,399,5.551115123125783e-17,1.1102230246251565e-16,3.0814879110195774e-33
400,1,0,400,1.1102230246251565e-16,0.0,1.232595164407831e-32
401,0,0,401,1.1102230246251565e-16,2.220446049250313e-16,1.232595164407831e-32
402,0,0,402,0.0,0.0,0.0
403,2,0,403,0.03141463462364126,0.003968213378728214,0.00098687926853688
404,0,0,404,0.03141463462364108,0.0014397527897840323,0.0009868792685368687
405,0,0,405,1.2412670766236366e-16,1.1102230246251565e-16,1.5407439555097887e-32
406,0,0,406,0.0,0.0,0.0
407,2,0,407,5.551115123125783e-17,1.1102230246251565e-16,3.0814879110195774e-33
408,1,0,408,0.03141463462364127,0.05594595532593427,0.0009868792685368806
409,2,0,409,1.2412670766236366e-16,1.1102230246251565e-16,1.5407439555097887e-32
410,0,0,410,0.0,0.0,0.0
411,1,0,411,0.03141463462364128,0.059754077331640176,0.0009868792685368815
412,1,0,412,0.03141463462364108,0.02425619842660942,0.0009868792685368687
413,1,0,413,1.1102230246251565e-16,2.220446049250313e-16,1.232595164407831e-32
414,1,0,414,0.03141463462364111,0.061645597216910875,0.0009868792685368704
415,2,0,415,0.031414634623641406,0.0525724041769815,0.0009868792685368893
416,1,0,416,0.0314146346236413,0.012709603146689341,0.000986879268536883
417,2,0,417,0.03141463462364118,0.06281058664996464,0.000986879268536875
418,0,0,418,0.03141463462364138,0.038804527106568676,0.0009868792685368876
419,1,0,419,0.031414634623641205,0.03116130159655306,0.0009868792685368765
420,2,0,420,1.1102230246251565e-16,0.0,1.232595164407831e-32
421,2,0,421,0.03141463462364136,0.06235424617638374,0.0009868792685368865
422,0,0,422,0.031414634623641184,0.04165977734239301,0.0009868792685368754
423,0,0,423,0.03141463462364137,0.047607920079205,0.0009868792685368871
424,0,0,424,0.0,0.0,0.0
425,1,0,425,0.0,0.0,0.0
426,2,0,426,0.031414634623641316,0.04765575694761792,0.0009868792685368837
427,2,0,427,0.03141463462364125,0.0591151619258361,0.0009868792685368795
428,1,0,428,0.03141463462364129,0.012877455794477077,0.0009868792685368817
429,0,0,429,0.0,0.0,0.0
430,2,0,430,1.1102230246251565e-16,2.220446049250313e-16,1.232595164407831e-32
431,0,0,431,0.031414634623641344,0.0010351466985938362,0.0009868792685368848
432,1,0,432,2.220446049250313e-16,4.440892098500626e-16,4.930380657631324e-32
433,2,0,433,0.03141463462364145,0.0627292949383359,0.000986879268536892
434,2,0,434,1.1102230246251565e-16,2.220446049250313e-16,1.232595164407831e-32
435,2,0,435,0.031414634623641226,0.022922686040728335,0.0009868792685368782
436,0,0,436,0.0,0.0,0.0
437,2,0,437,1.5700924586837754e-16,2.220446049250313e-16,2.465190328815662e-32
438,0,0,438,0.03141463462364125,0.06251184200039517,0.0009868792685368793
439,0,0,439,0.03141463462364117,0.04150526564034762,0.0009868792685368746
440,1,0,440,0.03141463462364125,0.04015336975045858,0.0009868792685368791
441,2,0,441,2.482534153247273e-16,2.220446049250313e-16,6.162975822039155e-32
442,2,0,442,0.03141463462364122,0.047713833322936106,0.0009868792685368776
443,0,0,443,0.03141463462364127,0.0217172817367417,0.0009868792685368804
444,2,0,444,0.03141463462364125,0.0029127595223612524,0.0009868792685368795
445,1,0,445,0.03141463462364135,0.042851101330114716,0.0009868792685368858
446,1,0,446,1.5700924586837754e-16,2.220446049250313e-16,2.465190328815662e-32
447,1,0,447,0.0,0.0,0.0
448,1,0,448,2.482534153247273e-16,2.220446049250313e-16,6.162975822039155e-32
449,1,0,449,0.03141463462364168,0.0501514132008527,0.0009868792685369067
450,2,0,450,0.03141463462364116,0.04166956436892155,0.0009868792685368741
451,0,0,451,0.03141463462364134,0.055232703061064536,0.0009868792685368852
452,1,0,452,1.1102230246251565e-16,0.0,1.232595164407831e-32
453,0,0,453,0.031414634623641365,0.036480859150975986,0.000986879268536887
454,2,0,454,1.1443916996305594e-16,5.551115123125783e-17,1.3096323621833204e-32
455,1,0,455,0.031414634623641136,0.007399785114468038,0.0009868792685368722
456,1,0,456,0.03141463462364115,0.05186929834536569,0.0009868792685368733
457,1,0,457,0.0,0.0,0.0
458,0,0,458,0.03141463462364146,0.02115873187925943,0.0009868792685368928
459,2,0,459,0.0314146346236414,0.0019889522169667107,0.0009868792685368884
460,0,0,460,0.0,0.0,0.0
461,1,0,461,0.031414634623641344,0.00936673404882482,0.0009868792685368856
462,2,0,462,0.0,0.0,0.0
463,1,0,463,0.03141463462364125,0.0067340048681474585,0.0009868792685368793
464,1,0,464,0.0,0.0,0.0
465,2,0,465,0.03141463462364117,0.04415650746050015,0.0009868792685368748
466,2,0,466,0.03141463462364105,0.029602406797794467,0.0009868792685368672
467,1,0,467,1.9997532649633212,2.8479385804817743,0.000986879268536894
468,1,0,468,0.0,0.0,0.0
469,0,0,469,1.9997532649633214,0.7784225530875594,0.000986879268536896
470,2,0,470,0.031414634623641434,0.06282905793618154,0.000986879268536891
471,2,0,471,0.0,0.0,0.0
472,2,0,472,1.6653345369377348e-16,3.3306690738754696e-16,2.7733391199176196e-32
473,1,0,473,0.0,0.0,0.0
474,1,0,474,0.03141463462364129,0.06182784140652786,0.0009868792685368817
475,2,0,475,0.031414634623641184,0.04588214804956858,0.0009868792685368754
476,0,0,476,5.551115123125783e-17,1.1102230246251565e-16,3.0814879110195774e-33
477,1,0,477,5.551115123125783e-17,0.0,3.0814879110195774e-33
478,2,0,478,0.031414634623641226,0.020875079522873374,0.000986879268536878
479,0,0,479,2.482534153247273e-16,4.440892098500626e-16,6.162975822039155e-32
480,2,0,480,5.551115123125783e-17,0.0,3.0814879110195774e-33
481,0,0,481,0.03141463462364135,0.06278598855203521,0.0009868792685368856
482,0,0,482,0.0,0.0,0.0
483,2,0,483,0.0,0.0,0.0
484,1,0,484,0.031414634623641274,0.061950978790773825,0.000986879268536881
485,1,0,485,0.031414634623641156,0.01015786402059593,0.0009868792685368737
486,2,0,486,1.1102230246251565e-16,2.220446049250313e-16,1.232595164407831e-32
487,2,0,487,0.03141463462364118,0.0537316066515201,0.0009868792685368752
488,1,0,488,0.03141463462364123,0.04793412833185107,0.0009868792685368785
489,1,0,489,2.220446049250313e-16,4.440892098500626e-16,4.930380657631324e-32
490,2,0,490,0.03141463462364115,0.025880641616880196,0.0009868792685368733
491,1,0,491,1.5700924586837754e-16,2.220446049250313e-16,2.465190328815662e-32
492,2,0,492,1.5700924586837754e-16,2.220446049250313e-16,2.465190328815662e-32
493,1,0,493,0.0314146346236412,0.020876664887425456,0.000986879268536876
494,2,0,494,5.551115123125783e-17,0.0,3.0814879110195774e-33
495,1,0,495,0.03141463462364119,0.04430568486451869,0.0009868792685368759
496,2,0,496,0.03141463462364122,0.021112103223535295,0.0009868792685368776
497,0,0,497,0.03141463462364119,0.015401776774078835,0.000986879268536876
498,1,0,498,0.03141463462364108,0.053274287734453196,0.000986879268536869
499,1,0,499,0.03141463462364127,0.004648059421711315,0.0009868792685368806
500,1,0,500,0.0,0.0,0.0
501,2,0,501,0.0,0.0,0.0
502,0,0,502,0.0,0.0,0.0
503,2,0,503,0.03141463462364107,0.053738102781354824,0.0009868792685368685
504,0,0,504,0.03141463462364118,0.004357563031234468,0.000986879268536875
505,2,0,505,0.03141463462364144,0.059710797201015575,0.0009868792685368915
506,0,0,506,1.3877787807814457e-16,1.6653345369377348e-16,1.9259299443872359e-32
507,2,0,507,1.5700924586837754e-16,2.220446049250313e-16,2.465190328815662e-32
508,0,0,508,0.0,0.0,0.0
509,2,0,509,0.0314146346236412,0.050799473081123425,0.0009868792685368763
510,0,0,510,0.031414634623641136,0.062453209679873445,0.0009868792685368722
511,1,0,511,0.03141463462364112,0.06273786472789955,0.0009868792685368713
512,0,0,512,0.0314146346236413,0.042970110038798914,0.000986879268536883
513,1,0,513,0.0,0.0,0.0
514,1,0,514,0.03141463462364144,0.049785060924425695,0.0009868792685368917
515,2,0,515,1.1102230246251565e-16,2.220446049250313e-16,1.232595164407831e-32
516,2,0,516,1.2412670766236366e-16,1.1102230246251565e-16,1.5407439555097887e-32
517,2,0,517,1.5700924586837754e-16,2.220446049250313e-16,2.465190328815662e-32
518,1,0,518,0.03141463462364121,0.021249296112241467,0.000986879268536877
519,1,0,519,0.0,0.0,0.0
520,2,0,520,0.0,0.0,0.0
521,0,0,521,0.0,0.0,0.0
522,0,0,522,0.03141463462364111,0.06253756692120949,0.0009868792685368707
523,0,0,523,0.0,0.0,0.0
524,1,0,524,2.0014830212433607e-16,2.220446049250313e-16,4.0059342843254506e-32
525,2,0,525,0.031414634623641226,0.05398466496209753,0.0009868792685368782
526,0,0,526,0.03141463462364133,0.03880738654261884,0.0009868792685368845
527,0,0,527,0.031414634623641434,0.05971385109382199,0.000986879268536891
528,0,0,528,1.1102230246251565e-16,0.0,1.232595164407831e-32
529,1,0,529,0.0,0.0,0.0
530,1,0,530,0.03141463462364122,0.019113117735333862,0.0009868792685368778
531,2,0,531,0.031414634623641184,0.035717765800193924,0.0009868792685368754
532,1,0,532,0.03141463462364119,0.0486277991160331,0.0009868792685368759
533,2,0,533,0.031414634623641226,0.04620171592966216,0.000986879268536878
534,1,0,534,1.1102230246251565e-16,0.0,1.232595164407831e-32
535,0,0,535,0.03141463462364115,0.027718234535259567,0.0009868792685368733
536,0,0,536,0.031414634623641254,0.05589681302101712,0.0009868792685368798
537,0,0,537,0.03141463462364127,0.051299004080502586,0.0009868792685368806
538,0,0,538,0.0,0.0,0.0
539,2,0,539,0.0,0.0,0.0
540,2,0,540,0.0,0.0,0.0
541,0,0,541,0.0314146346236413,0.02662788865975574,0.000986879268536883
542,0,0,542,0.03141463462364115,0.040724316725575305,0.0009868792685368733
543,0,0,543,0.031414634623641136,0.017908402635834042,0.0009868792685368724
544,1,0,544,2.220446049250313e-16,0.0,4.930380657631324e-32
545,1,0,545,0.03141463462364106,0.030355680224124493,0.0009868792685368674
546,0,0,546,0.03141463462364135,0.023939678373431583,0.0009868792685368856
547,2,0,547,0.03141463462364143,0.034089238812224476,0.0009868792685368906
548,0,0,548,0.0,0.0,0.0
549,2,0,549,0.0,0.0,0.0
550,0,0,550,0.0,0.0,0.0
551,0,0,551,2.220446049250313e-16,0.0,4.930380657631324e-32
552,2,0,552,2.482534153247273e-16,4.440892098500626e-16,6.162975822039155e-32
553,1,0,553,0.03141463462364122,0.04605636295852289,0.0009868792685368776
554,0,0,554,0.031414634623641476,0.06141836273903617,0.0009868792685368939
555,2,0,555,2.482534153247273e-16,4.440892098500626e-16,6.162975822039155e-32
556,0,0,556,0.03141463462364135,0.017504131818360857,0.0009868792685368856
557,2,0,557,5.551115123125783e-17,0.0,3.0814879110195774e-33
558,0,0,558,0.0,0.0,0.0
559,2,0,559,0.0,0.0,0.0
560,2,0,560,1.1102230246251565e-16,2.220446049250313e-16,1.232595164407831e-32
561,2,0,561,0.03141463462364139,0.06111406020329746,0.0009868792685368887
562,1,0,562,0.03141463462364126,0.061662994789822456,0.0009868792685368804
563,2,0,563,0.0,0.0,0.0
564,1,0,564,0.03141463462364106,0.06279148958548608,0.0009868792685368674
565,0,0,565,0.031414634623641455,0.018676521317353867,0.0009868792685368923
566,2,0,566,1.3877787807814457e-16,2.220446049250313e-16,1.9259299443872359e-32
567,1,0,567,0.03141463462364123,0.008105943436567786,0.0009868792685368785
568,1,0,568,0.03141463462364118,0.0534115793563934,0.000986879268536875
569,0,0,569,0.0,0.0,0.0
570,2,0,570,0.03141463462364143,0.05973956820362669,0.000986879268536891
571,1,0,571,5.551115123125783e-17,1.1102230246251565e-16,3.0814879110195774e-33
572,0,0,572,0.0,0.0,0.0
573,2,0,573,2.0014830212433607e-16,3.3306690738754696e-16,4.0059342843254506e-32
574,1,0,574,5.551115123125783e-17,0.0,3.0814879110195774e-33
575,1,0,575,0.03141463462364108,0.039458557983089726,0.000986879268536869
576,2,0,576,0.03141463462364138,0.021358607624405224,0.0009868792685368874
577,2,0,577,0.0,0.0,0.0
578,0,0,578,0.0,0.0,0.0
579,1,0,579,0.0,0.0,0.0
580,2,0,580,1.2412670766236366e-16,1.1102230246251565e-16,1.5407439555097887e-32
581,1,0,581,0.0,0.0,0.0
582,2,0,582,1.2412670766236366e-16,2.220446049250313e-16,1.5407439555097887e-32
583,0,0,583,0.0,0.0,0.0
584,2,0,584,0.031414634623641205,0.02044816587792253,0.0009868792685368767
585,0,0,585,1.1102230246251565e-16,2.220446049250313e-16,1.232595164407831e-32
586,1,0,586,0.03141463462364153,0.05579485179697519,0.0009868792685368973
587,0,0,587,1.5700924586837754e-16,2.220446049250313e-16,2.465190328815662e-32
588,1,0,588,0.031414634623641434,0.02495878359108117,0.000986879268536891
589,2,0,589,0.0314146346236414,0.06227170735297938,0.0009868792685368887
590,0,0,590,0.03141463462364122,0.018318458087192457,0.0009868792685368774
591,0,0,591,0.0,0.0,0.0
592,2,0,592,1.1102230246251565e-16,0.0,1.232595164407831e-32
593,1,0,593,0.0,0.0,0.0
594,2,0,594,0.03141463462364125,0.04796891038751716,0.0009868792685368793
595,2,0,595,0.0,0.0,0.0
596,2,0,596,0.03141463462364121,0.047155691068794914,0.000986879268536877
597,2,0,597,0.0314146346236411,0.04958835344123669,0.0009868792685368702
598,0,0,598,0.03141463462364124,0.060521598032377555,0.0009868792685368791
599,0,0,599,0.031414634623641156,0.06154835743949183,0.000986879268536874
600,2,0,600,1.1102230246251565e-16,2.220446049250313e-16,1.232595164407831e-32
601,2,0,601,0.03141463462364121,0.017148325094078043,0.0009868792685368772
602,1,0,602,1.1443916996305594e-16,2.220446049250313e-16,1.3096323621833204e-32
603,2,0,603,5.551115123125783e-17,0.0,3.0814879110195774e-33
604,1,0,604,1.1102230246251565e-16,2.220446049250313e-16,1.232595164407831e-32
605,0,0,605,0.03141463462364141,0.01852000935854603,0.0009868792685368895
606,0,0,606,5.551115123125783e-17,0.0,3.0814879110195774e-33
607,2,0,607,1.2412670766236366e-16,2.220446049250313e-16,1.5407439555097887e-32
608,2,0,608,0.031414634623641205,0.030548371479104386,0.0009868792685368767
609,0,0,609,0.0,0.0,0.0
610,0,0,610,0.031414634623641094,0.010169343847391543,0.0009868792685368696
611,0,0,611,2.482534153247273e-16,4.440892098500626e-16,6.162975822039155e-32
612,1,0,612,0.0,0.0,0.0
613,1,0,613,1.1102230246251565e-16,2.220446049250313e-16,1.232595164407831e-32
614,2,0,614,0.0,0.0,0.0
615,1,0,615,0.0,0.0,0.0
616,2,0,616,0.031414634623641184,0.03197550189889964,0.0009868792685368754
617,0,0,617,0.031414634623641184,0.06172127982341996,0.0009868792685368754
618,1,0,618,1.1102230246251565e-16,0.0,1.232595164407831e-32
619,0,0,619,5.551115123125783e-17,1.1102230246251565e-16,3.0814879110195774e-33
620,1,0,620,1.6653345369377348e-16,0.0,2.7733391199176196e-32
621,2,0,621,3.140184917367551e-16,4.440892098500626e-16,9.860761315262648e-32
622,0,0,622,0.03141463462364133,0.04578728288047218,0.0009868792685368843
623,1,0,623,0.0,0.0,0.0
624,1,0,624,0.0,0.0,0.0
625,2,0,625,0.031414634623641274,0.006469005834960351,0.000986879268536881
626,1,0,626,1.1443916996305594e-16,2.220446049250313e-16,1.3096323621833204e-32
627,1,0,627,2.0014830212433607e-16,3.3306690738754696e-16,4.0059342843254506e-32
628,0,0,628,1.5700924586837754e-16,2.220446049250313e-16,2.465190328815662e-32
629,1,0,629,1.5700924586837754e-16,2.220446049250313e-16,2.465190328815662e-32
630,2,0,630,0.03141463462364144,0.053977056310183236,0.0009868792685368915
631,0,0,631,1.5700924586837754e-16,2.220446049250313e-16,2.465190328815662e-32
632,2,0,632,0.03141463462364139,0.06175115021259148,0.0009868792685368884
633,2,0,633,1.5700924586837754e-16,2.220446049250313e-16,2.465190328815662e-32
634,2,0,634,0.03141463462364144,0.04070722782812619,0.0009868792685368915
635,1,0,635,0.03141463462364136,0.040515633010428154,0.000986879268536886
636,2,0,636,1.5700924586837754e-16,2.220446049250313e-16,2.465190328815662e-32
637,0,0,637,0.03141463462364117,0.05947176114444075,0.0009868792685368748
638,2,0,638,0.03141463462364127,0.026218723973457037,0.0009868792685368806
639,2,0,639,0.0314146346236411,0.03754902724140097,0.0009868792685368702
640,0,0,640,0.0,0.0,0.0
641,1,0,641,0.03141463462364121,0.041386843330491585,0.000986879268536877
642,2,0,642,0.031414634623641295,0.06280099253522065,0.0009868792685368824
643,0,0,643,0.03141463462364122,0.05593664626227357,0.0009868792685368776
644,2,0,644,0.031414634623641226,0.03355055138891361,0.0009868792685368778
645,1,0,645,0.03141463462364128,0.053574159576038394,0.0009868792685368817
646,1,0,646,0.03141463462364123,0.015383460513007652,0.0009868792685368782
647,2,0,647,0.0,0.0,0.0
648,0,0,648,1.5700924586837754e-16,2.220446049250313e-16,2.465190328815662e-32
649,1,0,649,0.031414634623641476,0.060644497207246406,0.0009868792685368936
650,0,0,650,0.03141463462364113,0.010677163481399798,0.0009868792685368717
651,0,0,651,0.0,0.0,0.0
652,1,0,652,1.1102230246251565e-16,0.0,1.232595164407831e-32
653,1,0,653,0.031414634623641115,0.05530451917650692,0.0009868792685368709
654,0,0,654,0.03141463462364103,0.06177002389966457,0.0009868792685368659
655,2,0,655,0.0,0.0,0.0
656,1,0,656,1.1102230246251565e-16,0.0,1.232595164407831e-32
657,1,0,657,0.0,0.0,0.0
658,2,0,658,0.0,0.0,0.0
659,1,0,659,0.031414634623641205,0.05834344836451677,0.0009868792685368767
660,1,0,660,1.1102230246251565e-16,0.0,1.232595164407831e-32
661,0,0,661,0.031414634623641156,0.062411686777326975,0.0009868792685368737
662,2,0,662,0.0,0.0,0.0
663,1,0,663,5.551115123125783e-17,0.0,3.0814879110195774e-33
664,0,0,664,0.0,0.0,0.0
665,1,0,665,1.5700924586837754e-16,2.220446049250313e-16,2.465190328815662e-32
666,1,0,666,1.1102230246251565e-16,2.220446049250313e-16,1.232595164407831e-32
667,0,0,667,1.6653345369377348e-16,3.3306690738754696e-16,2.7733391199176196e-32
668,1,0,668,0.0,0.0,0.0
669,2,0,669,0.0,0.0,0.0
670,0,0,670,0.03141463462364117,0.04911117383582253,0.0009868792685368746
671,0,0,671,1.5700924586837754e-16,2.220446049250313e-16,2.465190328815662e-32
672,2,0,672,0.0,0.0,0.0
673,2,0,673,0.0,0.0,0.0
674,0,0,674,0.03141463462364115,0.06227760152571782,0.0009868792685368733
675,2,0,675,0.031414634623641156,0.04925735396024189,0.0009868792685368737
676,2,0,676,0.031414634623641455,0.04517886891468481,0.0009868792685368921
677,2,0,677,0.031414634623641385,0.06264662231933693,0.0009868792685368878
678,1,0,678,0.031414634623641094,0.04678831539893635,0.0009868792685368698
679,2,0,679,0.03141463462364126,0.00935688518211153,0.0009868792685368802
680,1,0,680,1.1102230246251565e-16,0.0,1.232595164407831e-32
681,0,0,681,0.0314146346236412,0.006436746050295428,0.0009868792685368763
682,0,0,682,0.03141463462364125,0.015264913528647561,0.0009868792685368795
683,0,0,683,1.2412670766236366e-16,2.220446049250313e-16,1.5407439555097887e-32
684,1,0,684,0.0,0.0,0.0
685,2,0,685,0.031414634623641295,0.06252245566593995,0.0009868792685368824
686,1,0,686,8.326672684688674e-17,1.6653345369377348e-16,6.933347799794049e-33
687,2,0,687,0.03141463462364134,0.046858295418646945,0.000986879268536885
688,0,0,688,0.0,0.0,0.0
689,2,0,689,0.0,0.0,0.0
690,2,0,690,0.03141463462364117,0.060682001939822094,0.0009868792685368748
691,2,0,691,0.03141463462364104,0.03464257576240892,0.0009868792685368665
692,0,0,692,1.1102230246251565e-16,0.0,1.232595164407831e-32
693,0,0,693,2.7755575615628914e-16,5.551115123125783e-16,7.703719777548943e-32
694,1,0,694,0.0,0.0,0.0
695,0,0,695,5.551115123125783e-17,0.0,3.0814879110195774e-33
696,2,0,696,1.1102230246251565e-16,0.0,1.232595164407831e-32
697,2,0,697,0.031414634623641205,0.010950880188290046,0.0009868792685368767
698,0,0,698,1.1102230246251565e-16,0.0,1.232595164407831e-32
699,2,0,699,1.5700924586837754e-16,2.220446049250313e-16,2.465190328815662e-32
700,2,0,700,0.031414634623641004,0.05460264886275201,0.0009868792685368642
701,1,0,701,0.0,0.0,0.0
702,0,0,702,1.1102230246251565e-16,2.220446049250313e-16,1.232595164407831e-32
703,2,0,703,0.0,0.0,0.0
704,0,0,704,0.0,0.0,0.0
705,0,0,705,0.03141463462364119,0.05378365814954322,0.000986879268536876
706,2,0,706,0.03141463462364134,0.0599560182715545,0.0009868792685368852
707,0,0,707,0.03141463462364125,0.06115695153721823,0.0009868792685368791
708,2,0,708,0.03141463462364118,0.019433487438802688,0.000986879268536875
709,0,0,709,0.031414634623641226,0.03434355798754285,0.000986879268536878
710,1,0,710,2.220446049250313e-16,4.440892098500626e-16,4.930380657631324e-32
711,1,0,711,0.03141463462364124,0.060177741037117816,0.0009868792685368791
712,1,0,712,1.5700924586837754e-16,2.220446049250313e-16,2.465190328815662e-32
713,0,0,713,1.1102230246251565e-16,2.220446049250313e-16,1.232595164407831e-32
714,1,0,714,0.03141463462364158,0.04328562762906052,0.0009868792685369006
715,2,0,715,0.031414634623641254,0.05759175019063767,0.0009868792685368798
716,0,0,716,0.03141463462364125,0.04606137167432811,0.0009868792685368791
717,2,0,717,0.0,0.0,0.0
718,1,0,718,0.031414634623641365,0.037452217490687945,0.0009868792685368867
719,1,0,719,0.03141463462364117,0.06080497124461587,0.0009868792685368746
720,1,0,720,0.0,0.0,0.0
721,1,0,721,0.03141463462364139,0.06040930557062707,0.0009868792685368882
722,1,0,722,0.031414634623641115,0.06242364131797229,0.0009868792685368713
723,1,0,723,2.220446049250313e-16,0.0,4.930380657631324e-32
724,1,0,724,0.03141463462364127,0.04041442554349617,0.0009868792685368806
725,2,0,725,0.031414634623641115,0.05331852651443825,0.000986879268536871
726,2,0,726,1.1102230246251565e-16,0.0,1.232595164407831e-32
727,2,0,727,0.03141463462364117,0.05813270577778462,0.0009868792685368746
728,0,0,728,0.0,0.0,0.0
729,1,0,729,0.03141463462364129,0.049629332974442164,0.000986879268536882
730,1,0,730,0.03141463462364106,0.06028271531987828,0.0009868792685368678
731,0,0,731,0.03141463462364132,0.042351034903135076,0.000986879268536884
732,1,0,732,0.03141463462364136,0.05759836067538249,0.0009868792685368865
733,2,0,733,0.031414634623641115,0.02105422007177027,0.0009868792685368709
734,0,0,734,0.03141463462364151,0.038348661259385075,0.0009868792685368958
735,1,0,735,0.03141463462364118,0.024947281842575553,0.0009868792685368752
736,2,0,736,0.031414634623641094,0.060519442448685457,0.0009868792685368696
737,0,0,737,0.0,0.0,0.0
738,0,0,738,0.03141463462364121,0.06282192954625732,0.0009868792685368774
739,2,0,739,1.5700924586837754e-16,2.220446049250313e-16,2.465190328815662e-32
740,2,0,740,1.1102230246251565e-16,0.0,1.232595164407831e-32
741,0,0,741,0.03141463462364126,0.05966405215714099,0.0009868792685368804
742,1,0,742,1.1102230246251565e-16,0.0,1.232595164407831e-32
743,0,0,743,1.5700924586837754e-16,2.220446049250313e-16,2.465190328815662e-32
744,2,0,744,0.03141463462364103,0.018777621501547603,0.0009868792685368657
745,2,0,745,0.031414634623641156,0.04376679276714923,0.0009868792685368737
746,2,0,746,0.0,0.0,0.0
747,2,0,747,0.03141463462364119,0.06282918824360295,0.0009868792685368754
748,0,0,748,2.0014830212433607e-16,2.220446049250313e-16,4.0059342843254506e-32
749,1,0,749,0.03141463462364118,0.008274561859104246,0.0009868792685368746
750,0,0,750,1.2412670766236366e-16,1.1102230246251565e-16,1.5407439555097887e-32
751,1,0,751,0.03141463462364103,0.0554828071138308,0.0009868792685368657
752,1,0,752,2.2887833992611187e-16,4.440892098500626e-16,5.238529448733282e-32
753,1,0,753,0.0,0.0,0.0
754,0,0,754,0.03141463462364111,4.228646012238713e-06,0.0009868792685368704
755,1,0,755,1.2412670766236366e-16,2.220446049250313e-16,1.5407439555097887e-32
756,1,0,756,0.0,0.0,0.0
757,2,0,757,0.03141463462364127,0.05700467304155066,0.0009868792685368804
758,2,0,758,1.1102230246251565e-16,2.220446049250313e-16,1.232595164407831e-32
759,0,0,759,1.5700924586837754e-16,2.220446049250313e-16,2.465190328815662e-32
760,0,0,760,0.031414634623641184,0.02665823221769492,0.0009868792685368756
761,2,0,761,0.03141463462364135,0.04506596435086374,0.0009868792685368858
762,0,0,762,0.0,0.0,0.0
763,1,0,763,1.5700924586837754e-16,2.220446049250313e-16,2.465190328815662e-32
764,1,0,764,2.482534153247273e-16,2.220446049250313e-16,6.162975822039155e-32
765,2,0,765,0.03141463462364129,0.05283637656903051,0.000986879268536882
766,1,0,766,0.03141463462364143,0.06278907492094454,0.0009868792685368906
767,1,0,767,0.03141463462364116,0.0005816490014753928,0.0009868792685368743
768,0,0,768,0.0,0.0,0.0
769,1,0,769,2.220446049250313e-16,0.0,4.930380657631324e-32
770,1,0,770,0.03141463462364121,0.002162103029810458,0.0009868792685368772
771,1,0,771,0.031414634623641295,0.017244758100309676,0.0009868792685368824
772,0,0,772,0.03141463462364134,0.05943674541526922,0.000986879268536885
773,0,0,773,0.0,0.0,0.0
774,1,0,774,0.03141463462364108,0.013921291513365297,0.0009868792685368687
775,2,0,775,0.0,0.0,0.0
776,1,0,776,0.03141463462364121,0.05603450883777861,0.0009868792685368772
777,2,0,777,2.482534153247273e-16,2.220446049250313e-16,6.162975822039155e-32
778,2,0,778,1.1102230246251565e-16,0.0,1.232595164407831e-32
779,1,0,779,0.03141463462364147,0.05580731696309604,0.0009868792685368934
780,2,0,780,0.0,0.0,0.0
781,0,0,781,0.0,0.0,0.0
782,2,0,782,0.0,0.0,0.0
783,1,0,783,0.0,0.0,0.0
784,0,0,784,1.5700924586837754e-16,2.220446049250313e-16,2.465190328815662e-32
785,1,0,785,0.03141463462364111,0.04105302784826148,0.0009868792685368707
786,1,0,786,0.0,0.0,0.0
787,0,0,787,0.0,0.0,0.0
788,1,0,788,0.03141463462364129,0.06258652178164015,0.000986879268536882
789,2,0,789,0.03141463462364121,0.037128154137430425,0.0009868792685368772
790,1,0,790,0.0,0.0,0.0
791,0,0,791,0.0,0.0,0.0
792,1,0,792,0.03141463462364126,0.0550315062464618,0.0009868792685368804
793,2,0,793,5.551115123125783e-17,0.0,3.0814879110195774e-33
794,2,0,794,1.2412670766236366e-16,2.220446049250313e-16,1.5407439555097887e-32
795,2,0,795,1.1102230246251565e-16,2.220446049250313e-16,1.232595164407831e-32
796,0,0,796,0.03141463462364133,0.06185840092453809,0.0009868792685368843
797,2,0,797,0.0314146346236413,0.06282890863276919,0.0009868792685368828
798,0,0,798,0.03141463462364115,0.016910849048048293,0.0009868792685368733
799,1,0,799,1.2412670766236366e-16,2.220446049250313e-16,1.5407439555097887e-32
800,0,0,800,0.031414634623641156,0.015940801581627584,0.0009868792685368735
801,1,0,801,0.03141463462364112,0.038966662771977356,0.0009868792685368715
802,2,0,802,0.03141463462364126,0.06282918802820192,0.0009868792685368804
803,1,0,803,0.031414634623641274,0.03362737839417429,0.0009868792685368809
804,0,0,804,1.1443916996305594e-16,5.551115123125783e-17,1.3096323621833204e-32
805,2,0,805,0.03141463462364126,0.012980439675811972,0.0009868792685368802
806,2,0,806,0.0,0.0,0.0
807,2,0,807,2.220446049250313e-16,4.440892098500626e-16,4.930380657631324e-32
808,2,0,808,0.03141463462364124,0.010469804745566913,0.0009868792685368787
809,1,0,809,0.031414634623641205,0.0037594486546725925,0.0009868792685368765
810,1,0,810,5.551115123125783e-17,0.0,3.0814879110195774e-33
811,1,0,811,0.031414634623641476,0.05610338206212706,0.0009868792685368936
812,1,0,812,1.2412670766236366e-16,1.1102230246251565e-16,1.5407439555097887e-32
813,1,0,813,0.03141463462364123,0.06248363618138986,0.0009868792685368787
814,1,0,814,0.03141463462364127,0.04666035426697657,0.0009868792685368806
815,1,0,815,1.1102230246251565e-16,0.0,1.232595164407831e-32
816,1,0,816,1.9997532649633212,3.1474507022681166,0.0009868792685369028
817,1,0,817,2.220446049250313e-16,0.0,4.930380657631324e-32
818,2,0,818,2.220446049250313e-16,4.440892098500626e-16,4.930380657631324e-32
819,0,0,819,0.0314146346236414,0.048885131791533976,0.0009868792685368889
820,1,0,820,0.03141463462364145,0.028298909759858715,0.0009868792685368921
821,2,0,821,0.03141463462364123,0.0004537444161185622,0.0009868792685368782
822,2,0,822,0.0,0.0,0.0
823,2,0,823,2.482534153247273e-16,2.220446049250313e-16,6.162975822039155e-32
824,1,0,824,1.9997532649633214,3.794160629800424,0.0009868792685369051
825,2,0,825,0.03141463462364129,0.03836701329646286,0.000986879268536882
826,1,0,826,0.031414634623641344,0.04282565357427437,0.0009868792685368852
827,1,0,827,0.0,0.0,0.0
828,0,0,828,0.0,0.0,0.0
829,0,0,829,0.03141463462364109,0.06274127738026403,0.0009868792685368691
830,2,0,830,0.031414634623641184,0.06276322048465421,0.0009868792685368754
831,1,0,831,0.0314146346236413,0.06267192407196531,0.000986879268536883
832,1,0,832,0.0314146346236413,0.01237336971003633,0.0009868792685368828
833,0,0,833,0.0,0.0,0.0
834,2,0,834,0.031414634623641295,0.03899576298299334,0.0009868792685368824
835,0,0,835,0.03141463462364133,0.041000695398734965,0.0009868792685368845
836,2,0,836,0.03141463462364129,0.003002795238698619,0.000986879268536882
837,1,0,837,0.031414634623641316,0.058440453288868266,0.0009868792685368837
838,2,0,838,0.03141463462364125,0.024823195996662273,0.0009868792685368793
839,0,0,839,2.2887833992611187e-16,1.1102230246251565e-16,5.238529448733282e-32
840,0,0,840,0.0,0.0,0.0
841,1,0,841,0.0314146346236412,0.017332654894270494,0.000986879268536876
842,0,0,842,2.482534153247273e-16,2.220446049250313e-16,6.162975822039155e-32
843,2,0,843,0.03141463462364114,0.05748100772069731,0.000986879268536873
844,0,0,844,2.482534153247273e-16,4.440892098500626e-16,6.162975822039155e-32
845,2,0,845,0.0,0.0,0.0
846,1,0,846,0.0,0.0,0.0
847,1,0,847,2.220446049250313e-16,4.440892098500626e-16,4.930380657631324e-32
848,0,0,848,0.0,0.0,0.0
849,2,0,849,0.031414634623641254,0.03543428061421805,0.0009868792685368798
850,0,0,850,0.03141463462364111,0.026356263384267775,0.0009868792685368709
851,2,0,851,0.031414634623641316,0.002604569622030928,0.0009868792685368835
852,0,0,852,2.482534153247273e-16,4.440892098500626e-16,6.162975822039155e-32
853,2,0,853,0.03141463462364124,0.060038360302684834,0.000986879268536879
854,0,0,854,0.0,0.0,0.0
855,0,0,855,1.1102230246251565e-16,0.0,1.232595164407831e-32
856,2,0,856,1.1102230246251565e-16,2.220446049250313e-16,1.232595164407831e-32
857,1,0,857,0.031414634623641025,0.06279228151889849,0.0009868792685368652
858,0,0,858,0.031414634623641184,0.05489430800171491,0.0009868792685368756
859,1,0,859,0.031414634623641066,0.015346072999085525,0.0009868792685368683
860,1,0,860,1.2412670766236366e-16,2.220446049250313e-16,1.5407439555097887e-32
861,0,0,861,0.03141463462364116,0.054868173447437774,0.0009868792685368743
862,2,0,862,0.03141463462364124,0.05588231676247313,0.000986879268536879
863,0,0,863,1.5700924586837754e-16,2.220446049250313e-16,2.465190328815662e-32
864,2,0,864,8.326672684688674e-17,1.6653345369377348e-16,6.933347799794049e-33
865,1,0,865,0.0,0.0,0.0
866,1,0,866,0.0,0.0,0.0
867,2,0,867,0.03141463462364136,0.03797592420424545,0.0009868792685368863
868,2,0,868,2.0014830212433607e-16,2.220446049250313e-16,4.0059342843254506e-32
869,1,0,869,2.2887833992611187e-16,1.1102230246251565e-16,5.238529448733282e-32
870,1,0,870,1.5700924586837754e-16,2.220446049250313e-16,2.465190328815662e-32
871,2,0,871,5.551115123125783e-17,1.1102230246251565e-16,3.0814879110195774e-33
872,2,0,872,1.1443916996305594e-16,2.220446049250313e-16,1.3096323621833204e-32
873,1,0,873,0.0314146346236412,0.023122208792261567,0.000986879268536876
874,1,0,874,0.03141463462364126,0.05818600271103669,0.0009868792685368802
875,0,0,875,0.031414634623641406,0.06277525518563332,0.0009868792685368895
876,0,0,876,0.0,0.0,0.0
877,1,0,877,0.0,0.0,0.0
878,2,0,878,0.031414634623641274,0.04504754197705085,0.000986879268536881
879,1,0,879,1.1102230246251565e-16,0.0,1.232595164407831e-32
880,0,0,880,1.1102230246251565e-16,2.220446049250313e-16,1.232595164407831e-32
881,0,0,881,0.03141463462364112,0.0531839637414786,0.0009868792685368715
882,2,0,882,0.031414634623641205,0.010427453026308653,0.0009868792685368767
883,2,0,883,2.220446049250313e-16,0.0,4.930380657631324e-32
884,0,0,884,0.0,0.0,0.0
885,1,0,885,0.03141463462364126,0.040203580502768954,0.0009868792685368802
886,0,0,886,0.0314146346236414,0.02342116102761227,0.0009868792685368889
887,2,0,887,1.6653345369377348e-16,3.3306690738754696e-16,2.7733391199176196e-32
888,0,0,888,0.0,0.0,0.0
889,0,0,889,0.0,0.0,0.0
890,0,0,890,0.031414634623641184,0.04379006474564684,0.0009868792685368754
891,0,0,891,2.2887833992611187e-16,1.1102230246251565e-16,5.238529448733282e-32
892,1,0,892,0.0314146346236413,0.009212246635619259,0.0009868792685368826
893,1,0,893,0.031414634623641184,0.05616494966966745,0.0009868792685368752
894,0,0,894,1.2412670766236366e-16,2.220446049250313e-16,1.5407439555097887e-32
895,0,0,895,1.1102230246251565e-16,0.0,1.232595164407831e-32
896,0,0,896,0.0,0.0,0.0
897,0,0,897,0.03141463462364115,0.021406980620433336,0.000986879268536873
898,1,0,898,0.03141463462364138,0.061560074121426,0.0009868792685368878
899,2,0,899,5.551115123125783e-17,0.0,3.0814879110195774e-33
900,2,0,900,1.1102230246251565e-16,2.220446049250313e-16,1.232595164407831e-32
901,0,0,901,0.031414634623641226,0.06277272591446224,0.0009868792685368778
902,0,0,902,0.03141463462364135,0.05537903257592025,0.000986879268536886
903,0,0,903,0.03141463462364148,0.007176657380883356,0.0009868792685368943
904,0,0,904,0.03141463462364119,0.06272211736227945,0.0009868792685368759
905,2,0,905,0.03141463462364138,0.045191819388244125,0.0009868792685368876
906,0,0,906,0.03141463462364115,0.05982533270107049,0.0009868792685368733
907,0,0,907,0.0,0.0,0.0
908,1,0,908,1.2412670766236366e-16,1.1102230246251565e-16,1.5407439555097887e-32
909,2,0,909,0.0,0.0,0.0
910,1,0,910,0.031414634623641184,0.036535212804035266,0.0009868792685368754
911,1,0,911,0.0,0.0,0.0
912,1,0,912,0.03141463462364132,0.023645066693861905,0.000986879268536884
913,1,0,913,0.0,0.0,0.0
914,1,0,914,0.031414634623641156,0.014039661500443001,0.0009868792685368735
915,2,0,915,5.551115123125783e-17,1.1102230246251565e-16,3.0814879110195774e-33
916,0,0,916,1.2412670766236366e-16,2.220446049250313e-16,1.5407439555097887e-32
917,0,0,917,0.0,0.0,0.0
918,1,0,918,0.0,0.0,0.0
919,2,0,919,2.220446049250313e-16,4.440892098500626e-16,4.930380657631324e-32
920,0,0,920,0.03141463462364124,0.02508847886620691,0.0009868792685368791
921,1,0,921,0.0,0.0,0.0
922,2,0,922,0.03141463462364118,0.03373226906621474,0.000986879268536875
923,1,0,923,0.03141463462364104,0.04423896855610443,0.000986879268536866
924,1,0,924,0.03141463462364122,0.010356835558609223,0.0009868792685368776
925,2,0,925,0.031414634623641045,0.05064394284527762,0.0009868792685368668
926,2,0,926,1.6653345369377348e-16,0.0,2.7733391199176196e-32
927,0,0,927,0.03141463462364119,0.012123696918065807,0.0009868792685368754
928,1,0,928,1.1102230246251565e-16,0.0,1.232595164407831e-32
929,0,0,929,2.0014830212433607e-16,3.3306690738754696e-16,4.0059342843254506e-32
930,1,0,930,0.03141463462364119,0.0612381428932941,0.0009868792685368759
931,0,0,931,0.03141463462364122,0.003472196141413475,0.0009868792685368776
932,2,0,932,0.03141463462364108,0.047645529372067896,0.000986879268536869
933,2,0,933,0.03141463462364123,0.04266836744581637,0.0009868792685368787
934,0,0,934,2.2887833992611187e-16,1.1102230246251565e-16,5.238529448733282e-32
935,2,0,935,0.031414634623641295,0.030256677990392333,0.0009868792685368822
936,0,0,936,0.03141463462364129,0.06268297908990472,0.000986879268536882
937,0,0,937,0.03141463462364109,0.03793790233818184,0.0009868792685368691
938,0,0,938,0.0,0.0,0.0
939,2,0,939,0.031414634623641226,0.0426338483342481,0.000986879268536878
940,1,0,940,0.031414634623641295,0.03634524551659846,0.0009868792685368824
941,2,0,941,0.0,0.0,0.0
942,0,0,942,0.03141463462364107,0.04785095339970957,0.0009868792685368685
943,2,0,943,0.03141463462364107,0.06094352709879303,0.0009868792685368685
944,1,0,944,1.1102230246251565e-16,2.220446049250313e-16,1.232595164407831e-32
945,1,0,945,0.0,0.0,0.0
946,0,0,946,0.031414634623641226,0.06051442983508104,0.0009868792685368778
947,2,0,947,0.031414634623641344,0.005973730077880823,0.000986879268536885
948,1,0,948,5.551115123125783e-17,1.1102230246251565e-16,3.0814879110195774e-33
949,0,0,949,0.0,0.0,0.0
950,1,0,950,1.3877787807814457e-16,2.220446049250313e-16,1.9259299443872359e-32
951,0,0,951,1.2412670766236366e-16,1.1102230246251565e-16,1.5407439555097887e-32
952,1,0,952,1.5700924586837754e-16,2.220446049250313e-16,2.465190328815662e-32
953,1,0,953,0.0,0.0,0.0
954,1,0,954,0.031414634623641316,0.06093744705938209,0.0009868792685368835
955,0,0,955,0.0,0.0,0.0
956,1,0,956,1.1102230246251565e-16,0.0,1.232595164407831e-32
957,2,0,957,0.03141463462364095,0.03058170424661899,0.0009868792685368605
958,2,0,958,2.0014830212433607e-16,3.3306690738754696e-16,4.0059342843254506e-32
959,0,0,959,0.0,0.0,0.0
960,2,0,960,0.03141463462364112,0.03216298182077426,0.0009868792685368713
961,0,0,961,0.031414634623641455,0.052059258168268396,0.0009868792685368928
962,0,0,962,0.0,0.0,0.0
963,1,0,963,0.03141463462364124,0.06010281273426432,0.000986879268536879
964,0,0,964,1.1102230246251565e-16,0.0,1.232595164407831e-32
965,2,0,965,1.2412670766236366e-16,1.1102230246251565e-16,1.5407439555097887e-32
966,0,0,966,0.0,0.0,0.0
967,1,0,967,0.03141463462364133,0.05736746142330895,0.0009868792685368845
968,0,0,968,0.03141463462364124,0.04805866868718489,0.0009868792685368791
969,0,0,969,0.03141463462364119,0.016733006161122166,0.0009868792685368756
970,0,0,970,1.1102230246251565e-16,2.220446049250313e-16,1.232595164407831e-32
971,2,0,971,0.031414634623641136,0.060098606464213056,0.0009868792685368724
972,0,0,972,0.0,0.0,0.0
973,0,0,973,0.03141463462364118,0.05237552207570939,0.0009868792685368748
974,2,0,974,0.0,0.0,0.0
975,2,0,975,0.03141463462364128,0.04559449803298299,0.0009868792685368815
976,2,0,976,5.551115123125783e-17,0.0,3.0814879110195774e-33
977,0,0,977,0.0,0.0,0.0
978,2,0,978,0.031414634623641496,0.00904890081575882,0.0009868792685368952
979,0,0,979,1.5700924586837754e-16,2.220446049250313e-16,2.465190328815662e-32
980,2,0,980,0.0,0.0,0.0
981,2,0,981,1.5700924586837754e-16,2.220446049250313e-16,2.465190328815662e-32
982,1,0,982,0.0,0.0,0.0
983,2,0,983,0.031414634623641385,0.05903552215071195,0.0009868792685368878
984,2,0,984,0.0,0.0,0.0
985,1,0,985,0.0,0.0,0.0
986,0,0,986,0.03141463462364126,0.05968269947011906,0.0009868792685368804
987,2,0,987,2.482534153247273e-16,4.440892098500626e-16,6.162975822039155e-32
988,2,0,988,0.031414634623641136,0.055882110347828196,0.0009868792685368724
989,0,0,989,0.03141463462364118,0.059756511682716784,0.000986879268536875
990,0,0,990,0.0314146346236413,0.06233701052713894,0.0009868792685368828
991,0,0,991,2.2887833992611187e-16,4.440892098500626e-16,5.238529448733282e-32
992,0,0,992,0.03141463462364118,0.058588127001148904,0.0009868792685368748
993,0,0,993,2.220446049250313e-16,4.440892098500626e-16,4.930380657631324e-32
994,2,0,994,0.03141463462364136,0.06235890825297241,0.0009868792685368863
995,0,0,995,1.5700924586837754e-16,2.220446049250313e-16,2.465190328815662e-32
996,2,0,996,0.03141463462364117,0.026145162143319745,0.0009868792685368748
997,1,0,997,0.031414634623641136,0.03972445702153493,0.0009868792685368724
998,2,0,998,0.0,0.0,0.0
999,1,0,999,1.5700924586837754e-16,2.220446049250313e-16,2.465190328815662e-32
1000,0,0,1000,0.031414634623641136,0.023029172724948976,0.0009868792685368724
1001,2,0,1001,0.03141463462364124,0.023082067762584035,0.0009868792685368787
1002,0,0,1002,0.0,0.0,0.0
1003,0,0,1003,0.03141463462364124,0.04453922259772347,0.0009868792685368791
1004,0,0,1004,0.0314146346236413,0.005049796067508883,0.0009868792685368824
1005,0,0,1005,1.7772239894833365e-16,2.220446049250313e-16,3.158525108795067e-32
1006,1,0,1006,0.03141463462364121,0.006763114148399252,0.0009868792685368772
1007,2,0,1007,0.03141463462364119,0.004043743031349578,0.0009868792685368756
1008,0,0,1008,0.03141463462364108,0.0016510534736853266,0.000986879268536869
1009,1,0,1009,0.0,0.0,0.0
1010,2,0,1010,0.03141463462364111,0.05245145406672713,0.0009868792685368707
1011,0,0,1011,0.031414634623641066,0.047771721602517525,0.0009868792685368683
1012,0,0,1012,0.031414634623641115,0.06268519787242999,0.0009868792685368713
1013,0,0,1013,5.551115123125783e-17,0.0,3.0814879110195774e-33
1014,0,0,1014,0.031414634623641434,0.014986788292181918,0.000986879268536891
1015,0,0,1015,0.0314146346236412,0.03942234455582794,0.000986879268536876
1016,0,0,1016,0.03141463462364122,0.047470403083845314,0.0009868792685368774
1017,2,0,1017,2.482534153247273e-16,4.440892098500626e-16,6.162975822039155e-32
1018,2,0,1018,0.03141463462364106,0.06238631133152617,0.0009868792685368676
1019,0,0,1019,1.1102230246251565e-16,0.0,1.232595164407831e-32
1020,0,0,1020,0.0,0.0,0.0
1021,1,0,1021,0.0,0.0,0.0
1022,1,0,1022,0.0,0.0,0.0
1023,2,0,1023,2.7755575615628914e-16,4.440892098500626e-16,7.703719777548943e-32
1024,2,0,1024,0.0,0.0,0.0
1025,0,0,1025,0.0,0.0,0.0
1026,0,0,1026,1.2412670766236366e-16,1.1102230246251565e-16,1.5407439555097887e-32
1027,0,0,1027,0.0,0.0,0.0
1028,0,0,1028,0.031414634623641365,0.061220698753942704,0.0009868792685368867
1029,2,0,1029,0.0,0.0,0.0
1030,0,0,1030,0.0,0.0,0.0
1031,1,0,1031,0.0,0.0,0.0
1032,2,0,1032,5.551115123125783e-17,1.1102230246251565e-16,3.0814879110195774e-33
1033,0,0,1033,0.0,0.0,0.0
1034,0,0,1034,0.03141463462364152,0.05770436315303851,0.0009868792685368962
1035,1,0,1035,0.0,0.0,0.0
1036,1,0,1036,0.03141463462364116,0.04230688032817209,0.0009868792685368743
1037,2,0,1037,0.03141463462364119,0.060899894651145814,0.0009868792685368759
1038,2,0,1038,0.03141463462364117,0.04102203586947506,0.0009868792685368746
1039,2,0,1039,1.1102230246251565e-16,2.220446049250313e-16,1.232595164407831e-32
1040,0,0,1040,0.0,0.0,0.0
1041,1,0,1041,0.03141463462364119,0.06282781844918284,0.0009868792685368759
1042,1,0,1042,0.0314146346236413,0.023306439210652785,0.0009868792685368828
1043,2,0,1043,2.7755575615628914e-16,0.0,7.703719777548943e-32
1044,0,0,1044,0.031414634623641136,0.03205193835617526,0.000986879268536872
1045,1,0,1045,1.1443916996305594e-16,5.551115123125783e-17,1.3096323621833204e-32
1046,1,0,1046,0.031414634623641365,0.04251692124890094,0.000986879268536887
1047,2,0,1047,0.03141463462364138,0.016189852287115558,0.0009868792685368874
1048,2,0,1048,0.0,0.0,0.0
1049,0,0,1049,0.0,0.0,0.0
1050,1,0,1050,1.1102230246251565e-16,0.0,1.232595164407831e-32
1051,0,0,1051,2.0014830212433607e-16,3.3306690738754696e-16,4.0059342843254506e-32
1052,2,0,1052,2.1183523716375092e-16,3.608224830031759e-16,4.4874167704222595e-32
1053,0,0,1053,0.0,0.0,0.0
1054,0,0,1054,0.03141463462364138,0.05996682590126523,0.0009868792685368876
1055,1,0,1055,0.03141463462364126,0.05651051675088159,0.0009868792685368804
1056,0,0,1056,0.0,0.0,0.0
1057,1,0,1057,0.03141463462364133,0.040714531010264565,0.0009868792685368845
1058,0,0,1058,0.03141463462364111,0.05481434678694064,0.0009868792685368704
1059,1,0,1059,0.03141463462364125,0.06255705402989498,0.0009868792685368791
1060,1,0,1060,1.5700924586837754e-16,2.220446049250313e-16,2.465190328815662e-32
1061,0,0,1061,0.0,0.0,0.0
1062,2,0,1062,0.031414634623641274,0.047116787693354034,0.000986879268536881
1063,1,0,1063,1.6653345369377348e-16,3.3306690738754696e-16,2.7733391199176196e-32
1064,0,0,1064,1.1102230246251565e-16,2.220446049250313e-16,1.232595164407831e-32
1065,1,0,1065,0.03141463462364141,0.049848932161951964,0.0009868792685368897
1066,2,0,1066,0.03141463462364122,0.051108535980520786,0.0009868792685368778
1067,2,0,1067,0.03141463462364151,0.022735911764947936,0.0009868792685368958
1068,0,0,1068,0.03141463462364125,0.04448446610173584,0.0009868792685368793
1069,2,0,1069,0.03141463462364135,0.05868072243407041,0.0009868792685368856
1070,1,0,1070,0.031414634623641455,0.062328484429344355,0.0009868792685368923
1071,2,0,1071,1.1102230246251565e-16,0.0,1.232595164407831e-32
1072,1,0,1072,8.326672684688674e-17,0.0,6.933347799794049e-33
1073,0,0,1073,0.0,0.0,0.0
1074,1,0,1074,0.0,0.0,0.0
1075,2,0,1075,5.551115123125783e-17,0.0,3.0814879110195774e-33
1076,0,0,1076,1.2412670766236366e-16,2.220446049250313e-16,1.5407439555097887e-32
1077,1,0,1077,0.0314146346236412,0.02103058810173386,0.0009868792685368763
1078,0,0,1078,0.03141463462364126,0.0282600311429122,0.0009868792685368804
1079,0,0,1079,0.03141463462364127,0.05853632842179157,0.0009868792685368806
1080,2,0,1080,0.0,0.0,0.0
1081,2,0,1081,2.482534153247273e-16,4.440892098500626e-16,6.162975822039155e-32
1082,2,0,1082,0.0,0.0,0.0
1083,2,0,1083,2.2887833992611187e-16,1.1102230246251565e-16,5.238529448733282e-32
1084,0,0,1084,1.2412670766236366e-16,2.220446049250313e-16,1.5407439555097887e-32
1085,0,0,1085,0.03141463462364125,0.04680219845061129,0.0009868792685368793
1086,1,0,1086,0.031414634623640955,0.043762632599177786,0.000986879268536861
1087,2,0,1087,0.0314146346236412,0.058579754898754,0.0009868792685368765
1088,2,0,1088,0.03141463462364147,0.02560357552145809,0.0009868792685368934
1089,0,0,1089,0.0,0.0,0.0
1090,0,0,1090,0.0,0.0,0.0
1091,1,0,1091,0.0,0.0,0.0
1092,0,0,1092,1.9997532649633212,0.41821235435641624,0.000986879268536911
1093,2,0,1093,0.0,0.0,0.0
1094,1,0,1094,0.03141463462364129,0.027900240906613583,0.000986879268536882
1095,2,0,1095,0.0,0.0,0.0
1096,0,0,1096,0.03141463462364125,0.05733682768372439,0.0009868792685368795
1097,2,0,1097,1.1102230246251565e-16,0.0,1.232595164407831e-32
1098,1,0,1098,1.5700924586837754e-16,2.220446049250313e-16,2.465190328815662e-32
1099,2,0,1099,1.2412670766236366e-16,1.1102230246251565e-16,1.5407439555097887e-32
1100,0,0,1100,1.5700924586837754e-16,2.220446049250313e-16,2.465190328815662e-32
1101,0,0,1101,0.0,0.0,0.0
1102,0,0,1102,2.220446049250313e-16,4.440892098500626e-16,4.930380657631324e-32
1103,0,0,1103,1.1102230246251565e-16,2.220446049250313e-16,1.232595164407831e-32
1104,0,0,1104,2.220446049250313e-16,0.0,4.930380657631324e-32
1105,0,0,1105,0.03141463462364124,0.03663886529066507,0.0009868792685368787
1106,1,0,1106,1.1102230246251565e-16,2.220446049250313e-16,1.232595164407831e-32
1107,1,0,1107,0.031414634623641156,0.05044939168073892,0.0009868792685368737
1108,2,0,1108,2.482534153247273e-16,2.220446049250313e-16,6.162975822039155e-32
1109,0,0,1109,0.0314146346236413,0.024908980387168267,0.0009868792685368826
1110,1,0,1110,1.5700924586837754e-16,2.220446049250313e-16,2.465190328815662e-32
1111,0,0,1111,0.03141463462364104,0.0006806391077842644,0.000986879268536866
1112,0,0,1112,0.031414634623641136,0.023255051984076625,0.0009868792685368726
1113,1,0,1113,0.0,0.0,0.0
1114,0,0,1114,0.0,0.0,0.0
1115,2,0,1115,1.1102230246251565e-16,2.220446049250313e-16,1.232595164407831e-32
1116,0,0,1116,0.0,0.0,0.0
1117,2,0,1117,0.0,0.0,0.0
1118,0,0,1118,2.0,2.090826273190038,1.1066551277977049e-31
1119,2,0,1119,0.0,0.0,0.0
1120,0,0,1120,0.0,0.0,0.0
1121,1,0,1121,0.03141463462364129,0.02117615557474739,0.0009868792685368817
1122,1,0,1122,2.0014830212433607e-16,2.220446049250313e-16,4.0059342843254506e-32
1123,2,0,1123,1.1102230246251565e-16,0.0,1.232595164407831e-32
1124,0,0,1124,0.03141463462364129,0.058778002933498996,0.000986879268536882
1125,2,0,1125,0.0,0.0,0.0
1126,1,0,1126,0.031414634623641226,0.022913658379623003,0.0009868792685368778
1127,1,0,1127,2.482534153247273e-16,4.440892098500626e-16,6.162975822039155e-32
1128,0,0,1128,0.0,0.0,0.0
1129,2,0,1129,0.031414634623641184,0.043981346844803815,0.0009868792685368756
1130,1,0,1130,0.03141463462364126,0.03781173412708627,0.0009868792685368802
1131,0,0,1131,0.031414634623641385,0.04458495948781205,0.000986879268536888
1132,1,0,1132,1.5700924586837754e-16,2.220446049250313e-16,2.465190328815662e-32
1133,0,0,1133,0.031414634623641406,0.05918272074632325,0.0009868792685368893
1134,2,0,1134,0.0,0.0,0.0
1135,2,0,1135,0.031414634623641205,0.06282477602502962,0.0009868792685368767
1136,0,0,1136,0.03141463462364122,0.06282401831151174,0.0009868792685368776
1137,0,0,1137,0.03141463462364116,0.05509693723211262,0.0009868792685368741
1138,2,0,1138,0.03141463462364115,0.04521195635959541,0.0009868792685368733
1139,0,0,1139,0.031414634623641496,0.0387885278657194,0.0009868792685368952
1140,2,0,1140,0.03141463462364124,0.011730872923429114,0.0009868792685368787
1141,2,0,1141,0.031414634623641406,0.05645408556692588,0.0009868792685368893
1142,2,0,1142,1.2412670766236366e-16,1.1102230246251565e-16,1.5407439555097887e-32
1143,0,0,1143,0.0,0.0,0.0
1144,1,0,1144,0.03141463462364126,0.007916682812844966,0.0009868792685368802
1145,1,0,1145,1.6653345369377348e-16,3.3306690738754696e-16,2.7733391199176196e-32
1146,0,0,1146,0.031414634623641455,0.012524086866187778,0.0009868792685368923
1147,1,0,1147,0.03141463462364133,0.06275045375227056,0.0009868792685368845
1148,2,0,1148,0.03141463462364125,0.060538827568080045,0.0009868792685368793
1149,0,0,1149,0.03141463462364121,0.04135578225818981,0.0009868792685368772
1150,2,0,1150,0.0,0.0,0.0
1151,1,0,1151,0.0,0.0,0.0
1152,2,0,1152,1.1102230246251565e-16,2.220446049250313e-16,1.232595164407831e-32
1153,1,0,1153,0.031414634623641136,0.05724366990730412,0.0009868792685368724
1154,2,0,1154,0.03141463462364137,0.0050844836232066815,0.0009868792685368871
1155,0,0,1155,0.03141463462364139,0.0596466475107269,0.0009868792685368887
1156,2,0,1156,0.031414634623641156,0.05715642791307185,0.0009868792685368737
1157,2,0,1157,5.551115123125783e-17,0.0,3.0814879110195774e-33
1158,0,0,1158,0.03141463462364119,0.006328701129514336,0.0009868792685368756
1159,1,0,1159,1.1102230246251565e-16,2.220446049250313e-16,1.232595164407831e-32
1160,1,0,1160,0.0,0.0,0.0
1161,1,0,1161,0.031414634623641344,0.030581481186311432,0.0009868792685368852
1162,1,0,1162,2.220446049250313e-16,4.440892098500626e-16,4.930380657631324e-32
1163,2,0,1163,1.1102230246251565e-16,0.0,1.232595164407831e-32
1164,1,0,1164,1.1102230246251565e-16,2.220446049250313e-16,1.232595164407831e-32
1165,2,0,1165,0.03141463462364136,0.052959957695175586,0.0009868792685368865
1166,2,0,1166,1.2412670766236366e-16,2.220446049250313e-16,1.5407439555097887e-32
1167,2,0,1167,1.1102230246251565e-16,2.220446049250313e-16,1.232595164407831e-32
1168,1,0,1168,0.03141463462364104,0.032759996137444514,0.0009868792685368665
1169,1,0,1169,0.03141463462364129,0.05744912820554382,0.0009868792685368822
1170,0,0,1170,0.031414634623641455,0.05353960437299543,0.0009868792685368921
1171,1,0,1171,0.0,0.0,0.0
1172,1,0,1172,1.1102230246251565e-16,0.0,1.232595164407831e-32
1173,0,0,1173,0.0,0.0,0.0
1174,1,0,1174,1.1102230246251565e-16,0.0,1.232595164407831e-32
1175,2,0,1175,0.03141463462364134,0.024203911899647768,0.000986879268536885
1176,1,0,1176,0.0,0.0,0.0
1177,1,0,1177,0.03141463462364131,0.046593054200916306,0.0009868792685368832
1178,0,0,1178,2.482534153247273e-16,4.440892098500626e-16,6.162975822039155e-32
1179,2,0,1179,0.031414634623641115,0.008985233563481243,0.000986879268536871
1180,1,0,1180,0.03141463462364127,0.06238645612357052,0.0009868792685368804
1181,2,0,1181,2.482534153247273e-16,2.220446049250313e-16,6.162975822039155e-32
1182,2,0,1182,0.0,0.0,0.0
1183,1,0,1183,5.551115123125783e-17,0.0,3.0814879110195774e-33
1184,2,0,1184,2.220446049250313e-16,0.0,4.930380657631324e-32
1185,1,0,1185,0.0,0.0,0.0
1186,2,0,1186,8.326672684688674e-17,1.6653345369377348e-16,6.933347799794049e-33
1187,0,0,1187,0.0,0.0,0.0
1188,2,0,1188,0.03141463462364119,0.05771209492549256,0.000986879268536876
1189,1,0,1189,0.0,0.0,0.0
1190,0,0,1190,0.031414634623641344,0.06267180970412156,0.0009868792685368856
1191,2,0,1191,1.2412670766236366e-16,1.1102230246251565e-16,1.5407439555097887e-32
1192,0,0,1192,0.0,0.0,0.0
1193,1,0,1193,1.5700924586837754e-16,2.220446049250313e-16,2.465190328815662e-32
1194,0,0,1194,0.031414634623641434,0.0003716774446878013,0.0009868792685368913
1195,0,0,1195,0.03141463462364121,0.04028808115890681,0.0009868792685368772
1196,0,0,1196,0.03141463462364125,0.06216969526452365,0.0009868792685368793
1197,1,0,1197,0.03141463462364122,0.06254822250578362,0.0009868792685368774
1198,1,0,1198,0.03141463462364113,0.04600266197796499,0.000986879268536872
1199,0,0,1199,2.220446049250313e-16,4.440892098500626e-16,4.930380657631324e-32
1200,2,0,1200,1.5700924586837754e-16,2.220446049250313e-16,2.465190328815662e-32
1201,2,0,1201,0.031414634623641385,0.0625040107013661,0.000986879268536888
1202,1,0,1202,0.03141463462364161,0.014125165092512049,0.0009868792685369023
1203,0,0,1203,0.0,0.0,0.0
1204,1,0,1204,0.031414634623641524,0.053260615841424164,0.000986879268536897
1205,0,0,1205,0.03141463462364121,0.06271011670693916,0.0009868792685368772
1206,2,0,1206,0.0314146346236412,0.052538472586657115,0.0009868792685368763
1207,2,0,1207,3.33355902589325e-16,2.7755575615628914e-17,1.111261577911435e-31
1208,0,0,1208,2.0014830212433607e-16,3.3306690738754696e-16,4.0059342843254506e-32
1209,0,0,1209,0.031414634623641316,0.03547538329567712,0.0009868792685368837
1210,2,0,1210,0.03141463462364119,0.009321213888370039,0.0009868792685368754
1211,2,0,1211,3.510833468576701e-16,6.661338147750939e-16,1.232595164407831e-31
1212,0,0,1212,0.0,0.0,0.0
1213,0,0,1213,0.03141463462364117,0.03539648060781997,0.0009868792685368746
1214,2,0,1214,1.2412670766236366e-16,2.220446049250313e-16,1.5407439555097887e-32
1215,1,0,1215,1.1102230246251565e-16,2.220446049250313e-16,1.232595164407831e-32
1216,0,0,1216,1.1102230246251565e-16,0.0,1.232595164407831e-32
1217,1,0,1217,1.5700924586837754e-16,2.220446049250313e-16,2.465190328815662e-32
1218,0,0,1218,0.031414634623641226,0.008317399213221943,0.000986879268536878
1219,0,0,1219,0.031414634623641254,0.04164364793182607,0.0009868792685368798
1220,0,0,1220,0.031414634623641344,0.015682715719267826,0.0009868792685368854
1221,1,0,1221,0.0,0.0,0.0
1222,0,0,1222,0.03141463462364126,0.018111170409925492,0.0009868792685368802
1223,0,0,1223,0.0,0.0,0.0
1224,2,0,1224,0.0,0.0,0.0
1225,0,0,1225,0.031414634623641094,0.029508419519062246,0.00098687926853687
1226,2,0,1226,0.0,0.0,0.0
1227,2,0,1227,0.03141463462364119,0.0560875997940814,0.0009868792685368756
1228,1,0,1228,0.0,0.0,0.0
1229,2,0,1229,0.031414634623641295,0.06134766114916451,0.0009868792685368822
1230,0,0,1230,0.031414634623641066,0.04241775983469798,0.000986879268536868
1231,1,0,1231,0.0,0.0,0.0
1232,1,0,1232,0.03141463462364135,0.03245204144321279,0.0009868792685368858
1233,0,0,1233,5.551115123125783e-17,0.0,3.0814879110195774e-33
1234,2,0,1234,0.03141463462364115,0.036691238078110144,0.000986879268536873
1235,2,0,1235,0.031414634623641184,0.05630339273654539,0.0009868792685368754
1236,2,0,1236,0.03141463462364138,0.013377315148067837,0.0009868792685368876
1237,2,0,1237,0.0,0.0,0.0
1238,2,0,1238,1.1102230246251565e-16,0.0,1.232595164407831e-32
1239,1,0,1239,0.03141463462364115,0.015021307529327732,0.0009868792685368728
1240,1,0,1240,1.999753264963321,2.540826773050476,0.000986879268536883
1241,1,0,1241,0.0,0.0,0.0
1242,1,0,1242,0.031414634623641274,0.04921816758078501,0.0009868792685368809
1243,1,0,1243,1.1102230246251565e-16,2.220446049250313e-16,1.232595164407831e-32
1244,0,0,1244,0.03141463462364119,0.06179199673344071,0.000986879268536876
1245,2,0,1245,0.031414634623641156,0.042331024275497287,0.0009868792685368737
1246,0,0,1246,0.03141463462364125,0.014211898454863814,0.0009868792685368791
1247,0,0,1247,1.2412670766236366e-16,1.1102230246251565e-16,1.5407439555097887e-32
1248,1,0,1248,0.0,0.0,0.0
1249,2,0,1249,0.0314146346236412,0.04382800694589428,0.0009868792685368765
1250,0,0,1250,0.03141463462364129,0.04300455397455516,0.000986879268536882
1251,0,0,1251,0.031414634623641205,0.0330194071270149,0.0009868792685368767
1252,2,0,1252,0.0,0.0,0.0
1253,2,0,1253,0.031414634623641344,0.053691773411887356,0.0009868792685368854
1254,1,0,1254,0.0314146346236411,0.05827084818281447,0.00098687926853687
1255,2,0,1255,0.03141463462364124,0.04746706624632546,0.0009868792685368791
1256,0,0,1256,1.5700924586837754e-16,2.220446049250313e-16,2.465190328815662e-32
1257,1,0,1257,2.220446049250313e-16,4.440892098500626e-16,4.930380657631324e-32
1258,1,0,1258,1.2412670766236366e-16,2.220446049250313e-16,1.5407439555097887e-32
1259,2,0,1259,0.031414634623641156,0.05918192232216157,0.0009868792685368735
1260,0,0,1260,0.0,0.0,0.0
1261,2,0,1261,0.03141463462364149,0.06262012778654702,0.0009868792685368945
1262,2,0,1262,0.031414634623641184,0.038652113948647315,0.0009868792685368754
1263,1,0,1263,0.03141463462364145,0.05813639496835221,0.000986879268536892
1264,1,0,1264,0.03141463462364131,0.04448757451092433,0.0009868792685368832
1265,0,0,1265,1.2412670766236366e-16,1.1102230246251565e-16,1.5407439555097887e-32
1266,2,0,1266,0.031414634623641156,0.06282764310611666,0.0009868792685368735
1267,0,0,1267,0.031414634623641205,0.06135833962028636,0.0009868792685368767
1268,1,0,1268,0.03141463462364128,0.058753285085656026,0.0009868792685368815
1269,0,0,1269,0.0,0.0,0.0
1270,2,0,1270,0.0,0.0,0.0
1271,1,0,1271,0.03141463462364129,0.04936607290293238,0.0009868792685368822
1272,0,0,1272,0.0314146346236414,0.05746399659141699,0.0009868792685368889
1273,0,0,1273,0.0,0.0,0.0
1274,1,0,1274,0.0,0.0,0.0
1275,0,0,1275,1.5700924586837754e-16,2.220446049250313e-16,2.465190328815662e-32
1276,1,0,1276,0.03141463462364115,0.06130415518656929,0.000986879268536873
1277,2,0,1277,1.1102230246251565e-16,2.220446049250313e-16,1.232595164407831e-32
1278,2,0,1278,0.0,0.0,0.0
1279,0,0,1279,0.031414634623641316,0.05829179315367161,0.0009868792685368839
1280,1,0,1280,2.482534153247273e-16,2.220446049250313e-16,6.162975822039155e-32
1281,1,0,1281,2.2591401799415137e-16,8.326672684688674e-17,5.103714352626175e-32
1282,1,0,1282,0.0,0.0,0.0
1283,1,0,1283,1.9997532649633212,3.696047798319632,0.000986879268536909
1284,1,0,1284,0.03141463462364125,0.016613870570185707,0.0009868792685368791
1285,2,0,1285,0.031414634623641496,0.04478087790141383,0.0009868792685368952
1286,2,0,1286,1.1102230246251565e-16,0.0,1.232595164407831e-32
1287,1,0,1287,0.03141463462364138,0.05962155240109812,0.0009868792685368876
1288,0,0,1288,5.551115123125783e-17,0.0,3.0814879110195774e-33
1289,0,0,1289,0.03141463462364136,0.00296675249332945,0.0009868792685368858
1290,1,0,1290,0.03141463462364119,0.051643705103036064,0.0009868792685368759
1291,1,0,1291,0.03141463462364102,0.05342079869935201,0.000986879268536865
1292,0,0,1292,0.0,0.0,0.0
1293,1,0,1293,0.0,0.0,0.0
1294,0,0,1294,0.03141463462364128,0.05566182997148039,0.0009868792685368815
1295,2,0,1295,0.031414634623641156,0.06221967283813637,0.0009868792685368737
1296,1,0,1296,0.03141463462364123,0.014974240395995375,0.0009868792685368785
1297,0,0,1297,0.031414634623641226,0.06268875937203211,0.0009868792685368782
1298,1,0,1298,0.0,0.0,0.0
1299,1,0,1299,0.0,0.0,0.0
1300,0,0,1300,0.0314146346236412,0.061441641095357435,0.0009868792685368763
1301,2,0,1301,0.0,0.0,0.0
1302,2,0,1302,0.031414634623641295,0.061784524781117844,0.0009868792685368824
1303,1,0,1303,1.2412670766236366e-16,1.1102230246251565e-16,1.5407439555097887e-32
1304,1,0,1304,0.0,0.0,0.0
1305,0,0,1305,0.031414634623641406,0.041539455562827454,0.0009868792685368895
1306,1,0,1306,0.031414634623641156,0.015208605895983496,0.0009868792685368737
1307,1,0,1307,1.1102230246251565e-16,2.220446049250313e-16,1.232595164407831e-32
1308,2,0,1308,0.0314146346236413,0.022061322658391447,0.0009868792685368828
1309,0,0,1309,0.031414634623641025,0.05986289740310902,0.0009868792685368655
1310,2,0,1310,5.551115123125783e-17,1.1102230246251565e-16,3.0814879110195774e-33
1311,2,0,1311,0.03141463462364128,0.059024863295644714,0.0009868792685368815
1312,1,0,1312,0.03141463462364113,0.06234255638100472,0.000986879268536872
1313,2,0,1313,1.1102230246251565e-16,2.220446049250313e-16,1.232595164407831e-32
1314,0,0,1314,0.03141463462364117,0.00031767358832168746,0.0009868792685368741
1315,0,0,1315,1.2412670766236366e-16,1.1102230246251565e-16,1.5407439555097887e-32
1316,1,0,1316,0.0,0.0,0.0
1317,1,0,1317,0.0,0.0,0.0
1318,0,0,1318,0.0,0.0,0.0
1319,2,0,1319,0.0,0.0,0.0
1320,0,0,1320,0.03141463462364105,0.007335493180761432,0.0009868792685368668
1321,1,0,1321,1.9997532649633212,3.9819722640295563,0.0009868792685368971
1322,0,0,1322,1.1443916996305594e-16,5.551115123125783e-17,1.3096323621833204e-32
1323,2,0,1323,1.1102230246251565e-16,2.220446049250313e-16,1.232595164407831e-32
1324,1,0,1324,0.0,0.0,0.0
1325,1,0,1325,0.031414634623641136,0.02577710232957542,0.000986879268536872
1326,1,0,1326,0.0,0.0,0.0
1327,1,0,1327,1.2412670766236366e-16,2.220446049250313e-16,1.5407439555097887e-32
1328,2,0,1328,0.03141463462364117,0.054411824362507355,0.0009868792685368748
1329,1,0,1329,0.03141463462364133,0.05299807394549072,0.0009868792685368845
1330,1,0,1330,1.5700924586837754e-16,2.220446049250313e-16,2.465190328815662e-32
1331,0,0,1331,0.0,0.0,0.0
1332,2,0,1332,0.03141463462364104,0.017479253307564946,0.0009868792685368663
1333,1,0,1333,0.0314146346236413,0.06097131036960862,0.0009868792685368828
1334,1,0,1334,0.031414634623641205,0.008917694131056919,0.0009868792685368765
1335,0,0,1335,0.03141463462364121,0.026512066219442243,0.0009868792685368772
1336,0,0,1336,1.5700924586837754e-16,2.220446049250313e-16,2.465190328815662e-32
1337,2,0,1337,1.1102230246251565e-16,2.220446049250313e-16,1.232595164407831e-32
1338,2,0,1338,0.0,0.0,0.0
1339,1,0,1339,3.3766115072321307e-16,1.1102230246251565e-16,1.1401505270772436e-31
1340,0,0,1340,0.0,0.0,0.0
1341,1,0,1341,0.03141463462364117,0.03551043522788189,0.0009868792685368748
1342,0,0,1342,0.03141463462364144,0.05132706239063767,0.0009868792685368915
1343,1,0,1343,0.03141463462364134,0.054898560742994484,0.000986879268536885
1344,1,0,1344,0.03141463462364118,0.06103280315849435,0.000986879268536875
1345,1,0,1345,0.0,0.0,0.0
1346,2,0,1346,0.0,0.0,0.0
1347,2,0,1347,2.482534153247273e-16,2.220446049250313e-16,6.162975822039155e-32
1348,2,0,1348,0.0,0.0,0.0
1349,1,0,1349,0.0,0.0,0.0
1350,1,0,1350,1.1443916996305594e-16,5.551115123125783e-17,1.3096323621833204e-32
1351,1,0,1351,0.0,0.0,0.0
1352,2,0,1352,2.220446049250313e-16,4.440892098500626e-16,4.930380657631324e-32
1353,0,0,1353,0.03141463462364122,0.049082335198453064,0.0009868792685368774
1354,0,0,1354,0.0,0.0,0.0
1355,0,0,1355,0.03141463462364112,0.06165835032709921,0.0009868792685368715
1356,0,0,1356,0.0,0.0,0.0
1357,2,0,1357,0.0,0.0,0.0
1358,1,0,1358,0.03141463462364108,0.0350096172923251,0.000986879268536869
1359,1,0,1359,0.0,0.0,0.0
1360,1,0,1360,0.0,0.0,0.0
1361,1,0,1361,0.03141463462364131,0.05988313207822582,0.0009868792685368835
1362,2,0,1362,1.1102230246251565e-16,0.0,1.232595164407831e-32
1363,2,0,1363,1.6653345369377348e-16,0.0,2.7733391199176196e-32
1364,0,0,1364,0.0314146346236414,0.05392941037607879,0.0009868792685368889
1365,2,0,1365,0.03141463462364139,0.06201584592509324,0.0009868792685368887
1366,2,0,1366,0.03141463462364136,0.013374091113457665,0.000986879268536886
1367,2,0,1367,1.1102230246251565e-16,0.0,1.232595164407831e-32
1368,1,0,1368,1.2412670766236366e-16,2.220446049250313e-16,1.5407439555097887e-32
1369,0,0,1369,0.0,0.0,0.0
1370,0,0,1370,1.2412670766236366e-16,1.1102230246251565e-16,1.5407439555097887e-32
1371,1,0,1371,0.0,0.0,0.0
1372,1,0,1372,0.03141463462364139,0.05473217256143115,0.0009868792685368882
1373,2,0,1373,0.0,0.0,0.0
1374,1,0,1374,0.03141463462364104,0.03880107860866766,0.000986879268536866
1375,2,0,1375,0.031414634623641136,0.024984858642498997,0.0009868792685368722
1376,0,0,1376,0.0,0.0,0.0
1377,0,0,1377,0.03141463462364152,0.06275474393059666,0.0009868792685368965
1378,2,0,1378,1.1102230246251565e-16,2.220446049250313e-16,1.232595164407831e-32
1379,2,0,1379,0.03141463462364125,0.022915349606177138,0.0009868792685368793
1380,1,0,1380,0.03141463462364116,0.03513744512911465,0.0009868792685368741
1381,1,0,1381,0.03141463462364153,0.045304417312055145,0.0009868792685368973
1382,1,0,1382,0.0,0.0,0.0
1383,0,0,1383,0.03141463462364124,0.0032395686766222287,0.000986879268536879
1384,0,0,1384,0.0,0.0,0.0
1385,1,0,1385,0.031414634623641545,0.02721111807080967,0.000986879268536898
1386,2,0,1386,0.03141463462364115,0.02659688744447619,0.0009868792685368733
1387,1,0,1387,0.0,0.0,0.0
1388,0,0,1388,1.1102230246251565e-16,2.220446049250313e-16,1.232595164407831e-32
1389,1,0,1389,2.482534153247273e-16,4.440892098500626e-16,6.162975822039155e-32
1390,2,0,1390,0.031414634623641385,0.013197508056692842,0.0009868792685368882
1391,1,0,1391,0.031414634623641365,0.0624335507576379,0.000986879268536887
1392,2,0,1392,0.0,0.0,0.0
1393,2,0,1393,1.1102230246251565e-16,0.0,1.232595164407831e-32
1394,2,0,1394,1.3877787807814457e-16,2.7755575615628914e-16,1.9259299443872359e-32
1395,2,0,1395,0.0,0.0,0.0
1396,2,0,1396,0.031414634623641385,0.0023143278870478845,0.000986879268536888
1397,2,0,1397,0.03141463462364116,0.06282723159163334,0.0009868792685368741
1398,1,0,1398,0.03141463462364139,0.0016080657425121547,0.0009868792685368884
1399,2,0,1399,0.031414634623641156,0.06264685200553877,0.0009868792685368737
1400,2,0,1400,0.0,0.0,0.0
1401,1,0,1401,0.03141463462364107,0.013032020285650425,0.0009868792685368685
1402,0,0,1402,0.03141463462364114,0.04511303235198838,0.0009868792685368728
1403,1,0,1403,0.03141463462364122,0.009166780272857222,0.0009868792685368772
1404,1,0,1404,0.03141463462364115,0.005617280984224315,0.0009868792685368728
1405,2,0,1405,0.031414634623641115,0.013085831140325466,0.000986879268536871
1406,1,0,1406,2.482534153247273e-16,4.440892098500626e-16,6.162975822039155e-32
1407,2,0,1407,0.03141463462364131,0.04851616538482828,0.000986879268536883
1408,2,0,1408,5.551115123125783e-17,1.1102230246251565e-16,3.0814879110195774e-33
1409,1,0,1409,1.1102230246251565e-16,0.0,1.232595164407831e-32
1410,2,0,1410,0.031414634623641066,0.015479507459810193,0.0009868792685368678
1411,0,0,1411,0.0,0.0,0.0
1412,1,0,1412,1.6653345369377348e-16,3.3306690738754696e-16,2.7733391199176196e-32
1413,2,0,1413,0.03141463462364117,0.0553774994711288,0.0009868792685368748
1414,2,0,1414,0.03141463462364128,0.058329863433389306,0.0009868792685368817
1415,0,0,1415,0.0,0.0,0.0
1416,2,0,1416,0.03141463462364139,0.05160252889492889,0.0009868792685368884
1417,1,0,1417,2.220446049250313e-16,0.0,4.930380657631324e-32
1418,0,0,1418,0.03141463462364114,0.028942128481893814,0.0009868792685368728
1419,1,0,1419,0.03141463462364129,0.04657410700872977,0.000986879268536882
1420,2,0,1420,0.0,0.0,0.0
1421,1,0,1421,0.03141463462364127,0.006690677143074808,0.0009868792685368806
1422,0,0,1422,0.03141463462364109,0.06280455784118766,0.0009868792685368691
1423,2,0,1423,1.5700924586837754e-16,2.220446049250313e-16,2.465190328815662e-32
1424,2,0,1424,0.03141463462364134,0.05036136020689819,0.000986879268536885
1425,2,0,1425,2.7755575615628914e-16,4.440892098500626e-16,7.703719777548943e-32
1426,1,0,1426,0.0,0.0,0.0
1427,1,0,1427,0.03141463462364132,0.022434750161826722,0.000986879268536884
1428,0,0,1428,0.03141463462364122,0.060139197396251176,0.0009868792685368778
1429,2,0,1429,0.0,0.0,0.0
1430,0,0,1430,0.031414634623641434,0.0133769176024221,0.000986879268536891
1431,1,0,1431,0.0314146346236412,0.06135664415165332,0.0009868792685368763
1432,2,0,1432,0.03141463462364133,0.039867097100761084,0.0009868792685368845
1433,2,0,1433,0.0,0.0,0.0
1434,2,0,1434,2.220446049250313e-16,4.440892098500626e-16,4.930380657631324e-32
1435,2,0,1435,0.03141463462364126,0.010588829420284274,0.0009868792685368804
1436,2,0,1436,0.0,0.0,0.0
1437,2,0,1437,0.0314146346236411,0.06282925480951207,0.0009868792685368702
1438,1,0,1438,0.0,0.0,0.0
1439,0,0,1439,0.031414634623641344,0.0006435009492782306,0.0009868792685368854
1440,1,0,1440,2.482534153247273e-16,4.440892098500626e-16,6.162975822039155e-32
1441,0,0,1441,5.551115123125783e-17,1.1102230246251565e-16,3.0814879110195774e-33
1442,2,0,1442,0.031414634623641136,0.03507440868006295,0.0009868792685368724
1443,1,0,1443,5.551115123125783e-17,1.1102230246251565e-16,3.0814879110195774e-33
1444,0,0,1444,0.0,0.0,0.0
1445,0,0,1445,0.0,0.0,0.0
1446,1,0,1446,1.5700924586837754e-16,2.220446049250313e-16,2.465190328815662e-32
1447,2,0,1447,0.0,0.0,0.0
1448,0,0,1448,4.163336342344337e-17,8.326672684688674e-17,1.7333369499485123e-33
1449,0,0,1449,0.0,0.0,0.0
1450,0,0,1450,0.03141463462364119,0.05146661742782177,0.0009868792685368759
1451,0,0,1451,2.482534153247273e-16,4.440892098500626e-16,6.162975822039155e-32
1452,0,0,1452,0.03141463462364117,0.04253091615360627,0.0009868792685368746
1453,1,0,1453,0.03141463462364138,0.05792462663235731,0.0009868792685368876
1454,0,0,1454,0.0,0.0,0.0
1455,0,0,1455,0.03141463462364107,0.007594529107767256,0.0009868792685368683
1456,2,0,1456,0.031414634623641274,0.01928988829449696,0.0009868792685368813
1457,0,0,1457,0.03141463462364114,0.0035686973868942484,0.0009868792685368728
1458,1,0,1458,0.031414634623641295,0.023759213545567315,0.0009868792685368824
1459,1,0,1459,0.03141463462364132,0.058934886534918296,0.000986879268536884
1460,2,0,1460,0.03141463462364117,0.024170828978670844,0.0009868792685368748
1461,2,0,1461,0.03141463462364138,0.05587697614227771,0.0009868792685368878
1462,0,0,1462,0.0,0.0,0.0
1463,1,0,1463,0.0,0.0,0.0
1464,1,0,1464,1.2412670766236366e-16,1.1102230246251565e-16,1.5407439555097887e-32
1465,0,0,1465,0.0,0.0,0.0
1466,2,0,1466,1.1102230246251565e-16,0.0,1.232595164407831e-32
1467,2,0,1467,0.03141463462364122,0.05521034177609352,0.0009868792685368774
1468,1,0,1468,1.5700924586837754e-16,2.220446049250313e-16,2.465190328815662e-32
1469,0,0,1469,0.031414634623641094,0.013884698966877718,0.0009868792685368698
1470,2,0,1470,3.140184917367551e-16,4.440892098500626e-16,9.860761315262648e-32
1471,1,0,1471,0.03141463462364129,0.04853527719392314,0.000986879268536882
1472,0,0,1472,1.5700924586837754e-16,2.220446049250313e-16,2.465190328815662e-32
1473,0,0,1473,0.031414634623641274,0.019672955108336998,0.0009868792685368809
1474,0,0,1474,0.03141463462364117,0.055785859597666354,0.0009868792685368746
1475,2,0,1475,2.482534153247273e-16,2.220446049250313e-16,6.162975822039155e-32
1476,0,0,1476,0.031414634623641184,0.031072454044775988,0.0009868792685368752
1477,0,0,1477,0.031414634623641115,0.059710597294438394,0.0009868792685368709
1478,2,0,1478,5.551115123125783e-17,1.1102230246251565e-16,3.0814879110195774e-33
1479,2,0,1479,0.0,0.0,0.0
1480,2,0,1480,0.0,0.0,0.0
1481,1,0,1481,0.03141463462364134,0.03766070161209489,0.000986879268536885
1482,1,0,1482,0.031414634623641205,0.06189536511328525,0.0009868792685368767
1483,1,0,1483,0.03141463462364114,0.03276558983035338,0.0009868792685368728
1484,2,0,1484,1.5700924586837754e-16,2.220446049250313e-16,2.465190328815662e-32
1485,1,0,1485,0.03141463462364143,0.010021725793112335,0.0009868792685368904
1486,1,0,1486,1.9997532649633212,0.4217545472545714,0.0009868792685368936
1487,0,0,1487,0.03141463462364118,0.05596680535795617,0.000986879268536875
1488,1,0,1488,1.1102230246251565e-16,2.220446049250313e-16,1.232595164407831e-32
1489,0,0,1489,1.1102230246251565e-16,2.220446049250313e-16,1.232595164407831e-32
1490,0,0,1490,0.03141463462364136,0.05051192835152052,0.0009868792685368863
1491,1,0,1491,0.03141463462364136,0.05589079523087681,0.000986879268536886
1492,0,0,1492,1.6653345369377348e-16,3.3306690738754696e-16,2.7733391199176196e-32
1493,2,0,1493,0.031414634623641295,0.007204249792087447,0.0009868792685368822
1494,2,0,1494,0.0,0.0,0.0
1495,1,0,1495,0.031414634623641136,0.03050621884761262,0.0009868792685368724
1496,0,0,1496,0.03141463462364151,0.010871031116912011,0.0009868792685368958
1497,2,0,1497,0.03141463462364138,0.05674726604624103,0.0009868792685368878
1498,1,0,1498,0.0,0.0,0.0
1499,2,0,1499,1.1102230246251565e-16,2.220446049250313e-16,1.232595164407831e-32
