,Layer,Qubit,Run,2-Norm,Trace Norm,Diamond Norm
0,0,0,0,0.06282151815625617,0.12564303631251234,0.003946543143456825
1,1,0,1,2.220446049250313e-16,4.440892098500626e-16,4.930380657631324e-32
2,0,0,2,0.06282151815625668,0.12564303631251336,0.003946543143456889
3,1,0,3,0.0,0.0,0.0
4,1,0,4,0.06282151815625622,0.12564303631251245,0.003946543143456831
5,1,0,5,3.1401849173675503e-16,6.280369834735101e-16,9.860761315262648e-32
6,0,0,6,3.1401849173675503e-16,6.280369834735101e-16,9.860761315262648e-32
7,1,0,7,0.0,0.0,0.0
8,1,0,8,0.0,0.0,0.0
9,2,0,9,0.06282151815625657,0.12564303631251314,0.003946543143456874
10,0,0,10,0.0628215181562564,0.1256430363125128,0.003946543143456853
11,0,0,11,0.0,0.0,0.0
12,0,0,12,1.5700924586837752e-16,3.1401849173675503e-16,2.465190328815662e-32
13,0,0,13,1.2412670766236366e-16,2.482534153247273e-16,1.5407439555097887e-32
14,2,0,14,0.0,0.0,0.0
15,2,0,15,0.06282151815625632,0.12564303631251264,0.003946543143456841
16,2,0,16,5.551115123125783e-17,1.1102230246251565e-16,3.0814879110195774e-33
17,2,0,17,0.0628215181562562,0.1256430363125124,0.003946543143456826
18,0,0,18,2.0014830212433607e-16,4.0029660424867215e-16,4.0059342843254506e-32
19,2,0,19,0.0628215181562568,0.1256430363125136,0.003946543143456904
20,2,0,20,0.06282151815625639,0.12564303631251278,0.003946543143456851
21,2,0,21,0.06282151815625628,0.12564303631251256,0.003946543143456837
22,0,0,22,1.1102230246251565e-16,2.220446049250313e-16,1.232595164407831e-32
23,0,0,23,0.06282151815625671,0.12564303631251342,0.0039465431434568925
24,1,0,24,2.498001805406602e-16,4.996003610813204e-16,6.240013019814644e-32
25,2,0,25,0.06282151815625625,0.1256430363125125,0.003946543143456833
26,2,0,26,1.1102230246251565e-16,2.220446049250313e-16,1.232595164407831e-32
27,2,0,27,0.06282151815625651,0.12564303631251303,0.0039465431434568665
28,1,0,28,0.06282151815625618,0.12564303631251236,0.003946543143456825
29,2,0,29,0.0628215181562567,0.1256430363125134,0.003946543143456888
30,0,0,30,0.06282151815625679,0.12564303631251358,0.003946543143456902
31,0,0,31,0.0,0.0,0.0
32,1,0,32,0.0,0.0,0.0
33,0,0,33,0.06282151815625625,0.1256430363125125,0.003946543143456833
34,0,0,34,0.06282151815625657,0.12564303631251314,0.003946543143456873
35,0,0,35,0.0628215181562567,0.1256430363125134,0.00394654314345689
36,0,0,36,0.06282151815625657,0.12564303631251314,0.003946543143456874
37,1,0,37,0.06282151815625654,0.12564303631251308,0.003946543143456871
38,2,0,38,0.0,0.0,0.0
39,1,0,39,2.7755575615628914e-16,5.551115123125783e-16,7.703719777548943e-32
40,1,0,40,0.06282151815625667,0.12564303631251333,0.0039465431434568855
41,1,0,41,1.2412670766236366e-16,2.482534153247273e-16,1.5407439555097887e-32
42,0,0,42,0.0,0.0,0.0
43,2,0,43,0.06282151815625675,0.1256430363125135,0.003946543143456897
44,0,0,44,0.0,0.0,0.0
45,0,0,45,1.5700924586837752e-16,3.1401849173675503e-16,2.465190328815662e-32
46,1,0,46,0.06282151815625664,0.12564303631251328,0.003946543143456882
47,1,0,47,3.2398021848425303e-16,6.479604369685061e-16,1.0496318196910435e-31
48,2,0,48,0.06282151815625664,0.12564303631251328,0.003946543143456883
49,2,0,49,0.0,0.0,0.0
50,0,0,50,0.06282151815625624,0.12564303631251247,0.0039465431434568335
51,0,0,51,0.0,0.0,0.0
52,2,0,52,2.0816681711721685e-17,4.163336342344337e-17,4.333342374871281e-34
53,0,0,53,0.0,0.0,0.0
54,2,0,54,1.1102230246251565e-16,2.220446049250313e-16,1.232595164407831e-32
55,1,0,55,0.06282151815625626,0.12564303631251253,0.003946543143456835
56,2,0,56,1.9990131207314632,3.9980262414629264,0.0039465431434568725
57,2,0,57,0.06282151815625661,0.12564303631251322,0.003946543143456879
58,1,0,58,0.0,0.0,0.0
59,2,0,59,0.0,0.0,0.0
60,2,0,60,0.0,0.0,0.0
61,0,0,61,0.06282151815625639,0.12564303631251278,0.003946543143456852
62,0,0,62,0.06282151815625663,0.12564303631251325,0.003946543143456882
63,0,0,63,2.220446049250313e-16,4.440892098500626e-16,4.930380657631324e-32
64,1,0,64,0.06282151815625629,0.12564303631251258,0.003946543143456838
65,1,0,65,0.0,0.0,0.0
66,0,0,66,0.06282151815625665,0.1256430363125133,0.003946543143456885
67,1,0,67,2.3714374201337736e-16,4.742874840267547e-16,5.623715437610729e-32
68,2,0,68,0.06282151815625671,0.12564303631251342,0.003946543143456891
69,1,0,69,0.0628215181562567,0.12564303631251336,0.003946543143456889
70,0,0,70,0.06282151815625651,0.12564303631251303,0.003946543143456867
71,0,0,71,0.06282151815625653,0.12564303631251306,0.00394654314345687
72,0,0,72,0.0,0.0,0.0
73,1,0,73,1.1102230246251565e-16,2.220446049250313e-16,1.232595164407831e-32
74,2,0,74,0.06282151815625656,0.1256430363125131,0.003946543143456872
75,1,0,75,2.7755575615628914e-16,5.551115123125783e-16,7.703719777548943e-32
76,0,0,76,1.1102230246251565e-16,2.220446049250313e-16,1.232595164407831e-32
77,2,0,77,0.0,0.0,0.0
78,0,0,78,1.6653345369377348e-16,3.3306690738754696e-16,2.7733391199176196e-32
79,1,0,79,1.6653345369377348e-16,3.3306690738754696e-16,2.7733391199176196e-32
80,2,0,80,0.0,0.0,0.0
81,1,0,81,0.06282151815625622,0.12564303631251245,0.00394654314345683
82,2,0,82,0.0,0.0,0.0
83,2,0,83,0.0628215181562566,0.1256430363125132,0.003946543143456878
84,2,0,84,0.06282151815625611,0.1256430363125122,0.003946543143456815
85,1,0,85,0.06282151815625664,0.12564303631251328,0.003946543143456882
86,2,0,86,1.1102230246251565e-16,2.220446049250313e-16,1.232595164407831e-32
87,2,0,87,0.06282151815625661,0.12564303631251322,0.0039465431434568795
88,2,0,88,0.06282151815625628,0.12564303631251256,0.003946543143456837
89,0,0,89,0.06282151815625664,0.12564303631251328,0.003946543143456882
90,0,0,90,0.0,0.0,0.0
91,2,0,91,0.06282151815625638,0.12564303631251275,0.00394654314345685
92,1,0,92,2.482534153247273e-16,4.965068306494546e-16,6.162975822039155e-32
93,1,0,93,2.7755575615628914e-16,5.551115123125783e-16,7.703719777548943e-32
94,1,0,94,1.1443916996305594e-16,2.2887833992611187e-16,1.3096323621833204e-32
95,1,0,95,1.1102230246251565e-16,2.220446049250313e-16,1.232595164407831e-32
96,1,0,96,1.2412670766236366e-16,2.482534153247273e-16,1.5407439555097887e-32
97,2,0,97,2.0014830212433607e-16,4.0029660424867215e-16,4.0059342843254506e-32
98,1,0,98,0.0628215181562567,0.1256430363125134,0.00394654314345689
99,1,0,99,1.5700924586837752e-16,3.1401849173675503e-16,2.465190328815662e-32
100,2,0,100,0.06282151815625665,0.1256430363125133,0.003946543143456885
101,2,0,101,1.2412670766236366e-16,2.482534153247273e-16,1.5407439555097887e-32
102,1,0,102,0.06282151815625665,0.1256430363125133,0.003946543143456884
103,2,0,103,1.2412670766236366e-16,2.482534153247273e-16,1.5407439555097887e-32
104,1,0,104,0.06282151815625624,0.12564303631251247,0.0039465431434568335
105,1,0,105,0.06282151815625645,0.1256430363125129,0.003946543143456859
106,1,0,106,0.06282151815625658,0.12564303631251317,0.003946543143456875
107,1,0,107,2.7336071744532853e-16,5.4672143489065705e-16,7.472608184222475e-32
108,0,0,108,0.0,0.0,0.0
109,0,0,109,2.7755575615628914e-16,5.551115123125783e-16,7.703719777548943e-32
110,0,0,110,0.0,0.0,0.0
111,1,0,111,2.220446049250313e-16,4.440892098500626e-16,4.930380657631324e-32
112,0,0,112,0.06282151815625625,0.1256430363125125,0.003946543143456835
113,0,0,113,2.0014830212433607e-16,4.0029660424867215e-16,4.0059342843254506e-32
114,2,0,114,0.0,0.0,0.0
115,1,0,115,2.220446049250313e-16,4.440892098500626e-16,4.930380657631324e-32
116,2,0,116,2.482534153247273e-16,4.965068306494546e-16,6.162975822039155e-32
117,0,0,117,0.06282151815625633,0.12564303631251267,0.003946543143456845
118,1,0,118,0.0,0.0,0.0
119,1,0,119,0.0628215181562565,0.125643036312513,0.0039465431434568665
120,2,0,120,0.06282151815625615,0.1256430363125123,0.003946543143456821
121,2,0,121,0.06282151815625668,0.12564303631251336,0.003946543143456887
122,0,0,122,0.06282151815625657,0.12564303631251314,0.003946543143456874
123,2,0,123,0.06282151815625671,0.12564303631251342,0.003946543143456891
124,1,0,124,0.0,0.0,0.0
125,1,0,125,0.0,0.0,0.0
126,1,0,126,0.06282151815625642,0.12564303631251283,0.003946543143456855
127,0,0,127,3.1401849173675503e-16,6.280369834735101e-16,9.860761315262648e-32
128,2,0,128,0.06282151815625664,0.12564303631251328,0.003946543143456881
129,0,0,129,0.0,0.0,0.0
130,0,0,130,0.06282151815625633,0.12564303631251267,0.003946543143456844
131,0,0,131,1.1102230246251565e-16,2.220446049250313e-16,1.232595164407831e-32
132,0,0,132,1.1102230246251565e-16,2.220446049250313e-16,1.232595164407831e-32
133,0,0,133,4.449557262054371e-16,8.899114524108741e-16,1.9798559828300785e-31
134,0,0,134,0.06282151815625674,0.12564303631251347,0.003946543143456894
135,0,0,135,0.06282151815625675,0.1256430363125135,0.003946543143456896
136,2,0,136,2.0014830212433607e-16,4.0029660424867215e-16,4.0059342843254506e-32
137,2,0,137,1.1102230246251565e-16,2.220446049250313e-16,1.232595164407831e-32
138,0,0,138,0.06282151815625615,0.1256430363125123,0.003946543143456821
139,1,0,139,0.06282151815625685,0.1256430363125137,0.003946543143456908
140,2,0,140,0.06282151815625622,0.12564303631251245,0.00394654314345683
141,1,0,141,3.1401849173675503e-16,6.280369834735101e-16,9.860761315262648e-32
142,0,0,142,0.06282151815625661,0.12564303631251322,0.0039465431434568795
143,0,0,143,0.06282151815625654,0.12564303631251308,0.003946543143456871
144,1,0,144,0.06282151815625642,0.12564303631251283,0.003946543143456856
145,1,0,145,0.06282151815625651,0.12564303631251303,0.0039465431434568665
146,0,0,146,0.06282151815625625,0.1256430363125125,0.003946543143456834
147,0,0,147,0.0628215181562567,0.1256430363125134,0.003946543143456889
148,1,0,148,0.06282151815625608,0.12564303631251217,0.0039465431434568135
149,2,0,149,1.999013120731463,3.998026241462926,0.003946543143456913
150,0,0,150,1.5700924586837752e-16,3.1401849173675503e-16,2.465190328815662e-32
151,1,0,151,1.2412670766236366e-16,2.482534153247273e-16,1.5407439555097887e-32
152,0,0,152,1.2412670766236366e-16,2.482534153247273e-16,1.5407439555097887e-32
153,2,0,153,1.1102230246251565e-16,2.220446049250313e-16,1.232595164407831e-32
154,1,0,154,0.0,0.0,0.0
155,0,0,155,0.0628215181562565,0.125643036312513,0.003946543143456865
156,1,0,156,1.5700924586837752e-16,3.1401849173675503e-16,2.465190328815662e-32
157,2,0,157,0.06282151815625638,0.12564303631251275,0.003946543143456849
158,0,0,158,1.2412670766236366e-16,2.482534153247273e-16,1.5407439555097887e-32
159,0,0,159,1.5700924586837752e-16,3.1401849173675503e-16,2.465190328815662e-32
160,1,0,160,0.0628215181562563,0.1256430363125126,0.00394654314345684
161,1,0,161,0.0,0.0,0.0
162,0,0,162,0.06282151815625638,0.12564303631251272,0.003946543143456849
163,2,0,163,0.0628215181562565,0.125643036312513,0.003946543143456866
164,2,0,164,0.0,0.0,0.0
165,0,0,165,0.06282151815625639,0.12564303631251278,0.003946543143456851
166,2,0,166,1.1102230246251565e-16,2.220446049250313e-16,1.232595164407831e-32
167,0,0,167,0.06282151815625646,0.12564303631251292,0.00394654314345686
168,0,0,168,0.0,0.0,0.0
169,1,0,169,0.06282151815625654,0.12564303631251308,0.00394654314345687
170,0,0,170,2.482534153247273e-16,4.965068306494546e-16,6.162975822039155e-32
171,2,0,171,0.0,0.0,0.0
172,2,0,172,0.06282151815625651,0.12564303631251303,0.0039465431434568665
173,2,0,173,0.06282151815625656,0.1256430363125131,0.003946543143456872
174,1,0,174,0.0628215181562567,0.1256430363125134,0.00394654314345689
175,2,0,175,0.06282151815625664,0.12564303631251328,0.003946543143456882
176,1,0,176,1.9990131207314632,3.9980262414629264,0.003946543143456939
177,0,0,177,1.1102230246251565e-16,2.220446049250313e-16,1.232595164407831e-32
178,0,0,178,2.220446049250313e-16,4.440892098500626e-16,4.930380657631324e-32
179,2,0,179,2.220446049250313e-16,4.440892098500626e-16,4.930380657631324e-32
180,0,0,180,2.220446049250313e-16,4.440892098500626e-16,4.930380657631324e-32
181,1,0,181,0.06282151815625639,0.12564303631251278,0.00394654314345685
182,0,0,182,0.06282151815625658,0.12564303631251317,0.003946543143456877
183,1,0,183,0.06282151815625624,0.12564303631251247,0.003946543143456832
184,2,0,184,0.06282151815625675,0.12564303631251353,0.003946543143456897
185,2,0,185,0.06282151815625642,0.12564303631251283,0.003946543143456854
186,2,0,186,0.0,0.0,0.0
187,2,0,187,0.0,0.0,0.0
188,1,0,188,0.0,0.0,0.0
189,1,0,189,0.06282151815625622,0.12564303631251245,0.003946543143456831
190,2,0,190,0.06282151815625611,0.12564303631251222,0.003946543143456816
191,1,0,191,0.0,0.0,0.0
192,2,0,192,0.0628215181562562,0.1256430363125124,0.003946543143456825
193,2,0,193,0.06282151815625615,0.1256430363125123,0.003946543143456821
194,2,0,194,0.0,0.0,0.0
195,0,0,195,0.06282151815625636,0.12564303631251272,0.003946543143456847
196,2,0,196,0.06282151815625668,0.12564303631251336,0.003946543143456888
197,1,0,197,0.06282151815625633,0.12564303631251267,0.003946543143456843
198,0,0,198,0.06282151815625665,0.1256430363125133,0.003946543143456885
199,2,0,199,0.0628215181562564,0.1256430363125128,0.003946543143456853
200,0,0,200,0.06282151815625678,0.12564303631251356,0.003946543143456899
201,0,0,201,0.0,0.0,0.0
202,1,0,202,0.06282151815625617,0.12564303631251234,0.003946543143456824
203,0,0,203,0.0,0.0,0.0
204,1,0,204,2.482534153247273e-16,4.965068306494546e-16,6.162975822039155e-32
205,2,0,205,0.06282151815625654,0.12564303631251308,0.00394654314345687
206,2,0,206,2.7755575615628914e-16,5.551115123125783e-16,7.703719777548943e-32
207,2,0,207,0.06282151815625621,0.12564303631251242,0.00394654314345683
208,0,0,208,0.06282151815625651,0.12564303631251303,0.003946543143456867
209,0,0,209,0.06282151815625667,0.1256430363125133,0.0039465431434568855
210,2,0,210,0.0,0.0,0.0
211,1,0,211,0.06282151815625613,0.12564303631251225,0.003946543143456817
212,1,0,212,2.482534153247273e-16,4.965068306494546e-16,6.162975822039155e-32
213,0,0,213,0.06282151815625632,0.12564303631251264,0.003946543143456843
214,0,0,214,1.1102230246251565e-16,2.220446049250313e-16,1.232595164407831e-32
215,1,0,215,0.06282151815625657,0.12564303631251314,0.0039465431434568725
216,0,0,216,2.220446049250313e-16,4.440892098500626e-16,4.930380657631324e-32
217,2,0,217,0.06282151815625664,0.12564303631251328,0.003946543143456882
218,2,0,218,1.999013120731463,3.998026241462926,0.003946543143456926
219,1,0,219,2.220446049250313e-16,4.440892098500626e-16,4.930380657631324e-32
220,2,0,220,0.06282151815625664,0.12564303631251328,0.003946543143456883
221,0,0,221,0.06282151815625636,0.12564303631251272,0.003946543143456848
222,1,0,222,0.06282151815625621,0.12564303631251242,0.003946543143456829
223,1,0,223,0.06282151815625643,0.12564303631251286,0.003946543143456856
224,0,0,224,0.06282151815625624,0.12564303631251247,0.003946543143456832
225,1,0,225,0.06282151815625672,0.12564303631251345,0.0039465431434568925
226,0,0,226,0.0,0.0,0.0
227,0,0,227,0.0,0.0,0.0
228,2,0,228,1.1102230246251565e-16,2.220446049250313e-16,1.232595164407831e-32
229,2,0,229,2.7755575615628914e-16,5.551115123125783e-16,7.703719777548943e-32
230,0,0,230,0.0,0.0,0.0
231,1,0,231,0.0,0.0,0.0
232,2,0,232,0.06282151815625654,0.12564303631251308,0.003946543143456869
233,2,0,233,1.5700924586837752e-16,3.1401849173675503e-16,2.465190328815662e-32
234,2,0,234,0.06282151815625635,0.1256430363125127,0.003946543143456846
235,1,0,235,1.999013120731463,3.998026241462926,0.0039465431434568925
236,2,0,236,0.06282151815625653,0.12564303631251306,0.003946543143456868
237,0,0,237,1.5700924586837752e-16,3.1401849173675503e-16,2.465190328815662e-32
238,2,0,238,0.0,0.0,0.0
239,0,0,239,0.0,0.0,0.0
240,1,0,240,2.9893669801409088e-16,5.978733960281817e-16,8.936314941956774e-32
241,0,0,241,0.06282151815625657,0.12564303631251314,0.003946543143456873
242,2,0,242,0.06282151815625657,0.12564303631251314,0.003946543143456874
243,0,0,243,1.6653345369377348e-16,3.3306690738754696e-16,2.7733391199176196e-32
244,1,0,244,2.2887833992611187e-16,4.577566798522237e-16,5.238529448733282e-32
245,2,0,245,1.5700924586837752e-16,3.1401849173675503e-16,2.465190328815662e-32
246,2,0,246,1.1102230246251565e-16,2.220446049250313e-16,1.232595164407831e-32
247,0,0,247,0.0628215181562562,0.1256430363125124,0.0039465431434568266
248,2,0,248,0.06282151815625668,0.12564303631251336,0.003946543143456888
249,2,0,249,0.06282151815625646,0.12564303631251292,0.0039465431434568595
250,2,0,250,0.06282151815625626,0.12564303631251253,0.003946543143456835
251,1,0,251,1.1631705747361534e-16,2.3263411494723067e-16,1.3529657859320332e-32
252,0,0,252,0.0,0.0,0.0
253,2,0,253,0.06282151815625672,0.12564303631251345,0.003946543143456893
254,0,0,254,0.06282151815625661,0.12564303631251322,0.0039465431434568795
255,0,0,255,0.06282151815625651,0.12564303631251303,0.003946543143456866
256,0,0,256,1.5700924586837752e-16,3.1401849173675503e-16,2.465190328815662e-32
257,2,0,257,0.0,0.0,0.0
258,0,0,258,2.7755575615628914e-16,5.551115123125783e-16,7.703719777548943e-32
259,0,0,259,0.0,0.0,0.0
260,0,0,260,0.0,0.0,0.0
261,2,0,261,0.06282151815625664,0.12564303631251328,0.003946543143456882
262,2,0,262,0.06282151815625676,0.12564303631251353,0.0039465431434568985
263,2,0,263,0.06282151815625663,0.12564303631251325,0.003946543143456881
264,0,0,264,0.06282151815625635,0.1256430363125127,0.0039465431434568465
265,1,0,265,0.0,0.0,0.0
266,2,0,266,0.06282151815625656,0.1256430363125131,0.003946543143456872
267,1,0,267,0.06282151815625647,0.12564303631251295,0.003946543143456861
268,0,0,268,1.4752290795525882e-16,2.9504581591051765e-16,2.1763008371575765e-32
269,1,0,269,1.1102230246251565e-16,2.220446049250313e-16,1.232595164407831e-32
270,1,0,270,0.06282151815625679,0.12564303631251358,0.003946543143456903
271,0,0,271,0.06282151815625633,0.12564303631251264,0.003946543143456843
272,1,0,272,0.06282151815625685,0.1256430363125137,0.003946543143456909
273,0,0,273,0.06282151815625661,0.12564303631251322,0.00394654314345688
274,2,0,274,0.06282151815625622,0.12564303631251245,0.003946543143456829
275,1,0,275,0.06282151815625646,0.12564303631251292,0.00394654314345686
276,2,0,276,1.2412670766236366e-16,2.482534153247273e-16,1.5407439555097887e-32
277,2,0,277,0.06282151815625656,0.1256430363125131,0.003946543143456871
278,1,0,278,0.06282151815625614,0.12564303631251228,0.00394654314345682
279,0,0,279,4.0029660424867215e-16,8.005932084973443e-16,1.6023737137301802e-31
280,1,0,280,0.06282151815625645,0.1256430363125129,0.003946543143456859
281,2,0,281,0.06282151815625625,0.1256430363125125,0.003946543143456834
282,1,0,282,0.06282151815625632,0.12564303631251264,0.003946543143456842
283,1,0,283,1.1102230246251565e-16,2.220446049250313e-16,1.232595164407831e-32
284,2,0,284,0.06282151815625624,0.12564303631251247,0.0039465431434568335
285,1,0,285,0.06282151815625617,0.12564303631251234,0.003946543143456824
286,0,0,286,0.06282151815625646,0.12564303631251292,0.0039465431434568595
287,1,0,287,0.06282151815625678,0.12564303631251356,0.003946543143456899
288,0,0,288,0.06282151815625614,0.12564303631251228,0.00394654314345682
289,1,0,289,0.06282151815625671,0.12564303631251342,0.003946543143456892
290,1,0,290,2.0000000000000004,4.000000000000001,9.860761315262648e-32
291,2,0,291,0.06282151815625656,0.1256430363125131,0.003946543143456872
292,0,0,292,0.06282151815625657,0.12564303631251314,0.003946543143456874
293,1,0,293,1.5700924586837752e-16,3.1401849173675503e-16,2.465190328815662e-32
294,2,0,294,0.06282151815625635,0.1256430363125127,0.003946543143456845
295,0,0,295,3.1401849173675503e-16,6.280369834735101e-16,9.860761315262648e-32
296,0,0,296,0.0628215181562566,0.1256430363125132,0.003946543143456878
297,1,0,297,1.999013120731463,3.998026241462926,0.00394654314345694
298,2,0,298,1.6653345369377348e-16,3.3306690738754696e-16,2.7733391199176196e-32
299,2,0,299,4.0029660424867215e-16,8.005932084973443e-16,1.6023737137301802e-31
300,0,0,300,0.0,0.0,0.0
301,2,0,301,0.0,0.0,0.0
302,0,0,302,0.0628215181562563,0.1256430363125126,0.0039465431434568396
303,1,0,303,0.06282151815625639,0.12564303631251278,0.003946543143456852
304,1,0,304,0.06282151815625661,0.12564303631251322,0.003946543143456879
305,1,0,305,0.06282151815625645,0.1256430363125129,0.0039465431434568595
306,2,0,306,5.551115123125783e-17,1.1102230246251565e-16,3.0814879110195774e-33
307,1,0,307,0.0,0.0,0.0
308,1,0,308,0.06282151815625645,0.1256430363125129,0.003946543143456857
309,0,0,309,0.0628215181562566,0.1256430363125132,0.003946543143456878
310,1,0,310,2.220446049250313e-16,4.440892098500626e-16,4.930380657631324e-32
311,2,0,311,0.06282151815625668,0.12564303631251336,0.003946543143456887
312,1,0,312,0.0,0.0,0.0
313,2,0,313,0.06282151815625643,0.12564303631251286,0.003946543143456856
314,1,0,314,0.0,0.0,0.0
315,2,0,315,1.1102230246251565e-16,2.220446049250313e-16,1.232595164407831e-32
316,1,0,316,0.0628215181562565,0.125643036312513,0.003946543143456865
317,0,0,317,0.06282151815625633,0.12564303631251267,0.003946543143456845
318,1,0,318,0.06282151815625635,0.1256430363125127,0.003946543143456846
319,2,0,319,0.06282151815625621,0.12564303631251242,0.003946543143456827
320,1,0,320,0.0,0.0,0.0
321,0,0,321,0.06282151815625653,0.12564303631251306,0.003946543143456868
322,2,0,322,1.5700924586837752e-16,3.1401849173675503e-16,2.465190328815662e-32
323,0,0,323,0.06282151815625646,0.12564303631251292,0.0039465431434568595
324,1,0,324,2.220446049250313e-16,4.440892098500626e-16,4.930380657631324e-32
325,2,0,325,0.0,0.0,0.0
326,2,0,326,0.0628215181562567,0.1256430363125134,0.00394654314345689
327,1,0,327,0.06282151815625661,0.12564303631251322,0.003946543143456878
328,1,0,328,0.0628215181562565,0.125643036312513,0.003946543143456865
329,2,0,329,0.0,0.0,0.0
330,2,0,330,0.0,0.0,0.0
331,0,0,331,0.0,0.0,0.0
332,2,0,332,0.06282151815625674,0.12564303631251347,0.003946543143456896
333,2,0,333,0.06282151815625646,0.12564303631251292,0.003946543143456859
334,1,0,334,0.06282151815625664,0.12564303631251328,0.003946543143456882
335,1,0,335,0.0628215181562567,0.1256430363125134,0.003946543143456889
336,0,0,336,0.06282151815625661,0.12564303631251322,0.0039465431434568795
337,1,0,337,0.06282151815625654,0.12564303631251308,0.003946543143456871
338,2,0,338,3.1401849173675503e-16,6.280369834735101e-16,9.860761315262648e-32
339,0,0,339,1.5700924586837752e-16,3.1401849173675503e-16,2.465190328815662e-32
340,0,0,340,5.551115123125783e-17,1.1102230246251565e-16,3.0814879110195774e-33
341,1,0,341,0.0,0.0,0.0
342,1,0,342,0.0628215181562563,0.1256430363125126,0.00394654314345684
343,2,0,343,0.06282151815625658,0.12564303631251317,0.003946543143456877
344,1,0,344,0.06282151815625667,0.12564303631251333,0.003946543143456886
345,1,0,345,1.1102230246251565e-16,2.220446049250313e-16,1.232595164407831e-32
346,0,0,346,0.0,0.0,0.0
347,1,0,347,0.06282151815625656,0.1256430363125131,0.0039465431434568725
348,0,0,348,3.510833468576701e-16,7.021666937153402e-16,1.232595164407831e-31
349,1,0,349,0.06282151815625674,0.12564303631251347,0.003946543143456895
350,0,0,350,0.06282151815625624,0.12564303631251247,0.003946543143456832
351,1,0,351,0.06282151815625671,0.12564303631251342,0.003946543143456891
352,2,0,352,1.5700924586837752e-16,3.1401849173675503e-16,2.465190328815662e-32
353,1,0,353,0.06282151815625663,0.12564303631251325,0.00394654314345688
354,1,0,354,3.510833468576701e-16,7.021666937153402e-16,1.232595164407831e-31
355,2,0,355,2.482534153247273e-16,4.965068306494546e-16,6.162975822039155e-32
356,2,0,356,1.1102230246251565e-16,2.220446049250313e-16,1.232595164407831e-32
357,2,0,357,0.06282151815625663,0.12564303631251325,0.003946543143456881
358,2,0,358,2.0014830212433607e-16,4.0029660424867215e-16,4.0059342843254506e-32
359,0,0,359,0.0,0.0,0.0
360,1,0,360,1.5700924586837752e-16,3.1401849173675503e-16,2.465190328815662e-32
361,1,0,361,0.0,0.0,0.0
362,1,0,362,1.2412670766236366e-16,2.482534153247273e-16,1.5407439555097887e-32
363,0,0,363,0.0,0.0,0.0
364,0,0,364,0.06282151815625668,0.12564303631251336,0.003946543143456888
365,0,0,365,2.220446049250313e-16,4.440892098500626e-16,4.930380657631324e-32
366,1,0,366,0.06282151815625654,0.12564303631251308,0.003946543143456872
367,0,0,367,0.0,0.0,0.0
368,2,0,368,2.482534153247273e-16,4.965068306494546e-16,6.162975822039155e-32
369,1,0,369,0.06282151815625674,0.12564303631251347,0.003946543143456894
370,2,0,370,0.0,0.0,0.0
371,2,0,371,0.0,0.0,0.0
372,2,0,372,0.0628215181562565,0.125643036312513,0.003946543143456866
373,0,0,373,0.0628215181562562,0.1256430363125124,0.003946543143456827
374,2,0,374,0.06282151815625661,0.12564303631251322,0.0039465431434568795
375,2,0,375,2.0,4.0,1.1093356479670479e-31
376,2,0,376,0.06282151815625671,0.12564303631251342,0.003946543143456891
377,0,0,377,0.06282151815625668,0.12564303631251336,0.003946543143456889
378,1,0,378,0.0,0.0,0.0
379,1,0,379,0.06282151815625657,0.12564303631251314,0.003946543143456873
380,2,0,380,4.0029660424867215e-16,8.005932084973443e-16,1.6023737137301802e-31
381,2,0,381,0.06282151815625624,0.12564303631251247,0.003946543143456832
382,0,0,382,0.0628215181562566,0.1256430363125132,0.003946543143456878
383,2,0,383,0.06282151815625657,0.12564303631251314,0.003946543143456873
384,0,0,384,1.3877787807814457e-16,2.7755575615628914e-16,1.9259299443872359e-32
385,0,0,385,0.0,0.0,0.0
386,0,0,386,1.1102230246251565e-16,2.220446049250313e-16,1.232595164407831e-32
387,1,0,387,0.06282151815625642,0.12564303631251283,0.003946543143456855
388,0,0,388,3.510833468576701e-16,7.021666937153402e-16,1.232595164407831e-31
389,1,0,389,1.5700924586837752e-16,3.1401849173675503e-16,2.465190328815662e-32
390,2,0,390,1.5700924586837752e-16,3.1401849173675503e-16,2.465190328815662e-32
391,0,0,391,2.482534153247273e-16,4.965068306494546e-16,6.162975822039155e-32
392,0,0,392,0.06282151815625667,0.12564303631251333,0.003946543143456886
393,2,0,393,0.06282151815625663,0.12564303631251325,0.003946543143456882
394,2,0,394,0.0628215181562567,0.1256430363125134,0.003946543143456888
395,1,0,395,2.220446049250313e-16,4.440892098500626e-16,4.930380657631324e-32
396,2,0,396,3.510833468576701e-16,7.021666937153402e-16,1.232595164407831e-31
397,0,0,397,0.0,0.0,0.0
398,0,0,398,0.0,0.0,0.0
399,2,0,399,0.06282151815625622,0.12564303631251245,0.003946543143456829
400,0,0,400,2.482534153247273e-16,4.965068306494546e-16,6.162975822039155e-32
401,0,0,401,0.0,0.0,0.0
402,0,0,402,0.0628215181562561,0.1256430363125122,0.003946543143456814
403,1,0,403,0.06282151815625621,0.12564303631251242,0.00394654314345683
404,1,0,404,0.06282151815625667,0.12564303631251333,0.003946543143456886
405,0,0,405,0.06282151815625632,0.12564303631251264,0.003946543143456844
406,2,0,406,0.06282151815625661,0.12564303631251322,0.0039465431434568795
407,2,0,407,0.0,0.0,0.0
408,2,0,408,1.1102230246251565e-16,2.220446049250313e-16,1.232595164407831e-32
409,0,0,409,0.06282151815625632,0.12564303631251264,0.003946543143456843
410,2,0,410,0.06282151815625649,0.12564303631251297,0.003946543143456865
411,1,0,411,0.06282151815625675,0.1256430363125135,0.003946543143456896
412,1,0,412,0.06282151815625621,0.12564303631251242,0.003946543143456827
413,1,0,413,2.220446049250313e-16,4.440892098500626e-16,4.930380657631324e-32
414,0,0,414,1.6653345369377348e-16,3.3306690738754696e-16,2.7733391199176196e-32
415,1,0,415,5.551115123125783e-17,1.1102230246251565e-16,3.0814879110195774e-33
416,1,0,416,1.1102230246251565e-16,2.220446049250313e-16,1.232595164407831e-32
417,1,0,417,0.06282151815625643,0.12564303631251286,0.003946543143456857
418,1,0,418,0.06282151815625618,0.12564303631251236,0.003946543143456825
419,2,0,419,0.0,0.0,0.0
420,0,0,420,0.06282151815625626,0.12564303631251253,0.003946543143456836
421,1,0,421,1.2412670766236366e-16,2.482534153247273e-16,1.5407439555097887e-32
422,1,0,422,0.06282151815625635,0.1256430363125127,0.003946543143456847
423,2,0,423,0.06282151815625664,0.12564303631251328,0.003946543143456882
424,2,0,424,0.0,0.0,0.0
425,2,0,425,1.1102230246251565e-16,2.220446049250313e-16,1.232595164407831e-32
426,1,0,426,0.0628215181562566,0.1256430363125132,0.003946543143456877
427,1,0,427,0.0,0.0,0.0
428,1,0,428,5.551115123125783e-17,1.1102230246251565e-16,3.0814879110195774e-33
429,1,0,429,0.0,0.0,0.0
430,0,0,430,0.06282151815625665,0.1256430363125133,0.003946543143456885
431,0,0,431,0.0,0.0,0.0
432,1,0,432,0.06282151815625636,0.12564303631251272,0.003946543143456848
433,2,0,433,0.0,0.0,0.0
434,1,0,434,0.06282151815625674,0.12564303631251347,0.003946543143456896
435,1,0,435,1.5700924586837752e-16,3.1401849173675503e-16,2.465190328815662e-32
436,1,0,436,0.06282151815625671,0.12564303631251342,0.0039465431434568925
437,0,0,437,1.5700924586837752e-16,3.1401849173675503e-16,2.465190328815662e-32
438,1,0,438,2.482534153247273e-16,4.965068306494546e-16,6.162975822039155e-32
439,0,0,439,0.06282151815625628,0.12564303631251256,0.003946543143456838
440,2,0,440,0.06282151815625667,0.12564303631251333,0.003946543143456887
441,0,0,441,2.0014830212433607e-16,4.0029660424867215e-16,4.0059342843254506e-32
442,2,0,442,2.0014830212433607e-16,4.0029660424867215e-16,4.0059342843254506e-32
443,0,0,443,3.775166431889533e-16,7.550332863779066e-16,1.4251881588465545e-31
444,2,0,444,1.6653345369377348e-16,3.3306690738754696e-16,2.7733391199176196e-32
445,0,0,445,2.482534153247273e-16,4.965068306494546e-16,6.162975822039155e-32
446,2,0,446,0.06282151815625656,0.1256430363125131,0.0039465431434568725
447,1,0,447,0.06282151815625656,0.12564303631251308,0.003946543143456872
448,1,0,448,0.06282151815625615,0.1256430363125123,0.003946543143456822
449,0,0,449,0.06282151815625622,0.12564303631251245,0.003946543143456831
450,1,0,450,4.0029660424867215e-16,8.005932084973443e-16,1.6023737137301802e-31
451,0,0,451,1.1102230246251565e-16,2.220446049250313e-16,1.232595164407831e-32
452,0,0,452,0.0628215181562563,0.1256430363125126,0.003946543143456841
453,1,0,453,0.06282151815625646,0.12564303631251292,0.0039465431434568595
454,0,0,454,0.0628215181562566,0.1256430363125132,0.003946543143456879
455,0,0,455,0.06282151815625633,0.12564303631251267,0.003946543143456845
456,2,0,456,2.237726045655905e-16,4.47545209131181e-16,5.007417855406813e-32
457,2,0,457,2.0014830212433607e-16,4.0029660424867215e-16,4.0059342843254506e-32
458,0,0,458,1.1102230246251565e-16,2.220446049250313e-16,1.232595164407831e-32
459,0,0,459,0.06282151815625635,0.1256430363125127,0.0039465431434568465
460,2,0,460,0.0,0.0,0.0
461,0,0,461,0.0,0.0,0.0
462,2,0,462,0.06282151815625668,0.12564303631251336,0.003946543143456889
463,1,0,463,0.06282151815625688,0.12564303631251375,0.0039465431434569116
464,1,0,464,0.06282151815625629,0.12564303631251258,0.003946543143456839
465,1,0,465,0.06282151815625682,0.12564303631251364,0.0039465431434569055
466,0,0,466,0.06282151815625622,0.12564303631251245,0.00394654314345683
467,1,0,467,0.06282151815625671,0.12564303631251342,0.003946543143456892
468,0,0,468,0.0,0.0,0.0
469,2,0,469,0.06282151815625642,0.12564303631251283,0.003946543143456856
470,2,0,470,0.06282151815625653,0.12564303631251306,0.003946543143456868
471,0,0,471,0.0,0.0,0.0
472,2,0,472,0.06282151815625649,0.12564303631251297,0.003946543143456863
473,2,0,473,2.0014830212433607e-16,4.0029660424867215e-16,4.0059342843254506e-32
474,0,0,474,0.06282151815625663,0.12564303631251325,0.00394654314345688
475,1,0,475,0.0,0.0,0.0
476,1,0,476,0.06282151815625643,0.12564303631251286,0.003946543143456855
477,1,0,477,0.06282151815625653,0.12564303631251306,0.003946543143456867
478,0,0,478,0.0,0.0,0.0
479,0,0,479,0.06282151815625657,0.12564303631251314,0.003946543143456873
480,2,0,480,2.3714374201337736e-16,4.742874840267547e-16,5.623715437610729e-32
481,1,0,481,0.06282151815625679,0.12564303631251358,0.003946543143456902
482,0,0,482,0.06282151815625645,0.1256430363125129,0.003946543143456858
483,1,0,483,0.06282151815625615,0.1256430363125123,0.0039465431434568205
484,1,0,484,0.0,0.0,0.0
485,2,0,485,0.06282151815625617,0.12564303631251234,0.003946543143456823
486,2,0,486,0.06282151815625656,0.1256430363125131,0.003946543143456871
487,0,0,487,0.0,0.0,0.0
488,2,0,488,0.0,0.0,0.0
489,1,0,489,0.06282151815625667,0.12564303631251333,0.003946543143456886
490,2,0,490,0.06282151815625639,0.12564303631251278,0.003946543143456852
491,2,0,491,1.1102230246251565e-16,2.220446049250313e-16,1.232595164407831e-32
492,0,0,492,0.06282151815625635,0.1256430363125127,0.003946543143456845
493,0,0,493,0.0,0.0,0.0
494,2,0,494,0.06282151815625647,0.12564303631251295,0.003946543143456861
495,2,0,495,1.2412670766236366e-16,2.482534153247273e-16,1.5407439555097887e-32
496,1,0,496,0.06282151815625656,0.1256430363125131,0.0039465431434568725
497,0,0,497,4.0029660424867215e-16,8.005932084973443e-16,1.6023737137301802e-31
498,1,0,498,0.0,0.0,0.0
499,0,0,499,0.06282151815625665,0.1256430363125133,0.003946543143456885
500,2,0,500,0.06282151815625629,0.12564303631251258,0.003946543143456838
501,0,0,501,2.482534153247273e-16,4.965068306494546e-16,6.162975822039155e-32
502,2,0,502,0.06282151815625624,0.12564303631251247,0.003946543143456833
503,2,0,503,0.06282151815625611,0.12564303631251222,0.003946543143456818
504,0,0,504,2.220446049250313e-16,4.440892098500626e-16,4.930380657631324e-32
505,1,0,505,0.0,0.0,0.0
506,0,0,506,1.2412670766236366e-16,2.482534153247273e-16,1.5407439555097887e-32
507,1,0,507,0.06282151815625656,0.1256430363125131,0.003946543143456872
508,1,0,508,2.237726045655905e-16,4.47545209131181e-16,5.007417855406813e-32
509,2,0,509,0.06282151815625625,0.1256430363125125,0.003946543143456833
510,1,0,510,2.482534153247273e-16,4.965068306494546e-16,6.162975822039155e-32
511,1,0,511,0.06282151815625649,0.12564303631251297,0.003946543143456863
512,2,0,512,0.0,0.0,0.0
513,2,0,513,2.0014830212433607e-16,4.0029660424867215e-16,4.0059342843254506e-32
514,1,0,514,0.06282151815625653,0.12564303631251306,0.003946543143456868
515,2,0,515,0.06282151815625654,0.12564303631251308,0.00394654314345687
516,0,0,516,0.0628215181562567,0.1256430363125134,0.00394654314345689
517,1,0,517,3.1401849173675503e-16,6.280369834735101e-16,9.860761315262648e-32
518,0,0,518,2.220446049250313e-16,4.440892098500626e-16,4.930380657631324e-32
519,2,0,519,0.06282151815625608,0.12564303631251217,0.0039465431434568135
520,1,0,520,0.0,0.0,0.0
521,2,0,521,0.06282151815625672,0.12564303631251345,0.0039465431434568925
522,1,0,522,0.06282151815625614,0.12564303631251228,0.003946543143456819
523,0,0,523,2.7755575615628914e-16,5.551115123125783e-16,7.703719777548943e-32
524,0,0,524,0.06282151815625656,0.1256430363125131,0.003946543143456872
525,2,0,525,0.06282151815625664,0.12564303631251328,0.003946543143456882
526,1,0,526,0.06282151815625671,0.12564303631251342,0.003946543143456892
527,0,0,527,0.0,0.0,0.0
528,1,0,528,1.6653345369377348e-16,3.3306690738754696e-16,2.7733391199176196e-32
529,2,0,529,2.7755575615628914e-16,5.551115123125783e-16,7.703719777548943e-32
530,1,0,530,0.06282151815625613,0.12564303631251225,0.003946543143456819
531,2,0,531,0.0,0.0,0.0
532,2,0,532,3.0531133177191805e-16,6.106226635438361e-16,9.321500930834222e-32
533,2,0,533,2.220446049250313e-16,4.440892098500626e-16,4.930380657631324e-32
534,0,0,534,0.06282151815625661,0.12564303631251322,0.003946543143456878
535,2,0,535,1.5700924586837752e-16,3.1401849173675503e-16,2.465190328815662e-32
536,1,0,536,2.2887833992611187e-16,4.577566798522237e-16,5.238529448733282e-32
537,0,0,537,2.482534153247273e-16,4.965068306494546e-16,6.162975822039155e-32
538,1,0,538,1.5700924586837752e-16,3.1401849173675503e-16,2.465190328815662e-32
539,0,0,539,0.0,0.0,0.0
540,1,0,540,0.0628215181562565,0.125643036312513,0.003946543143456866
541,1,0,541,0.06282151815625661,0.12564303631251322,0.0039465431434568795
542,0,0,542,0.0,0.0,0.0
543,2,0,543,0.06282151815625674,0.12564303631251347,0.003946543143456895
544,2,0,544,0.0,0.0,0.0
545,0,0,545,1.1443916996305594e-16,2.2887833992611187e-16,1.3096323621833204e-32
546,1,0,546,0.06282151815625661,0.12564303631251322,0.0039465431434568795
547,1,0,547,0.06282151815625632,0.12564303631251264,0.003946543143456843
548,0,0,548,1.1102230246251565e-16,2.220446049250313e-16,1.232595164407831e-32
549,0,0,549,0.06282151815625625,0.1256430363125125,0.0039465431434568335
550,0,0,550,0.06282151815625667,0.12564303631251333,0.003946543143456886
551,0,0,551,1.6653345369377348e-16,3.3306690738754696e-16,2.7733391199176196e-32
552,2,0,552,2.482534153247273e-16,4.965068306494546e-16,6.162975822039155e-32
553,2,0,553,0.06282151815625639,0.12564303631251278,0.003946543143456851
554,0,0,554,0.0,0.0,0.0
555,1,0,555,1.2412670766236366e-16,2.482534153247273e-16,1.5407439555097887e-32
556,1,0,556,0.06282151815625678,0.12564303631251356,0.003946543143456899
557,1,0,557,0.06282151815625663,0.12564303631251325,0.003946543143456881
558,2,0,558,0.0,0.0,0.0
559,2,0,559,0.06282151815625649,0.12564303631251297,0.003946543143456863
560,0,0,560,0.0628215181562566,0.1256430363125132,0.003946543143456876
561,0,0,561,0.0628215181562563,0.1256430363125126,0.003946543143456841
562,2,0,562,1.6653345369377348e-16,3.3306690738754696e-16,2.7733391199176196e-32
563,0,0,563,0.0,0.0,0.0
564,2,0,564,2.220446049250313e-16,4.440892098500626e-16,4.930380657631324e-32
565,1,0,565,0.0628215181562562,0.1256430363125124,0.003946543143456827
566,2,0,566,0.06282151815625679,0.12564303631251358,0.003946543143456902
567,0,0,567,2.2887833992611187e-16,4.577566798522237e-16,5.238529448733282e-32
568,0,0,568,0.06282151815625607,0.12564303631251214,0.00394654314345681
569,0,0,569,1.2412670766236366e-16,2.482534153247273e-16,1.5407439555097887e-32
570,0,0,570,3.510833468576701e-16,7.021666937153402e-16,1.232595164407831e-31
571,1,0,571,0.06282151815625621,0.12564303631251242,0.003946543143456828
572,2,0,572,0.06282151815625643,0.12564303631251286,0.003946543143456857
573,1,0,573,1.1102230246251565e-16,2.220446049250313e-16,1.232595164407831e-32
574,2,0,574,0.0628215181562566,0.1256430363125132,0.003946543143456876
575,2,0,575,0.06282151815625678,0.12564303631251356,0.0039465431434569
576,1,0,576,0.06282151815625661,0.12564303631251322,0.00394654314345688
577,2,0,577,0.06282151815625643,0.12564303631251286,0.003946543143456857
578,0,0,578,0.0,0.0,0.0
579,0,0,579,1.5700924586837752e-16,3.1401849173675503e-16,2.465190328815662e-32
580,2,0,580,2.0816681711721685e-17,4.163336342344337e-17,4.333342374871281e-34
581,2,0,581,3.1401849173675503e-16,6.280369834735101e-16,9.860761315262648e-32
582,1,0,582,0.06282151815625667,0.12564303631251333,0.0039465431434568855
583,0,0,583,4.0029660424867215e-16,8.005932084973443e-16,1.6023737137301802e-31
584,0,0,584,1.9990131207314632,3.9980262414629264,0.00394654314345693
585,2,0,585,5.551115123125783e-17,1.1102230246251565e-16,3.0814879110195774e-33
586,0,0,586,0.06282151815625657,0.12564303631251314,0.003946543143456873
587,0,0,587,0.06282151815625654,0.12564303631251308,0.003946543143456869
588,2,0,588,0.06282151815625667,0.12564303631251333,0.003946543143456886
589,2,0,589,0.0,0.0,0.0
590,1,0,590,2.0,4.0,8.936314941956774e-32
591,0,0,591,3.1401849173675503e-16,6.280369834735101e-16,9.860761315262648e-32
592,0,0,592,1.1102230246251565e-16,2.220446049250313e-16,1.232595164407831e-32
593,2,0,593,0.0628215181562567,0.1256430363125134,0.003946543143456888
594,0,0,594,0.06282151815625621,0.12564303631251245,0.003946543143456829
595,1,0,595,0.06282151815625672,0.12564303631251345,0.0039465431434568925
596,1,0,596,0.06282151815625618,0.12564303631251236,0.003946543143456825
597,0,0,597,0.0,0.0,0.0
598,2,0,598,0.0,0.0,0.0
599,2,0,599,0.06282151815625663,0.12564303631251325,0.00394654314345688
600,0,0,600,0.06282151815625658,0.12564303631251317,0.003946543143456876
601,2,0,601,0.06282151815625671,0.12564303631251342,0.003946543143456892
602,2,0,602,0.06282151815625643,0.12564303631251286,0.003946543143456856
603,2,0,603,0.06282151815625658,0.12564303631251317,0.003946543143456876
604,1,0,604,0.06282151815625654,0.12564303631251308,0.003946543143456871
605,1,0,605,1.5700924586837752e-16,3.1401849173675503e-16,2.465190328815662e-32
606,1,0,606,0.06282151815625624,0.12564303631251247,0.003946543143456831
607,2,0,607,0.06282151815625632,0.12564303631251264,0.003946543143456842
608,1,0,608,0.0,0.0,0.0
609,0,0,609,0.0,0.0,0.0
610,2,0,610,0.0,0.0,0.0
611,1,0,611,0.06282151815625629,0.12564303631251258,0.00394654314345684
612,2,0,612,0.06282151815625679,0.12564303631251358,0.003946543143456902
613,2,0,613,2.7755575615628914e-17,5.551115123125783e-17,7.703719777548943e-34
614,0,0,614,1.2412670766236366e-16,2.482534153247273e-16,1.5407439555097887e-32
615,2,0,615,1.6653345369377348e-16,3.3306690738754696e-16,2.7733391199176196e-32
616,1,0,616,2.482534153247273e-16,4.965068306494546e-16,6.162975822039155e-32
617,2,0,617,2.9893669801409088e-16,5.978733960281817e-16,8.936314941956774e-32
618,2,0,618,0.06282151815625624,0.12564303631251247,0.003946543143456832
619,2,0,619,0.06282151815625621,0.12564303631251242,0.003946543143456828
620,2,0,620,2.220446049250313e-16,4.440892098500626e-16,4.930380657631324e-32
621,1,0,621,0.06282151815625604,0.12564303631251209,0.003946543143456807
622,2,0,622,0.0,0.0,0.0
623,2,0,623,1.3877787807814457e-16,2.7755575615628914e-16,1.9259299443872359e-32
624,0,0,624,0.06282151815625625,0.1256430363125125,0.003946543143456833
625,2,0,625,0.06282151815625629,0.12564303631251258,0.0039465431434568396
626,1,0,626,1.1102230246251565e-16,2.220446049250313e-16,1.232595164407831e-32
627,2,0,627,1.1102230246251565e-16,2.220446049250313e-16,1.232595164407831e-32
628,0,0,628,2.9893669801409088e-16,5.978733960281817e-16,8.936314941956774e-32
629,2,0,629,0.06282151815625633,0.12564303631251267,0.003946543143456845
630,0,0,630,0.0,0.0,0.0
631,0,0,631,0.0628215181562564,0.1256430363125128,0.003946543143456853
632,2,0,632,0.0,0.0,0.0
633,1,0,633,3.510833468576701e-16,7.021666937153402e-16,1.232595164407831e-31
634,1,0,634,0.06282151815625622,0.12564303631251245,0.00394654314345683
635,2,0,635,0.06282151815625638,0.12564303631251275,0.003946543143456849
636,1,0,636,0.0628215181562564,0.1256430363125128,0.0039465431434568534
637,0,0,637,3.3306690738754696e-16,6.661338147750939e-16,1.1093356479670479e-31
638,1,0,638,0.06282151815625663,0.12564303631251325,0.003946543143456881
639,1,0,639,1.1102230246251565e-16,2.220446049250313e-16,1.232595164407831e-32
640,2,0,640,0.06282151815625668,0.12564303631251336,0.003946543143456889
641,0,0,641,1.5700924586837752e-16,3.1401849173675503e-16,2.465190328815662e-32
642,0,0,642,0.0628215181562565,0.125643036312513,0.003946543143456865
643,2,0,643,0.0628215181562565,0.125643036312513,0.0039465431434568665
644,1,0,644,0.0628215181562566,0.1256430363125132,0.003946543143456877
645,2,0,645,1.1102230246251565e-16,2.220446049250313e-16,1.232595164407831e-32
646,0,0,646,0.06282151815625647,0.12564303631251295,0.003946543143456861
647,2,0,647,2.482534153247273e-16,4.965068306494546e-16,6.162975822039155e-32
648,0,0,648,0.06282151815625621,0.12564303631251242,0.003946543143456828
649,2,0,649,0.0,0.0,0.0
650,0,0,650,0.0,0.0,0.0
651,1,0,651,0.0628215181562566,0.1256430363125132,0.003946543143456878
652,1,0,652,2.2887833992611187e-16,4.577566798522237e-16,5.238529448733282e-32
653,0,0,653,0.06282151815625657,0.12564303631251314,0.003946543143456873
654,2,0,654,0.06282151815625657,0.12564303631251314,0.003946543143456873
655,2,0,655,3.554447978966673e-16,7.108895957933346e-16,1.2634100435180267e-31
656,0,0,656,0.06282151815625663,0.12564303631251325,0.00394654314345688
657,0,0,657,0.06282151815625632,0.12564303631251264,0.003946543143456842
658,0,0,658,2.7755575615628914e-16,5.551115123125783e-16,7.703719777548943e-32
659,2,0,659,0.06282151815625621,0.12564303631251242,0.003946543143456828
660,2,0,660,2.0014830212433607e-16,4.0029660424867215e-16,4.0059342843254506e-32
661,0,0,661,1.1102230246251565e-16,2.220446049250313e-16,1.232595164407831e-32
662,2,0,662,1.2412670766236366e-16,2.482534153247273e-16,1.5407439555097887e-32
663,2,0,663,1.1102230246251565e-16,2.220446049250313e-16,1.232595164407831e-32
664,2,0,664,0.06282151815625654,0.12564303631251308,0.003946543143456871
665,2,0,665,0.0,0.0,0.0
666,0,0,666,2.220446049250313e-16,4.440892098500626e-16,4.930380657631324e-32
667,1,0,667,0.06282151815625649,0.12564303631251297,0.003946543143456864
668,0,0,668,0.0,0.0,0.0
669,2,0,669,2.7755575615628914e-16,5.551115123125783e-16,7.703719777548943e-32
670,0,0,670,0.0,0.0,0.0
671,1,0,671,0.06282151815625633,0.12564303631251267,0.003946543143456845
672,1,0,672,0.06282151815625651,0.12564303631251306,0.003946543143456867
673,1,0,673,0.06282151815625653,0.12564303631251306,0.003946543143456869
674,2,0,674,0.06282151815625625,0.1256430363125125,0.003946543143456834
675,2,0,675,0.06282151815625658,0.12564303631251317,0.003946543143456875
676,2,0,676,0.0,0.0,0.0
677,0,0,677,0.06282151815625647,0.12564303631251295,0.003946543143456862
678,2,0,678,0.06282151815625642,0.12564303631251283,0.003946543143456855
679,0,0,679,3.554447978966673e-16,7.108895957933346e-16,1.2634100435180267e-31
680,1,0,680,1.1102230246251565e-16,2.220446049250313e-16,1.232595164407831e-32
681,1,0,681,0.06282151815625646,0.12564303631251292,0.00394654314345686
682,2,0,682,0.06282151815625671,0.12564303631251342,0.003946543143456891
683,2,0,683,0.0,0.0,0.0
684,0,0,684,0.06282151815625649,0.12564303631251297,0.003946543143456864
685,0,0,685,0.06282151815625654,0.12564303631251308,0.003946543143456872
686,2,0,686,0.0628215181562563,0.1256430363125126,0.003946543143456841
687,2,0,687,0.06282151815625638,0.12564303631251275,0.003946543143456849
688,2,0,688,0.06282151815625638,0.12564303631251275,0.003946543143456851
689,2,0,689,0.06282151815625638,0.12564303631251275,0.003946543143456849
690,2,0,690,0.0628215181562564,0.1256430363125128,0.003946543143456854
691,1,0,691,0.0,0.0,0.0
692,2,0,692,0.06282151815625678,0.12564303631251356,0.0039465431434568985
693,1,0,693,1.2412670766236366e-16,2.482534153247273e-16,1.5407439555097887e-32
694,0,0,694,0.0628215181562567,0.1256430363125134,0.003946543143456888
695,0,0,695,0.06282151815625639,0.12564303631251278,0.003946543143456851
696,1,0,696,2.7336071744532853e-16,5.4672143489065705e-16,7.472608184222475e-32
697,1,0,697,5.551115123125783e-17,1.1102230246251565e-16,3.0814879110195774e-33
698,2,0,698,0.06282151815625654,0.12564303631251308,0.003946543143456871
699,2,0,699,1.5700924586837752e-16,3.1401849173675503e-16,2.465190328815662e-32
700,0,0,700,3.1401849173675503e-16,6.280369834735101e-16,9.860761315262648e-32
701,2,0,701,0.06282151815625658,0.12564303631251317,0.003946543143456876
702,0,0,702,0.06282151815625651,0.12564303631251303,0.003946543143456867
703,2,0,703,0.0,0.0,0.0
704,1,0,704,5.551115123125783e-17,1.1102230246251565e-16,3.0814879110195774e-33
705,2,0,705,0.06282151815625671,0.12564303631251342,0.003946543143456892
706,0,0,706,0.06282151815625651,0.12564303631251303,0.003946543143456866
707,2,0,707,0.06282151815625624,0.12564303631251247,0.003946543143456831
708,1,0,708,0.0628215181562567,0.1256430363125134,0.003946543143456888
709,1,0,709,0.06282151815625638,0.12564303631251275,0.00394654314345685
710,0,0,710,0.06282151815625667,0.12564303631251333,0.0039465431434568855
711,0,0,711,2.482534153247273e-16,4.965068306494546e-16,6.162975822039155e-32
712,1,0,712,0.06282151815625674,0.12564303631251347,0.003946543143456895
713,1,0,713,0.06282151815625657,0.12564303631251314,0.003946543143456875
714,1,0,714,0.06282151815625636,0.12564303631251272,0.003946543143456848
715,1,0,715,0.0628215181562562,0.1256430363125124,0.0039465431434568266
716,2,0,716,1.1443916996305594e-16,2.2887833992611187e-16,1.3096323621833204e-32
717,1,0,717,0.06282151815625664,0.12564303631251328,0.003946543143456882
718,2,0,718,1.2412670766236366e-16,2.482534153247273e-16,1.5407439555097887e-32
719,0,0,719,0.0628215181562562,0.1256430363125124,0.003946543143456827
720,2,0,720,0.06282151815625621,0.12564303631251242,0.003946543143456828
721,0,0,721,0.06282151815625674,0.12564303631251347,0.003946543143456895
722,1,0,722,3.1401849173675503e-16,6.280369834735101e-16,9.860761315262648e-32
723,0,0,723,0.0628215181562564,0.1256430363125128,0.003946543143456853
724,2,0,724,0.0628215181562568,0.1256430363125136,0.003946543143456904
725,0,0,725,1.2412670766236366e-16,2.482534153247273e-16,1.5407439555097887e-32
726,0,0,726,2.0014830212433607e-16,4.0029660424867215e-16,4.0059342843254506e-32
727,0,0,727,1.6653345369377348e-16,3.3306690738754696e-16,2.7733391199176196e-32
728,2,0,728,0.0,0.0,0.0
729,0,0,729,0.0,0.0,0.0
730,0,0,730,0.0,0.0,0.0
731,1,0,731,3.1401849173675503e-16,6.280369834735101e-16,9.860761315262648e-32
732,0,0,732,0.0,0.0,0.0
733,0,0,733,0.0,0.0,0.0
734,2,0,734,0.0,0.0,0.0
735,1,0,735,0.06282151815625639,0.12564303631251278,0.003946543143456852
736,2,0,736,0.06282151815625658,0.12564303631251317,0.003946543143456874
737,2,0,737,0.06282151815625646,0.12564303631251292,0.003946543143456861
738,1,0,738,0.06282151815625654,0.12564303631251308,0.003946543143456871
739,1,0,739,0.0,0.0,0.0
740,0,0,740,0.06282151815625628,0.12564303631251256,0.003946543143456836
741,0,0,741,0.06282151815625658,0.12564303631251317,0.003946543143456875
742,0,0,742,0.06282151815625635,0.1256430363125127,0.003946543143456846
743,0,0,743,2.482534153247273e-16,4.965068306494546e-16,6.162975822039155e-32
744,2,0,744,1.1102230246251565e-16,2.220446049250313e-16,1.232595164407831e-32
745,0,0,745,0.06282151815625628,0.12564303631251256,0.003946543143456838
746,1,0,746,0.06282151815625624,0.12564303631251247,0.003946543143456833
747,1,0,747,8.326672684688674e-17,1.6653345369377348e-16,6.933347799794049e-33
748,1,0,748,0.06282151815625624,0.12564303631251247,0.003946543143456833
749,2,0,749,0.06282151815625661,0.12564303631251322,0.003946543143456879
750,0,0,750,0.06282151815625656,0.1256430363125131,0.003946543143456872
751,2,0,751,1.1102230246251565e-16,2.220446049250313e-16,1.232595164407831e-32
752,0,0,752,0.06282151815625672,0.12564303631251345,0.003946543143456893
753,0,0,753,0.0,0.0,0.0
754,2,0,754,0.06282151815625667,0.12564303631251333,0.0039465431434568855
755,0,0,755,1.2412670766236366e-16,2.482534153247273e-16,1.5407439555097887e-32
756,2,0,756,0.0,0.0,0.0
757,0,0,757,2.482534153247273e-16,4.965068306494546e-16,6.162975822039155e-32
758,0,0,758,1.5700924586837752e-16,3.1401849173675503e-16,2.465190328815662e-32
759,1,0,759,2.7755575615628914e-17,5.551115123125783e-17,7.703719777548943e-34
760,2,0,760,0.06282151815625668,0.12564303631251336,0.003946543143456889
761,1,0,761,0.06282151815625645,0.1256430363125129,0.003946543143456859
762,2,0,762,0.0628215181562565,0.125643036312513,0.003946543143456866
763,2,0,763,0.0,0.0,0.0
764,0,0,764,0.0,0.0,0.0
765,2,0,765,1.5700924586837752e-16,3.1401849173675503e-16,2.465190328815662e-32
766,1,0,766,0.0,0.0,0.0
767,1,0,767,2.7755575615628914e-16,5.551115123125783e-16,7.703719777548943e-32
768,0,0,768,1.9999999999999998,3.9999999999999996,4.0059342843254506e-32
769,1,0,769,0.06282151815625667,0.12564303631251333,0.003946543143456885
770,2,0,770,0.06282151815625625,0.1256430363125125,0.003946543143456834
771,2,0,771,3.376611507232129e-16,6.753223014464258e-16,1.1401505270772436e-31
772,1,0,772,0.06282151815625654,0.12564303631251308,0.003946543143456869
773,1,0,773,0.0,0.0,0.0
774,2,0,774,0.0628215181562563,0.1256430363125126,0.003946543143456841
775,1,0,775,0.06282151815625625,0.1256430363125125,0.0039465431434568335
776,1,0,776,0.06282151815625674,0.12564303631251347,0.003946543143456895
777,1,0,777,2.7755575615628914e-16,5.551115123125783e-16,7.703719777548943e-32
778,2,0,778,0.0,0.0,0.0
779,0,0,779,0.06282151815625654,0.1256430363125131,0.003946543143456872
780,2,0,780,0.06282151815625661,0.12564303631251322,0.0039465431434568795
781,0,0,781,0.0,0.0,0.0
782,0,0,782,0.0,0.0,0.0
783,1,0,783,0.0,0.0,0.0
784,2,0,784,0.0,0.0,0.0
785,0,0,785,0.06282151815625658,0.12564303631251317,0.003946543143456875
786,1,0,786,3.3306690738754696e-16,6.661338147750939e-16,1.1093356479670479e-31
787,1,0,787,0.06282151815625672,0.12564303631251345,0.003946543143456894
788,1,0,788,0.0,0.0,0.0
789,0,0,789,0.0,0.0,0.0
790,2,0,790,0.06282151815625649,0.12564303631251297,0.003946543143456863
791,2,0,791,0.06282151815625661,0.12564303631251322,0.003946543143456879
792,0,0,792,1.1102230246251565e-16,2.220446049250313e-16,1.232595164407831e-32
793,1,0,793,0.06282151815625668,0.12564303631251336,0.003946543143456887
794,1,0,794,0.06282151815625635,0.1256430363125127,0.003946543143456846
795,1,0,795,0.0,0.0,0.0
796,2,0,796,0.06282151815625638,0.12564303631251275,0.003946543143456849
797,2,0,797,1.1102230246251565e-16,2.220446049250313e-16,1.232595164407831e-32
798,2,0,798,4.577566798522237e-16,9.155133597044475e-16,2.0954117794933126e-31
799,1,0,799,0.06282151815625611,0.12564303631251222,0.003946543143456817
800,0,0,800,0.06282151815625674,0.12564303631251347,0.003946543143456893
801,2,0,801,0.0,0.0,0.0
802,1,0,802,0.06282151815625615,0.1256430363125123,0.003946543143456821
803,2,0,803,0.0,0.0,0.0
804,0,0,804,1.5700924586837752e-16,3.1401849173675503e-16,2.465190328815662e-32
805,1,0,805,0.06282151815625613,0.12564303631251225,0.003946543143456819
806,0,0,806,0.06282151815625628,0.12564303631251256,0.003946543143456837
807,2,0,807,0.06282151815625632,0.12564303631251267,0.003946543143456844
808,0,0,808,1.1102230246251565e-16,2.220446049250313e-16,1.232595164407831e-32
809,1,0,809,0.06282151815625633,0.12564303631251267,0.003946543143456845
810,2,0,810,0.06282151815625635,0.1256430363125127,0.0039465431434568465
811,0,0,811,1.1102230246251565e-16,2.220446049250313e-16,1.232595164407831e-32
812,2,0,812,2.220446049250313e-16,4.440892098500626e-16,4.930380657631324e-32
813,2,0,813,0.0,0.0,0.0
814,1,0,814,0.06282151815625618,0.12564303631251236,0.003946543143456825
815,2,0,815,1.1102230246251565e-16,2.220446049250313e-16,1.232595164407831e-32
816,2,0,816,3.1401849173675503e-16,6.280369834735101e-16,9.860761315262648e-32
817,1,0,817,1.999013120731463,3.998026241462926,0.0039465431434568925
818,1,0,818,0.06282151815625658,0.12564303631251317,0.003946543143456877
819,2,0,819,0.06282151815625651,0.12564303631251303,0.003946543143456867
820,2,0,820,1.1102230246251565e-16,2.220446049250313e-16,1.232595164407831e-32
821,2,0,821,0.06282151815625656,0.12564303631251308,0.003946543143456872
822,0,0,822,2.482534153247273e-16,4.965068306494546e-16,6.162975822039155e-32
823,2,0,823,0.06282151815625658,0.12564303631251317,0.003946543143456874
824,2,0,824,2.7755575615628914e-16,5.551115123125783e-16,7.703719777548943e-32
825,1,0,825,2.7755575615628914e-16,5.551115123125783e-16,7.703719777548943e-32
826,2,0,826,0.06282151815625628,0.12564303631251256,0.003946543143456837
827,2,0,827,1.2412670766236366e-16,2.482534153247273e-16,1.5407439555097887e-32
828,2,0,828,0.06282151815625624,0.12564303631251247,0.003946543143456833
829,1,0,829,1.999013120731463,3.998026241462926,0.003946543143456902
830,1,0,830,0.06282151815625622,0.12564303631251245,0.003946543143456831
831,1,0,831,0.0,0.0,0.0
832,1,0,832,0.06282151815625625,0.1256430363125125,0.0039465431434568335
833,0,0,833,0.06282151815625665,0.1256430363125133,0.003946543143456884
834,1,0,834,0.06282151815625667,0.12564303631251333,0.0039465431434568855
835,2,0,835,0.0628215181562567,0.1256430363125134,0.00394654314345689
836,0,0,836,0.0628215181562567,0.1256430363125134,0.00394654314345689
837,1,0,837,0.06282151815625635,0.1256430363125127,0.003946543143456846
838,0,0,838,2.482534153247273e-16,4.965068306494546e-16,6.162975822039155e-32
839,1,0,839,0.0,0.0,0.0
840,2,0,840,1.1102230246251565e-16,2.220446049250313e-16,1.232595164407831e-32
841,2,0,841,1.2412670766236366e-16,2.482534153247273e-16,1.5407439555097887e-32
842,2,0,842,0.0628215181562566,0.1256430363125132,0.003946543143456877
843,1,0,843,0.06282151815625629,0.12564303631251258,0.0039465431434568396
844,0,0,844,2.0,4.0,1.2634100435180267e-31
845,2,0,845,0.06282151815625667,0.12564303631251333,0.003946543143456888
846,0,0,846,0.0628215181562565,0.125643036312513,0.003946543143456864
847,1,0,847,1.1102230246251565e-16,2.220446049250313e-16,1.232595164407831e-32
848,1,0,848,0.0628215181562564,0.1256430363125128,0.003946543143456853
849,1,0,849,0.0628215181562567,0.1256430363125134,0.00394654314345689
850,1,0,850,0.0,0.0,0.0
851,0,0,851,3.1401849173675503e-16,6.280369834735101e-16,9.860761315262648e-32
852,1,0,852,0.06282151815625672,0.12564303631251345,0.003946543143456893
853,1,0,853,0.06282151815625657,0.1256430363125131,0.003946543143456873
854,2,0,854,0.0,0.0,0.0
855,2,0,855,0.06282151815625668,0.12564303631251336,0.003946543143456888
856,0,0,856,0.06282151815625621,0.12564303631251242,0.00394654314345683
857,0,0,857,0.06282151815625671,0.1256430363125134,0.00394654314345689
858,1,0,858,0.06282151815625665,0.1256430363125133,0.003946543143456885
859,1,0,859,0.06282151815625657,0.12564303631251314,0.003946543143456874
860,0,0,860,0.06282151815625653,0.12564303631251306,0.003946543143456868
861,1,0,861,0.06282151815625653,0.12564303631251306,0.003946543143456867
862,1,0,862,2.482534153247273e-16,4.965068306494546e-16,6.162975822039155e-32
863,0,0,863,1.1102230246251565e-16,2.220446049250313e-16,1.232595164407831e-32
864,0,0,864,0.06282151815625661,0.12564303631251322,0.0039465431434568795
865,1,0,865,0.06282151815625635,0.1256430363125127,0.003946543143456846
866,2,0,866,2.220446049250313e-16,4.440892098500626e-16,4.930380657631324e-32
867,2,0,867,1.1102230246251565e-16,2.220446049250313e-16,1.232595164407831e-32
868,0,0,868,0.06282151815625632,0.12564303631251264,0.003946543143456843
869,1,0,869,0.06282151815625608,0.12564303631251217,0.003946543143456812
870,0,0,870,0.06282151815625661,0.12564303631251322,0.0039465431434568795
871,2,0,871,1.5700924586837752e-16,3.1401849173675503e-16,2.465190328815662e-32
872,0,0,872,2.0,4.0,1.8797076257219422e-31
873,2,0,873,0.06282151815625678,0.12564303631251356,0.0039465431434569
874,1,0,874,0.0,0.0,0.0
875,2,0,875,0.0,0.0,0.0
876,2,0,876,0.0,0.0,0.0
877,2,0,877,5.551115123125783e-17,1.1102230246251565e-16,3.0814879110195774e-33
878,2,0,878,0.06282151815625671,0.12564303631251342,0.003946543143456892
879,2,0,879,0.06282151815625674,0.12564303631251347,0.003946543143456895
880,0,0,880,0.0,0.0,0.0
881,1,0,881,0.0628215181562562,0.1256430363125124,0.003946543143456828
882,1,0,882,1.7772239894833365e-16,3.554447978966673e-16,3.158525108795067e-32
883,2,0,883,2.482534153247273e-16,4.965068306494546e-16,6.162975822039155e-32
884,2,0,884,0.0,0.0,0.0
885,2,0,885,2.482534153247273e-16,4.965068306494546e-16,6.162975822039155e-32
886,0,0,886,0.06282151815625668,0.12564303631251336,0.003946543143456887
887,2,0,887,0.0,0.0,0.0
888,0,0,888,0.0,0.0,0.0
889,2,0,889,0.06282151815625661,0.12564303631251322,0.003946543143456879
890,1,0,890,1.1102230246251565e-16,2.220446049250313e-16,1.232595164407831e-32
891,2,0,891,0.0,0.0,0.0
892,2,0,892,0.06282151815625658,0.12564303631251317,0.003946543143456875
893,1,0,893,0.0,0.0,0.0
894,0,0,894,0.0628215181562565,0.125643036312513,0.003946543143456865
895,1,0,895,1.1102230246251565e-16,2.220446049250313e-16,1.232595164407831e-32
896,2,0,896,0.06282151815625661,0.12564303631251322,0.003946543143456879
897,1,0,897,0.06282151815625647,0.12564303631251292,0.003946543143456861
898,0,0,898,0.06282151815625668,0.12564303631251336,0.003946543143456889
899,1,0,899,0.06282151815625615,0.1256430363125123,0.0039465431434568205
900,1,0,900,1.1102230246251565e-16,2.220446049250313e-16,1.232595164407831e-32
901,2,0,901,1.5700924586837752e-16,3.1401849173675503e-16,2.465190328815662e-32
902,2,0,902,0.06282151815625626,0.12564303631251253,0.003946543143456835
903,0,0,903,0.0,0.0,0.0
904,2,0,904,0.06282151815625635,0.1256430363125127,0.0039465431434568465
905,1,0,905,0.0,0.0,0.0
906,1,0,906,1.999013120731463,3.998026241462926,0.003946543143456882
907,1,0,907,2.482534153247273e-16,4.965068306494546e-16,6.162975822039155e-32
908,1,0,908,0.0,0.0,0.0
909,1,0,909,3.510833468576701e-16,7.021666937153402e-16,1.232595164407831e-31
910,0,0,910,1.5700924586837752e-16,3.1401849173675503e-16,2.465190328815662e-32
911,0,0,911,0.06282151815625632,0.12564303631251264,0.003946543143456841
912,1,0,912,0.06282151815625624,0.12564303631251247,0.003946543143456833
913,2,0,913,3.3306690738754696e-16,6.661338147750939e-16,1.1093356479670479e-31
914,0,0,914,0.0,0.0,0.0
915,0,0,915,0.0628215181562566,0.1256430363125132,0.003946543143456876
916,2,0,916,0.06282151815625647,0.12564303631251295,0.003946543143456861
917,1,0,917,0.0628215181562564,0.1256430363125128,0.0039465431434568534
918,1,0,918,0.06282151815625621,0.12564303631251242,0.003946543143456829
919,1,0,919,1.3877787807814457e-16,2.7755575615628914e-16,1.9259299443872359e-32
920,1,0,920,2.220446049250313e-16,4.440892098500626e-16,4.930380657631324e-32
921,0,0,921,0.06282151815625663,0.12564303631251325,0.003946543143456881
922,1,0,922,1.1102230246251565e-16,2.220446049250313e-16,1.232595164407831e-32
923,0,0,923,2.482534153247273e-16,4.965068306494546e-16,6.162975822039155e-32
924,1,0,924,0.0,0.0,0.0
925,0,0,925,0.0,0.0,0.0
926,1,0,926,0.0628215181562564,0.1256430363125128,0.003946543143456853
927,2,0,927,0.0,0.0,0.0
928,2,0,928,2.220446049250313e-16,4.440892098500626e-16,4.930380657631324e-32
929,0,0,929,0.0,0.0,0.0
930,2,0,930,1.1443916996305594e-16,2.2887833992611187e-16,1.3096323621833204e-32
931,2,0,931,0.0,0.0,0.0
932,2,0,932,0.06282151815625678,0.12564303631251356,0.0039465431434569
933,1,0,933,1.1102230246251565e-16,2.220446049250313e-16,1.232595164407831e-32
934,1,0,934,0.06282151815625643,0.12564303631251286,0.003946543143456857
935,0,0,935,0.06282151815625622,0.12564303631251245,0.003946543143456831
936,2,0,936,2.220446049250313e-16,4.440892098500626e-16,4.930380657631324e-32
937,1,0,937,5.551115123125783e-17,1.1102230246251565e-16,3.0814879110195774e-33
938,2,0,938,0.0,0.0,0.0
939,1,0,939,5.551115123125783e-17,1.1102230246251565e-16,3.0814879110195774e-33
940,0,0,940,1.1102230246251565e-16,2.220446049250313e-16,1.232595164407831e-32
941,1,0,941,1.5700924586837752e-16,3.1401849173675503e-16,2.465190328815662e-32
942,0,0,942,0.06282151815625629,0.12564303631251258,0.0039465431434568396
943,0,0,943,5.551115123125783e-17,1.1102230246251565e-16,3.0814879110195774e-33
944,1,0,944,0.0,0.0,0.0
945,0,0,945,0.06282151815625647,0.12564303631251295,0.003946543143456861
946,1,0,946,0.06282151815625639,0.12564303631251278,0.003946543143456852
947,1,0,947,0.06282151815625664,0.12564303631251328,0.003946543143456883
948,2,0,948,1.1102230246251565e-16,2.220446049250313e-16,1.232595164407831e-32
949,0,0,949,0.0,0.0,0.0
950,0,0,950,0.0,0.0,0.0
951,1,0,951,0.06282151815625629,0.12564303631251258,0.0039465431434568396
952,1,0,952,0.06282151815625656,0.1256430363125131,0.0039465431434568725
953,1,0,953,0.06282151815625665,0.1256430363125133,0.003946543143456884
954,0,0,954,0.0,0.0,0.0
955,0,0,955,0.06282151815625658,0.12564303631251317,0.003946543143456876
956,0,0,956,0.0628215181562566,0.1256430363125132,0.003946543143456876
957,2,0,957,2.482534153247273e-16,4.965068306494546e-16,6.162975822039155e-32
958,1,0,958,0.0,0.0,0.0
959,0,0,959,0.0,0.0,0.0
960,1,0,960,0.06282151815625668,0.12564303631251336,0.003946543143456887
961,0,0,961,0.06282151815625636,0.12564303631251272,0.003946543143456847
962,0,0,962,1.1102230246251565e-16,2.220446049250313e-16,1.232595164407831e-32
963,1,0,963,0.06282151815625672,0.12564303631251345,0.003946543143456892
964,2,0,964,0.0628215181562567,0.1256430363125134,0.003946543143456889
965,2,0,965,1.1102230246251565e-16,2.220446049250313e-16,1.232595164407831e-32
966,0,0,966,2.482534153247273e-16,4.965068306494546e-16,6.162975822039155e-32
967,2,0,967,0.06282151815625628,0.12564303631251256,0.003946543143456838
968,1,0,968,0.0,0.0,0.0
969,2,0,969,0.06282151815625672,0.12564303631251345,0.0039465431434568925
970,1,0,970,0.06282151815625617,0.12564303631251234,0.003946543143456822
971,2,0,971,0.06282151815625657,0.12564303631251314,0.0039465431434568725
972,0,0,972,2.9893669801409088e-16,5.978733960281817e-16,8.936314941956774e-32
973,2,0,973,0.06282151815625674,0.12564303631251347,0.003946543143456895
974,0,0,974,0.06282151815625668,0.12564303631251336,0.003946543143456888
975,0,0,975,1.1102230246251565e-16,2.220446049250313e-16,1.232595164407831e-32
976,0,0,976,0.0,0.0,0.0
977,2,0,977,0.0,0.0,0.0
978,2,0,978,0.06282151815625671,0.12564303631251342,0.003946543143456891
979,1,0,979,0.06282151815625647,0.12564303631251295,0.00394654314345686
980,2,0,980,0.0,0.0,0.0
981,0,0,981,2.482534153247273e-16,4.965068306494546e-16,6.162975822039155e-32
982,1,0,982,0.06282151815625639,0.12564303631251278,0.00394654314345685
983,2,0,983,2.0014830212433607e-16,4.0029660424867215e-16,4.0059342843254506e-32
984,0,0,984,0.06282151815625632,0.12564303631251264,0.003946543143456841
985,2,0,985,0.0,0.0,0.0
986,0,0,986,0.0628215181562567,0.1256430363125134,0.003946543143456889
987,1,0,987,0.0,0.0,0.0
988,2,0,988,2.7755575615628914e-16,5.551115123125783e-16,7.703719777548943e-32
989,0,0,989,0.0,0.0,0.0
990,0,0,990,0.06282151815625643,0.12564303631251286,0.003946543143456856
991,0,0,991,0.0,0.0,0.0
992,0,0,992,0.06282151815625606,0.1256430363125121,0.00394654314345681
993,0,0,993,0.06282151815625654,0.12564303631251308,0.00394654314345687
994,0,0,994,0.0,0.0,0.0
995,1,0,995,0.06282151815625647,0.12564303631251295,0.003946543143456861
996,2,0,996,0.06282151815625636,0.12564303631251272,0.003946543143456848
997,1,0,997,2.482534153247273e-16,4.965068306494546e-16,6.162975822039155e-32
998,2,0,998,1.1102230246251565e-16,2.220446049250313e-16,1.232595164407831e-32
999,2,0,999,2.7755575615628914e-16,5.551115123125783e-16,7.703719777548943e-32
1000,1,0,1000,0.0,0.0,0.0
1001,2,0,1001,0.0,0.0,0.0
1002,2,0,1002,0.06282151815625664,0.12564303631251328,0.003946543143456881
1003,0,0,1003,0.0,0.0,0.0
1004,2,0,1004,0.06282151815625621,0.12564303631251242,0.003946543143456829
1005,0,0,1005,0.06282151815625614,0.12564303631251228,0.0039465431434568205
1006,0,0,1006,0.06282151815625674,0.12564303631251347,0.003946543143456893
1007,2,0,1007,0.06282151815625667,0.12564303631251333,0.003946543143456885
1008,1,0,1008,0.06282151815625664,0.12564303631251328,0.003946543143456883
1009,1,0,1009,4.0029660424867215e-16,8.005932084973443e-16,1.6023737137301802e-31
1010,1,0,1010,0.06282151815625683,0.12564303631251367,0.0039465431434569055
1011,0,0,1011,0.06282151815625647,0.12564303631251295,0.003946543143456861
1012,1,0,1012,0.0,0.0,0.0
1013,0,0,1013,0.0,0.0,0.0
1014,2,0,1014,5.551115123125783e-17,1.1102230246251565e-16,3.0814879110195774e-33
1015,1,0,1015,0.0,0.0,0.0
1016,2,0,1016,0.0,0.0,0.0
1017,1,0,1017,0.0,0.0,0.0
1018,2,0,1018,2.2887833992611187e-16,4.577566798522237e-16,5.238529448733282e-32
1019,1,0,1019,0.06282151815625667,0.12564303631251333,0.003946543143456887
1020,0,0,1020,2.7755575615628914e-16,5.551115123125783e-16,7.703719777548943e-32
1021,1,0,1021,1.1102230246251565e-16,2.220446049250313e-16,1.232595164407831e-32
1022,0,0,1022,0.06282151815625692,0.12564303631251383,0.003946543143456917
1023,0,0,1023,0.06282151815625663,0.12564303631251325,0.003946543143456882
1024,0,0,1024,2.482534153247273e-16,4.965068306494546e-16,6.162975822039155e-32
1025,2,0,1025,0.06282151815625668,0.12564303631251336,0.003946543143456888
1026,0,0,1026,0.0,0.0,0.0
1027,0,0,1027,0.06282151815625645,0.1256430363125129,0.003946543143456858
1028,1,0,1028,0.0,0.0,0.0
1029,0,0,1029,0.06282151815625632,0.12564303631251264,0.003946543143456842
1030,1,0,1030,0.06282151815625651,0.12564303631251303,0.003946543143456867
1031,1,0,1031,0.0,0.0,0.0
1032,0,0,1032,2.7755575615628914e-17,5.551115123125783e-17,7.703719777548943e-34
1033,1,0,1033,0.06282151815625654,0.12564303631251308,0.003946543143456872
1034,0,0,1034,0.06282151815625621,0.12564303631251242,0.003946543143456828
1035,1,0,1035,0.06282151815625665,0.1256430363125133,0.0039465431434568855
1036,2,0,1036,0.06282151815625633,0.12564303631251267,0.003946543143456844
1037,0,0,1037,4.0029660424867215e-16,8.005932084973443e-16,1.6023737137301802e-31
1038,0,0,1038,1.1102230246251565e-16,2.220446049250313e-16,1.232595164407831e-32
1039,2,0,1039,0.0,0.0,0.0
1040,0,0,1040,0.0,0.0,0.0
1041,0,0,1041,1.5700924586837752e-16,3.1401849173675503e-16,2.465190328815662e-32
1042,2,0,1042,0.0628215181562566,0.1256430363125132,0.003946543143456877
1043,0,0,1043,0.06282151815625674,0.12564303631251347,0.003946543143456893
1044,0,0,1044,0.0,0.0,0.0
1045,0,0,1045,0.06282151815625647,0.12564303631251295,0.003946543143456861
1046,1,0,1046,3.510833468576701e-16,7.021666937153402e-16,1.232595164407831e-31
1047,0,0,1047,0.06282151815625657,0.12564303631251314,0.003946543143456874
1048,0,0,1048,0.0,0.0,0.0
1049,2,0,1049,1.1102230246251565e-16,2.220446049250313e-16,1.232595164407831e-32
1050,0,0,1050,0.0,0.0,0.0
1051,0,0,1051,0.06282151815625628,0.12564303631251256,0.003946543143456836
1052,2,0,1052,1.1102230246251565e-16,2.220446049250313e-16,1.232595164407831e-32
1053,0,0,1053,0.06282151815625626,0.12564303631251253,0.003946543143456835
1054,1,0,1054,2.7755575615628914e-16,5.551115123125783e-16,7.703719777548943e-32
1055,1,0,1055,0.06282151815625638,0.12564303631251275,0.003946543143456849
1056,1,0,1056,0.06282151815625618,0.12564303631251236,0.003946543143456826
1057,2,0,1057,0.06282151815625642,0.12564303631251283,0.003946543143456854
1058,0,0,1058,0.06282151815625661,0.12564303631251322,0.003946543143456879
1059,1,0,1059,0.06282151815625635,0.1256430363125127,0.0039465431434568465
1060,2,0,1060,1.5700924586837752e-16,3.1401849173675503e-16,2.465190328815662e-32
1061,1,0,1061,0.0,0.0,0.0
1062,1,0,1062,0.0,0.0,0.0
1063,2,0,1063,0.06282151815625649,0.12564303631251297,0.003946543143456863
1064,1,0,1064,1.9990131207314634,3.998026241462927,0.003946543143456871
1065,2,0,1065,0.06282151815625672,0.12564303631251345,0.003946543143456894
1066,2,0,1066,5.551115123125783e-17,1.1102230246251565e-16,3.0814879110195774e-33
1067,2,0,1067,0.06282151815625665,0.1256430363125133,0.003946543143456884
1068,0,0,1068,0.06282151815625665,0.1256430363125133,0.003946543143456885
1069,2,0,1069,0.06282151815625663,0.12564303631251325,0.003946543143456882
1070,1,0,1070,0.0628215181562563,0.1256430363125126,0.0039465431434568396
1071,2,0,1071,0.06282151815625663,0.12564303631251325,0.003946543143456881
1072,1,0,1072,0.0,0.0,0.0
1073,0,0,1073,0.0,0.0,0.0
1074,1,0,1074,0.06282151815625628,0.12564303631251256,0.003946543143456838
1075,0,0,1075,0.06282151815625675,0.1256430363125135,0.003946543143456897
1076,1,0,1076,0.0,0.0,0.0
1077,2,0,1077,0.06282151815625658,0.12564303631251317,0.003946543143456875
1078,2,0,1078,1.1102230246251565e-16,2.220446049250313e-16,1.232595164407831e-32
1079,1,0,1079,2.482534153247273e-16,4.965068306494546e-16,6.162975822039155e-32
1080,2,0,1080,0.06282151815625665,0.1256430363125133,0.003946543143456883
1081,0,0,1081,0.0,0.0,0.0
1082,1,0,1082,0.06282151815625642,0.12564303631251283,0.003946543143456856
1083,1,0,1083,3.1401849173675503e-16,6.280369834735101e-16,9.860761315262648e-32
1084,0,0,1084,0.0,0.0,0.0
1085,1,0,1085,0.0,0.0,0.0
1086,1,0,1086,0.06282151815625645,0.1256430363125129,0.003946543143456859
1087,2,0,1087,2.482534153247273e-16,4.965068306494546e-16,6.162975822039155e-32
1088,0,0,1088,0.06282151815625654,0.12564303631251308,0.003946543143456869
1089,2,0,1089,0.06282151815625617,0.1256430363125123,0.003946543143456823
1090,0,0,1090,0.06282151815625663,0.12564303631251325,0.003946543143456881
1091,1,0,1091,1.5700924586837752e-16,3.1401849173675503e-16,2.465190328815662e-32
1092,0,0,1092,0.06282151815625689,0.12564303631251375,0.003946543143456913
1093,2,0,1093,0.06282151815625629,0.12564303631251258,0.0039465431434568396
1094,2,0,1094,0.06282151815625643,0.12564303631251286,0.003946543143456857
1095,1,0,1095,0.06282151815625645,0.1256430363125129,0.003946543143456858
1096,2,0,1096,0.0,0.0,0.0
1097,1,0,1097,0.0,0.0,0.0
1098,1,0,1098,0.06282151815625651,0.12564303631251303,0.003946543143456868
1099,0,0,1099,0.0,0.0,0.0
1100,2,0,1100,0.06282151815625642,0.12564303631251283,0.003946543143456854
1101,1,0,1101,5.551115123125783e-17,1.1102230246251565e-16,3.0814879110195774e-33
1102,0,0,1102,1.5700924586837752e-16,3.1401849173675503e-16,2.465190328815662e-32
1103,0,0,1103,0.0,0.0,0.0
1104,1,0,1104,0.06282151815625646,0.12564303631251292,0.003946543143456861
1105,0,0,1105,0.06282151815625664,0.12564303631251328,0.003946543143456882
1106,2,0,1106,1.1102230246251565e-16,2.220446049250313e-16,1.232595164407831e-32
1107,2,0,1107,0.06282151815625611,0.12564303631251222,0.003946543143456817
1108,0,0,1108,1.5700924586837752e-16,3.1401849173675503e-16,2.465190328815662e-32
1109,2,0,1109,1.1102230246251565e-16,2.220446049250313e-16,1.232595164407831e-32
1110,0,0,1110,0.0,0.0,0.0
1111,0,0,1111,0.06282151815625635,0.1256430363125127,0.003946543143456846
1112,2,0,1112,0.06282151815625621,0.12564303631251242,0.003946543143456828
1113,0,0,1113,1.5700924586837752e-16,3.1401849173675503e-16,2.465190328815662e-32
1114,2,0,1114,1.1102230246251565e-16,2.220446049250313e-16,1.232595164407831e-32
1115,0,0,1115,5.551115123125783e-17,1.1102230246251565e-16,3.0814879110195774e-33
1116,1,0,1116,0.06282151815625608,0.12564303631251217,0.003946543143456813
1117,2,0,1117,2.220446049250313e-16,4.440892098500626e-16,4.930380657631324e-32
1118,0,0,1118,1.1102230246251565e-16,2.220446049250313e-16,1.232595164407831e-32
1119,2,0,1119,0.06282151815625661,0.12564303631251322,0.003946543143456879
1120,1,0,1120,0.0628215181562561,0.1256430363125122,0.003946543143456815
1121,0,0,1121,5.551115123125783e-17,1.1102230246251565e-16,3.0814879110195774e-33
1122,2,0,1122,1.1102230246251565e-16,2.220446049250313e-16,1.232595164407831e-32
1123,1,0,1123,1.2412670766236366e-16,2.482534153247273e-16,1.5407439555097887e-32
1124,0,0,1124,0.06282151815625661,0.12564303631251322,0.003946543143456879
1125,2,0,1125,0.06282151815625625,0.1256430363125125,0.003946543143456834
1126,0,0,1126,0.0628215181562565,0.125643036312513,0.003946543143456865
1127,2,0,1127,2.482534153247273e-16,4.965068306494546e-16,6.162975822039155e-32
1128,2,0,1128,0.0,0.0,0.0
1129,0,0,1129,0.06282151815625632,0.12564303631251264,0.003946543143456841
1130,2,0,1130,0.0,0.0,0.0
1131,1,0,1131,0.06282151815625628,0.12564303631251256,0.003946543143456838
1132,2,0,1132,2.482534153247273e-16,4.965068306494546e-16,6.162975822039155e-32
1133,2,0,1133,2.220446049250313e-16,4.440892098500626e-16,4.930380657631324e-32
1134,2,0,1134,0.06282151815625647,0.12564303631251295,0.00394654314345686
1135,0,0,1135,0.0628215181562567,0.1256430363125134,0.003946543143456891
1136,1,0,1136,0.0,0.0,0.0
1137,1,0,1137,0.06282151815625624,0.12564303631251247,0.003946543143456833
1138,0,0,1138,0.06282151815625664,0.12564303631251328,0.003946543143456884
1139,0,0,1139,0.06282151815625671,0.12564303631251342,0.003946543143456892
1140,0,0,1140,1.1102230246251565e-16,2.220446049250313e-16,1.232595164407831e-32
1141,0,0,1141,0.0,0.0,0.0
1142,2,0,1142,0.06282151815625639,0.12564303631251278,0.003946543143456851
1143,0,0,1143,1.2412670766236366e-16,2.482534153247273e-16,1.5407439555097887e-32
1144,2,0,1144,2.7755575615628914e-16,5.551115123125783e-16,7.703719777548943e-32
1145,2,0,1145,0.0628215181562561,0.1256430363125122,0.003946543143456813
1146,1,0,1146,0.0,0.0,0.0
1147,1,0,1147,0.06282151815625654,0.12564303631251308,0.00394654314345687
1148,2,0,1148,0.06282151815625624,0.12564303631251247,0.003946543143456832
1149,2,0,1149,3.1401849173675503e-16,6.280369834735101e-16,9.860761315262648e-32
1150,1,0,1150,0.0628215181562564,0.1256430363125128,0.003946543143456853
1151,2,0,1151,0.06282151815625642,0.12564303631251283,0.003946543143456856
1152,2,0,1152,0.0,0.0,0.0
1153,1,0,1153,2.482534153247273e-16,4.965068306494546e-16,6.162975822039155e-32
1154,0,0,1154,1.1102230246251565e-16,2.220446049250313e-16,1.232595164407831e-32
1155,0,0,1155,0.0,0.0,0.0
1156,0,0,1156,0.06282151815625665,0.1256430363125133,0.003946543143456884
1157,2,0,1157,0.06282151815625626,0.12564303631251253,0.003946543143456837
1158,1,0,1158,0.0,0.0,0.0
1159,1,0,1159,0.06282151815625674,0.12564303631251347,0.003946543143456895
1160,1,0,1160,1.5700924586837752e-16,3.1401849173675503e-16,2.465190328815662e-32
1161,1,0,1161,0.0,0.0,0.0
1162,0,0,1162,0.0,0.0,0.0
1163,0,0,1163,5.551115123125783e-17,1.1102230246251565e-16,3.0814879110195774e-33
1164,1,0,1164,0.0,0.0,0.0
1165,0,0,1165,0.0,0.0,0.0
1166,1,0,1166,3.1401849173675503e-16,6.280369834735101e-16,9.860761315262648e-32
1167,2,0,1167,0.06282151815625645,0.1256430363125129,0.003946543143456859
1168,0,0,1168,0.06282151815625657,0.12564303631251314,0.003946543143456873
1169,1,0,1169,0.0,0.0,0.0
1170,2,0,1170,0.0628215181562567,0.1256430363125134,0.003946543143456891
1171,0,0,1171,0.0,0.0,0.0
1172,0,0,1172,0.06282151815625668,0.12564303631251336,0.003946543143456887
1173,1,0,1173,1.1102230246251565e-16,2.220446049250313e-16,1.232595164407831e-32
1174,1,0,1174,0.06282151815625628,0.12564303631251256,0.003946543143456837
1175,1,0,1175,0.06282151815625671,0.12564303631251342,0.00394654314345689
1176,0,0,1176,0.06282151815625642,0.12564303631251283,0.003946543143456855
1177,0,0,1177,0.0,0.0,0.0
1178,2,0,1178,0.06282151815625624,0.12564303631251247,0.003946543143456832
1179,0,0,1179,1.5700924586837752e-16,3.1401849173675503e-16,2.465190328815662e-32
1180,1,0,1180,0.06282151815625675,0.1256430363125135,0.003946543143456896
1181,2,0,1181,1.6653345369377348e-16,3.3306690738754696e-16,2.7733391199176196e-32
1182,1,0,1182,0.0,0.0,0.0
1183,0,0,1183,0.06282151815625663,0.12564303631251325,0.003946543143456881
1184,2,0,1184,0.06282151815625629,0.12564303631251258,0.003946543143456839
1185,2,0,1185,0.0,0.0,0.0
1186,1,0,1186,1.2412670766236366e-16,2.482534153247273e-16,1.5407439555097887e-32
1187,2,0,1187,2.482534153247273e-16,4.965068306494546e-16,6.162975822039155e-32
1188,2,0,1188,0.0,0.0,0.0
1189,0,0,1189,0.06282151815625678,0.12564303631251356,0.0039465431434569
1190,1,0,1190,0.0628215181562561,0.1256430363125122,0.003946543143456814
1191,2,0,1191,0.0,0.0,0.0
1192,0,0,1192,0.06282151815625642,0.12564303631251283,0.003946543143456855
1193,1,0,1193,2.482534153247273e-16,4.965068306494546e-16,6.162975822039155e-32
1194,2,0,1194,2.482534153247273e-16,4.965068306494546e-16,6.162975822039155e-32
1195,1,0,1195,0.06282151815625614,0.12564303631251228,0.0039465431434568205
1196,0,0,1196,0.06282151815625628,0.12564303631251256,0.003946543143456837
1197,0,0,1197,1.1102230246251565e-16,2.220446049250313e-16,1.232595164407831e-32
1198,1,0,1198,0.0628215181562564,0.1256430363125128,0.0039465431434568534
1199,0,0,1199,0.0,0.0,0.0
1200,2,0,1200,0.06282151815625674,0.12564303631251347,0.003946543143456894
1201,1,0,1201,0.06282151815625683,0.12564303631251367,0.003946543143456907
1202,0,0,1202,0.06282151815625651,0.12564303631251303,0.003946543143456868
1203,2,0,1203,0.06282151815625647,0.12564303631251295,0.003946543143456861
1204,0,0,1204,2.0014830212433607e-16,4.0029660424867215e-16,4.0059342843254506e-32
1205,1,0,1205,0.06282151815625622,0.12564303631251245,0.003946543143456829
1206,1,0,1206,1.1102230246251565e-16,2.220446049250313e-16,1.232595164407831e-32
1207,0,0,1207,0.0,0.0,0.0
1208,2,0,1208,0.0,0.0,0.0
1209,0,0,1209,0.06282151815625653,0.12564303631251306,0.00394654314345687
1210,2,0,1210,0.06282151815625672,0.12564303631251345,0.0039465431434568925
1211,2,0,1211,0.06282151815625663,0.12564303631251325,0.003946543143456881
1212,1,0,1212,1.5700924586837752e-16,3.1401849173675503e-16,2.465190328815662e-32
1213,1,0,1213,0.06282151815625626,0.12564303631251253,0.003946543143456835
1214,0,0,1214,0.0,0.0,0.0
1215,2,0,1215,0.06282151815625658,0.12564303631251317,0.003946543143456875
1216,2,0,1216,0.06282151815625682,0.12564303631251364,0.003946543143456905
1217,2,0,1217,0.06282151815625651,0.12564303631251303,0.003946543143456867
1218,0,0,1218,4.965068306494546e-16,9.930136612989092e-16,2.465190328815662e-31
1219,0,0,1219,0.06282151815625649,0.12564303631251297,0.003946543143456863
1220,0,0,1220,0.06282151815625674,0.12564303631251345,0.003946543143456894
1221,2,0,1221,0.06282151815625664,0.12564303631251328,0.003946543143456882
1222,0,0,1222,0.0,0.0,0.0
1223,1,0,1223,2.482534153247273e-16,4.965068306494546e-16,6.162975822039155e-32
1224,1,0,1224,0.0628215181562567,0.1256430363125134,0.00394654314345689
1225,0,0,1225,0.0,0.0,0.0
1226,2,0,1226,0.06282151815625661,0.12564303631251322,0.0039465431434568795
1227,0,0,1227,1.5700924586837752e-16,3.1401849173675503e-16,2.465190328815662e-32
1228,2,0,1228,0.06282151815625613,0.12564303631251225,0.003946543143456818
1229,0,0,1229,0.0,0.0,0.0
1230,1,0,1230,2.220446049250313e-16,4.440892098500626e-16,4.930380657631324e-32
1231,0,0,1231,0.06282151815625632,0.12564303631251264,0.003946543143456841
1232,2,0,1232,0.06282151815625668,0.12564303631251336,0.003946543143456889
1233,1,0,1233,0.06282151815625675,0.1256430363125135,0.003946543143456896
1234,2,0,1234,0.06282151815625661,0.12564303631251322,0.0039465431434568795
1235,2,0,1235,0.06282151815625678,0.12564303631251356,0.0039465431434568985
1236,0,0,1236,1.5700924586837752e-16,3.1401849173675503e-16,2.465190328815662e-32
1237,0,0,1237,2.482534153247273e-16,4.965068306494546e-16,6.162975822039155e-32
1238,2,0,1238,0.0628215181562563,0.1256430363125126,0.003946543143456842
1239,1,0,1239,2.0014830212433607e-16,4.0029660424867215e-16,4.0059342843254506e-32
1240,0,0,1240,0.06282151815625671,0.12564303631251342,0.003946543143456892
1241,0,0,1241,2.0014830212433607e-16,4.0029660424867215e-16,4.0059342843254506e-32
1242,2,0,1242,2.7755575615628914e-16,5.551115123125783e-16,7.703719777548943e-32
1243,0,0,1243,0.0,0.0,0.0
1244,1,0,1244,0.0,0.0,0.0
1245,2,0,1245,0.06282151815625635,0.1256430363125127,0.0039465431434568465
1246,0,0,1246,2.220446049250313e-16,4.440892098500626e-16,4.930380657631324e-32
1247,0,0,1247,2.0014830212433607e-16,4.0029660424867215e-16,4.0059342843254506e-32
1248,0,0,1248,0.0628215181562566,0.1256430363125132,0.003946543143456878
1249,0,0,1249,0.06282151815625624,0.12564303631251245,0.003946543143456832
1250,0,0,1250,0.06282151815625689,0.12564303631251378,0.003946543143456914
1251,0,0,1251,2.482534153247273e-16,4.965068306494546e-16,6.162975822039155e-32
1252,1,0,1252,1.1102230246251565e-16,2.220446049250313e-16,1.232595164407831e-32
1253,1,0,1253,0.06282151815625608,0.12564303631251217,0.003946543143456813
1254,0,0,1254,0.0,0.0,0.0
1255,2,0,1255,0.06282151815625675,0.1256430363125135,0.003946543143456896
1256,1,0,1256,5.551115123125783e-17,1.1102230246251565e-16,3.0814879110195774e-33
1257,1,0,1257,1.2412670766236366e-16,2.482534153247273e-16,1.5407439555097887e-32
1258,1,0,1258,5.551115123125783e-17,1.1102230246251565e-16,3.0814879110195774e-33
1259,0,0,1259,2.423651445728339e-16,4.847302891456678e-16,5.874086330381069e-32
1260,2,0,1260,0.0,0.0,0.0
1261,0,0,1261,0.06282151815625615,0.1256430363125123,0.003946543143456823
1262,2,0,1262,1.1796119636642288e-16,2.3592239273284576e-16,1.391484384819778e-32
1263,2,0,1263,0.0,0.0,0.0
1264,1,0,1264,0.06282151815625661,0.12564303631251322,0.00394654314345688
1265,2,0,1265,0.06282151815625678,0.12564303631251356,0.003946543143456899
1266,2,0,1266,0.06282151815625675,0.1256430363125135,0.003946543143456896
1267,2,0,1267,2.482534153247273e-16,4.965068306494546e-16,6.162975822039155e-32
1268,2,0,1268,0.06282151815625654,0.12564303631251308,0.00394654314345687
1269,0,0,1269,0.06282151815625651,0.12564303631251303,0.003946543143456866
1270,1,0,1270,1.1102230246251565e-16,2.220446049250313e-16,1.232595164407831e-32
1271,0,0,1271,1.1102230246251565e-16,2.220446049250313e-16,1.232595164407831e-32
1272,2,0,1272,4.965068306494546e-16,9.930136612989092e-16,2.465190328815662e-31
1273,1,0,1273,0.0628215181562565,0.125643036312513,0.003946543143456866
1274,0,0,1274,0.0,0.0,0.0
1275,2,0,1275,0.0,0.0,0.0
1276,1,0,1276,0.06282151815625646,0.12564303631251292,0.00394654314345686
1277,2,0,1277,1.1102230246251565e-16,2.220446049250313e-16,1.232595164407831e-32
1278,0,0,1278,3.1401849173675503e-16,6.280369834735101e-16,9.860761315262648e-32
1279,2,0,1279,0.0,0.0,0.0
1280,2,0,1280,0.06282151815625646,0.12564303631251292,0.00394654314345686
1281,0,0,1281,1.9990131207314628,3.9980262414629255,0.00394654314345689
1282,1,0,1282,1.5700924586837752e-16,3.1401849173675503e-16,2.465190328815662e-32
1283,2,0,1283,1.2412670766236366e-16,2.482534153247273e-16,1.5407439555097887e-32
1284,0,0,1284,0.0628215181562566,0.1256430363125132,0.003946543143456877
1285,2,0,1285,0.0,0.0,0.0
1286,1,0,1286,0.06282151815625608,0.12564303631251217,0.0039465431434568135
1287,2,0,1287,2.482534153247273e-16,4.965068306494546e-16,6.162975822039155e-32
1288,0,0,1288,0.06282151815625628,0.12564303631251256,0.003946543143456837
1289,0,0,1289,0.06282151815625667,0.12564303631251333,0.0039465431434568855
1290,0,0,1290,1.5700924586837752e-16,3.1401849173675503e-16,2.465190328815662e-32
1291,1,0,1291,1.1102230246251565e-16,2.220446049250313e-16,1.232595164407831e-32
1292,1,0,1292,0.0,0.0,0.0
1293,2,0,1293,0.0628215181562563,0.1256430363125126,0.00394654314345684
1294,0,0,1294,0.0628215181562565,0.125643036312513,0.003946543143456865
1295,1,0,1295,5.551115123125783e-17,1.1102230246251565e-16,3.0814879110195774e-33
1296,0,0,1296,0.0,0.0,0.0
1297,0,0,1297,0.06282151815625628,0.12564303631251256,0.003946543143456837
1298,1,0,1298,4.335559509131368e-16,8.671119018262734e-16,1.8797076257219422e-31
1299,1,0,1299,0.06282151815625654,0.12564303631251308,0.00394654314345687
1300,1,0,1300,0.0,0.0,0.0
1301,1,0,1301,1.6653345369377348e-16,3.3306690738754696e-16,2.7733391199176196e-32
1302,1,0,1302,0.0,0.0,0.0
1303,0,0,1303,0.06282151815625639,0.12564303631251278,0.003946543143456853
1304,0,0,1304,1.1102230246251565e-16,2.220446049250313e-16,1.232595164407831e-32
1305,0,0,1305,0.06282151815625614,0.12564303631251228,0.003946543143456819
1306,2,0,1306,0.0,0.0,0.0
1307,2,0,1307,0.06282151815625642,0.12564303631251283,0.003946543143456854
1308,2,0,1308,5.551115123125783e-17,1.1102230246251565e-16,3.0814879110195774e-33
1309,1,0,1309,2.220446049250313e-16,4.440892098500626e-16,4.930380657631324e-32
1310,2,0,1310,2.220446049250313e-16,4.440892098500626e-16,4.930380657631324e-32
1311,2,0,1311,5.551115123125783e-17,1.1102230246251565e-16,3.0814879110195774e-33
1312,1,0,1312,0.06282151815625676,0.12564303631251353,0.0039465431434568985
1313,2,0,1313,0.06282151815625665,0.1256430363125133,0.003946543143456884
1314,0,0,1314,0.0,0.0,0.0
1315,1,0,1315,0.06282151815625661,0.12564303631251322,0.0039465431434568795
1316,1,0,1316,1.999013120731463,3.998026241462926,0.003946543143456917
1317,2,0,1317,0.06282151815625649,0.12564303631251297,0.003946543143456864
1318,1,0,1318,1.1102230246251565e-16,2.220446049250313e-16,1.232595164407831e-32
1319,0,0,1319,0.06282151815625632,0.12564303631251264,0.003946543143456843
1320,1,0,1320,0.0,0.0,0.0
1321,0,0,1321,0.06282151815625635,0.1256430363125127,0.0039465431434568465
1322,0,0,1322,0.0,0.0,0.0
1323,1,0,1323,0.0,0.0,0.0
1324,0,0,1324,0.06282151815625665,0.1256430363125133,0.003946543143456885
1325,2,0,1325,0.0628215181562563,0.1256430363125126,0.00394654314345684
1326,0,0,1326,0.06282151815625667,0.12564303631251333,0.0039465431434568855
1327,1,0,1327,2.220446049250313e-16,4.440892098500626e-16,4.930380657631324e-32
1328,2,0,1328,0.0,0.0,0.0
1329,2,0,1329,0.06282151815625615,0.1256430363125123,0.003946543143456821
1330,2,0,1330,0.0,0.0,0.0
1331,1,0,1331,0.0,0.0,0.0
1332,1,0,1332,1.1102230246251565e-16,2.220446049250313e-16,1.232595164407831e-32
1333,1,0,1333,5.551115123125783e-17,1.1102230246251565e-16,3.0814879110195774e-33
1334,0,0,1334,0.06282151815625628,0.12564303631251256,0.003946543143456838
1335,0,0,1335,0.0,0.0,0.0
1336,2,0,1336,1.5700924586837752e-16,3.1401849173675503e-16,2.465190328815662e-32
1337,1,0,1337,0.06282151815625668,0.12564303631251336,0.003946543143456887
1338,2,0,1338,1.1102230246251565e-16,2.220446049250313e-16,1.232595164407831e-32
1339,1,0,1339,0.06282151815625604,0.12564303631251209,0.0039465431434568075
1340,2,0,1340,0.06282151815625663,0.12564303631251325,0.003946543143456881
1341,1,0,1341,0.06282151815625656,0.1256430363125131,0.003946543143456872
1342,2,0,1342,0.06282151815625633,0.12564303631251267,0.003946543143456843
1343,2,0,1343,0.0628215181562562,0.1256430363125124,0.0039465431434568266
1344,0,0,1344,0.06282151815625668,0.12564303631251336,0.003946543143456888
1345,0,0,1345,0.06282151815625651,0.12564303631251303,0.003946543143456867
1346,1,0,1346,0.06282151815625643,0.12564303631251286,0.003946543143456857
1347,1,0,1347,0.06282151815625635,0.1256430363125127,0.003946543143456845
1348,0,0,1348,0.06282151815625654,0.12564303631251308,0.00394654314345687
1349,2,0,1349,0.06282151815625635,0.1256430363125127,0.0039465431434568465
1350,0,0,1350,0.0,0.0,0.0
1351,2,0,1351,0.06282151815625626,0.12564303631251253,0.003946543143456835
1352,1,0,1352,0.0,0.0,0.0
1353,2,0,1353,2.482534153247273e-16,4.965068306494546e-16,6.162975822039155e-32
1354,2,0,1354,0.0,0.0,0.0
1355,2,0,1355,2.482534153247273e-16,4.965068306494546e-16,6.162975822039155e-32
1356,0,0,1356,2.220446049250313e-16,4.440892098500626e-16,4.930380657631324e-32
1357,1,0,1357,1.5700924586837752e-16,3.1401849173675503e-16,2.465190328815662e-32
1358,2,0,1358,0.0628215181562567,0.1256430363125134,0.003946543143456889
1359,1,0,1359,0.06282151815625657,0.12564303631251314,0.003946543143456873
1360,2,0,1360,0.06282151815625668,0.12564303631251336,0.003946543143456888
1361,2,0,1361,0.0,0.0,0.0
1362,1,0,1362,0.0628215181562565,0.125643036312513,0.003946543143456865
1363,0,0,1363,0.06282151815625643,0.12564303631251286,0.003946543143456857
1364,0,0,1364,0.06282151815625649,0.12564303631251297,0.003946543143456863
1365,1,0,1365,0.06282151815625643,0.12564303631251286,0.003946543143456857
1366,2,0,1366,3.510833468576701e-16,7.021666937153402e-16,1.232595164407831e-31
1367,2,0,1367,0.06282151815625643,0.12564303631251286,0.003946543143456858
1368,1,0,1368,0.0628215181562567,0.1256430363125134,0.00394654314345689
1369,0,0,1369,0.06282151815625621,0.12564303631251242,0.003946543143456828
1370,1,0,1370,0.06282151815625642,0.12564303631251283,0.003946543143456856
1371,0,0,1371,0.06282151815625621,0.12564303631251242,0.003946543143456828
1372,1,0,1372,3.55715613020066e-16,7.11431226040132e-16,1.265335973462414e-31
1373,2,0,1373,0.06282151815625633,0.12564303631251267,0.003946543143456845
1374,1,0,1374,0.0,0.0,0.0
1375,0,0,1375,1.2412670766236366e-16,2.482534153247273e-16,1.5407439555097887e-32
1376,0,0,1376,1.1102230246251565e-16,2.220446049250313e-16,1.232595164407831e-32
1377,1,0,1377,0.0,0.0,0.0
1378,1,0,1378,0.0,0.0,0.0
1379,2,0,1379,0.06282151815625653,0.12564303631251306,0.003946543143456868
1380,1,0,1380,0.06282151815625668,0.12564303631251336,0.003946543143456886
1381,1,0,1381,0.06282151815625664,0.12564303631251328,0.003946543143456883
1382,1,0,1382,1.6653345369377348e-16,3.3306690738754696e-16,2.7733391199176196e-32
1383,2,0,1383,0.06282151815625643,0.12564303631251286,0.003946543143456856
1384,0,0,1384,1.6653345369377348e-16,3.3306690738754696e-16,2.7733391199176196e-32
1385,2,0,1385,5.551115123125783e-17,1.1102230246251565e-16,3.0814879110195774e-33
1386,2,0,1386,0.06282151815625636,0.12564303631251272,0.003946543143456848
1387,0,0,1387,0.06282151815625646,0.12564303631251292,0.00394654314345686
1388,1,0,1388,0.06282151815625661,0.12564303631251322,0.0039465431434568795
1389,0,0,1389,0.06282151815625645,0.1256430363125129,0.003946543143456859
1390,2,0,1390,0.06282151815625624,0.12564303631251247,0.003946543143456832
1391,0,0,1391,1.2412670766236366e-16,2.482534153247273e-16,1.5407439555097887e-32
1392,1,0,1392,0.06282151815625642,0.12564303631251283,0.003946543143456854
1393,2,0,1393,2.220446049250313e-16,4.440892098500626e-16,4.930380657631324e-32
1394,2,0,1394,0.06282151815625629,0.12564303631251258,0.00394654314345684
1395,1,0,1395,0.0,0.0,0.0
1396,0,0,1396,0.06282151815625632,0.12564303631251264,0.003946543143456841
1397,0,0,1397,0.0,0.0,0.0
1398,2,0,1398,0.0628215181562564,0.12564303631251278,0.003946543143456853
1399,0,0,1399,0.0,0.0,0.0
1400,1,0,1400,1.6653345369377348e-16,3.3306690738754696e-16,2.7733391199176196e-32
1401,2,0,1401,0.06282151815625645,0.1256430363125129,0.003946543143456857
1402,0,0,1402,0.06282151815625689,0.12564303631251378,0.003946543143456914
1403,1,0,1403,0.06282151815625646,0.12564303631251292,0.003946543143456859
1404,1,0,1404,0.06282151815625656,0.1256430363125131,0.003946543143456872
1405,0,0,1405,0.0,0.0,0.0
1406,0,0,1406,0.0,0.0,0.0
1407,2,0,1407,0.0,0.0,0.0
1408,2,0,1408,1.999013120731463,3.998026241462926,0.003946543143456855
1409,2,0,1409,0.06282151815625671,0.12564303631251342,0.00394654314345689
1410,1,0,1410,1.2412670766236366e-16,2.482534153247273e-16,1.5407439555097887e-32
1411,0,0,1411,0.06282151815625651,0.12564303631251303,0.0039465431434568665
1412,0,0,1412,2.2887833992611187e-16,4.577566798522237e-16,5.238529448733282e-32
1413,1,0,1413,0.06282151815625606,0.1256430363125121,0.00394654314345681
1414,0,0,1414,0.0,0.0,0.0
1415,1,0,1415,0.06282151815625647,0.12564303631251295,0.003946543143456862
1416,0,0,1416,0.0,0.0,0.0
1417,2,0,1417,0.0,0.0,0.0
1418,2,0,1418,2.7755575615628914e-17,5.551115123125783e-17,7.703719777548943e-34
1419,1,0,1419,0.0628215181562562,0.1256430363125124,0.003946543143456826
1420,0,0,1420,0.0,0.0,0.0
1421,2,0,1421,0.06282151815625624,0.12564303631251247,0.003946543143456831
1422,2,0,1422,0.06282151815625663,0.12564303631251325,0.00394654314345688
1423,2,0,1423,4.0029660424867215e-16,8.005932084973443e-16,1.6023737137301802e-31
1424,0,0,1424,0.06282151815625622,0.12564303631251245,0.00394654314345683
1425,1,0,1425,0.0,0.0,0.0
1426,0,0,1426,0.0,0.0,0.0
1427,2,0,1427,0.06282151815625661,0.12564303631251322,0.003946543143456879
1428,1,0,1428,0.06282151815625625,0.1256430363125125,0.0039465431434568335
1429,1,0,1429,0.06282151815625661,0.12564303631251322,0.0039465431434568795
1430,2,0,1430,2.482534153247273e-16,4.965068306494546e-16,6.162975822039155e-32
1431,0,0,1431,0.0,0.0,0.0
1432,2,0,1432,0.06282151815625649,0.12564303631251297,0.003946543143456865
1433,0,0,1433,5.551115123125783e-17,1.1102230246251565e-16,3.0814879110195774e-33
1434,1,0,1434,0.06282151815625636,0.12564303631251272,0.003946543143456848
1435,2,0,1435,0.0,0.0,0.0
1436,0,0,1436,0.06282151815625654,0.12564303631251308,0.003946543143456872
1437,1,0,1437,0.06282151815625665,0.1256430363125133,0.003946543143456883
1438,0,0,1438,1.2412670766236366e-16,2.482534153247273e-16,1.5407439555097887e-32
1439,1,0,1439,5.551115123125783e-17,1.1102230246251565e-16,3.0814879110195774e-33
1440,0,0,1440,0.06282151815625668,0.12564303631251336,0.003946543143456888
1441,2,0,1441,0.06282151815625663,0.12564303631251325,0.00394654314345688
1442,1,0,1442,2.482534153247273e-16,4.965068306494546e-16,6.162975822039155e-32
1443,1,0,1443,0.0,0.0,0.0
1444,2,0,1444,1.1102230246251565e-16,2.220446049250313e-16,1.232595164407831e-32
1445,0,0,1445,0.0,0.0,0.0
1446,2,0,1446,1.1102230246251565e-16,2.220446049250313e-16,1.232595164407831e-32
1447,1,0,1447,0.06282151815625625,0.1256430363125125,0.0039465431434568335
1448,0,0,1448,0.06282151815625679,0.12564303631251358,0.003946543143456901
1449,1,0,1449,5.551115123125783e-17,1.1102230246251565e-16,3.0814879110195774e-33
1450,0,0,1450,0.06282151815625639,0.12564303631251278,0.003946543143456851
1451,1,0,1451,2.220446049250313e-16,4.440892098500626e-16,4.930380657631324e-32
1452,2,0,1452,0.06282151815625624,0.12564303631251247,0.003946543143456833
1453,2,0,1453,0.06282151815625645,0.1256430363125129,0.003946543143456859
1454,0,0,1454,1.1102230246251565e-16,2.220446049250313e-16,1.232595164407831e-32
1455,1,0,1455,0.0,0.0,0.0
1456,0,0,1456,0.06282151815625682,0.12564303631251364,0.003946543143456905
1457,1,0,1457,0.0,0.0,0.0
1458,1,0,1458,0.06282151815625624,0.12564303631251247,0.0039465431434568335
1459,1,0,1459,0.06282151815625639,0.12564303631251278,0.003946543143456852
1460,1,0,1460,2.482534153247273e-16,4.965068306494546e-16,6.162975822039155e-32
1461,1,0,1461,0.06282151815625658,0.12564303631251317,0.003946543143456875
1462,1,0,1462,2.482534153247273e-16,4.965068306494546e-16,6.162975822039155e-32
1463,2,0,1463,1.1102230246251565e-16,2.220446049250313e-16,1.232595164407831e-32
1464,1,0,1464,1.5700924586837752e-16,3.1401849173675503e-16,2.465190328815662e-32
1465,0,0,1465,0.06282151815625663,0.12564303631251325,0.003946543143456881
1466,0,0,1466,0.0,0.0,0.0
1467,0,0,1467,0.0,0.0,0.0
1468,2,0,1468,0.06282151815625624,0.12564303631251247,0.003946543143456832
1469,2,0,1469,0.06282151815625667,0.12564303631251333,0.0039465431434568855
1470,1,0,1470,1.5700924586837752e-16,3.1401849173675503e-16,2.465190328815662e-32
1471,2,0,1471,0.0,0.0,0.0
1472,2,0,1472,3.1401849173675503e-16,6.280369834735101e-16,9.860761315262648e-32
1473,1,0,1473,0.06282151815625649,0.12564303631251297,0.003946543143456864
1474,0,0,1474,0.0,0.0,0.0
1475,0,0,1475,2.9893669801409088e-16,5.978733960281817e-16,8.936314941956774e-32
1476,1,0,1476,0.06282151815625654,0.12564303631251308,0.00394654314345687
1477,2,0,1477,1.5700924586837752e-16,3.1401849173675503e-16,2.465190328815662e-32
1478,0,0,1478,0.06282151815625658,0.12564303631251317,0.003946543143456877
1479,2,0,1479,0.06282151815625615,0.1256430363125123,0.0039465431434568205
1480,2,0,1480,0.0628215181562563,0.1256430363125126,0.003946543143456841
1481,1,0,1481,0.06282151815625639,0.12564303631251278,0.003946543143456852
1482,0,0,1482,0.06282151815625665,0.1256430363125133,0.003946543143456885
1483,1,0,1483,0.06282151815625657,0.12564303631251314,0.003946543143456876
1484,2,0,1484,0.06282151815625665,0.1256430363125133,0.003946543143456884
1485,2,0,1485,0.0,0.0,0.0
1486,1,0,1486,0.06282151815625675,0.1256430363125135,0.003946543143456897
1487,0,0,1487,0.0628215181562563,0.1256430363125126,0.00394654314345684
1488,1,0,1488,3.885780586188048e-16,7.771561172376096e-16,1.509929076399593e-31
1489,0,0,1489,0.0,0.0,0.0
1490,0,0,1490,0.06282151815625643,0.12564303631251286,0.003946543143456856
1491,2,0,1491,0.06282151815625618,0.12564303631251236,0.003946543143456826
1492,0,0,1492,1.2412670766236366e-16,2.482534153247273e-16,1.5407439555097887e-32
1493,0,0,1493,0.0,0.0,0.0
1494,0,0,1494,1.1102230246251565e-16,2.220446049250313e-16,1.232595164407831e-32
1495,0,0,1495,0.0,0.0,0.0
1496,2,0,1496,0.0,0.0,0.0
1497,2,0,1497,2.0014830212433607e-16,4.0029660424867215e-16,4.0059342843254506e-32
1498,0,0,1498,1.1102230246251565e-16,2.220446049250313e-16,1.232595164407831e-32
1499,0,0,1499,0.06282151815625683,0.12564303631251367,0.003946543143456907
