,Layer,Qubit,Run,2-Norm,Trace Norm,Diamond Norm
0,2,0,0,0.00628317497175901,0.006479871007906812,3.947828772573883e-05
1,1,0,1,0.00628317497175918,0.012548053201192011,3.9478287725740955e-05
2,0,0,2,0.006283174971758795,0.004309431685928455,3.947828772573612e-05
3,0,0,3,0.006283174971758867,0.012371661868027073,3.947828772573703e-05
4,0,0,4,0.0,0.0,0.0
5,1,0,5,3.140184917367551e-16,4.440892098500626e-16,9.860761315262648e-32
6,2,0,6,0.006283174971759239,0.003120559558210223,3.9478287725741714e-05
7,2,0,7,0.0,0.0,0.0
8,1,0,8,0.0,0.0,0.0
9,2,0,9,0.0,0.0,0.0
10,0,0,10,2.482534153247273e-16,4.440892098500626e-16,6.162975822039155e-32
11,0,0,11,0.0,0.0,0.0
12,2,0,12,0.006283174971758638,0.00248880459793277,3.9478287725734145e-05
13,1,0,13,1.1102230246251565e-16,0.0,1.232595164407831e-32
14,0,0,14,0.006283174971759183,0.012491767662215825,3.947828772574101e-05
15,2,0,15,0.0,0.0,0.0
16,0,0,16,0.006283174971759114,0.007427270435336197,3.947828772574014e-05
17,0,0,17,0.006283174971758987,0.003047180082778045,3.947828772573854e-05
18,1,0,18,0.006283174971759198,0.012566001293992324,3.94782877257412e-05
19,0,0,19,0.006283174971758961,0.00036891309875874967,3.947828772573822e-05
20,0,0,20,2.482534153247273e-16,2.220446049250313e-16,6.162975822039155e-32
21,2,0,21,0.00628317497175919,0.011765779401455512,3.9478287725741104e-05
22,1,0,22,0.006283174971759131,0.01234067959457813,3.947828772574036e-05
23,2,0,23,0.006283174971759273,0.008619478516355805,3.9478287725742134e-05
24,2,0,24,0.006283174971759265,0.012062409023021692,3.947828772574203e-05
25,0,0,25,0.006283174971759174,0.012064995842019699,3.9478287725740894e-05
26,2,0,26,0.006283174971758787,0.011947387052564706,3.947828772573603e-05
27,0,0,27,0.006283174971758721,0.012325231495174505,3.947828772573521e-05
28,2,0,28,2.498001805406602e-16,0.0,6.240013019814644e-32
29,1,0,29,2.7755575615628914e-16,3.3306690738754696e-16,7.703719777548943e-32
30,2,0,30,0.006283174971759129,0.012373589719805955,3.947828772574033e-05
31,1,0,31,1.5700924586837754e-16,2.220446049250313e-16,2.465190328815662e-32
32,2,0,32,0.006283174971758712,0.0019075327466899772,3.947828772573509e-05
33,2,0,33,0.006283174971758648,0.010715806933467187,3.9478287725734294e-05
34,0,0,34,0.006283174971759231,0.008801715387480424,3.947828772574161e-05
35,0,0,35,0.0062831749717592806,0.011157288894852457,3.947828772574224e-05
36,0,0,36,0.006283174971759214,0.011778661942451363,3.947828772574138e-05
37,1,0,37,2.7755575615628914e-16,4.440892098500626e-16,7.703719777548943e-32
38,1,0,38,0.006283174971758921,0.010085294873994455,3.9478287725737716e-05
39,0,0,39,0.006283174971758895,0.01256033693627872,3.947828772573737e-05
40,0,0,40,0.006283174971759227,0.005592165072222155,3.947828772574155e-05
41,2,0,41,0.006283174971758809,0.0063166656791322495,3.947828772573631e-05
42,0,0,42,2.482534153247273e-16,2.220446049250313e-16,6.162975822039155e-32
43,0,0,43,2.7755575615628914e-16,4.440892098500626e-16,7.703719777548943e-32
44,2,0,44,0.006283174971759044,0.008610410539548363,3.947828772573926e-05
45,2,0,45,1.1102230246251565e-16,0.0,1.232595164407831e-32
46,1,0,46,0.006283174971759166,0.012353757758199746,3.9478287725740806e-05
47,2,0,47,0.0062831749717590065,0.0014761784353745089,3.947828772573879e-05
48,0,0,48,0.006283174971758934,0.011888849828102788,3.9478287725737865e-05
49,2,0,49,0.006283174971758929,0.0013461913311780815,3.9478287725737825e-05
50,1,0,50,0.0062831749717585485,0.0073111847996101265,3.947828772573303e-05
51,0,0,51,0.006283174971759119,0.009487976539660048,3.947828772574021e-05
52,2,0,52,1.5700924586837754e-16,2.220446049250313e-16,2.465190328815662e-32
53,1,0,53,5.551115123125783e-17,1.1102230246251565e-16,3.0814879110195774e-33
54,1,0,54,0.006283174971758789,0.005844708804756182,3.9478287725736056e-05
55,2,0,55,0.0,0.0,0.0
56,2,0,56,0.0,0.0,0.0
57,1,0,57,0.0,0.0,0.0
58,1,0,58,0.006283174971758748,0.011997174772382269,3.947828772573554e-05
59,0,0,59,2.482534153247273e-16,2.220446049250313e-16,6.162975822039155e-32
60,1,0,60,0.0,0.0,0.0
61,2,0,61,0.006283174971759017,0.012330183107108872,3.9478287725738916e-05
62,2,0,62,0.0,0.0,0.0
63,1,0,63,0.006283174971759014,0.011944100188161944,3.947828772573889e-05
64,2,0,64,0.006283174971759176,0.008082018613946307,3.9478287725740915e-05
65,2,0,65,0.006283174971759115,0.012392285120181534,3.9478287725740156e-05
66,2,0,66,0.006283174971759066,0.010997602711739995,3.947828772573952e-05
67,1,0,67,0.006283174971759017,0.006934089346191552,3.9478287725738916e-05
68,1,0,68,0.006283174971759065,0.005980461945796378,3.947828772573952e-05
69,0,0,69,0.006283174971758937,0.0030581693010274247,3.9478287725737926e-05
70,2,0,70,0.006283174971759151,0.0015410252697030113,3.9478287725740617e-05
71,1,0,71,0.006283174971759143,0.009409715216879277,3.94782877257405e-05
72,1,0,72,0.0,0.0,0.0
73,0,0,73,0.00628317497175873,0.012538556753391661,3.947828772573531e-05
74,2,0,74,0.006283174971759014,0.0077394949621514275,3.947828772573888e-05
75,0,0,75,2.482534153247273e-16,2.220446049250313e-16,6.162975822039155e-32
76,0,0,76,0.0,0.0,0.0
77,1,0,77,0.0,0.0,0.0
78,0,0,78,1.2412670766236366e-16,2.220446049250313e-16,1.5407439555097887e-32
79,2,0,79,0.00628317497175912,0.011057780370735903,3.9478287725740223e-05
80,0,0,80,0.006283174971758915,0.000804272981130838,3.947828772573764e-05
81,1,0,81,0.006283174971759114,0.010609856616075719,3.947828772574014e-05
82,0,0,82,0.0,0.0,0.0
83,0,0,83,0.0,0.0,0.0
84,0,0,84,0.006283174971758619,0.0037996229862857778,3.947828772573391e-05
85,1,0,85,1.1102230246251565e-16,0.0,1.232595164407831e-32
86,1,0,86,1.5700924586837754e-16,2.220446049250313e-16,2.465190328815662e-32
87,1,0,87,0.006283174971759259,0.0039025396387815103,3.947828772574197e-05
88,0,0,88,0.006283174971758686,0.01255139674776462,3.947828772573477e-05
89,0,0,89,0.006283174971759177,0.008556754374551279,3.947828772574093e-05
90,1,0,90,0.0,0.0,0.0
91,1,0,91,0.0,0.0,0.0
92,2,0,92,0.006283174971758986,0.00441500487168045,3.9478287725738516e-05
93,2,0,93,0.006283174971759163,3.232303321198948e-05,3.947828772574076e-05
94,2,0,94,2.7755575615628914e-16,4.440892098500626e-16,7.703719777548943e-32
95,0,0,95,0.0062831749717591765,0.010440484066021494,3.947828772574093e-05
96,2,0,96,0.0,0.0,0.0
97,2,0,97,2.2887833992611187e-16,1.1102230246251565e-16,5.238529448733282e-32
98,1,0,98,1.5700924586837754e-16,2.220446049250313e-16,2.465190328815662e-32
99,2,0,99,0.006283174971759171,0.001556559955122827,3.947828772574087e-05
100,0,0,100,1.2412670766236366e-16,2.220446049250313e-16,1.5407439555097887e-32
101,1,0,101,0.0,0.0,0.0
102,2,0,102,0.00628317497175872,0.0033753363365305322,3.9478287725735195e-05
103,2,0,103,1.1102230246251565e-16,0.0,1.232595164407831e-32
104,0,0,104,5.551115123125783e-17,1.1102230246251565e-16,3.0814879110195774e-33
105,0,0,105,1.1102230246251565e-16,0.0,1.232595164407831e-32
106,2,0,106,2.482534153247273e-16,2.220446049250313e-16,6.162975822039155e-32
107,0,0,107,0.0,0.0,0.0
108,0,0,108,0.00628317497175901,0.0023904777722818515,3.9478287725738834e-05
109,1,0,109,0.006283174971758788,0.006905366400874247,3.9478287725736036e-05
110,0,0,110,0.006283174971759209,0.009268328641576007,3.9478287725741294e-05
111,0,0,111,0.0,0.0,0.0
112,1,0,112,0.0,0.0,0.0
113,0,0,113,4.0029660424867215e-16,4.440892098500626e-16,1.6023737137301802e-31
114,1,0,114,1.3877787807814457e-16,0.0,1.9259299443872359e-32
115,1,0,115,0.0062831749717588,0.01162608223428907,3.947828772573619e-05
116,2,0,116,0.006283174971758809,0.0027947917287214352,3.9478287725736286e-05
117,1,0,117,0.006283174971758791,0.0010734420547091617,3.9478287725736076e-05
118,1,0,118,0.006283174971759245,0.007423865636597249,3.947828772574178e-05
119,1,0,119,0.006283174971758813,0.01086425324276874,3.9478287725736354e-05
120,2,0,120,0.006283174971758951,0.011085733348929594,3.947828772573809e-05
121,1,0,121,0.006283174971759345,0.006033683264042855,3.947828772574304e-05
122,2,0,122,0.006283174971758867,0.009188465223322506,3.947828772573704e-05
123,2,0,123,1.1102230246251565e-16,0.0,1.232595164407831e-32
124,1,0,124,2.482534153247273e-16,4.440892098500626e-16,6.162975822039155e-32
125,2,0,125,3.0531133177191805e-16,0.0,9.321500930834222e-32
126,2,0,126,0.006283174971758935,0.011843416699137022,3.947828772573789e-05
127,1,0,127,0.006283174971758772,0.0066859537011445536,3.9478287725735846e-05
128,0,0,128,2.482534153247273e-16,4.440892098500626e-16,6.162975822039155e-32
129,0,0,129,1.5700924586837754e-16,2.220446049250313e-16,2.465190328815662e-32
130,2,0,130,0.006283174971758994,0.012179121448686103,3.947828772573864e-05
131,0,0,131,0.006283174971759111,0.010021005075251832,3.9478287725740115e-05
132,1,0,132,0.006283174971759284,0.0009154837387983505,3.9478287725742283e-05
133,2,0,133,1.5700924586837754e-16,2.220446049250313e-16,2.465190328815662e-32
134,1,0,134,1.6653345369377348e-16,0.0,2.7733391199176196e-32
135,0,0,135,0.006283174971758961,0.0007411820761944465,3.9478287725738204e-05
136,1,0,136,0.006283174971758941,0.008029918581375917,3.9478287725737974e-05
137,1,0,137,2.7755575615628914e-16,3.3306690738754696e-16,7.703719777548943e-32
138,0,0,138,2.482534153247273e-16,2.220446049250313e-16,6.162975822039155e-32
139,0,0,139,0.0,0.0,0.0
140,0,0,140,1.6653345369377348e-16,3.3306690738754696e-16,2.7733391199176196e-32
141,0,0,141,0.0,0.0,0.0
142,1,0,142,0.006283174971758878,0.00937298837570344,3.9478287725737174e-05
143,2,0,143,0.006283174971758798,0.012227100865167206,3.947828772573618e-05
144,0,0,144,2.220446049250313e-16,0.0,4.930380657631324e-32
145,1,0,145,0.006283174971759188,0.011907819887039262,3.9478287725741064e-05
146,1,0,146,4.0029660424867215e-16,6.661338147750939e-16,1.6023737137301802e-31
147,1,0,147,1.5700924586837754e-16,2.220446049250313e-16,2.465190328815662e-32
148,2,0,148,0.006283174971759192,0.0027976473725186413,3.947828772574112e-05
149,1,0,149,0.0,0.0,0.0
150,0,0,150,0.006283174971758699,0.0034225240415772795,3.947828772573493e-05
151,0,0,151,0.006283174971759192,0.004638612307434231,3.9478287725741125e-05
152,2,0,152,2.7755575615628914e-16,4.440892098500626e-16,7.703719777548943e-32
153,2,0,153,1.2412670766236366e-16,1.1102230246251565e-16,1.5407439555097887e-32
154,1,0,154,2.7755575615628914e-16,4.440892098500626e-16,7.703719777548943e-32
155,1,0,155,0.006283174971758839,0.011742396974468217,3.9478287725736686e-05
156,1,0,156,0.006283174971759187,0.010532391788808049,3.947828772574105e-05
157,2,0,157,1.1102230246251565e-16,0.0,1.232595164407831e-32
158,2,0,158,1.2412670766236366e-16,2.220446049250313e-16,1.5407439555097887e-32
159,1,0,159,1.2412670766236366e-16,1.1102230246251565e-16,1.5407439555097887e-32
160,2,0,160,0.0062831749717589605,0.01092958936127908,3.9478287725738204e-05
161,2,0,161,0.00628317497175896,0.011654215628541298,3.9478287725738204e-05
162,2,0,162,0.006283174971759012,0.011105159065108117,3.9478287725738855e-05
163,2,0,163,0.0,0.0,0.0
164,2,0,164,0.00628317497175872,0.0029676950193775475,3.947828772573519e-05
165,0,0,165,0.006283174971758932,0.011187550145886238,3.947828772573786e-05
166,1,0,166,0.006283174971758847,0.010462225320255314,3.947828772573679e-05
167,2,0,167,2.482534153247273e-16,2.220446049250313e-16,6.162975822039155e-32
168,2,0,168,1.5700924586837754e-16,2.220446049250313e-16,2.465190328815662e-32
169,0,0,169,0.0,0.0,0.0
170,0,0,170,0.006283174971759246,0.00616327020846974,3.94782877257418e-05
171,2,0,171,0.0,0.0,0.0
172,1,0,172,0.00628317497175921,0.010880738591688699,3.947828772574135e-05
173,2,0,173,0.0,0.0,0.0
174,1,0,174,0.006283174971759032,0.006837468351295284,3.947828772573911e-05
175,1,0,175,2.7755575615628914e-16,4.440892098500626e-16,7.703719777548943e-32
176,0,0,176,0.00628317497175895,0.007827346150526049,3.947828772573807e-05
177,1,0,177,0.006283174971759088,0.003095550971790484,3.947828772573981e-05
178,0,0,178,0.006283174971759164,0.005177056822821102,3.9478287725740766e-05
179,0,0,179,0.0,0.0,0.0
180,0,0,180,0.006283174971759151,0.005741065156787073,3.947828772574061e-05
181,2,0,181,0.006283174971758953,0.012558554257409787,3.947828772573811e-05
182,0,0,182,1.5700924586837754e-16,2.220446049250313e-16,2.465190328815662e-32
183,0,0,183,0.0062831749717588955,0.012562097040022202,3.947828772573739e-05
184,2,0,184,0.006283174971758927,0.012258660808475874,3.947828772573778e-05
185,2,0,185,0.006283174971759199,0.012267261069159041,3.947828772574121e-05
186,1,0,186,0.006283174971758829,0.010881658617536427,3.9478287725736564e-05
187,2,0,187,0.0,0.0,0.0
188,1,0,188,0.006283174971759173,0.008908698124130199,3.9478287725740874e-05
189,2,0,189,0.006283174971759017,0.002796542930957324,3.947828772573892e-05
190,0,0,190,0.0,0.0,0.0
191,0,0,191,0.006283174971759159,0.011871474118952952,3.9478287725740705e-05
192,1,0,192,3.510833468576701e-16,2.220446049250313e-16,1.232595164407831e-31
193,0,0,193,0.0,0.0,0.0
194,1,0,194,0.0,0.0,0.0
195,1,0,195,0.0,0.0,0.0
196,0,0,196,0.0,0.0,0.0
197,2,0,197,0.0,0.0,0.0
198,1,0,198,0.0062831749717587575,0.0043455456700962625,3.947828772573566e-05
199,0,0,199,0.006283174971758685,0.006505211581050219,3.947828772573475e-05
200,2,0,200,2.482534153247273e-16,2.220446049250313e-16,6.162975822039155e-32
201,1,0,201,0.006283174971758848,0.006645548175057359,3.947828772573679e-05
202,2,0,202,0.006283174971759031,9.992809797143565e-05,3.94782877257391e-05
203,1,0,203,0.006283174971758997,0.011438956767632735,3.9478287725738665e-05
204,1,0,204,0.006283174971759259,0.002843596417646088,3.947828772574196e-05
205,2,0,205,0.006283174971759283,0.008941226402230162,3.947828772574226e-05
206,2,0,206,0.006283174971759025,0.0010252748268917422,3.947828772573901e-05
207,0,0,207,2.0014830212433607e-16,2.220446049250313e-16,4.0059342843254506e-32
208,2,0,208,0.00628317497175887,0.011927777187461186,3.947828772573708e-05
209,0,0,209,5.551115123125783e-17,1.1102230246251565e-16,3.0814879110195774e-33
210,0,0,210,0.006283174971759236,0.0023072244291020283,3.947828772574169e-05
211,2,0,211,0.0,0.0,0.0
212,1,0,212,0.0,0.0,0.0
213,1,0,213,0.0062831749717590975,0.003624070840135829,3.947828772573994e-05
214,2,0,214,2.7755575615628914e-17,5.551115123125783e-17,7.703719777548943e-34
215,1,0,215,0.0062831749717591695,0.011123531956711674,3.947828772574083e-05
216,2,0,216,0.0,0.0,0.0
217,1,0,217,2.482534153247273e-16,2.220446049250313e-16,6.162975822039155e-32
218,0,0,218,0.0062831749717590975,0.011427887855952279,3.947828772573993e-05
219,1,0,219,1.1102230246251565e-16,0.0,1.232595164407831e-32
220,1,0,220,0.0,0.0,0.0
221,2,0,221,0.006283174971759084,0.0006649930638318313,3.9478287725739756e-05
222,1,0,222,0.00628317497175903,0.00352802075329528,3.9478287725739085e-05
223,0,0,223,2.220446049250313e-16,4.440892098500626e-16,4.930380657631324e-32
224,2,0,224,0.0,0.0,0.0
225,0,0,225,0.0,0.0,0.0
226,2,0,226,0.006283174971759222,0.012565550958790805,3.94782877257415e-05
227,1,0,227,0.006283174971759291,0.01213721360882436,3.947828772574237e-05
228,2,0,228,0.0062831749717587124,0.01009329245594337,3.9478287725735094e-05
229,0,0,229,1.1102230246251565e-16,2.220446049250313e-16,1.232595164407831e-32
230,0,0,230,2.482534153247273e-16,2.220446049250313e-16,6.162975822039155e-32
231,1,0,231,0.006283174971759249,0.009877507430868793,3.9478287725741836e-05
232,2,0,232,1.5700924586837754e-16,2.220446049250313e-16,2.465190328815662e-32
233,0,0,233,2.7755575615628914e-16,5.551115123125783e-16,7.703719777548943e-32
234,0,0,234,0.006283174971758792,0.008039255728074624,3.947828772573609e-05
235,1,0,235,2.237726045655905e-16,3.885780586188048e-16,5.007417855406813e-32
236,0,0,236,0.006283174971758596,0.003392248035472445,3.9478287725733623e-05
237,1,0,237,0.006283174971759098,0.004598364110884434,3.9478287725739946e-05
238,0,0,238,0.006283174971758983,0.007080644250638368,3.947828772573849e-05
239,0,0,239,0.00628317497175904,0.011886093238493989,3.9478287725739214e-05
240,2,0,240,1.2412670766236366e-16,1.1102230246251565e-16,1.5407439555097887e-32
241,0,0,241,0.006283174971758739,0.012188595925363699,3.947828772573543e-05
242,1,0,242,0.006283174971759265,0.0059498007356204585,3.947828772574203e-05
243,1,0,243,1.2412670766236366e-16,2.220446049250313e-16,1.5407439555097887e-32
244,0,0,244,0.0,0.0,0.0
245,1,0,245,0.0,0.0,0.0
246,2,0,246,0.006283174971758966,0.012138724310049143,3.947828772573828e-05
247,1,0,247,0.006283174971758791,0.011407278192652193,3.947828772573608e-05
248,2,0,248,0.006283174971759238,0.011620598411328675,3.9478287725741694e-05
249,0,0,249,2.482534153247273e-16,4.440892098500626e-16,6.162975822039155e-32
250,2,0,250,2.7755575615628914e-16,3.3306690738754696e-16,7.703719777548943e-32
251,1,0,251,0.006283174971758809,0.012141587609879934,3.9478287725736314e-05
252,2,0,252,0.0,0.0,0.0
253,1,0,253,0.006283174971759047,0.005451749498482483,3.947828772573931e-05
254,1,0,254,0.006283174971759151,0.012559808239057946,3.947828772574061e-05
255,0,0,255,1.1102230246251565e-16,2.220446049250313e-16,1.232595164407831e-32
256,0,0,256,0.0,0.0,0.0
257,2,0,257,0.006283174971759071,0.01226982804661847,3.947828772573959e-05
258,0,0,258,2.2887833992611187e-16,4.440892098500626e-16,5.238529448733282e-32
259,2,0,259,0.0062831749717591565,0.010004089201925082,3.947828772574068e-05
260,0,0,260,0.0,0.0,0.0
261,0,0,261,2.220446049250313e-16,0.0,4.930380657631324e-32
262,0,0,262,0.006283174971758576,0.0027143633357318286,3.9478287725733386e-05
263,0,0,263,2.0014830212433607e-16,2.220446049250313e-16,4.0059342843254506e-32
264,2,0,264,0.006283174971758975,0.012532873354769603,3.947828772573839e-05
265,0,0,265,3.3306690738754696e-16,6.661338147750939e-16,1.1093356479670479e-31
266,1,0,266,0.006283174971759283,0.0018519613754317543,3.9478287725742256e-05
267,0,0,267,0.00628317497175882,0.005344746891630114,3.9478287725736436e-05
268,0,0,268,0.00628317497175921,0.012041380513865163,3.9478287725741355e-05
269,0,0,269,3.554447978966673e-16,4.440892098500626e-16,1.2634100435180267e-31
270,2,0,270,0.006283174971759152,0.011770396820574236,3.9478287725740617e-05
271,2,0,271,0.006283174971759225,0.0050675348254582975,3.947828772574153e-05
272,1,0,272,1.2412670766236366e-16,1.1102230246251565e-16,1.5407439555097887e-32
273,0,0,273,0.00628317497175914,0.012441494546137355,3.947828772574047e-05
274,2,0,274,1.1102230246251565e-16,0.0,1.232595164407831e-32
275,1,0,275,0.0,0.0,0.0
276,1,0,276,0.006283174971758778,0.007955164895071531,3.947828772573593e-05
277,1,0,277,1.2412670766236366e-16,2.220446049250313e-16,1.5407439555097887e-32
278,0,0,278,5.551115123125783e-17,1.1102230246251565e-16,3.0814879110195774e-33
279,1,0,279,0.0,0.0,0.0
280,0,0,280,2.7755575615628914e-16,4.440892098500626e-16,7.703719777548943e-32
281,2,0,281,2.2887833992611187e-16,1.1102230246251565e-16,5.238529448733282e-32
282,1,0,282,0.0062831749717593595,0.0004832307813256165,3.9478287725743225e-05
283,0,0,283,0.006283174971758938,0.011482750445729994,3.9478287725737926e-05
284,1,0,284,3.510833468576701e-16,2.220446049250313e-16,1.232595164407831e-31
285,1,0,285,0.0,0.0,0.0
286,0,0,286,1.1102230246251565e-16,2.220446049250313e-16,1.232595164407831e-32
287,2,0,287,4.0029660424867215e-16,6.661338147750939e-16,1.6023737137301802e-31
288,1,0,288,2.0014830212433607e-16,2.220446049250313e-16,4.0059342843254506e-32
289,0,0,289,0.0,0.0,0.0
290,2,0,290,0.006283174971759292,0.00656466751893614,3.947828772574235e-05
291,0,0,291,0.0,0.0,0.0
292,0,0,292,5.551115123125783e-17,1.1102230246251565e-16,3.0814879110195774e-33
293,1,0,293,0.0,0.0,0.0
294,2,0,294,2.9504581591051765e-16,3.885780586188048e-16,8.705203348630306e-32
295,0,0,295,0.0,0.0,0.0
296,1,0,296,0.006283174971759202,0.012566336191180194,3.947828772574124e-05
297,0,0,297,0.0062831749717588556,0.001980056641361694,3.947828772573688e-05
298,2,0,298,0.0,0.0,0.0
299,2,0,299,2.482534153247273e-16,2.220446049250313e-16,6.162975822039155e-32
300,2,0,300,0.0,0.0,0.0
301,2,0,301,0.0,0.0,0.0
302,1,0,302,1.1102230246251565e-16,0.0,1.232595164407831e-32
303,0,0,303,0.0062831749717591895,0.008820718574871211,3.947828772574109e-05
304,2,0,304,3.510833468576701e-16,2.220446049250313e-16,1.232595164407831e-31
305,0,0,305,0.006283174971758893,0.0024746913753379562,3.947828772573736e-05
306,2,0,306,0.0,0.0,0.0
307,2,0,307,0.006283174971759055,0.007498386771144894,3.9478287725739404e-05
308,1,0,308,0.0062831749717592485,0.0009683227591636978,3.947828772574182e-05
309,1,0,309,2.7755575615628914e-16,0.0,7.703719777548943e-32
310,1,0,310,0.00628317497175905,0.008436136390088667,3.9478287725739336e-05
311,2,0,311,2.220446049250313e-16,0.0,4.930380657631324e-32
312,0,0,312,0.006283174971759214,0.01253677905066286,3.947828772574139e-05
313,1,0,313,1.1102230246251565e-16,2.220446049250313e-16,1.232595164407831e-32
314,2,0,314,0.006283174971759207,0.007122251301545202,3.94782877257413e-05
315,0,0,315,1.1102230246251565e-16,2.220446049250313e-16,1.232595164407831e-32
316,0,0,316,0.006283174971758971,0.012565089054264789,3.947828772573833e-05
317,1,0,317,0.0,0.0,0.0
318,2,0,318,0.0,0.0,0.0
319,0,0,319,0.006283174971759052,0.011559562586256789,3.9478287725739356e-05
320,0,0,320,0.006283174971758904,0.003767452730466303,3.947828772573749e-05
321,2,0,321,4.0029660424867215e-16,6.661338147750939e-16,1.6023737137301802e-31
322,1,0,322,0.00628317497175906,0.005127641519302895,3.9478287725739465e-05
323,2,0,323,0.0,0.0,0.0
324,1,0,324,0.006283174971759056,0.010707991240558545,3.947828772573941e-05
325,0,0,325,0.006283174971758848,0.0017641862687187704,3.9478287725736795e-05
326,0,0,326,0.0,0.0,0.0
327,1,0,327,0.0,0.0,0.0
328,2,0,328,2.482534153247273e-16,2.220446049250313e-16,6.162975822039155e-32
329,0,0,329,0.0,0.0,0.0
330,1,0,330,1.1102230246251565e-16,2.220446049250313e-16,1.232595164407831e-32
331,2,0,331,0.0,0.0,0.0
332,0,0,332,0.0,0.0,0.0
333,0,0,333,0.0,0.0,0.0
334,1,0,334,0.006283174971758967,0.012112091832161553,3.947828772573829e-05
335,1,0,335,0.006283174971758668,0.003653113235354555,3.947828772573454e-05
336,2,0,336,0.0,0.0,0.0
337,1,0,337,2.220446049250313e-16,0.0,4.930380657631324e-32
338,2,0,338,0.006283174971758736,0.012501847864268806,3.947828772573539e-05
339,1,0,339,0.0,0.0,0.0
340,0,0,340,1.1102230246251565e-16,2.220446049250313e-16,1.232595164407831e-32
341,2,0,341,0.006283174971759147,0.011745342524520974,3.947828772574055e-05
342,0,0,342,1.5700924586837754e-16,2.220446049250313e-16,2.465190328815662e-32
343,2,0,343,3.140184917367551e-16,4.440892098500626e-16,9.860761315262648e-32
344,1,0,344,0.006283174971758914,0.010876954878109357,3.947828772573762e-05
345,0,0,345,0.006283174971759147,0.0032626536202109424,3.9478287725740556e-05
346,1,0,346,0.006283174971759148,0.011080940754761737,3.9478287725740556e-05
347,1,0,347,0.006283174971758995,0.0118674439004548,3.947828772573865e-05
348,0,0,348,0.006283174971758954,0.003003378360704856,3.947828772573814e-05
349,2,0,349,0.006283174971759219,0.01255118007778358,3.947828772574146e-05
350,1,0,350,0.006283174971759176,0.005585980500373511,3.9478287725740915e-05
351,1,0,351,0.006283174971758922,0.00826025805345787,3.947828772573773e-05
352,1,0,352,0.006283174971759037,0.012565550297650385,3.9478287725739166e-05
353,1,0,353,3.3306690738754696e-16,0.0,1.1093356479670479e-31
354,1,0,354,0.0,0.0,0.0
355,1,0,355,2.220446049250313e-16,0.0,4.930380657631324e-32
356,2,0,356,0.006283174971758782,0.010805082960151369,3.947828772573597e-05
357,0,0,357,0.006283174971758884,0.008862747546345418,3.9478287725737255e-05
358,2,0,358,0.006283174971759159,0.00882670541011743,3.9478287725740705e-05
359,1,0,359,0.006283174971759192,0.002330247732301949,3.947828772574112e-05
360,2,0,360,1.5700924586837754e-16,2.220446049250313e-16,2.465190328815662e-32
361,1,0,361,0.0062831749717591895,0.00910891415656856,3.947828772574109e-05
362,2,0,362,1.2412670766236366e-16,1.1102230246251565e-16,1.5407439555097887e-32
363,0,0,363,0.00628317497175915,0.0074046759088379766,3.947828772574059e-05
364,2,0,364,1.6653345369377348e-16,3.3306690738754696e-16,2.7733391199176196e-32
365,1,0,365,0.0062831749717588,0.01056207150057542,3.94782877257362e-05
366,1,0,366,0.0,0.0,0.0
367,1,0,367,1.1102230246251565e-16,2.220446049250313e-16,1.232595164407831e-32
368,1,0,368,0.006283174971758737,0.008209154728156642,3.94782877257354e-05
369,1,0,369,3.140184917367551e-16,4.440892098500626e-16,9.860761315262648e-32
370,0,0,370,0.006283174971759036,0.0007590252438853806,3.9478287725739166e-05
371,1,0,371,1.1102230246251565e-16,2.220446049250313e-16,1.232595164407831e-32
372,2,0,372,1.1102230246251565e-16,0.0,1.232595164407831e-32
373,0,0,373,2.220446049250313e-16,0.0,4.930380657631324e-32
374,0,0,374,0.006283174971759058,0.004307595048294699,3.947828772573944e-05
375,2,0,375,1.1102230246251565e-16,0.0,1.232595164407831e-32
376,1,0,376,0.006283174971759143,0.001636787453377364,3.9478287725740495e-05
377,0,0,377,0.0,0.0,0.0
378,2,0,378,2.0014830212433607e-16,3.3306690738754696e-16,4.0059342843254506e-32
379,2,0,379,0.006283174971758922,0.008504101901753103,3.9478287725737737e-05
380,1,0,380,2.482534153247273e-16,4.440892098500626e-16,6.162975822039155e-32
381,1,0,381,0.0,0.0,0.0
382,2,0,382,0.00628317497175913,0.012044810512243376,3.947828772574034e-05
383,1,0,383,0.006283174971758886,0.012280958550709431,3.9478287725737276e-05
384,1,0,384,5.551115123125783e-17,0.0,3.0814879110195774e-33
385,1,0,385,0.0,0.0,0.0
386,0,0,386,2.482534153247273e-16,4.440892098500626e-16,6.162975822039155e-32
387,0,0,387,0.006283174971758781,0.012555100064398972,3.9478287725735954e-05
388,0,0,388,0.0,0.0,0.0
389,0,0,389,0.006283174971758952,0.012258223769930465,3.947828772573811e-05
390,0,0,390,0.006283174971759127,0.01048226810215791,3.9478287725740305e-05
391,0,0,391,0.006283174971759264,0.009633373400610212,3.9478287725742026e-05
392,2,0,392,0.006283174971758858,0.006844432068682904,3.947828772573693e-05
393,1,0,393,0.0,0.0,0.0
394,2,0,394,0.006283174971758835,0.010409545844385582,3.947828772573663e-05
395,0,0,395,2.482534153247273e-16,4.440892098500626e-16,6.162975822039155e-32
396,0,0,396,0.006283174971759112,0.001533019066569219,3.9478287725740115e-05
397,1,0,397,0.006283174971759198,0.012564708699374538,3.94782877257412e-05
398,2,0,398,0.006283174971758974,0.006919761844674133,3.947828772573838e-05
399,1,0,399,2.8609792490763985e-16,5.273559366969494e-16,8.185202263645752e-32
400,2,0,400,0.0062831749717591825,0.012565907542735066,3.9478287725741e-05
401,0,0,401,2.220446049250313e-16,0.0,4.930380657631324e-32
402,2,0,402,0.0,0.0,0.0
403,2,0,403,0.0,0.0,0.0
404,0,0,404,0.0,0.0,0.0
405,2,0,405,2.0014830212433607e-16,3.3306690738754696e-16,4.0059342843254506e-32
406,0,0,406,0.006283174971759247,0.0016122526660715675,3.9478287725741796e-05
407,0,0,407,0.0,0.0,0.0
408,1,0,408,0.006283174971759247,0.008904314610021835,3.9478287725741816e-05
409,0,0,409,0.006283174971758971,0.007949329771497649,3.947828772573834e-05
410,2,0,410,0.0,0.0,0.0
411,2,0,411,0.0,0.0,0.0
412,2,0,412,0.00628317497175919,0.012455965202061436,3.94782877257411e-05
413,0,0,413,0.006283174971758981,0.004158517986063259,3.947828772573848e-05
414,1,0,414,0.006283174971759218,0.012523826089659407,3.947828772574145e-05
415,2,0,415,5.551115123125783e-17,1.1102230246251565e-16,3.0814879110195774e-33
416,1,0,416,0.006283174971758929,0.012152026095612722,3.947828772573782e-05
417,0,0,417,0.006283174971759028,0.009930718754058043,3.9478287725739065e-05
418,1,0,418,0.0062831749717592094,0.012471928440880409,3.947828772574134e-05
419,1,0,419,0.0062831749717592415,0.008604560508305825,3.947828772574174e-05
420,0,0,420,0.006283174971759119,0.006907834527633661,3.947828772574021e-05
421,0,0,421,1.5700924586837754e-16,2.220446049250313e-16,2.465190328815662e-32
422,2,0,422,0.0062831749717586595,0.00564435495801896,3.947828772573441e-05
423,1,0,423,5.551115123125783e-17,1.1102230246251565e-16,3.0814879110195774e-33
424,2,0,424,1.1102230246251565e-16,0.0,1.232595164407831e-32
425,1,0,425,0.0,0.0,0.0
426,2,0,426,0.0,0.0,0.0
427,0,0,427,1.1102230246251565e-16,2.220446049250313e-16,1.232595164407831e-32
428,0,0,428,2.237726045655905e-16,4.440892098500626e-16,5.007417855406813e-32
429,1,0,429,0.006283174971758983,0.006517400549938879,3.947828772573849e-05
430,1,0,430,0.006283174971759082,0.012274743219517437,3.9478287725739736e-05
431,1,0,431,0.0,0.0,0.0
432,1,0,432,0.006283174971759298,0.011202500039085517,3.9478287725742446e-05
433,0,0,433,0.006283174971758913,0.011158849453914987,3.947828772573761e-05
434,1,0,434,0.0062831749717591305,0.004908417800623566,3.947828772574036e-05
435,2,0,435,1.1102230246251565e-16,0.0,1.232595164407831e-32
436,1,0,436,0.006283174971758676,0.006512031425717657,3.947828772573464e-05
437,0,0,437,0.00628317497175897,0.012541937632936317,3.947828772573833e-05
438,1,0,438,0.006283174971759186,0.01245118073865481,3.947828772574104e-05
439,2,0,439,0.006283174971759218,0.012299627924937995,3.947828772574145e-05
440,1,0,440,0.006283174971758813,0.010360508066941776,3.947828772573636e-05
441,0,0,441,0.006283174971759007,0.010602232919854071,3.9478287725738814e-05
442,0,0,442,0.0062831749717591635,0.012090185425621458,3.947828772574076e-05
443,2,0,443,0.00628317497175914,0.01256508593291053,3.947828772574047e-05
444,1,0,444,0.0,0.0,0.0
445,0,0,445,0.0,0.0,0.0
446,2,0,446,8.326672684688674e-17,0.0,6.933347799794049e-33
447,2,0,447,2.0014830212433607e-16,2.220446049250313e-16,4.0059342843254506e-32
448,0,0,448,0.006283174971759025,0.002070667690436734,3.947828772573901e-05
449,1,0,449,0.006283174971758942,0.0064121661981157985,3.947828772573798e-05
450,1,0,450,0.0,0.0,0.0
451,0,0,451,0.006283174971758766,0.006458694176227464,3.9478287725735765e-05
452,0,0,452,0.00628317497175872,0.012550054768539876,3.947828772573519e-05
453,0,0,453,2.220446049250313e-16,4.440892098500626e-16,4.930380657631324e-32
454,1,0,454,0.006283174971758822,0.0011003085589551542,3.947828772573647e-05
455,1,0,455,1.3877787807814457e-16,1.6653345369377348e-16,1.9259299443872359e-32
456,2,0,456,2.9893669801409088e-16,5.551115123125783e-16,8.936314941956774e-32
457,1,0,457,0.0062831749717592,0.012378026496752403,3.9478287725741226e-05
458,1,0,458,0.0,0.0,0.0
459,1,0,459,0.0,0.0,0.0
460,0,0,460,0.0,0.0,0.0
461,2,0,461,1.1102230246251565e-16,0.0,1.232595164407831e-32
462,2,0,462,0.00628317497175914,0.003107483163635516,3.947828772574046e-05
463,0,0,463,0.0,0.0,0.0
464,2,0,464,1.5700924586837754e-16,2.220446049250313e-16,2.465190328815662e-32
465,1,0,465,1.2412670766236366e-16,1.1102230246251565e-16,1.5407439555097887e-32
466,2,0,466,0.006283174971758822,0.012256165585236012,3.947828772573647e-05
467,1,0,467,0.006283174971759149,0.01025071248605669,3.947828772574059e-05
468,2,0,468,0.0,0.0,0.0
469,2,0,469,0.006283174971758864,0.011307627698882383,3.9478287725737005e-05
470,0,0,470,0.0,0.0,0.0
471,2,0,471,0.0,0.0,0.0
472,1,0,472,0.006283174971758994,0.0034366890332300226,3.947828772573864e-05
473,2,0,473,0.0,0.0,0.0
474,1,0,474,0.006283174971759129,0.0069042634193041685,3.9478287725740325e-05
475,1,0,475,0.006283174971759093,0.002248497211987166,3.947828772573987e-05
476,2,0,476,0.0,0.0,0.0
477,1,0,477,0.0062831749717591635,0.012382228916180904,3.9478287725740766e-05
478,0,0,478,0.00628317497175908,0.012265801206657712,3.947828772573972e-05
479,0,0,479,0.006283174971759215,0.012446330967156027,3.94782877257414e-05
480,0,0,480,2.220446049250313e-16,4.440892098500626e-16,4.930380657631324e-32
481,1,0,481,0.006283174971759097,0.009811387603777533,3.9478287725739925e-05
482,0,0,482,0.0062831749717585875,0.010095371791438934,3.947828772573353e-05
483,0,0,483,0.0,0.0,0.0
484,2,0,484,0.006283174971759114,0.003941476228851437,3.947828772574014e-05
485,2,0,485,1.1102230246251565e-16,2.220446049250313e-16,1.232595164407831e-32
486,1,0,486,0.0,0.0,0.0
487,0,0,487,2.0014830212433607e-16,2.220446049250313e-16,4.0059342843254506e-32
488,1,0,488,0.006283174971758878,0.011512261689724967,3.947828772573718e-05
489,0,0,489,2.482534153247273e-16,2.220446049250313e-16,6.162975822039155e-32
490,2,0,490,0.006283174971758597,0.011707476894492475,3.9478287725733644e-05
491,0,0,491,0.006283174971759168,0.0061998600989157104,3.947828772574081e-05
492,1,0,492,0.0,0.0,0.0
493,0,0,493,0.006283174971758766,0.009419982410461714,3.947828772573577e-05
494,2,0,494,0.006283174971759154,0.009412675166916573,3.947828772574063e-05
495,1,0,495,2.9893669801409088e-16,5.551115123125783e-16,8.936314941956774e-32
496,0,0,496,0.006283174971759257,0.012194870275420544,3.947828772574194e-05
497,2,0,497,1.5700924586837754e-16,2.220446049250313e-16,2.465190328815662e-32
498,0,0,498,0.006283174971758901,0.00871662271418705,3.947828772573746e-05
499,2,0,499,5.551115123125783e-17,0.0,3.0814879110195774e-33
500,2,0,500,0.00628317497175919,0.009934938464528198,3.94782877257411e-05
501,0,0,501,0.006283174971759247,0.012564113423160994,3.94782877257418e-05
502,1,0,502,0.006283174971758751,0.012550370382657827,3.9478287725735575e-05
503,2,0,503,1.1102230246251565e-16,0.0,1.232595164407831e-32
504,1,0,504,0.00628317497175907,0.00510586576123595,3.9478287725739587e-05
505,0,0,505,0.006283174971759025,0.009108098038579815,3.947828772573902e-05
506,0,0,506,0.006283174971759099,0.010688094855643815,3.947828772573995e-05
507,1,0,507,2.220446049250313e-16,4.440892098500626e-16,4.930380657631324e-32
508,2,0,508,2.482534153247273e-16,4.440892098500626e-16,6.162975822039155e-32
509,2,0,509,1.5700924586837754e-16,2.220446049250313e-16,2.465190328815662e-32
510,1,0,510,2.7755575615628914e-17,0.0,7.703719777548943e-34
511,1,0,511,0.0,0.0,0.0
512,2,0,512,1.5700924586837754e-16,2.220446049250313e-16,2.465190328815662e-32
513,2,0,513,0.0062831749717592,0.0010099899991147243,3.947828772574122e-05
514,1,0,514,1.6653345369377348e-16,0.0,2.7733391199176196e-32
515,0,0,515,2.482534153247273e-16,4.440892098500626e-16,6.162975822039155e-32
516,0,0,516,0.0,0.0,0.0
517,0,0,517,0.0,0.0,0.0
518,0,0,518,0.006283174971758931,0.005846883903901201,3.947828772573784e-05
519,2,0,519,2.220446049250313e-16,4.440892098500626e-16,4.930380657631324e-32
520,2,0,520,1.5700924586837754e-16,2.220446049250313e-16,2.465190328815662e-32
521,0,0,521,0.0,0.0,0.0
522,2,0,522,0.00628317497175913,0.01231056024604088,3.947828772574034e-05
523,2,0,523,0.0,0.0,0.0
524,0,0,524,2.0014830212433607e-16,3.3306690738754696e-16,4.0059342843254506e-32
525,2,0,525,0.006283174971759099,0.0010026585386129216,3.947828772573995e-05
526,0,0,526,0.0062831749717590785,0.005390298271340743,3.9478287725739695e-05
527,1,0,527,0.00628317497175894,0.005030105727519718,3.947828772573794e-05
528,0,0,528,2.2887833992611187e-16,4.440892098500626e-16,5.238529448733282e-32
529,1,0,529,5.551115123125783e-17,0.0,3.0814879110195774e-33
530,0,0,530,0.0,0.0,0.0
531,1,0,531,1.2412670766236366e-16,2.220446049250313e-16,1.5407439555097887e-32
532,2,0,532,1.5700924586837754e-16,2.220446049250313e-16,2.465190328815662e-32
533,1,0,533,0.0,0.0,0.0
534,1,0,534,0.006283174971758733,0.009006203162684745,3.947828772573536e-05
535,2,0,535,0.006283174971759067,0.010178723941497436,3.947828772573955e-05
536,2,0,536,0.0062831749717590455,0.011426362926608813,3.947828772573928e-05
537,1,0,537,0.0,0.0,0.0
538,2,0,538,1.2412670766236366e-16,2.220446049250313e-16,1.5407439555097887e-32
539,0,0,539,2.220446049250313e-16,4.440892098500626e-16,4.930380657631324e-32
540,2,0,540,0.006283174971758811,0.01145474228856369,3.9478287725736334e-05
541,0,0,541,1.1102230246251565e-16,0.0,1.232595164407831e-32
542,1,0,542,0.006283174971759011,0.008419198554673768,3.9478287725738855e-05
543,2,0,543,0.006283174971759219,0.012524069604435528,3.947828772574145e-05
544,0,0,544,0.006283174971759219,0.00584426496444479,3.947828772574147e-05
545,0,0,545,0.006283174971758787,0.010678692609241702,3.9478287725736036e-05
546,2,0,546,0.0,0.0,0.0
547,1,0,547,0.006283174971758933,2.0834026618121726e-05,3.947828772573786e-05
548,1,0,548,0.006283174971758853,0.011785543965923462,3.9478287725736856e-05
549,2,0,549,0.006283174971759291,0.011897582415001828,3.9478287725742365e-05
550,0,0,550,0.006283174971758673,0.007803243776943081,3.94782877257346e-05
551,2,0,551,5.551115123125783e-17,1.1102230246251565e-16,3.0814879110195774e-33
552,1,0,552,0.0,0.0,0.0
553,1,0,553,0.006283174971758738,0.010377692943035255,3.947828772573541e-05
554,1,0,554,1.1102230246251565e-16,0.0,1.232595164407831e-32
555,0,0,555,0.006283174971759139,0.005849015837724014,3.9478287725740454e-05
556,1,0,556,0.006283174971759161,0.008795372494897258,3.947828772574074e-05
557,1,0,557,0.006283174971759101,0.0115196645716229,3.947828772573997e-05
558,1,0,558,0.006283174971759125,0.005986036301828923,3.947828772574028e-05
559,0,0,559,0.006283174971758982,0.012560456201082482,3.947828772573849e-05
560,1,0,560,0.0,0.0,0.0
561,1,0,561,2.7755575615628914e-16,4.440892098500626e-16,7.703719777548943e-32
562,0,0,562,2.220446049250313e-16,0.0,4.930380657631324e-32
563,1,0,563,0.006283174971759234,0.0038863874845318502,3.947828772574165e-05
564,0,0,564,0.0,0.0,0.0
565,2,0,565,0.0062831749717587185,0.005401205158775735,3.947828772573517e-05
566,1,0,566,0.0,0.0,0.0
567,0,0,567,2.7755575615628914e-16,5.551115123125783e-16,7.703719777548943e-32
568,2,0,568,2.7755575615628914e-16,3.3306690738754696e-16,7.703719777548943e-32
569,2,0,569,0.0062831749717591635,0.0031521038146500313,3.9478287725740766e-05
570,2,0,570,0.0,0.0,0.0
571,1,0,571,0.006283174971759126,0.010941844388445365,3.947828772574029e-05
572,1,0,572,0.0,0.0,0.0
573,0,0,573,0.006283174971758653,0.00340913845901869,3.947828772573435e-05
574,0,0,574,0.006283174971758979,0.011486184387825893,3.947828772573845e-05
575,0,0,575,2.0014830212433607e-16,2.220446049250313e-16,4.0059342843254506e-32
576,2,0,576,1.1102230246251565e-16,0.0,1.232595164407831e-32
577,0,0,577,0.006283174971759163,0.0005948216560298647,3.947828772574075e-05
578,2,0,578,0.006283174971758913,0.011922831874204953,3.947828772573761e-05
579,2,0,579,3.510833468576701e-16,6.661338147750939e-16,1.232595164407831e-31
580,2,0,580,0.0062831749717588824,0.012013491418632838,3.9478287725737235e-05
581,2,0,581,0.006283174971759168,0.011917190721192683,3.947828772574082e-05
582,0,0,582,1.1102230246251565e-16,0.0,1.232595164407831e-32
583,0,0,583,1.8041124150158794e-16,3.608224830031759e-16,3.2548216060144286e-32
584,2,0,584,0.006283174971759244,0.01109670909555216,3.9478287725741775e-05
585,1,0,585,1.6653345369377348e-16,0.0,2.7733391199176196e-32
586,2,0,586,0.006283174971758707,0.010438651955108513,3.947828772573502e-05
587,2,0,587,1.942890293094024e-16,0.0,3.774822690998982e-32
588,1,0,588,0.006283174971758797,0.012481813254748175,3.947828772573615e-05
589,0,0,589,5.551115123125783e-17,0.0,3.0814879110195774e-33
590,1,0,590,0.006283174971758633,0.00588368771227632,3.9478287725734084e-05
591,0,0,591,0.006283174971759115,0.0026141412728462043,3.947828772574016e-05
592,2,0,592,0.0,0.0,0.0
593,0,0,593,0.0062831749717592615,0.006375258894650182,3.947828772574199e-05
594,1,0,594,0.0,0.0,0.0
595,1,0,595,0.0062831749717592155,0.007618234852709405,3.9478287725741416e-05
596,2,0,596,0.006283174971758879,0.007320270078940316,3.947828772573719e-05
597,1,0,597,0.006283174971759129,0.012497349550224801,3.9478287725740325e-05
598,2,0,598,0.006283174971759156,0.002524347348129341,3.947828772574066e-05
599,1,0,599,0.006283174971759028,0.01197743124857742,3.947828772573906e-05
600,0,0,600,0.0,0.0,0.0
601,2,0,601,0.0,0.0,0.0
602,2,0,602,3.554447978966673e-16,5.551115123125783e-16,1.2634100435180267e-31
603,1,0,603,0.006283174971758791,0.0060782028923886955,3.947828772573609e-05
604,2,0,604,0.006283174971759186,0.007397191265000158,3.947828772574105e-05
605,0,0,605,0.006283174971758752,0.0013212252614744902,3.947828772573558e-05
606,1,0,606,0.006283174971758616,0.009000173892169228,3.947828772573389e-05
607,1,0,607,1.5700924586837754e-16,2.220446049250313e-16,2.465190328815662e-32
608,1,0,608,0.0,0.0,0.0
609,0,0,609,0.006283174971758873,0.001871235399108162,3.947828772573711e-05
610,0,0,610,5.551115123125783e-17,0.0,3.0814879110195774e-33
611,1,0,611,1.1102230246251565e-16,2.220446049250313e-16,1.232595164407831e-32
612,2,0,612,0.006283174971758877,0.012450169474059303,3.9478287725737154e-05
613,1,0,613,0.006283174971758573,0.002217111085304868,3.947828772573334e-05
614,0,0,614,0.0,0.0,0.0
615,2,0,615,2.482534153247273e-16,2.220446049250313e-16,6.162975822039155e-32
616,0,0,616,2.482534153247273e-16,4.440892098500626e-16,6.162975822039155e-32
617,1,0,617,0.006283174971758963,0.008087735445465816,3.9478287725738245e-05
618,2,0,618,0.006283174971759203,0.005311334440341708,3.947828772574127e-05
619,2,0,619,0.0,0.0,0.0
620,0,0,620,0.006283174971758732,0.009128093150266192,3.9478287725735345e-05
621,1,0,621,0.0,0.0,0.0
622,2,0,622,0.006283174971758869,0.01128038072648474,3.947828772573707e-05
623,0,0,623,0.006283174971759142,0.012495169557091734,3.947828772574049e-05
624,2,0,624,1.22614398128331e-16,2.220446049250313e-16,1.503429062837286e-32
625,0,0,625,1.1102230246251565e-16,0.0,1.232595164407831e-32
626,2,0,626,0.006283174971758981,0.0019592031028188295,3.9478287725738475e-05
627,2,0,627,0.0,0.0,0.0
628,1,0,628,0.0,0.0,0.0
629,2,0,629,2.482534153247273e-16,2.220446049250313e-16,6.162975822039155e-32
630,2,0,630,0.0062831749717589,0.007834690866691307,3.9478287725737445e-05
631,1,0,631,5.551115123125783e-17,0.0,3.0814879110195774e-33
632,0,0,632,2.0014830212433607e-16,2.220446049250313e-16,4.0059342843254506e-32
633,1,0,633,0.006283174971759255,0.012373989973296307,3.9478287725741924e-05
634,0,0,634,1.2412670766236366e-16,2.220446049250313e-16,1.5407439555097887e-32
635,0,0,635,2.498001805406602e-16,4.996003610813204e-16,6.240013019814644e-32
636,0,0,636,2.220446049250313e-16,0.0,4.930380657631324e-32
637,0,0,637,0.0062831749717591695,0.002503387336065366,3.947828772574084e-05
638,0,0,638,0.006283174971758931,0.005346126542592922,3.947828772573784e-05
639,0,0,639,0.006283174971758941,0.010350436102435356,3.9478287725737974e-05
640,2,0,640,0.0,0.0,0.0
641,2,0,641,0.0,0.0,0.0
642,0,0,642,0.006283174971758752,0.012430608737030668,3.947828772573559e-05
643,2,0,643,1.1123893155135927e-16,2.220446049250313e-16,1.237409989268799e-32
644,2,0,644,0.006283174971759206,0.012507638439822166,3.947828772574129e-05
645,0,0,645,0.006283174971758687,0.009680278608967585,3.947828772573478e-05
646,2,0,646,0.0,0.0,0.0
647,1,0,647,0.006283174971759016,0.009647084375381976,3.947828772573891e-05
648,0,0,648,0.006283174971758855,0.008973470033362574,3.947828772573689e-05
649,1,0,649,0.006283174971758978,0.01256217625759426,3.947828772573843e-05
650,1,0,650,0.0062831749717586404,0.012359949074899235,3.9478287725734186e-05
651,2,0,651,2.0014830212433607e-16,2.220446049250313e-16,4.0059342843254506e-32
652,2,0,652,2.220446049250313e-16,0.0,4.930380657631324e-32
653,1,0,653,0.006283174971759068,0.010630637442896163,3.947828772573956e-05
654,1,0,654,0.0,0.0,0.0
655,1,0,655,1.1102230246251565e-16,2.220446049250313e-16,1.232595164407831e-32
656,0,0,656,1.2412670766236366e-16,1.1102230246251565e-16,1.5407439555097887e-32
657,0,0,657,0.0,0.0,0.0
658,0,0,658,1.1102230246251565e-16,0.0,1.232595164407831e-32
659,1,0,659,0.006283174971759354,0.007458110276015617,3.947828772574315e-05
660,2,0,660,0.006283174971759167,0.012565475450025065,3.9478287725740806e-05
661,1,0,661,0.0,0.0,0.0
662,0,0,662,0.0,0.0,0.0
663,1,0,663,0.0,0.0,0.0
664,2,0,664,0.0062831749717590715,0.007126962129554437,3.947828772573961e-05
665,1,0,665,0.006283174971758645,0.0017179216272713571,3.947828772573425e-05
666,1,0,666,2.482534153247273e-16,2.220446049250313e-16,6.162975822039155e-32
667,0,0,667,0.006283174971759209,0.004516167928580561,3.9478287725741335e-05
668,1,0,668,2.482534153247273e-16,4.440892098500626e-16,6.162975822039155e-32
669,0,0,669,0.0062831749717591895,0.00512246782304393,3.947828772574108e-05
670,1,0,670,0.0,0.0,0.0
671,0,0,671,3.140184917367551e-16,4.440892098500626e-16,9.860761315262648e-32
672,1,0,672,3.510833468576701e-16,2.220446049250313e-16,1.232595164407831e-31
673,2,0,673,1.6653345369377348e-16,0.0,2.7733391199176196e-32
674,0,0,674,4.0029660424867215e-16,6.661338147750939e-16,1.6023737137301802e-31
675,0,0,675,1.1102230246251565e-16,2.220446049250313e-16,1.232595164407831e-32
676,2,0,676,2.220446049250313e-16,0.0,4.930380657631324e-32
677,1,0,677,0.006283174971759067,0.011652441176236428,3.947828772573956e-05
678,2,0,678,0.0062831749717592155,0.003778306402979714,3.9478287725741416e-05
679,1,0,679,0.0,0.0,0.0
680,1,0,680,0.00628317497175907,0.012565521634454235,3.9478287725739587e-05
681,0,0,681,0.006283174971758735,0.001550404356029489,3.9478287725735385e-05
682,1,0,682,0.0,0.0,0.0
683,2,0,683,0.006283174971758737,0.0006992833220709205,3.94782877257354e-05
684,0,0,684,0.0,0.0,0.0
685,2,0,685,0.006283174971759161,0.008420156289215441,3.9478287725740725e-05
686,0,0,686,0.006283174971759135,0.011217093447510096,3.9478287725740406e-05
687,0,0,687,1.5700924586837754e-16,2.220446049250313e-16,2.465190328815662e-32
688,0,0,688,0.0062831749717587445,0.009717544756353336,3.94782877257355e-05
689,0,0,689,1.5700924586837754e-16,2.220446049250313e-16,2.465190328815662e-32
690,0,0,690,0.0,0.0,0.0
691,2,0,691,0.006283174971759191,0.006916065645227176,3.947828772574112e-05
692,0,0,692,2.0014830212433607e-16,2.220446049250313e-16,4.0059342843254506e-32
693,1,0,693,1.6653345369377348e-16,3.3306690738754696e-16,2.7733391199176196e-32
694,2,0,694,0.0,0.0,0.0
695,2,0,695,0.0,0.0,0.0
696,2,0,696,1.1102230246251565e-16,2.220446049250313e-16,1.232595164407831e-32
697,0,0,697,0.006283174971759175,0.011924340187348892,3.94782877257409e-05
698,2,0,698,3.510833468576701e-16,2.220446049250313e-16,1.232595164407831e-31
699,2,0,699,0.0,0.0,0.0
700,1,0,700,0.0,0.0,0.0
701,2,0,701,0.006283174971758901,0.002699362384727788,3.947828772573744e-05
702,2,0,702,0.006283174971758926,0.008844599074794512,3.947828772573777e-05
703,2,0,703,0.006283174971758813,0.007550023175371345,3.947828772573636e-05
704,2,0,704,0.006283174971759259,0.010083964643071708,3.9478287725741965e-05
705,1,0,705,0.006283174971758891,0.012068209787271078,3.947828772573735e-05
706,1,0,706,0.006283174971759314,0.004167397297352382,3.947828772574265e-05
707,2,0,707,0.006283174971758899,0.003300501393831201,3.947828772573744e-05
708,1,0,708,0.006283174971758883,0.011556643676172373,3.947828772573723e-05
709,0,0,709,0.0,0.0,0.0
710,2,0,710,1.1102230246251565e-16,2.220446049250313e-16,1.232595164407831e-32
711,1,0,711,2.7755575615628914e-16,5.551115123125783e-16,7.703719777548943e-32
712,2,0,712,0.00628317497175903,0.008054734319601131,3.9478287725739085e-05
713,1,0,713,5.551115123125783e-17,1.1102230246251565e-16,3.0814879110195774e-33
714,1,0,714,0.006283174971758992,0.000550951675604372,3.9478287725738604e-05
715,1,0,715,0.006283174971758982,0.009457968188151478,3.947828772573849e-05
716,1,0,716,0.006283174971758954,0.0063367075520810445,3.947828772573812e-05
717,1,0,717,0.0,0.0,0.0
718,2,0,718,0.006283174971758723,0.006958939120496721,3.947828772573523e-05
719,1,0,719,0.006283174971758924,0.011869302618615851,3.947828772573775e-05
720,2,0,720,0.0,0.0,0.0
721,2,0,721,3.3306690738754696e-16,6.661338147750939e-16,1.1093356479670479e-31
722,2,0,722,2.482534153247273e-16,2.220446049250313e-16,6.162975822039155e-32
723,2,0,723,0.006283174971758995,0.010095088049796752,3.9478287725738645e-05
724,0,0,724,5.551115123125783e-17,0.0,3.0814879110195774e-33
725,0,0,725,5.551115123125783e-16,6.661338147750939e-16,3.0814879110195774e-31
726,2,0,726,1.1102230246251565e-16,0.0,1.232595164407831e-32
727,2,0,727,0.006283174971759057,0.011198001500839383,3.947828772573942e-05
728,1,0,728,2.482534153247273e-16,4.440892098500626e-16,6.162975822039155e-32
729,1,0,729,2.7336071744532853e-16,4.996003610813204e-16,7.472608184222475e-32
730,1,0,730,0.0062831749717587775,0.008143187016999898,3.94782877257359e-05
731,2,0,731,0.006283174971759121,0.008946207070968715,3.9478287725740223e-05
732,0,0,732,0.006283174971759025,0.012020871684768064,3.947828772573902e-05
733,1,0,733,0.0,0.0,0.0
734,1,0,734,1.5700924586837754e-16,2.220446049250313e-16,2.465190328815662e-32
735,2,0,735,0.006283174971759232,0.01170059192418027,3.9478287725741626e-05
736,1,0,736,2.220446049250313e-16,0.0,4.930380657631324e-32
737,2,0,737,0.0,0.0,0.0
738,2,0,738,0.0,0.0,0.0
739,1,0,739,0.006283174971758914,0.003502824454731268,3.9478287725737615e-05
740,2,0,740,0.006283174971758867,0.009584634102180356,3.9478287725737025e-05
741,1,0,741,0.006283174971759166,0.006027804701788542,3.947828772574079e-05
742,0,0,742,0.006283174971759262,0.007756383436333891,3.947828772574201e-05
743,1,0,743,0.0,0.0,0.0
744,1,0,744,0.00628317497175886,0.006810126081824075,3.9478287725736944e-05
745,0,0,745,0.006283174971759143,0.005248341945256696,3.947828772574051e-05
746,2,0,746,0.0062831749717586136,0.0037946749545101355,3.947828772573385e-05
747,1,0,747,0.0,0.0,0.0
748,0,0,748,1.1102230246251565e-16,0.0,1.232595164407831e-32
749,1,0,749,0.006283174971758953,0.011447570242479665,3.947828772573812e-05
750,0,0,750,0.0,0.0,0.0
751,2,0,751,0.0,0.0,0.0
752,0,0,752,0.0062831749717591244,0.006876558479166572,3.947828772574027e-05
753,2,0,753,2.7755575615628914e-17,0.0,7.703719777548943e-34
754,2,0,754,3.400058012914542e-16,6.800116025829084e-16,1.1560394491184383e-31
755,1,0,755,0.0062831749717591635,0.011819723248260194,3.9478287725740766e-05
756,1,0,756,0.0,0.0,0.0
757,1,0,757,0.006283174971758778,0.009571028776935497,3.9478287725735914e-05
758,1,0,758,0.00628317497175915,0.0034837785716208547,3.947828772574059e-05
759,1,0,759,0.006283174971759002,0.004101729334180293,3.947828772573873e-05
760,1,0,760,0.0,0.0,0.0
761,2,0,761,0.006283174971759175,0.0076330161885878045,3.94782877257409e-05
762,1,0,762,0.0,0.0,0.0
763,1,0,763,0.006283174971759011,0.010799164070253164,3.947828772573884e-05
764,2,0,764,0.006283174971759153,0.010208614420983642,3.947828772574061e-05
765,2,0,765,0.006283174971759202,0.010525616424506223,3.947828772574125e-05
766,2,0,766,2.482534153247273e-16,4.440892098500626e-16,6.162975822039155e-32
767,1,0,767,0.006283174971759155,0.008720522798880248,3.947828772574065e-05
768,1,0,768,0.0,0.0,0.0
769,0,0,769,2.482534153247273e-16,4.440892098500626e-16,6.162975822039155e-32
770,0,0,770,5.551115123125783e-17,1.1102230246251565e-16,3.0814879110195774e-33
771,2,0,771,1.1102230246251565e-16,2.220446049250313e-16,1.232595164407831e-32
772,1,0,772,1.1102230246251565e-16,2.220446049250313e-16,1.232595164407831e-32
773,2,0,773,0.006283174971759227,0.010238671129776167,3.947828772574156e-05
774,0,0,774,0.006283174971758865,0.0076734478214248725,3.947828772573701e-05
775,0,0,775,0.006283174971759032,0.010122636926266804,3.9478287725739105e-05
776,0,0,776,0.006283174971759108,0.010120995913569075,3.947828772574006e-05
777,2,0,777,2.618455766672135e-16,2.7755575615628914e-16,6.85631060201856e-32
778,0,0,778,0.006283174971759087,0.0066830300412392685,3.94782877257398e-05
779,1,0,779,0.0,0.0,0.0
780,0,0,780,2.7755575615628914e-16,3.3306690738754696e-16,7.703719777548943e-32
781,2,0,781,1.1102230246251565e-16,0.0,1.232595164407831e-32
782,1,0,782,0.0,0.0,0.0
783,2,0,783,0.006283174971759091,0.01070013259392999,3.9478287725739844e-05
784,1,0,784,3.554447978966673e-16,4.440892098500626e-16,1.2634100435180267e-31
785,2,0,785,0.006283174971758915,0.00046088513172204415,3.9478287725737635e-05
786,1,0,786,3.510833468576701e-16,2.220446049250313e-16,1.232595164407831e-31
787,1,0,787,0.006283174971758914,0.012047492067478238,3.947828772573762e-05
788,0,0,788,0.0062831749717591505,0.0010264262890928855,3.94782877257406e-05
789,2,0,789,0.006283174971759066,0.006139737131205969,3.947828772573953e-05
790,1,0,790,0.006283174971758947,0.012056012670533578,3.947828772573804e-05
791,1,0,791,1.1102230246251565e-16,2.220446049250313e-16,1.232595164407831e-32
792,0,0,792,2.7755575615628914e-16,0.0,7.703719777548943e-32
793,0,0,793,1.2412670766236366e-16,1.1102230246251565e-16,1.5407439555097887e-32
794,2,0,794,0.006283174971758952,0.010366601597293412,3.94782877257381e-05
795,1,0,795,0.0062831749717591244,0.01080752660040707,3.947828772574027e-05
796,1,0,796,0.006283174971759159,0.003754794760544522,3.947828772574067e-05
797,1,0,797,0.0,0.0,0.0
798,0,0,798,0.006283174971759056,0.007988083536734747,3.947828772573941e-05
799,1,0,799,0.006283174971758663,0.012565797645670784,3.947828772573448e-05
800,2,0,800,0.0,0.0,0.0
801,2,0,801,0.0,0.0,0.0
802,1,0,802,0.006283174971758652,0.01204141499402045,3.947828772573434e-05
803,2,0,803,0.006283174971759007,0.003179190195136572,3.9478287725738794e-05
804,1,0,804,0.006283174971759201,0.012537600273139105,3.9478287725741226e-05
805,2,0,805,0.0062831749717591825,0.0007293184094310234,3.947828772574099e-05
806,0,0,806,0.0062831749717589865,0.007610977575445821,3.947828772573854e-05
807,0,0,807,0.006283174971759226,0.0014750918600063834,3.9478287725741545e-05
808,2,0,808,3.510833468576701e-16,6.661338147750939e-16,1.232595164407831e-31
809,0,0,809,0.0062831749717589536,0.012543209392712251,3.947828772573813e-05
810,1,0,810,0.0,0.0,0.0
811,0,0,811,0.006283174971759271,0.008250244271255758,3.947828772574211e-05
812,2,0,812,0.0,0.0,0.0
813,1,0,813,0.006283174971759099,0.011196821887008546,3.947828772573996e-05
814,2,0,814,0.0,0.0,0.0
815,0,0,815,2.9893669801409088e-16,2.220446049250313e-16,8.936314941956774e-32
816,2,0,816,0.006283174971758973,0.010447552893467549,3.947828772573836e-05
817,2,0,817,0.0,0.0,0.0
818,2,0,818,0.006283174971759188,0.00654574779661421,3.9478287725741064e-05
819,2,0,819,0.006283174971758803,0.0060505409157376455,3.94782877257362e-05
820,1,0,820,0.006283174971758957,0.0019162891502086943,3.947828772573817e-05
821,1,0,821,0.006283174971758676,0.008597491724534834,3.9478287725734626e-05
822,0,0,822,1.1102230246251565e-16,0.0,1.232595164407831e-32
823,1,0,823,0.0062831749717590524,0.0014744970299138682,3.947828772573937e-05
824,2,0,824,0.006283174971758671,0.008755527340011948,3.947828772573457e-05
825,0,0,825,2.423651445728339e-16,1.942890293094024e-16,5.874086330381069e-32
826,1,0,826,0.006283174971759257,0.002429298329605478,3.947828772574194e-05
827,2,0,827,0.006283174971758606,0.01255763546413613,3.947828772573375e-05
828,0,0,828,0.006283174971759103,0.007870036436895322,3.947828772573999e-05
829,2,0,829,0.0,0.0,0.0
830,0,0,830,2.0014830212433607e-16,2.220446049250313e-16,4.0059342843254506e-32
831,0,0,831,0.006283174971759129,0.007901313657234788,3.9478287725740325e-05
832,2,0,832,2.7336071744532853e-16,4.996003610813204e-16,7.472608184222475e-32
833,0,0,833,2.9893669801409088e-16,5.551115123125783e-16,8.936314941956774e-32
834,0,0,834,2.482534153247273e-16,2.220446049250313e-16,6.162975822039155e-32
835,1,0,835,0.0,0.0,0.0
836,0,0,836,0.0,0.0,0.0
837,2,0,837,0.006283174971758643,0.011108858498366958,3.947828772573422e-05
838,0,0,838,1.5700924586837754e-16,2.220446049250313e-16,2.465190328815662e-32
839,1,0,839,2.482534153247273e-16,2.220446049250313e-16,6.162975822039155e-32
840,0,0,840,3.510833468576701e-16,6.661338147750939e-16,1.232595164407831e-31
841,2,0,841,2.220446049250313e-16,0.0,4.930380657631324e-32
842,1,0,842,0.0,0.0,0.0
843,0,0,843,0.0,0.0,0.0
844,0,0,844,0.006283174971758979,0.01252725461982207,3.947828772573844e-05
845,2,0,845,0.006283174971759006,0.00689980841697313,3.947828772573879e-05
846,2,0,846,0.0062831749717586404,0.01061100005262694,3.947828772573419e-05
847,1,0,847,0.0,0.0,0.0
848,0,0,848,0.006283174971759251,0.004478956628860331,3.947828772574187e-05
849,0,0,849,0.006283174971759013,0.011077703093537838,3.947828772573887e-05
850,0,0,850,1.1102230246251565e-16,0.0,1.232595164407831e-32
851,1,0,851,0.006283174971758608,0.012409950301050854,3.9478287725733786e-05
852,2,0,852,1.1443916996305594e-16,2.220446049250313e-16,1.3096323621833204e-32
853,2,0,853,0.006283174971758928,0.008030205028875415,3.947828772573781e-05
854,0,0,854,1.2412670766236366e-16,2.220446049250313e-16,1.5407439555097887e-32
855,0,0,855,0.006283174971758795,0.010983027872064177,3.9478287725736124e-05
856,2,0,856,0.0,0.0,0.0
857,2,0,857,2.482534153247273e-16,4.440892098500626e-16,6.162975822039155e-32
858,2,0,858,0.006283174971759339,0.010550996813100566,3.947828772574297e-05
859,1,0,859,0.0,0.0,0.0
860,2,0,860,2.482534153247273e-16,4.440892098500626e-16,6.162975822039155e-32
861,0,0,861,0.0,0.0,0.0
862,0,0,862,0.006283174971759117,0.0045680456552301685,3.9478287725740176e-05
863,0,0,863,0.0062831749717589145,0.012197895467453534,3.9478287725737635e-05
864,2,0,864,0.0,0.0,0.0
865,2,0,865,2.0014830212433607e-16,2.220446049250313e-16,4.0059342843254506e-32
866,0,0,866,0.0062831749717591374,0.00404086621043831,3.947828772574043e-05
867,0,0,867,0.0,0.0,0.0
868,2,0,868,2.220446049250313e-16,4.440892098500626e-16,4.930380657631324e-32
869,1,0,869,0.0,0.0,0.0
870,1,0,870,0.006283174971758941,0.012265243597906483,3.9478287725737974e-05
871,0,0,871,0.006283174971758928,0.008352881636608522,3.947828772573781e-05
872,1,0,872,0.0062831749717591825,0.0038240065437471493,3.9478287725741e-05
873,1,0,873,0.0,0.0,0.0
874,0,0,874,5.551115123125783e-17,1.1102230246251565e-16,3.0814879110195774e-33
875,2,0,875,0.006283174971759166,0.002268464582929175,3.947828772574079e-05
876,2,0,876,0.0,0.0,0.0
877,2,0,877,0.0,0.0,0.0
878,0,0,878,0.0,0.0,0.0
879,1,0,879,0.0,0.0,0.0
880,0,0,880,3.140184917367551e-16,4.440892098500626e-16,9.860761315262648e-32
881,0,0,881,0.006283174971758941,0.0034984370618573735,3.9478287725737974e-05
882,2,0,882,0.006283174971758772,0.012302856114684513,3.9478287725735846e-05
883,0,0,883,0.0062831749717589145,0.012457972801783845,3.9478287725737635e-05
884,1,0,884,0.006283174971758899,0.005083055766585076,3.947828772573744e-05
885,1,0,885,0.006283174971759202,0.0036220927915746604,3.947828772574123e-05
886,0,0,886,2.482534153247273e-16,4.440892098500626e-16,6.162975822039155e-32
887,1,0,887,0.0062831749717588425,0.00972936654932477,3.9478287725736734e-05
888,1,0,888,0.00628317497175921,0.0024452587696188743,3.947828772574135e-05
889,0,0,889,0.0,0.0,0.0
890,1,0,890,4.0029660424867215e-16,6.661338147750939e-16,1.6023737137301802e-31
891,0,0,891,0.006283174971758925,0.010718382836911733,3.947828772573777e-05
892,0,0,892,1.1102230246251565e-16,0.0,1.232595164407831e-32
893,2,0,893,0.006283174971759188,0.012264731511472893,3.9478287725741064e-05
894,0,0,894,0.006283174971758661,1.8264913354881784e-05,3.947828772573444e-05
895,2,0,895,0.0062831749717587445,0.01089766045030438,3.94782877257355e-05
896,2,0,896,0.0062831749717587974,0.012048483267616872,3.947828772573616e-05
897,0,0,897,0.006283174971759091,0.011433211764833473,3.947828772573985e-05
898,2,0,898,0.00628317497175886,0.0010880083750137715,3.9478287725736944e-05
899,0,0,899,0.006283174971759236,0.012257649670650683,3.9478287725741674e-05
900,1,0,900,0.006283174971758726,0.00582429279312735,3.947828772573526e-05
901,1,0,901,0.006283174971758695,0.0013868345855787556,3.947828772573484e-05
902,2,0,902,0.006283174971758956,0.000868660795944276,3.947828772573816e-05
903,2,0,903,0.0062831749717591765,0.012147115889777349,3.947828772574093e-05
904,2,0,904,0.0,0.0,0.0
905,2,0,905,0.006283174971759052,0.012445539374632886,3.9478287725739356e-05
906,1,0,906,0.006283174971759078,0.010503637975096458,3.947828772573968e-05
907,0,0,907,2.7755575615628914e-16,3.3306690738754696e-16,7.703719777548943e-32
908,2,0,908,0.0,0.0,0.0
909,1,0,909,0.006283174971759178,0.004563945795382773,3.947828772574094e-05
910,0,0,910,0.0,0.0,0.0
911,2,0,911,0.006283174971759225,0.012564427117096932,3.9478287725741545e-05
912,2,0,912,0.0062831749717590455,0.011572272679369,3.947828772573929e-05
913,0,0,913,2.220446049250313e-16,4.440892098500626e-16,4.930380657631324e-32
914,0,0,914,0.006283174971759235,0.001112065769315107,3.947828772574166e-05
915,0,0,915,2.9893669801409088e-16,2.220446049250313e-16,8.936314941956774e-32
916,1,0,916,1.1102230246251565e-16,0.0,1.232595164407831e-32
917,1,0,917,0.006283174971759219,0.01250592151082175,3.947828772574145e-05
918,1,0,918,0.00628317497175885,0.012565062307174024,3.947828772573682e-05
919,2,0,919,0.006283174971759212,0.01238330487923811,3.947828772574137e-05
920,2,0,920,2.482534153247273e-16,2.220446049250313e-16,6.162975822039155e-32
921,2,0,921,0.0062831749717591305,0.009310696282684328,3.9478287725740345e-05
922,1,0,922,1.1102230246251565e-16,2.220446049250313e-16,1.232595164407831e-32
923,2,0,923,1.1102230246251565e-16,0.0,1.232595164407831e-32
924,2,0,924,0.006283174971759175,0.012465759065585724,3.9478287725740894e-05
925,1,0,925,0.0062831749717591825,0.005763018490099192,3.9478287725741e-05
926,1,0,926,0.0,0.0,0.0
927,2,0,927,0.006283174971758963,0.0015073803091976146,3.947828772573825e-05
928,2,0,928,0.0,0.0,0.0
929,0,0,929,2.482534153247273e-16,4.440892098500626e-16,6.162975822039155e-32
930,2,0,930,1.2412670766236366e-16,2.220446049250313e-16,1.5407439555097887e-32
931,2,0,931,0.006283174971758965,0.004544155117585769,3.9478287725738265e-05
932,0,0,932,1.5700924586837754e-16,2.220446049250313e-16,2.465190328815662e-32
933,2,0,933,2.7755575615628914e-16,0.0,7.703719777548943e-32
934,2,0,934,1.2412670766236366e-16,2.220446049250313e-16,1.5407439555097887e-32
935,0,0,935,0.006283174971759116,0.010072377605770289,3.9478287725740156e-05
936,0,0,936,2.220446049250313e-16,0.0,4.930380657631324e-32
937,1,0,937,0.0,0.0,0.0
938,1,0,938,0.0,0.0,0.0
939,2,0,939,0.006283174971759293,0.005831490059094113,3.9478287725742385e-05
940,1,0,940,0.006283174971759135,0.012276339471748665,3.9478287725740406e-05
941,2,0,941,0.006283174971759054,0.012214542713983034,3.947828772573939e-05
942,2,0,942,1.1102230246251565e-16,0.0,1.232595164407831e-32
943,2,0,943,0.006283174971759195,0.008610206972775591,3.947828772574116e-05
944,0,0,944,0.0,0.0,0.0
945,1,0,945,0.0062831749717589805,0.006375514351636635,3.947828772573846e-05
946,2,0,946,0.006283174971758953,0.009248344687660115,3.9478287725738116e-05
947,0,0,947,0.0,0.0,0.0
948,0,0,948,0.006283174971758702,0.005856869769877537,3.947828772573495e-05
949,1,0,949,0.006283174971759228,0.0038559798205088924,3.9478287725741565e-05
950,1,0,950,0.006283174971759029,0.008697279447902329,3.947828772573907e-05
951,2,0,951,0.0,0.0,0.0
952,2,0,952,0.006283174971758642,0.0047719579209410945,3.9478287725734206e-05
953,1,0,953,0.0062831749717586925,0.002102281671110706,3.9478287725734836e-05
954,0,0,954,0.006283174971759082,0.0006245840543830372,3.947828772573973e-05
955,1,0,955,0.0,0.0,0.0
956,0,0,956,0.0,0.0,0.0
957,1,0,957,0.006283174971758732,0.003329668894015869,3.947828772573533e-05
958,2,0,958,1.6653345369377348e-16,3.3306690738754696e-16,2.7733391199176196e-32
959,2,0,959,1.1102230246251565e-16,0.0,1.232595164407831e-32
960,0,0,960,0.0,0.0,0.0
961,0,0,961,0.0,0.0,0.0
962,0,0,962,0.006283174971759245,0.004557953763399514,3.947828772574178e-05
963,2,0,963,0.0,0.0,0.0
964,0,0,964,0.006283174971759132,0.012057550431444297,3.947828772574037e-05
965,2,0,965,1.1102230246251565e-16,2.220446049250313e-16,1.232595164407831e-32
966,1,0,966,3.7238012298709097e-16,6.661338147750939e-16,1.3866695599588098e-31
967,0,0,967,0.006283174971759159,0.012536404323117756,3.9478287725740705e-05
968,1,0,968,0.006283174971759232,0.01095801673377339,3.947828772574162e-05
969,1,0,969,0.0,0.0,0.0
970,2,0,970,1.6653345369377348e-16,0.0,2.7733391199176196e-32
971,2,0,971,2.482534153247273e-16,2.220446049250313e-16,6.162975822039155e-32
972,2,0,972,0.00628317497175888,0.003324790280590628,3.94782877257372e-05
973,0,0,973,0.0,0.0,0.0
974,1,0,974,1.3877787807814457e-16,2.7755575615628914e-16,1.9259299443872359e-32
975,2,0,975,0.006283174971758656,0.010156747089585805,3.9478287725734376e-05
976,1,0,976,0.006283174971759264,0.011161329908218609,3.9478287725742026e-05
977,0,0,977,1.1102230246251565e-16,2.220446049250313e-16,1.232595164407831e-32
978,2,0,978,0.006283174971758924,0.004059534674422105,3.947828772573775e-05
979,0,0,979,0.0,0.0,0.0
980,0,0,980,0.0,0.0,0.0
981,1,0,981,1.5700924586837754e-16,2.220446049250313e-16,2.465190328815662e-32
982,2,0,982,0.0,0.0,0.0
983,1,0,983,0.0,0.0,0.0
984,0,0,984,0.0,0.0,0.0
985,0,0,985,2.482534153247273e-16,2.220446049250313e-16,6.162975822039155e-32
986,0,0,986,0.006283174971759224,0.01166672390679624,3.947828772574152e-05
987,2,0,987,1.1102230246251565e-16,0.0,1.232595164407831e-32
988,0,0,988,0.0,0.0,0.0
989,1,0,989,0.006283174971758915,0.012561269668346364,3.947828772573764e-05
990,0,0,990,2.482534153247273e-16,2.220446049250313e-16,6.162975822039155e-32
991,0,0,991,0.00628317497175901,0.010349778012448407,3.947828772573884e-05
992,0,0,992,3.7238012298709097e-16,6.661338147750939e-16,1.3866695599588098e-31
993,2,0,993,0.006283174971759126,0.007709830304298615,3.947828772574029e-05
994,2,0,994,0.006283174971758726,0.009038604555823726,3.947828772573527e-05
995,2,0,995,0.006283174971758985,0.010736637186195885,3.947828772573851e-05
996,0,0,996,4.965068306494546e-16,4.440892098500626e-16,2.465190328815662e-31
997,2,0,997,0.006283174971759085,0.005198742510680976,3.947828772573978e-05
998,0,0,998,0.0062831749717586465,0.009580892935369345,3.947828772573426e-05
999,2,0,999,1.6653345369377348e-16,0.0,2.7733391199176196e-32
1000,1,0,1000,2.7755575615628914e-17,0.0,7.703719777548943e-34
1001,2,0,1001,0.006283174971759015,0.011011339471487802,3.9478287725738895e-05
1002,1,0,1002,0.0,0.0,0.0
1003,1,0,1003,1.6653345369377348e-16,0.0,2.7733391199176196e-32
1004,0,0,1004,0.006283174971758784,0.010099990021955607,3.947828772573601e-05
1005,0,0,1005,0.0,0.0,0.0
1006,0,0,1006,0.00628317497175887,0.010585311363718652,3.947828772573707e-05
1007,1,0,1007,0.0062831749717591244,0.011041692854861007,3.947828772574027e-05
1008,0,0,1008,0.006283174971758975,0.004704475380005846,3.94782877257384e-05
1009,2,0,1009,0.006283174971758797,0.006083595021176835,3.9478287725736144e-05
1010,0,0,1010,2.482534153247273e-16,4.440892098500626e-16,6.162975822039155e-32
1011,2,0,1011,0.006283174971758629,0.011130307464942257,3.947828772573406e-05
1012,0,0,1012,0.0062831749717589085,0.010491794748285432,3.9478287725737554e-05
1013,1,0,1013,0.006283174971758934,0.00046508221387098203,3.9478287725737865e-05
1014,2,0,1014,1.1102230246251565e-16,0.0,1.232595164407831e-32
1015,1,0,1015,0.0,0.0,0.0
1016,2,0,1016,0.006283174971759032,0.0029194746991574316,3.94782877257391e-05
1017,1,0,1017,2.482534153247273e-16,2.220446049250313e-16,6.162975822039155e-32
1018,2,0,1018,1.5700924586837754e-16,2.220446049250313e-16,2.465190328815662e-32
1019,2,0,1019,0.0,0.0,0.0
1020,2,0,1020,0.006283174971759153,0.010797485280760855,3.947828772574062e-05
1021,1,0,1021,0.00628317497175887,0.012485189254312745,3.947828772573708e-05
1022,0,0,1022,0.0,0.0,0.0
1023,1,0,1023,0.006283174971758871,0.004287267913961168,3.947828772573709e-05
1024,2,0,1024,0.006283174971759231,0.0096110045334028,3.9478287725741606e-05
1025,1,0,1025,0.00628317497175919,0.012084727838157838,3.9478287725741104e-05
1026,0,0,1026,0.0062831749717588824,0.0010843283104224888,3.947828772573722e-05
1027,0,0,1027,0.006283174971758917,0.01050196191739583,3.947828772573767e-05
1028,0,0,1028,0.0,0.0,0.0
1029,1,0,1029,1.5700924586837754e-16,2.220446049250313e-16,2.465190328815662e-32
1030,1,0,1030,0.006283174971759197,0.004372410713582964,3.947828772574119e-05
1031,0,0,1031,0.0,0.0,0.0
1032,1,0,1032,0.006283174971759071,0.010740851389710926,3.94782877257396e-05
1033,1,0,1033,0.0,0.0,0.0
1034,1,0,1034,0.0,0.0,0.0
1035,2,0,1035,0.006283174971758967,0.0017904323492063945,3.947828772573828e-05
1036,2,0,1036,0.006283174971759227,0.004437692766337431,3.947828772574155e-05
1037,1,0,1037,0.0,0.0,0.0
1038,2,0,1038,0.006283174971758612,0.005650669718375134,3.9478287725733833e-05
1039,0,0,1039,5.551115123125783e-17,1.1102230246251565e-16,3.0814879110195774e-33
1040,1,0,1040,0.006283174971758957,0.012234620466057111,3.9478287725738164e-05
1041,1,0,1041,0.006283174971758884,0.0009583048184460541,3.9478287725737255e-05
1042,2,0,1042,2.220446049250313e-16,0.0,4.930380657631324e-32
1043,1,0,1043,0.006283174971759129,0.00688155882559105,3.947828772574032e-05
1044,1,0,1044,0.006283174971759139,0.008280082114217713,3.9478287725740454e-05
1045,2,0,1045,2.7755575615628914e-16,0.0,7.703719777548943e-32
1046,0,0,1046,1.5700924586837754e-16,2.220446049250313e-16,2.465190328815662e-32
1047,1,0,1047,2.0014830212433607e-16,3.3306690738754696e-16,4.0059342843254506e-32
1048,1,0,1048,0.0062831749717591175,0.010842728652525668,3.947828772574018e-05
1049,1,0,1049,0.006283174971759153,0.012130829556704192,3.947828772574063e-05
1050,0,0,1050,1.1102230246251565e-16,2.220446049250313e-16,1.232595164407831e-32
1051,1,0,1051,3.11864493316497e-16,5.828670879282072e-16,9.725946219155541e-32
1052,1,0,1052,1.5700924586837754e-16,2.220446049250313e-16,2.465190328815662e-32
1053,2,0,1053,0.0062831749717588425,0.011382338391881186,3.9478287725736734e-05
1054,0,0,1054,0.0062831749717592285,0.0072443832120197005,3.947828772574158e-05
1055,2,0,1055,1.1102230246251565e-16,2.220446049250313e-16,1.232595164407831e-32
1056,2,0,1056,0.006283174971758867,0.008414980761487945,3.947828772573704e-05
1057,1,0,1057,0.0062831749717590715,0.008729899932298446,3.9478287725739614e-05
1058,0,0,1058,0.006283174971759245,0.006980744385922,3.947828772574179e-05
1059,2,0,1059,0.00628317497175918,0.008884664140175413,3.947828772574097e-05
1060,1,0,1060,0.00628317497175911,0.011069841814948522,3.947828772574009e-05
1061,2,0,1061,2.220446049250313e-16,4.440892098500626e-16,4.930380657631324e-32
1062,2,0,1062,2.0014830212433607e-16,2.220446049250313e-16,4.0059342843254506e-32
1063,1,0,1063,1.6653345369377348e-16,0.0,2.7733391199176196e-32
1064,1,0,1064,0.0062831749717591175,0.006453363718299299,3.947828772574018e-05
1065,0,0,1065,2.220446049250313e-16,4.440892098500626e-16,4.930380657631324e-32
1066,2,0,1066,1.5700924586837754e-16,2.220446049250313e-16,2.465190328815662e-32
1067,0,0,1067,0.006283174971759252,0.008376585118830215,3.947828772574188e-05
1068,1,0,1068,2.0014830212433607e-16,3.3306690738754696e-16,4.0059342843254506e-32
1069,1,0,1069,0.0062831749717587445,0.011081391949270047,3.9478287725735494e-05
1070,0,0,1070,1.5700924586837754e-16,2.220446049250313e-16,2.465190328815662e-32
1071,0,0,1071,0.0,0.0,0.0
1072,2,0,1072,0.0062831749717586795,0.01073597166955298,3.947828772573468e-05
1073,1,0,1073,0.006283174971759059,0.011802205682778344,3.947828772573946e-05
1074,1,0,1074,0.0,0.0,0.0
1075,1,0,1075,0.006283174971759402,0.007021368565119701,3.947828772574376e-05
1076,2,0,1076,3.140184917367551e-16,4.440892098500626e-16,9.860761315262648e-32
1077,2,0,1077,0.0,0.0,0.0
1078,1,0,1078,4.0412728104402656e-16,7.771561172376096e-16,1.633188592840376e-31
1079,1,0,1079,0.006283174971758701,0.008871261623608184,3.947828772573495e-05
1080,0,0,1080,0.006283174971759032,0.011363360979203763,3.94782877257391e-05
1081,0,0,1081,0.006283174971759152,0.009718885720720882,3.9478287725740617e-05
1082,0,0,1082,1.1102230246251565e-16,2.220446049250313e-16,1.232595164407831e-32
1083,0,0,1083,2.482534153247273e-16,4.440892098500626e-16,6.162975822039155e-32
1084,2,0,1084,0.006283174971758707,0.010466173158162118,3.947828772573504e-05
1085,1,0,1085,0.006283174971758664,0.012415000704598667,3.9478287725734484e-05
1086,0,0,1086,0.006283174971759087,0.010275929409694351,3.9478287725739797e-05
1087,2,0,1087,0.0,0.0,0.0
1088,1,0,1088,0.0062831749717591825,0.011964363411724022,3.9478287725740996e-05
1089,0,0,1089,0.0,0.0,0.0
1090,0,0,1090,0.006283174971759128,0.006015233425899158,3.947828772574031e-05
1091,1,0,1091,0.0,0.0,0.0
1092,2,0,1092,0.006283174971758688,0.004670244609547902,3.947828772573478e-05
1093,2,0,1093,0.006283174971758899,0.0021289411763163457,3.947828772573743e-05
1094,2,0,1094,1.1102230246251565e-16,0.0,1.232595164407831e-32
1095,0,0,1095,0.006283174971759182,0.011472396012866426,3.947828772574099e-05
1096,2,0,1096,1.2412670766236366e-16,2.220446049250313e-16,1.5407439555097887e-32
1097,1,0,1097,1.2412670766236366e-16,1.1102230246251565e-16,1.5407439555097887e-32
1098,0,0,1098,1.5700924586837754e-16,2.220446049250313e-16,2.465190328815662e-32
1099,2,0,1099,0.006283174971759113,0.008779464232137935,3.947828772574013e-05
1100,1,0,1100,0.00628317497175919,0.006496403318813515,3.94782877257411e-05
1101,1,0,1101,0.006283174971759048,0.0032646966277960487,3.947828772573931e-05
1102,2,0,1102,1.5700924586837754e-16,2.220446049250313e-16,2.465190328815662e-32
1103,0,0,1103,1.1102230246251565e-16,0.0,1.232595164407831e-32
1104,1,0,1104,0.0,0.0,0.0
1105,2,0,1105,0.006283174971758719,0.010617057388226048,3.947828772573518e-05
1106,2,0,1106,0.006283174971759181,0.003498293957965526,3.9478287725740976e-05
1107,0,0,1107,0.00628317497175922,0.0041821316110761675,3.947828772574148e-05
1108,2,0,1108,0.006283174971759214,0.001324775719147464,3.947828772574139e-05
1109,1,0,1109,0.0,0.0,0.0
1110,0,0,1110,2.7336071744532853e-16,4.996003610813204e-16,7.472608184222475e-32
1111,0,0,1111,1.5700924586837754e-16,2.220446049250313e-16,2.465190328815662e-32
1112,1,0,1112,0.0062831749717588295,0.011224787195198038,3.9478287725736564e-05
1113,1,0,1113,0.006283174971758726,0.0006504928531851917,3.947828772573526e-05
1114,0,0,1114,0.006283174971759112,0.010597398850750395,3.9478287725740115e-05
1115,0,0,1115,0.006283174971759163,0.01026599034201725,3.947828772574075e-05
1116,2,0,1116,0.006283174971759171,0.012388193211981313,3.947828772574087e-05
1117,0,0,1117,0.006283174971759177,0.012260727894087775,3.9478287725740935e-05
1118,0,0,1118,2.482534153247273e-16,2.220446049250313e-16,6.162975822039155e-32
1119,2,0,1119,2.0014830212433607e-16,2.220446049250313e-16,4.0059342843254506e-32
1120,2,0,1120,0.006283174971758993,0.009441517807586619,3.9478287725738624e-05
1121,0,0,1121,0.00628317497175869,0.012308136652942059,3.947828772573481e-05
1122,1,0,1122,1.2412670766236366e-16,2.220446049250313e-16,1.5407439555097887e-32
1123,0,0,1123,0.006283174971759229,0.008672694703326878,3.947828772574159e-05
1124,0,0,1124,0.006283174971759005,0.008676087760711715,3.947828772573877e-05
1125,1,0,1125,0.006283174971759067,0.00882246876103765,3.9478287725739546e-05
1126,0,0,1126,1.1102230246251565e-16,2.220446049250313e-16,1.232595164407831e-32
1127,1,0,1127,0.006283174971758847,0.009945982975621659,3.947828772573678e-05
1128,0,0,1128,0.006283174971759139,0.009647054816502187,3.947828772574046e-05
1129,0,0,1129,0.006283174971758975,0.0016317818599622669,3.947828772573841e-05
1130,0,0,1130,0.0,0.0,0.0
1131,2,0,1131,0.0062831749717588235,0.006151595946181088,3.947828772573649e-05
1132,1,0,1132,2.8609792490763985e-16,5.273559366969494e-16,8.185202263645752e-32
1133,1,0,1133,0.006283174971759059,0.007420111090614467,3.947828772573945e-05
1134,2,0,1134,0.006283174971758959,0.007652879036941007,3.9478287725738204e-05
1135,0,0,1135,0.006283174971759193,0.00390759621748793,3.947828772574113e-05
1136,1,0,1136,0.006283174971758759,0.008308039311720972,3.9478287725735683e-05
1137,1,0,1137,0.006283174971758925,0.00010931779755596338,3.9478287725737764e-05
1138,0,0,1138,4.0029660424867215e-16,4.440892098500626e-16,1.6023737137301802e-31
1139,1,0,1139,0.006283174971759283,0.010407036043679874,3.9478287725742256e-05
1140,0,0,1140,3.140184917367551e-16,4.440892098500626e-16,9.860761315262648e-32
1141,2,0,1141,0.006283174971758648,0.0008620467027165013,3.947828772573429e-05
1142,2,0,1142,0.006283174971758837,0.008550937587583185,3.947828772573666e-05
1143,2,0,1143,0.0,0.0,0.0
1144,2,0,1144,0.006283174971758858,0.0006792994327213808,3.9478287725736923e-05
1145,1,0,1145,0.00628317497175892,0.01252331007938784,3.947828772573771e-05
1146,1,0,1146,0.006283174971758604,0.010280193617069333,3.947828772573373e-05
1147,0,0,1147,1.5700924586837754e-16,2.220446049250313e-16,2.465190328815662e-32
1148,0,0,1148,0.0,0.0,0.0
1149,0,0,1149,0.0062831749717591765,0.00912576261817577,3.947828772574093e-05
1150,0,0,1150,0.0,0.0,0.0
1151,1,0,1151,0.0,0.0,0.0
1152,2,0,1152,0.0,0.0,0.0
1153,0,0,1153,0.006283174971759099,0.008287410912267923,3.947828772573995e-05
1154,2,0,1154,0.006283174971759158,0.010633737108762142,3.94782877257407e-05
1155,1,0,1155,2.482534153247273e-16,2.220446049250313e-16,6.162975822039155e-32
1156,0,0,1156,0.0,0.0,0.0
1157,2,0,1157,0.006283174971758996,0.004124588964754761,3.947828772573866e-05
1158,2,0,1158,0.006283174971758744,0.0026610986361719213,3.947828772573549e-05
1159,2,0,1159,2.0014830212433607e-16,3.3306690738754696e-16,4.0059342843254506e-32
1160,0,0,1160,2.7755575615628914e-16,4.440892098500626e-16,7.703719777548943e-32
1161,1,0,1161,2.498001805406602e-16,0.0,6.240013019814644e-32
1162,2,0,1162,0.006283174971759127,0.01170820067425038,3.94782877257403e-05
1163,0,0,1163,0.006283174971759281,0.009098474590485406,3.947828772574224e-05
1164,2,0,1164,0.006283174971758925,0.0035319124095856136,3.947828772573774e-05
1165,1,0,1165,0.006283174971759004,0.010139520085293174,3.947828772573876e-05
1166,2,0,1166,0.0062831749717591,0.010572860286495622,3.9478287725739966e-05
1167,2,0,1167,0.006283174971759032,0.009974639281530084,3.947828772573911e-05
1168,0,0,1168,2.2887833992611187e-16,4.440892098500626e-16,5.238529448733282e-32
1169,0,0,1169,0.006283174971759222,0.004149030377175844,3.9478287725741484e-05
1170,1,0,1170,0.0,0.0,0.0
1171,1,0,1171,0.006283174971758743,0.011171732296347603,3.9478287725735467e-05
1172,2,0,1172,1.1102230246251565e-16,2.220446049250313e-16,1.232595164407831e-32
1173,0,0,1173,0.006283174971758747,0.006601590449705208,3.947828772573552e-05
1174,0,0,1174,0.006283174971758693,0.0023946355669210995,3.947828772573484e-05
1175,1,0,1175,2.7755575615628914e-16,3.3306690738754696e-16,7.703719777548943e-32
1176,2,0,1176,0.00628317497175921,0.010696165141851344,3.947828772574135e-05
1177,1,0,1177,0.006283174971758774,0.009171529610301654,3.947828772573587e-05
1178,1,0,1178,0.0,0.0,0.0
1179,1,0,1179,0.0,0.0,0.0
1180,1,0,1180,0.006283174971759059,0.002182261070597491,3.9478287725739444e-05
1181,2,0,1181,4.47545209131181e-16,4.440892098500626e-16,2.0029671421627253e-31
1182,2,0,1182,0.006283174971758794,0.005339767342031232,3.947828772573612e-05
1183,0,0,1183,0.006283174971759162,0.005139843111319431,3.947828772574074e-05
1184,0,0,1184,2.220446049250313e-16,0.0,4.930380657631324e-32
1185,0,0,1185,0.006283174971759172,0.006953686486583344,3.947828772574087e-05
1186,1,0,1186,0.006283174971758914,0.011695276861803383,3.947828772573763e-05
1187,2,0,1187,2.9893669801409088e-16,2.220446049250313e-16,8.936314941956774e-32
1188,2,0,1188,0.0,0.0,0.0
1189,2,0,1189,0.006283174971758981,0.006444746515002153,3.947828772573846e-05
1190,0,0,1190,0.006283174971758763,0.006808247386061561,3.9478287725735724e-05
1191,0,0,1191,1.1102230246251565e-16,2.220446049250313e-16,1.232595164407831e-32
1192,0,0,1192,0.006283174971758751,0.005705295923298603,3.947828772573557e-05
1193,1,0,1193,2.482534153247273e-16,2.220446049250313e-16,6.162975822039155e-32
1194,2,0,1194,0.0062831749717586535,0.008926871612949583,3.947828772573435e-05
1195,0,0,1195,0.0062831749717588104,0.002672632810337028,3.9478287725736334e-05
1196,0,0,1196,0.006283174971758838,0.00844387125935131,3.947828772573667e-05
1197,2,0,1197,0.006283174971759137,0.012562675870236073,3.947828772574043e-05
1198,0,0,1198,2.9893669801409088e-16,5.551115123125783e-16,8.936314941956774e-32
1199,1,0,1199,0.006283174971758792,0.011402189889040404,3.94782877257361e-05
1200,1,0,1200,0.0,0.0,0.0
1201,1,0,1201,0.0,0.0,0.0
1202,1,0,1202,0.006283174971758853,0.007998153358617088,3.947828772573687e-05
1203,1,0,1203,0.0,0.0,0.0
1204,2,0,1204,0.006283174971758669,0.006027560578092839,3.9478287725734545e-05
1205,1,0,1205,0.006283174971758692,0.01120014959591753,3.947828772573483e-05
1206,1,0,1206,0.0,0.0,0.0
1207,0,0,1207,0.0,0.0,0.0
1208,2,0,1208,1.6653345369377348e-16,3.3306690738754696e-16,2.7733391199176196e-32
1209,1,0,1209,0.00628317497175888,0.011819924502720958,3.9478287725737194e-05
1210,0,0,1210,2.220446049250313e-16,0.0,4.930380657631324e-32
1211,2,0,1211,0.006283174971758757,0.004751548901443581,3.947828772573565e-05
1212,2,0,1212,0.006283174971758754,0.006211592701552249,3.947828772573563e-05
1213,0,0,1213,2.2887833992611187e-16,4.440892098500626e-16,5.238529448733282e-32
1214,1,0,1214,0.006283174971759134,0.008739320334775647,3.9478287725740386e-05
1215,2,0,1215,1.1102230246251565e-16,0.0,1.232595164407831e-32
1216,1,0,1216,0.006283174971759156,0.00012732913734270213,3.9478287725740664e-05
1217,0,0,1217,0.006283174971758711,0.003915804241732657,3.9478287725735074e-05
1218,0,0,1218,1.1102230246251565e-16,2.220446049250313e-16,1.232595164407831e-32
1219,0,0,1219,0.006283174971759102,0.002976566300477268,3.9478287725739986e-05
1220,1,0,1220,0.006283174971759259,0.005906089113623558,3.9478287725741965e-05
1221,2,0,1221,0.0,0.0,0.0
1222,0,0,1222,0.006283174971758912,0.012384644141129608,3.947828772573761e-05
1223,0,0,1223,1.1102230246251565e-16,0.0,1.232595164407831e-32
1224,1,0,1224,0.006283174971759242,0.0023755549733457393,3.9478287725741755e-05
1225,2,0,1225,1.1102230246251565e-16,0.0,1.232595164407831e-32
1226,2,0,1226,0.006283174971758816,0.0006557747900224342,3.9478287725736395e-05
1227,1,0,1227,0.006283174971758653,0.0055849250696957675,3.947828772573434e-05
1228,2,0,1228,0.006283174971758938,0.012561779366590642,3.9478287725737926e-05
1229,2,0,1229,1.1102230246251565e-16,2.220446049250313e-16,1.232595164407831e-32
1230,0,0,1230,1.1102230246251565e-16,2.220446049250313e-16,1.232595164407831e-32
1231,0,0,1231,0.006283174971759132,0.007855101230973327,3.9478287725740366e-05
1232,1,0,1232,0.006283174971758967,0.011235486674039397,3.947828772573829e-05
1233,1,0,1233,2.482534153247273e-16,2.220446049250313e-16,6.162975822039155e-32
1234,1,0,1234,1.2412670766236366e-16,1.1102230246251565e-16,1.5407439555097887e-32
1235,0,0,1235,0.006283174971759208,0.012147398292508327,3.9478287725741314e-05
1236,0,0,1236,0.0062831749717590785,0.004529178166553738,3.947828772573969e-05
1237,0,0,1237,2.9893669801409088e-16,2.220446049250313e-16,8.936314941956774e-32
1238,1,0,1238,0.006283174971758919,0.012320024932766072,3.9478287725737676e-05
1239,2,0,1239,2.482534153247273e-16,4.440892098500626e-16,6.162975822039155e-32
1240,2,0,1240,0.0,0.0,0.0
1241,0,0,1241,0.006283174971758896,0.007366654052583188,3.947828772573742e-05
1242,2,0,1242,0.0,0.0,0.0
1243,0,0,1243,0.006283174971759028,0.003493423778268223,3.9478287725739065e-05
1244,0,0,1244,0.006283174971758896,0.010511908328742381,3.947828772573741e-05
1245,0,0,1245,2.482534153247273e-16,4.440892098500626e-16,6.162975822039155e-32
1246,0,0,1246,0.0,0.0,0.0
1247,1,0,1247,1.1102230246251565e-16,2.220446049250313e-16,1.232595164407831e-32
1248,1,0,1248,2.220446049250313e-16,4.440892098500626e-16,4.930380657631324e-32
1249,0,0,1249,3.2487068343022356e-16,6.106226635438361e-16,1.0554096095242052e-31
1250,1,0,1250,0.006283174971759219,0.010205843699752748,3.947828772574146e-05
1251,2,0,1251,2.220446049250313e-16,0.0,4.930380657631324e-32
1252,1,0,1252,5.551115123125783e-17,0.0,3.0814879110195774e-33
1253,2,0,1253,2.9893669801409088e-16,5.551115123125783e-16,8.936314941956774e-32
1254,0,0,1254,2.2887833992611187e-16,4.440892098500626e-16,5.238529448733282e-32
1255,1,0,1255,0.006283174971759257,0.0035100534060141797,3.947828772574193e-05
1256,2,0,1256,1.3877787807814457e-16,2.7755575615628914e-16,1.9259299443872359e-32
1257,1,0,1257,0.006283174971758754,0.011488863283201756,3.947828772573562e-05
1258,1,0,1258,0.0,0.0,0.0
1259,0,0,1259,0.00628317497175923,0.01189192133305994,3.9478287725741606e-05
1260,0,0,1260,1.5700924586837754e-16,2.220446049250313e-16,2.465190328815662e-32
1261,1,0,1261,0.006283174971758877,0.009535989878342699,3.947828772573716e-05
1262,2,0,1262,0.006283174971758752,0.008066422408385288,3.94782877257356e-05
1263,2,0,1263,0.006283174971758721,0.011287917594358432,3.947828772573521e-05
1264,1,0,1264,1.5700924586837754e-16,2.220446049250313e-16,2.465190328815662e-32
1265,2,0,1265,3.510833468576701e-16,2.220446049250313e-16,1.232595164407831e-31
1266,1,0,1266,0.0,0.0,0.0
1267,2,0,1267,2.220446049250313e-16,0.0,4.930380657631324e-32
1268,0,0,1268,1.5700924586837754e-16,2.220446049250313e-16,2.465190328815662e-32
1269,0,0,1269,0.0,0.0,0.0
1270,0,0,1270,0.0,0.0,0.0
1271,2,0,1271,0.006283174971758883,0.003819948356014624,3.947828772573724e-05
1272,0,0,1272,0.006283174971758644,0.012324224339424372,3.9478287725734226e-05
1273,1,0,1273,0.006283174971758867,0.012540415636376645,3.947828772573704e-05
1274,2,0,1274,2.7755575615628914e-16,0.0,7.703719777548943e-32
1275,2,0,1275,0.006283174971758815,0.011717073397466637,3.947828772573638e-05
1276,2,0,1276,0.0,0.0,0.0
1277,0,0,1277,0.0062831749717590975,0.0021919121734110814,3.9478287725739925e-05
1278,0,0,1278,0.0,0.0,0.0
1279,2,0,1279,0.006283174971759054,0.00282675761607587,3.94782877257394e-05
1280,2,0,1280,0.0,0.0,0.0
1281,2,0,1281,0.006283174971759154,0.012191109369513287,3.947828772574064e-05
1282,0,0,1282,0.0062831749717591635,0.009256210996276826,3.9478287725740766e-05
1283,2,0,1283,0.006283174971759307,0.0036161753115400153,3.947828772574254e-05
1284,1,0,1284,0.00628317497175906,0.008355013557933999,3.947828772573946e-05
1285,1,0,1285,2.482534153247273e-16,2.220446049250313e-16,6.162975822039155e-32
1286,1,0,1286,0.0,0.0,0.0
1287,2,0,1287,0.00628317497175877,0.004805632357100187,3.94782877257358e-05
1288,0,0,1288,0.0,0.0,0.0
1289,0,0,1289,0.006283174971759162,0.006701008176325685,3.9478287725740745e-05
1290,1,0,1290,0.006283174971759084,0.0024274313875616294,3.947828772573976e-05
1291,1,0,1291,0.006283174971758822,0.011194425485753667,3.947828772573647e-05
1292,0,0,1292,1.2412670766236366e-16,2.220446049250313e-16,1.5407439555097887e-32
1293,0,0,1293,5.551115123125783e-17,1.1102230246251565e-16,3.0814879110195774e-33
1294,0,0,1294,0.0,0.0,0.0
1295,2,0,1295,0.0,0.0,0.0
1296,1,0,1296,1.6653345369377348e-16,0.0,2.7733391199176196e-32
1297,2,0,1297,0.006283174971759089,0.009543235689301044,3.9478287725739824e-05
1298,2,0,1298,0.006283174971758718,0.012542978208372468,3.947828772573516e-05
1299,2,0,1299,0.0,0.0,0.0
1300,0,0,1300,1.1102230246251565e-16,2.220446049250313e-16,1.232595164407831e-32
1301,0,0,1301,2.2887833992611187e-16,1.1102230246251565e-16,5.238529448733282e-32
1302,2,0,1302,1.6653345369377348e-16,3.3306690738754696e-16,2.7733391199176196e-32
1303,0,0,1303,3.554447978966673e-16,5.551115123125783e-16,1.2634100435180267e-31
1304,1,0,1304,0.006283174971759152,0.012433584513132034,3.947828772574062e-05
1305,2,0,1305,2.482534153247273e-16,2.220446049250313e-16,6.162975822039155e-32
1306,0,0,1306,0.006283174971758891,0.005918781087681069,3.947828772573735e-05
1307,0,0,1307,2.482534153247273e-16,4.440892098500626e-16,6.162975822039155e-32
1308,1,0,1308,0.0,0.0,0.0
1309,1,0,1309,0.006283174971758808,0.009153253291479091,3.947828772573629e-05
1310,1,0,1310,0.0,0.0,0.0
1311,1,0,1311,0.0062831749717592415,0.012503542416665625,3.947828772574175e-05
1312,0,0,1312,0.00628317497175922,0.004637765273372674,3.947828772574147e-05
1313,1,0,1313,0.006283174971759145,0.005053436419981905,3.9478287725740535e-05
1314,0,0,1314,2.0014830212433607e-16,2.220446049250313e-16,4.0059342843254506e-32
1315,0,0,1315,0.006283174971759189,0.012282517184646069,3.947828772574108e-05
1316,1,0,1316,0.0,0.0,0.0
1317,1,0,1317,0.006283174971758753,0.01193751662158049,3.947828772573561e-05
1318,0,0,1318,0.00628317497175898,0.008035357938403154,3.947828772573845e-05
1319,2,0,1319,4.440892098500626e-16,8.881784197001252e-16,1.9721522630525295e-31
1320,1,0,1320,0.00628317497175917,0.010974774983620539,3.947828772574085e-05
1321,1,0,1321,0.006283174971759065,0.012119557432355377,3.9478287725739526e-05
1322,2,0,1322,1.1102230246251565e-16,0.0,1.232595164407831e-32
1323,0,0,1323,0.0062831749717592155,0.012566243976406488,3.947828772574141e-05
1324,0,0,1324,0.006283174971759221,0.011007059606879865,3.9478287725741484e-05
1325,0,0,1325,3.7238012298709097e-16,3.3306690738754696e-16,1.3866695599588098e-31
1326,2,0,1326,0.006283174971759088,0.011955587574547288,3.9478287725739824e-05
1327,1,0,1327,0.0,0.0,0.0
1328,1,0,1328,0.0,0.0,0.0
1329,0,0,1329,0.00628317497175916,0.0026945485381035805,3.947828772574071e-05
1330,1,0,1330,0.0062831749717593335,0.008605269771760238,3.94782877257429e-05
1331,2,0,1331,2.482534153247273e-16,4.440892098500626e-16,6.162975822039155e-32
1332,1,0,1332,0.0062831749717589345,0.012529220801739516,3.947828772573789e-05
1333,0,0,1333,0.00628317497175907,0.011682116886859828,3.9478287725739587e-05
1334,1,0,1334,0.0,0.0,0.0
1335,0,0,1335,0.0,0.0,0.0
1336,2,0,1336,0.0,0.0,0.0
1337,0,0,1337,0.0,0.0,0.0
1338,2,0,1338,1.5700924586837754e-16,2.220446049250313e-16,2.465190328815662e-32
1339,2,0,1339,1.6711069443220838e-16,2.220446049250313e-16,2.792598419361492e-32
1340,2,0,1340,0.0,0.0,0.0
1341,0,0,1341,0.006283174971759002,0.01228823557965103,3.947828772573873e-05
1342,2,0,1342,1.1102230246251565e-16,2.220446049250313e-16,1.232595164407831e-32
1343,2,0,1343,0.006283174971759004,0.006217220835774695,3.947828772573875e-05
1344,0,0,1344,3.2487068343022356e-16,6.106226635438361e-16,1.0554096095242052e-31
1345,1,0,1345,0.006283174971759197,0.005830924511356361,3.9478287725741186e-05
1346,0,0,1346,0.0,0.0,0.0
1347,2,0,1347,0.006283174971759213,0.002747004306199452,3.9478287725741375e-05
1348,0,0,1348,0.006283174971758726,0.007454967830868409,3.947828772573528e-05
1349,2,0,1349,0.0,0.0,0.0
1350,0,0,1350,3.3306690738754696e-16,6.661338147750939e-16,1.1093356479670479e-31
1351,0,0,1351,0.00628317497175903,0.009900847925213396,3.9478287725739085e-05
1352,2,0,1352,0.006283174971759249,0.011545065178994784,3.9478287725741836e-05
1353,2,0,1353,0.0,0.0,0.0
1354,1,0,1354,1.1102230246251565e-16,0.0,1.232595164407831e-32
1355,2,0,1355,0.0,0.0,0.0
1356,1,0,1356,0.00628317497175917,0.003907859009767201,3.947828772574085e-05
1357,2,0,1357,0.006283174971759101,0.009937267621109136,3.947828772573997e-05
1358,0,0,1358,0.006283174971758861,0.008071648563775291,3.947828772573696e-05
1359,1,0,1359,0.0,0.0,0.0
1360,1,0,1360,2.7755575615628914e-16,0.0,7.703719777548943e-32
1361,2,0,1361,0.006283174971758702,0.006229672401578679,3.9478287725734965e-05
1362,2,0,1362,2.9893669801409088e-16,5.551115123125783e-16,8.936314941956774e-32
1363,0,0,1363,0.006283174971759156,0.005089136600873179,3.947828772574066e-05
1364,1,0,1364,0.006283174971759186,0.004535657550395644,3.9478287725741043e-05
1365,1,0,1365,0.0062831749717589406,0.006230803125252704,3.947828772573793e-05
1366,2,0,1366,2.482534153247273e-16,4.440892098500626e-16,6.162975822039155e-32
1367,1,0,1367,0.0,0.0,0.0
1368,1,0,1368,2.0014830212433607e-16,3.3306690738754696e-16,4.0059342843254506e-32
1369,0,0,1369,0.0,0.0,0.0
1370,2,0,1370,0.006283174971759194,0.007734162610833595,3.947828772574114e-05
1371,1,0,1371,1.1102230246251565e-16,0.0,1.232595164407831e-32
1372,2,0,1372,0.0,0.0,0.0
1373,2,0,1373,0.00628317497175897,0.012031966825748475,3.947828772573833e-05
1374,1,0,1374,1.1102230246251565e-16,2.220446049250313e-16,1.232595164407831e-32
1375,0,0,1375,0.0,0.0,0.0
1376,2,0,1376,0.0062831749717590785,0.0018253304974731321,3.947828772573969e-05
1377,0,0,1377,0.006283174971758846,0.0018346027454139158,3.9478287725736774e-05
1378,0,0,1378,2.482534153247273e-16,4.440892098500626e-16,6.162975822039155e-32
1379,1,0,1379,3.554447978966673e-16,4.440892098500626e-16,1.2634100435180267e-31
1380,1,0,1380,2.220446049250313e-16,4.440892098500626e-16,4.930380657631324e-32
1381,1,0,1381,0.0,0.0,0.0
1382,1,0,1382,2.9893669801409088e-16,2.220446049250313e-16,8.936314941956774e-32
1383,2,0,1383,0.0062831749717591175,0.006346816843067149,3.947828772574018e-05
1384,2,0,1384,2.7755575615628914e-16,0.0,7.703719777548943e-32
1385,0,0,1385,2.2887833992611187e-16,1.1102230246251565e-16,5.238529448733282e-32
1386,0,0,1386,0.006283174971759048,0.011646467596628018,3.9478287725739315e-05
1387,0,0,1387,0.006283174971758996,0.012470773510060762,3.9478287725738665e-05
1388,1,0,1388,0.006283174971759125,0.012072105372150754,3.947828772574028e-05
1389,2,0,1389,1.1102230246251565e-16,0.0,1.232595164407831e-32
1390,2,0,1390,0.006283174971759276,0.0016637881147327782,3.947828772574217e-05
1391,1,0,1391,1.1102230246251565e-16,0.0,1.232595164407831e-32
1392,2,0,1392,0.0,0.0,0.0
1393,2,0,1393,0.0,0.0,0.0
1394,2,0,1394,1.3877787807814457e-16,2.220446049250313e-16,1.9259299443872359e-32
1395,2,0,1395,0.0,0.0,0.0
1396,1,0,1396,3.510833468576701e-16,2.220446049250313e-16,1.232595164407831e-31
1397,0,0,1397,0.006283174971758681,0.006232976445128102,3.947828772573471e-05
1398,1,0,1398,0.00628317497175897,0.009818574115417977,3.9478287725738326e-05
1399,2,0,1399,0.0062831749717591635,0.003220999704108163,3.947828772574076e-05
1400,1,0,1400,0.0,0.0,0.0
1401,1,0,1401,0.0,0.0,0.0
1402,0,0,1402,0.0,0.0,0.0
1403,1,0,1403,0.006283174971759192,0.00015986283026525605,3.947828772574112e-05
1404,2,0,1404,2.220446049250313e-16,4.440892098500626e-16,4.930380657631324e-32
1405,0,0,1405,0.006283174971759099,0.008898090597627917,3.947828772573995e-05
1406,2,0,1406,0.006283174971759174,0.010852920966605728,3.9478287725740894e-05
1407,0,0,1407,0.006283174971759217,0.007147683000313654,3.947828772574144e-05
1408,1,0,1408,2.482534153247273e-16,4.440892098500626e-16,6.162975822039155e-32
1409,1,0,1409,0.006283174971759109,0.0013360404222955147,3.947828772574007e-05
1410,1,0,1410,1.5700924586837754e-16,2.220446049250313e-16,2.465190328815662e-32
1411,1,0,1411,0.0,0.0,0.0
1412,0,0,1412,0.00628317497175922,0.006442011587385554,3.9478287725741464e-05
1413,2,0,1413,0.006283174971758744,0.01222906994642009,3.947828772573549e-05
1414,2,0,1414,0.0062831749717587445,0.0010805008511503011,3.947828772573549e-05
1415,2,0,1415,1.185718710066887e-16,2.220446049250313e-16,1.4059288594026822e-32
1416,0,0,1416,0.0,0.0,0.0
1417,1,0,1417,0.006283174971759237,0.008119833183781733,3.947828772574169e-05
1418,1,0,1418,0.0,0.0,0.0
1419,0,0,1419,0.006283174971759104,0.011888201197803983,3.947828772574001e-05
1420,0,0,1420,2.220446049250313e-16,0.0,4.930380657631324e-32
1421,2,0,1421,0.0,0.0,0.0
1422,2,0,1422,1.6653345369377348e-16,3.3306690738754696e-16,2.7733391199176196e-32
1423,0,0,1423,0.0,0.0,0.0
1424,0,0,1424,0.006283174971758776,0.003524030002273193,3.947828772573589e-05
1425,2,0,1425,0.006283174971759102,0.010119089163764139,3.9478287725739986e-05
1426,1,0,1426,0.0062831749717590524,0.007162594944684519,3.947828772573936e-05
1427,2,0,1427,0.006283174971759226,0.012462470669579784,3.9478287725741545e-05
1428,1,0,1428,0.006283174971758987,0.010579767059957668,3.947828772573855e-05
1429,2,0,1429,0.006283174971759152,0.007173267320615517,3.9478287725740617e-05
1430,1,0,1430,0.006283174971759002,0.009899255441880861,3.947828772573873e-05
1431,1,0,1431,0.006283174971758994,0.012280535666891967,3.9478287725738645e-05
1432,0,0,1432,5.551115123125783e-17,0.0,3.0814879110195774e-33
1433,0,0,1433,0.006283174971759112,0.009316656521685562,3.9478287725740115e-05
1434,1,0,1434,0.0,0.0,0.0
1435,1,0,1435,3.554447978966673e-16,4.440892098500626e-16,1.2634100435180267e-31
1436,2,0,1436,1.1102230246251565e-16,2.220446049250313e-16,1.232595164407831e-32
1437,0,0,1437,0.0,0.0,0.0
1438,2,0,1438,0.006283174971759112,0.005124473680038211,3.9478287725740115e-05
1439,1,0,1439,0.0,0.0,0.0
1440,0,0,1440,0.0,0.0,0.0
1441,0,0,1441,1.1102230246251565e-16,2.220446049250313e-16,1.232595164407831e-32
1442,2,0,1442,0.0062831749717592025,0.011884975399942488,3.947828772574126e-05
1443,2,0,1443,4.0029660424867215e-16,4.440892098500626e-16,1.6023737137301802e-31
1444,2,0,1444,0.006283174971759171,0.00447454421578497,3.947828772574087e-05
1445,0,0,1445,0.006283174971759253,0.011946057520051068,3.9478287725741884e-05
1446,1,0,1446,2.220446049250313e-16,0.0,4.930380657631324e-32
1447,2,0,1447,2.220446049250313e-16,4.440892098500626e-16,4.930380657631324e-32
1448,2,0,1448,0.006283174971759076,0.010975089164711793,3.947828772573966e-05
1449,1,0,1449,0.0,0.0,0.0
1450,1,0,1450,0.006283174971759326,0.0051274241986629665,3.94782877257428e-05
1451,2,0,1451,0.0,0.0,0.0
1452,1,0,1452,0.00628317497175917,0.0015057557339239747,3.947828772574084e-05
1453,0,0,1453,1.1443916996305594e-16,5.551115123125783e-17,1.3096323621833204e-32
1454,1,0,1454,0.006283174971759134,0.00862742612056322,3.947828772574039e-05
1455,0,0,1455,0.006283174971759181,0.008983257829671798,3.947828772574098e-05
1456,1,0,1456,0.0,0.0,0.0
1457,2,0,1457,0.006283174971759111,0.007177174716330725,3.9478287725740115e-05
1458,2,0,1458,0.0,0.0,0.0
1459,2,0,1459,2.0014830212433607e-16,2.220446049250313e-16,4.0059342843254506e-32
1460,0,0,1460,1.5700924586837754e-16,2.220446049250313e-16,2.465190328815662e-32
1461,2,0,1461,1.1102230246251565e-16,2.220446049250313e-16,1.232595164407831e-32
1462,0,0,1462,0.0,0.0,0.0
1463,2,0,1463,0.00628317497175956,0.012175962414792796,3.947828772574573e-05
1464,1,0,1464,0.006283174971758754,0.002722103076363558,3.947828772573562e-05
1465,2,0,1465,0.0062831749717588,0.00883556068235114,3.947828772573619e-05
1466,2,0,1466,0.0,0.0,0.0
1467,0,0,1467,0.006283174971758785,0.0012844953557418215,3.9478287725736e-05
1468,0,0,1468,0.0,0.0,0.0
1469,2,0,1469,0.006283174971759171,0.010386427437814705,3.9478287725740854e-05
1470,0,0,1470,0.0,0.0,0.0
1471,1,0,1471,0.0,0.0,0.0
1472,1,0,1472,0.006283174971758923,0.004018254806400279,3.947828772573775e-05
1473,0,0,1473,5.551115123125783e-17,1.1102230246251565e-16,3.0814879110195774e-33
1474,2,0,1474,2.482534153247273e-16,4.440892098500626e-16,6.162975822039155e-32
1475,0,0,1475,0.006283174971759254,0.008374639916084003,3.9478287725741904e-05
1476,2,0,1476,0.0,0.0,0.0
1477,1,0,1477,2.0014830212433607e-16,2.220446049250313e-16,4.0059342843254506e-32
1478,1,0,1478,2.498001805406602e-16,4.996003610813204e-16,6.240013019814644e-32
1479,2,0,1479,0.006283174971759266,0.0010497271848879386,3.947828772574204e-05
1480,0,0,1480,2.0014830212433607e-16,2.220446049250313e-16,4.0059342843254506e-32
1481,2,0,1481,1.1102230246251565e-16,0.0,1.232595164407831e-32
1482,2,0,1482,0.006283174971759104,0.011876433766234262,3.947828772574002e-05
1483,2,0,1483,0.0,0.0,0.0
1484,1,0,1484,0.0062831749717591106,0.012173748467781464,3.9478287725740095e-05
1485,0,0,1485,0.0,0.0,0.0
1486,1,0,1486,0.0062831749717587575,0.007402745174490466,3.947828772573567e-05
1487,2,0,1487,0.006283174971759115,0.011923432967417491,3.947828772574015e-05
1488,2,0,1488,0.0,0.0,0.0
1489,2,0,1489,0.006283174971759088,0.01085199174098106,3.947828772573982e-05
1490,0,0,1490,0.0,0.0,0.0
1491,2,0,1491,0.006283174971759115,0.003291651214716085,3.947828772574015e-05
1492,0,0,1492,2.0014830212433607e-16,3.3306690738754696e-16,4.0059342843254506e-32
1493,1,0,1493,0.006283174971759107,0.0058143535654204825,3.947828772574006e-05
1494,0,0,1494,1.5700924586837754e-16,2.220446049250313e-16,2.465190328815662e-32
1495,2,0,1495,0.0062831749717591765,0.012176363335315021,3.947828772574092e-05
1496,1,0,1496,1.6653345369377348e-16,3.3306690738754696e-16,2.7733391199176196e-32
1497,1,0,1497,0.0,0.0,0.0
1498,1,0,1498,2.482534153247273e-16,4.440892098500626e-16,6.162975822039155e-32
1499,0,0,1499,0.006283174971758943,0.008884779548573807,3.9478287725737994e-05
