,Layer,Qubit,Run,2-Norm,Trace Norm,Diamond Norm
0,2,0,0,0.06282151815625621,0.12564303631251242,0.003946543143456827
1,1,0,1,0.06282151815625665,0.1256430363125133,0.003946543143456884
2,2,0,2,0.06282151815625629,0.12564303631251258,0.003946543143456838
3,2,0,3,0.06282151815625675,0.12564303631251353,0.003946543143456898
4,2,0,4,0.06282151815625668,0.12564303631251336,0.003946543143456886
5,2,0,5,5.551115123125783e-17,1.1102230246251565e-16,3.0814879110195774e-33
6,2,0,6,0.0,0.0,0.0
7,0,0,7,2.482534153247273e-16,4.965068306494546e-16,6.162975822039155e-32
8,1,0,8,1.2412670766236366e-16,2.482534153247273e-16,1.5407439555097887e-32
9,0,0,9,0.0628215181562562,0.1256430363125124,0.0039465431434568266
10,2,0,10,0.0,0.0,0.0
11,1,0,11,1.6653345369377348e-16,3.3306690738754696e-16,2.7733391199176196e-32
12,2,0,12,0.0,0.0,0.0
13,1,0,13,0.0,0.0,0.0
14,1,0,14,2.482534153247273e-16,4.965068306494546e-16,6.162975822039155e-32
15,0,0,15,2.482534153247273e-16,4.965068306494546e-16,6.162975822039155e-32
16,1,0,16,0.06282151815625624,0.12564303631251247,0.003946543143456833
17,0,0,17,0.06282151815625651,0.12564303631251303,0.003946543143456868
18,1,0,18,0.06282151815625663,0.12564303631251322,0.0039465431434568795
19,2,0,19,4.163336342344337e-17,8.326672684688674e-17,1.7333369499485123e-33
20,2,0,20,0.0628215181562561,0.1256430363125122,0.0039465431434568135
21,2,0,21,5.551115123125783e-17,1.1102230246251565e-16,3.0814879110195774e-33
22,0,0,22,0.0628215181562567,0.1256430363125134,0.003946543143456889
23,2,0,23,3.1401849173675503e-16,6.280369834735101e-16,9.860761315262648e-32
24,0,0,24,0.06282151815625645,0.1256430363125129,0.003946543143456858
25,1,0,25,0.06282151815625672,0.12564303631251345,0.003946543143456893
26,0,0,26,0.06282151815625667,0.12564303631251333,0.003946543143456887
27,1,0,27,1.2412670766236366e-16,2.482534153247273e-16,1.5407439555097887e-32
28,0,0,28,0.06282151815625678,0.12564303631251356,0.003946543143456899
29,1,0,29,1.5700924586837752e-16,3.1401849173675503e-16,2.465190328815662e-32
30,0,0,30,0.06282151815625625,0.1256430363125125,0.003946543143456833
31,2,0,31,1.1102230246251565e-16,2.220446049250313e-16,1.232595164407831e-32
32,1,0,32,0.0628215181562564,0.12564303631251278,0.003946543143456853
33,1,0,33,0.0,0.0,0.0
34,0,0,34,0.06282151815625622,0.12564303631251245,0.00394654314345683
35,0,0,35,0.06282151815625649,0.12564303631251297,0.003946543143456862
36,2,0,36,0.06282151815625693,0.12564303631251386,0.0039465431434569185
37,0,0,37,3.885780586188048e-16,7.771561172376096e-16,1.509929076399593e-31
38,0,0,38,0.06282151815625646,0.12564303631251292,0.0039465431434568595
39,2,0,39,1.1102230246251565e-16,2.220446049250313e-16,1.232595164407831e-32
40,1,0,40,2.9893669801409088e-16,5.978733960281817e-16,8.936314941956774e-32
41,2,0,41,3.0531133177191805e-16,6.106226635438361e-16,9.321500930834222e-32
42,2,0,42,0.0,0.0,0.0
43,0,0,43,0.06282151815625654,0.12564303631251308,0.003946543143456869
44,1,0,44,1.5700924586837752e-16,3.1401849173675503e-16,2.465190328815662e-32
45,2,0,45,0.0,0.0,0.0
46,0,0,46,1.5700924586837752e-16,3.1401849173675503e-16,2.465190328815662e-32
47,2,0,47,0.06282151815625646,0.12564303631251292,0.003946543143456859
48,2,0,48,0.06282151815625624,0.12564303631251247,0.003946543143456832
49,0,0,49,0.06282151815625639,0.12564303631251278,0.003946543143456852
50,0,0,50,1.5700924586837752e-16,3.1401849173675503e-16,2.465190328815662e-32
51,1,0,51,0.06282151815625661,0.12564303631251322,0.0039465431434568795
52,2,0,52,1.5700924586837752e-16,3.1401849173675503e-16,2.465190328815662e-32
53,1,0,53,0.06282151815625651,0.12564303631251303,0.0039465431434568665
54,0,0,54,2.220446049250313e-16,4.440892098500626e-16,4.930380657631324e-32
55,1,0,55,0.06282151815625668,0.12564303631251336,0.003946543143456887
56,0,0,56,1.1102230246251565e-16,2.220446049250313e-16,1.232595164407831e-32
57,0,0,57,0.06282151815625629,0.12564303631251258,0.003946543143456838
58,0,0,58,0.0,0.0,0.0
59,1,0,59,0.0,0.0,0.0
60,1,0,60,0.0,0.0,0.0
61,2,0,61,2.5476231888929306e-16,5.095246377785861e-16,6.490383912584985e-32
62,1,0,62,1.2412670766236366e-16,2.482534153247273e-16,1.5407439555097887e-32
63,2,0,63,0.06282151815625674,0.12564303631251347,0.003946543143456895
64,1,0,64,0.06282151815625683,0.12564303631251367,0.003946543143456907
65,1,0,65,0.06282151815625665,0.1256430363125133,0.003946543143456885
66,0,0,66,1.9990131207314632,3.9980262414629255,0.003946543143456883
67,2,0,67,0.0,0.0,0.0
68,0,0,68,0.06282151815625614,0.12564303631251228,0.003946543143456819
69,0,0,69,0.06282151815625664,0.12564303631251328,0.003946543143456882
70,1,0,70,0.0,0.0,0.0
71,2,0,71,0.06282151815625667,0.12564303631251333,0.003946543143456886
72,1,0,72,0.0,0.0,0.0
73,0,0,73,0.06282151815625633,0.12564303631251267,0.003946543143456844
74,1,0,74,0.06282151815625654,0.12564303631251308,0.003946543143456871
75,0,0,75,0.0628215181562567,0.1256430363125134,0.00394654314345689
76,1,0,76,0.0,0.0,0.0
77,1,0,77,0.06282151815625646,0.12564303631251292,0.0039465431434568595
78,2,0,78,0.06282151815625663,0.12564303631251325,0.003946543143456882
79,2,0,79,0.0,0.0,0.0
80,1,0,80,0.06282151815625665,0.1256430363125133,0.0039465431434568855
81,2,0,81,1.999013120731463,3.998026241462926,0.003946543143456884
82,2,0,82,0.0,0.0,0.0
83,2,0,83,0.06282151815625645,0.1256430363125129,0.003946543143456859
84,1,0,84,1.1102230246251565e-16,2.220446049250313e-16,1.232595164407831e-32
85,0,0,85,0.06282151815625675,0.1256430363125135,0.003946543143456897
86,0,0,86,0.0628215181562564,0.1256430363125128,0.003946543143456854
87,0,0,87,0.06282151815625649,0.12564303631251297,0.003946543143456864
88,0,0,88,0.0,0.0,0.0
89,1,0,89,0.06282151815625668,0.12564303631251336,0.003946543143456889
90,1,0,90,0.06282151815625661,0.12564303631251325,0.00394654314345688
91,0,0,91,0.06282151815625671,0.12564303631251342,0.00394654314345689
92,0,0,92,0.0,0.0,0.0
93,0,0,93,0.06282151815625621,0.12564303631251242,0.003946543143456828
94,1,0,94,1.1102230246251565e-16,2.220446049250313e-16,1.232595164407831e-32
95,2,0,95,0.0,0.0,0.0
96,0,0,96,2.220446049250313e-16,4.440892098500626e-16,4.930380657631324e-32
97,1,0,97,0.0,0.0,0.0
98,1,0,98,2.7755575615628914e-16,5.551115123125783e-16,7.703719777548943e-32
99,2,0,99,0.0,0.0,0.0
100,1,0,100,0.06282151815625646,0.12564303631251292,0.00394654314345686
101,2,0,101,2.0000000000000004,4.000000000000001,3.7796375158599504e-32
102,1,0,102,0.0,0.0,0.0
103,1,0,103,0.06282151815625661,0.12564303631251322,0.003946543143456879
104,1,0,104,0.0,0.0,0.0
105,2,0,105,0.0,0.0,0.0
106,1,0,106,0.0,0.0,0.0
107,0,0,107,0.06282151815625674,0.12564303631251347,0.003946543143456895
108,1,0,108,0.06282151815625676,0.12564303631251353,0.0039465431434568985
109,2,0,109,0.06282151815625676,0.12564303631251353,0.0039465431434568985
110,2,0,110,0.06282151815625632,0.12564303631251264,0.003946543143456843
111,1,0,111,2.220446049250313e-16,4.440892098500626e-16,4.930380657631324e-32
112,2,0,112,0.06282151815625661,0.12564303631251322,0.0039465431434568795
113,1,0,113,0.06282151815625642,0.12564303631251283,0.003946543143456855
114,2,0,114,0.06282151815625668,0.12564303631251336,0.003946543143456888
115,2,0,115,0.06282151815625663,0.12564303631251325,0.003946543143456882
116,1,0,116,1.2412670766236366e-16,2.482534153247273e-16,1.5407439555097887e-32
117,1,0,117,0.06282151815625621,0.12564303631251242,0.003946543143456828
118,1,0,118,0.0628215181562562,0.1256430363125124,0.003946543143456828
119,1,0,119,0.0,0.0,0.0
120,0,0,120,0.06282151815625665,0.1256430363125133,0.003946543143456885
121,2,0,121,0.06282151815625657,0.12564303631251314,0.003946543143456875
122,0,0,122,1.5700924586837752e-16,3.1401849173675503e-16,2.465190328815662e-32
123,2,0,123,0.06282151815625663,0.12564303631251325,0.003946543143456882
124,2,0,124,0.0628215181562566,0.1256430363125132,0.003946543143456878
125,2,0,125,2.220446049250313e-16,4.440892098500626e-16,4.930380657631324e-32
126,0,0,126,0.0628215181562564,0.1256430363125128,0.003946543143456854
127,0,0,127,0.0,0.0,0.0
128,1,0,128,0.0,0.0,0.0
129,0,0,129,5.551115123125783e-17,1.1102230246251565e-16,3.0814879110195774e-33
130,2,0,130,0.06282151815625671,0.12564303631251342,0.003946543143456892
131,2,0,131,2.220446049250313e-16,4.440892098500626e-16,4.930380657631324e-32
132,2,0,132,0.06282151815625658,0.12564303631251317,0.003946543143456876
133,0,0,133,0.0628215181562567,0.1256430363125134,0.00394654314345689
134,2,0,134,1.1102230246251565e-16,2.220446049250313e-16,1.232595164407831e-32
135,1,0,135,1.1102230246251565e-16,2.220446049250313e-16,1.232595164407831e-32
136,2,0,136,0.06282151815625621,0.12564303631251242,0.003946543143456828
137,0,0,137,0.06282151815625611,0.12564303631251222,0.003946543143456816
138,1,0,138,0.06282151815625668,0.12564303631251336,0.003946543143456888
139,1,0,139,0.0628215181562562,0.1256430363125124,0.0039465431434568266
140,1,0,140,2.2887833992611187e-16,4.577566798522237e-16,5.238529448733282e-32
141,1,0,141,2.482534153247273e-16,4.965068306494546e-16,6.162975822039155e-32
142,0,0,142,0.06282151815625656,0.1256430363125131,0.003946543143456872
143,2,0,143,2.237726045655905e-16,4.47545209131181e-16,5.007417855406813e-32
144,2,0,144,0.06282151815625664,0.12564303631251328,0.003946543143456883
145,0,0,145,0.06282151815625671,0.12564303631251342,0.0039465431434568925
146,2,0,146,0.06282151815625674,0.12564303631251347,0.003946543143456895
147,0,0,147,0.0628215181562568,0.1256430363125136,0.003946543143456905
148,2,0,148,0.06282151815625678,0.12564303631251356,0.0039465431434569
149,2,0,149,4.0029660424867215e-16,8.005932084973443e-16,1.6023737137301802e-31
150,2,0,150,0.06282151815625657,0.12564303631251314,0.003946543143456873
151,2,0,151,0.06282151815625667,0.12564303631251333,0.0039465431434568855
152,2,0,152,0.06282151815625668,0.12564303631251336,0.003946543143456888
153,2,0,153,0.06282151815625674,0.12564303631251347,0.003946543143456895
154,1,0,154,2.0,4.0,4.930380657631324e-32
155,2,0,155,0.0,0.0,0.0
156,1,0,156,0.0,0.0,0.0
157,1,0,157,1.5700924586837752e-16,3.1401849173675503e-16,2.465190328815662e-32
158,0,0,158,1.1102230246251565e-16,2.220446049250313e-16,1.232595164407831e-32
159,0,0,159,0.0,0.0,0.0
160,1,0,160,0.06282151815625667,0.12564303631251333,0.0039465431434568855
161,2,0,161,5.551115123125783e-17,1.1102230246251565e-16,3.0814879110195774e-33
162,0,0,162,0.06282151815625664,0.12564303631251328,0.003946543143456883
163,2,0,163,0.06282151815625671,0.12564303631251342,0.0039465431434568925
164,0,0,164,0.0,0.0,0.0
165,0,0,165,2.220446049250313e-16,4.440892098500626e-16,4.930380657631324e-32
166,1,0,166,0.0628215181562563,0.1256430363125126,0.00394654314345684
167,1,0,167,0.0,0.0,0.0
168,0,0,168,0.06282151815625622,0.12564303631251245,0.003946543143456831
169,0,0,169,0.0628215181562565,0.125643036312513,0.003946543143456866
170,2,0,170,0.0,0.0,0.0
171,1,0,171,0.06282151815625646,0.12564303631251292,0.003946543143456859
172,0,0,172,1.1102230246251565e-16,2.220446049250313e-16,1.232595164407831e-32
173,0,0,173,0.06282151815625654,0.12564303631251308,0.003946543143456871
174,2,0,174,5.551115123125783e-17,1.1102230246251565e-16,3.0814879110195774e-33
175,1,0,175,1.1102230246251565e-16,2.220446049250313e-16,1.232595164407831e-32
176,2,0,176,0.06282151815625635,0.1256430363125127,0.003946543143456846
177,0,0,177,0.06282151815625636,0.12564303631251272,0.003946543143456849
178,1,0,178,1.1102230246251565e-16,2.220446049250313e-16,1.232595164407831e-32
179,0,0,179,1.3877787807814457e-17,2.7755575615628914e-17,1.925929944387236e-34
180,2,0,180,0.06282151815625664,0.12564303631251328,0.003946543143456882
181,0,0,181,0.0,0.0,0.0
182,2,0,182,0.06282151815625651,0.12564303631251303,0.0039465431434568665
183,1,0,183,1.5700924586837752e-16,3.1401849173675503e-16,2.465190328815662e-32
184,2,0,184,1.5700924586837752e-16,3.1401849173675503e-16,2.465190328815662e-32
185,0,0,185,1.2412670766236366e-16,2.482534153247273e-16,1.5407439555097887e-32
186,1,0,186,2.7755575615628914e-16,5.551115123125783e-16,7.703719777548943e-32
187,0,0,187,2.2887833992611187e-16,4.577566798522237e-16,5.238529448733282e-32
188,2,0,188,1.1102230246251565e-16,2.220446049250313e-16,1.232595164407831e-32
189,1,0,189,0.06282151815625651,0.12564303631251303,0.0039465431434568665
190,2,0,190,0.06282151815625657,0.12564303631251314,0.003946543143456872
191,0,0,191,0.0,0.0,0.0
192,2,0,192,0.06282151815625649,0.12564303631251297,0.003946543143456862
193,1,0,193,0.0,0.0,0.0
194,0,0,194,0.06282151815625664,0.12564303631251328,0.003946543143456882
195,2,0,195,0.0,0.0,0.0
196,2,0,196,0.06282151815625608,0.12564303631251217,0.003946543143456812
197,1,0,197,0.06282151815625643,0.12564303631251286,0.003946543143456857
198,0,0,198,0.06282151815625667,0.12564303631251333,0.0039465431434568855
199,0,0,199,0.0,0.0,0.0
200,0,0,200,0.0628215181562567,0.1256430363125134,0.003946543143456891
201,1,0,201,0.0,0.0,0.0
202,0,0,202,0.0,0.0,0.0
203,1,0,203,3.3306690738754696e-16,6.661338147750939e-16,1.1093356479670479e-31
204,1,0,204,1.1102230246251565e-16,2.220446049250313e-16,1.232595164407831e-32
205,2,0,205,2.7755575615628914e-16,5.551115123125783e-16,7.703719777548943e-32
206,2,0,206,1.2412670766236366e-16,2.482534153247273e-16,1.5407439555097887e-32
207,2,0,207,3.1401849173675503e-16,6.280369834735101e-16,9.860761315262648e-32
208,1,0,208,0.06282151815625663,0.12564303631251325,0.003946543143456879
209,0,0,209,0.06282151815625632,0.12564303631251264,0.003946543143456843
210,0,0,210,0.06282151815625625,0.1256430363125125,0.003946543143456833
211,0,0,211,2.482534153247273e-16,4.965068306494546e-16,6.162975822039155e-32
212,0,0,212,0.06282151815625672,0.12564303631251345,0.0039465431434568925
213,2,0,213,0.0,0.0,0.0
214,2,0,214,0.0628215181562567,0.1256430363125134,0.003946543143456889
215,2,0,215,2.220446049250313e-16,4.440892098500626e-16,4.930380657631324e-32
216,1,0,216,0.0628215181562567,0.1256430363125134,0.003946543143456891
217,2,0,217,0.0,0.0,0.0
218,0,0,218,0.06282151815625626,0.12564303631251253,0.003946543143456835
219,2,0,219,1.1102230246251565e-16,2.220446049250313e-16,1.232595164407831e-32
220,2,0,220,0.0,0.0,0.0
221,2,0,221,0.06282151815625643,0.12564303631251286,0.003946543143456857
222,1,0,222,0.06282151815625626,0.12564303631251253,0.003946543143456834
223,2,0,223,1.3877787807814457e-16,2.7755575615628914e-16,1.9259299443872359e-32
224,0,0,224,0.06282151815625646,0.12564303631251292,0.003946543143456859
225,1,0,225,0.06282151815625674,0.12564303631251347,0.003946543143456893
226,0,0,226,0.06282151815625676,0.12564303631251353,0.003946543143456898
227,2,0,227,0.06282151815625671,0.12564303631251342,0.0039465431434568925
228,1,0,228,0.0,0.0,0.0
229,1,0,229,0.0,0.0,0.0
230,2,0,230,3.1401849173675503e-16,6.280369834735101e-16,9.860761315262648e-32
231,0,0,231,0.06282151815625671,0.12564303631251342,0.003946543143456891
232,0,0,232,0.06282151815625626,0.12564303631251253,0.003946543143456835
233,0,0,233,0.06282151815625601,0.12564303631251203,0.003946543143456806
234,1,0,234,1.9990131207314632,3.9980262414629264,0.003946543143456875
235,2,0,235,0.06282151815625672,0.12564303631251345,0.003946543143456893
236,1,0,236,1.9990131207314628,3.9980262414629255,0.00394654314345684
237,0,0,237,0.06282151815625665,0.1256430363125133,0.0039465431434568855
238,1,0,238,2.220446049250313e-16,4.440892098500626e-16,4.930380657631324e-32
239,2,0,239,0.0,0.0,0.0
240,2,0,240,0.06282151815625671,0.12564303631251342,0.003946543143456891
241,2,0,241,0.0,0.0,0.0
242,1,0,242,0.06282151815625646,0.12564303631251292,0.00394654314345686
243,0,0,243,1.1102230246251565e-16,2.220446049250313e-16,1.232595164407831e-32
244,2,0,244,0.0,0.0,0.0
245,1,0,245,0.0,0.0,0.0
246,0,0,246,0.0,0.0,0.0
247,0,0,247,0.0628215181562567,0.1256430363125134,0.00394654314345689
248,1,0,248,0.0,0.0,0.0
249,2,0,249,2.482534153247273e-16,4.965068306494546e-16,6.162975822039155e-32
250,1,0,250,0.06282151815625629,0.12564303631251258,0.003946543143456838
251,1,0,251,0.0,0.0,0.0
252,1,0,252,2.498001805406602e-16,4.996003610813204e-16,6.240013019814644e-32
253,0,0,253,0.0,0.0,0.0
254,0,0,254,0.06282151815625647,0.12564303631251295,0.003946543143456861
255,2,0,255,2.482534153247273e-16,4.965068306494546e-16,6.162975822039155e-32
256,1,0,256,0.06282151815625654,0.12564303631251308,0.003946543143456871
257,1,0,257,0.06282151815625653,0.12564303631251306,0.003946543143456868
258,0,0,258,2.220446049250313e-16,4.440892098500626e-16,4.930380657631324e-32
259,2,0,259,0.0,0.0,0.0
260,1,0,260,0.0,0.0,0.0
261,0,0,261,1.1102230246251565e-16,2.220446049250313e-16,1.232595164407831e-32
262,0,0,262,0.06282151815625663,0.12564303631251325,0.003946543143456881
263,1,0,263,2.0014830212433607e-16,4.0029660424867215e-16,4.0059342843254506e-32
264,2,0,264,0.0,0.0,0.0
265,1,0,265,2.482534153247273e-16,4.965068306494546e-16,6.162975822039155e-32
266,0,0,266,2.0000000000000004,4.000000000000001,9.860761315262648e-32
267,0,0,267,0.06282151815625645,0.1256430363125129,0.003946543143456858
268,0,0,268,0.06282151815625664,0.12564303631251328,0.003946543143456883
269,0,0,269,0.06282151815625622,0.12564303631251245,0.00394654314345683
270,2,0,270,5.551115123125783e-17,1.1102230246251565e-16,3.0814879110195774e-33
271,2,0,271,0.0,0.0,0.0
272,2,0,272,0.06282151815625632,0.12564303631251264,0.003946543143456842
273,0,0,273,0.06282151815625628,0.12564303631251256,0.003946543143456836
274,1,0,274,0.0,0.0,0.0
275,1,0,275,0.0,0.0,0.0
276,2,0,276,2.7755575615628914e-16,5.551115123125783e-16,7.703719777548943e-32
277,1,0,277,0.06282151815625668,0.12564303631251336,0.003946543143456886
278,1,0,278,5.551115123125783e-17,1.1102230246251565e-16,3.0814879110195774e-33
279,1,0,279,0.06282151815625633,0.12564303631251267,0.003946543143456844
280,0,0,280,1.1102230246251565e-16,2.220446049250313e-16,1.232595164407831e-32
281,0,0,281,2.9893669801409088e-16,5.978733960281817e-16,8.936314941956774e-32
282,0,0,282,2.482534153247273e-16,4.965068306494546e-16,6.162975822039155e-32
283,0,0,283,2.0014830212433607e-16,4.0029660424867215e-16,4.0059342843254506e-32
284,2,0,284,0.06282151815625668,0.12564303631251336,0.003946543143456887
285,1,0,285,0.06282151815625653,0.12564303631251306,0.00394654314345687
286,1,0,286,0.06282151815625658,0.12564303631251317,0.003946543143456875
287,2,0,287,3.3306690738754696e-16,6.661338147750939e-16,1.1093356479670479e-31
288,1,0,288,0.06282151815625661,0.12564303631251322,0.0039465431434568795
289,1,0,289,0.0,0.0,0.0
290,1,0,290,0.06282151815625661,0.12564303631251322,0.0039465431434568795
291,2,0,291,1.6653345369377348e-16,3.3306690738754696e-16,2.7733391199176196e-32
292,1,0,292,0.0,0.0,0.0
293,0,0,293,0.0,0.0,0.0
294,1,0,294,0.06282151815625668,0.12564303631251336,0.003946543143456888
295,0,0,295,0.06282151815625658,0.12564303631251317,0.003946543143456877
296,0,0,296,0.06282151815625658,0.12564303631251317,0.003946543143456874
297,2,0,297,2.2887833992611187e-16,4.577566798522237e-16,5.238529448733282e-32
298,0,0,298,0.06282151815625626,0.12564303631251253,0.003946543143456836
299,2,0,299,2.0014830212433607e-16,4.0029660424867215e-16,4.0059342843254506e-32
300,0,0,300,0.06282151815625667,0.12564303631251336,0.003946543143456886
301,0,0,301,0.06282151815625671,0.12564303631251342,0.003946543143456891
302,1,0,302,1.5700924586837752e-16,3.1401849173675503e-16,2.465190328815662e-32
303,0,0,303,2.482534153247273e-16,4.965068306494546e-16,6.162975822039155e-32
304,1,0,304,0.06282151815625658,0.12564303631251317,0.003946543143456876
305,2,0,305,0.06282151815625668,0.12564303631251336,0.003946543143456888
306,1,0,306,0.0,0.0,0.0
307,2,0,307,1.1102230246251565e-16,2.220446049250313e-16,1.232595164407831e-32
308,0,0,308,0.0,0.0,0.0
309,2,0,309,2.220446049250313e-16,4.440892098500626e-16,4.930380657631324e-32
310,0,0,310,1.5700924586837752e-16,3.1401849173675503e-16,2.465190328815662e-32
311,0,0,311,0.0628215181562567,0.1256430363125134,0.00394654314345689
312,2,0,312,0.06282151815625668,0.12564303631251336,0.003946543143456887
313,0,0,313,0.06282151815625629,0.12564303631251258,0.003946543143456838
314,0,0,314,1.5700924586837752e-16,3.1401849173675503e-16,2.465190328815662e-32
315,1,0,315,2.482534153247273e-16,4.965068306494546e-16,6.162975822039155e-32
316,1,0,316,0.06282151815625651,0.12564303631251303,0.003946543143456868
317,1,0,317,0.06282151815625647,0.12564303631251292,0.00394654314345686
318,0,0,318,2.0014830212433607e-16,4.0029660424867215e-16,4.0059342843254506e-32
319,1,0,319,0.0,0.0,0.0
320,1,0,320,1.5700924586837752e-16,3.1401849173675503e-16,2.465190328815662e-32
321,0,0,321,1.5700924586837752e-16,3.1401849173675503e-16,2.465190328815662e-32
322,2,0,322,1.1102230246251565e-16,2.220446049250313e-16,1.232595164407831e-32
323,2,0,323,2.220446049250313e-16,4.440892098500626e-16,4.930380657631324e-32
324,0,0,324,0.06282151815625654,0.12564303631251308,0.003946543143456872
325,1,0,325,0.0628215181562562,0.1256430363125124,0.0039465431434568266
326,2,0,326,0.06282151815625671,0.12564303631251342,0.003946543143456892
327,1,0,327,0.06282151815625651,0.12564303631251303,0.003946543143456867
328,2,0,328,0.0628215181562567,0.1256430363125134,0.003946543143456892
329,2,0,329,1.5700924586837752e-16,3.1401849173675503e-16,2.465190328815662e-32
330,0,0,330,1.9990131207314628,3.9980262414629255,0.0039465431434569055
331,2,0,331,1.6653345369377348e-16,3.3306690738754696e-16,2.7733391199176196e-32
332,2,0,332,0.06282151815625665,0.1256430363125133,0.003946543143456885
333,0,0,333,2.482534153247273e-16,4.965068306494546e-16,6.162975822039155e-32
334,2,0,334,0.06282151815625647,0.12564303631251295,0.003946543143456863
335,2,0,335,0.0,0.0,0.0
336,1,0,336,2.7755575615628914e-16,5.551115123125783e-16,7.703719777548943e-32
337,2,0,337,1.5700924586837752e-16,3.1401849173675503e-16,2.465190328815662e-32
338,2,0,338,1.999013120731463,3.998026241462926,0.003946543143456892
339,0,0,339,0.06282151815625663,0.12564303631251325,0.003946543143456882
340,0,0,340,0.0628215181562566,0.1256430363125132,0.003946543143456877
341,1,0,341,0.06282151815625658,0.12564303631251317,0.003946543143456877
342,0,0,342,0.06282151815625656,0.1256430363125131,0.003946543143456873
343,2,0,343,0.0,0.0,0.0
344,2,0,344,2.7755575615628914e-16,5.551115123125783e-16,7.703719777548943e-32
345,1,0,345,0.06282151815625647,0.12564303631251295,0.003946543143456862
346,2,0,346,0.06282151815625635,0.1256430363125127,0.003946543143456845
347,1,0,347,0.0628215181562566,0.1256430363125132,0.003946543143456877
348,2,0,348,0.06282151815625664,0.1256430363125133,0.003946543143456885
349,0,0,349,0.06282151815625626,0.12564303631251253,0.003946543143456836
350,0,0,350,0.0,0.0,0.0
351,1,0,351,0.06282151815625665,0.1256430363125133,0.0039465431434568855
352,1,0,352,5.551115123125783e-17,1.1102230246251565e-16,3.0814879110195774e-33
353,1,0,353,0.06282151815625628,0.12564303631251256,0.003946543143456838
354,1,0,354,2.2591401799415137e-16,4.518280359883027e-16,5.103714352626175e-32
355,2,0,355,1.1102230246251565e-16,2.220446049250313e-16,1.232595164407831e-32
356,0,0,356,0.0628215181562565,0.125643036312513,0.003946543143456865
357,1,0,357,0.06282151815625651,0.12564303631251303,0.003946543143456867
358,1,0,358,0.06282151815625671,0.12564303631251342,0.003946543143456891
359,2,0,359,0.06282151815625658,0.12564303631251317,0.003946543143456877
360,1,0,360,0.06282151815625674,0.12564303631251347,0.003946543143456895
361,0,0,361,0.06282151815625653,0.12564303631251308,0.00394654314345687
362,0,0,362,0.0,0.0,0.0
363,1,0,363,0.06282151815625617,0.12564303631251234,0.003946543143456823
364,2,0,364,0.06282151815625658,0.12564303631251317,0.003946543143456875
365,2,0,365,0.06282151815625654,0.12564303631251308,0.00394654314345687
366,0,0,366,0.0,0.0,0.0
367,1,0,367,1.5700924586837752e-16,3.1401849173675503e-16,2.465190328815662e-32
368,1,0,368,4.0029660424867215e-16,8.005932084973443e-16,1.6023737137301802e-31
369,0,0,369,1.2412670766236366e-16,2.482534153247273e-16,1.5407439555097887e-32
370,2,0,370,0.06282151815625663,0.12564303631251325,0.003946543143456881
371,1,0,371,0.0628215181562567,0.1256430363125134,0.003946543143456889
372,2,0,372,1.6653345369377348e-16,3.3306690738754696e-16,2.7733391199176196e-32
373,1,0,373,0.0628215181562568,0.1256430363125136,0.003946543143456904
374,0,0,374,0.06282151815625658,0.12564303631251317,0.003946543143456877
375,0,0,375,1.3877787807814457e-16,2.7755575615628914e-16,1.9259299443872359e-32
376,2,0,376,0.0628215181562567,0.1256430363125134,0.00394654314345689
377,0,0,377,0.0628215181562566,0.1256430363125132,0.003946543143456878
378,1,0,378,0.06282151815625671,0.12564303631251342,0.00394654314345689
379,1,0,379,0.0,0.0,0.0
380,1,0,380,0.0628215181562567,0.1256430363125134,0.00394654314345689
381,0,0,381,1.5700924586837752e-16,3.1401849173675503e-16,2.465190328815662e-32
382,0,0,382,0.06282151815625647,0.12564303631251295,0.00394654314345686
383,1,0,383,0.06282151815625656,0.1256430363125131,0.003946543143456873
384,2,0,384,1.5700924586837752e-16,3.1401849173675503e-16,2.465190328815662e-32
385,2,0,385,0.0628215181562565,0.125643036312513,0.0039465431434568665
386,0,0,386,5.551115123125783e-17,1.1102230246251565e-16,3.0814879110195774e-33
387,0,0,387,0.06282151815625664,0.12564303631251328,0.003946543143456884
388,0,0,388,0.0,0.0,0.0
389,1,0,389,0.06282151815625668,0.12564303631251336,0.003946543143456886
390,1,0,390,2.482534153247273e-16,4.965068306494546e-16,6.162975822039155e-32
391,0,0,391,0.06282151815625667,0.12564303631251333,0.0039465431434568855
392,2,0,392,0.06282151815625622,0.12564303631251245,0.003946543143456831
393,0,0,393,0.06282151815625668,0.12564303631251336,0.003946543143456888
394,0,0,394,0.0628215181562563,0.1256430363125126,0.003946543143456842
395,1,0,395,0.06282151815625667,0.12564303631251333,0.003946543143456887
396,2,0,396,0.06282151815625661,0.12564303631251322,0.0039465431434568795
397,0,0,397,0.06282151815625633,0.12564303631251267,0.003946543143456845
398,2,0,398,1.1102230246251565e-16,2.220446049250313e-16,1.232595164407831e-32
399,1,0,399,0.0628215181562567,0.1256430363125134,0.00394654314345689
400,1,0,400,0.0,0.0,0.0
401,0,0,401,0.06282151815625629,0.12564303631251258,0.0039465431434568396
402,0,0,402,0.0,0.0,0.0
403,1,0,403,0.0,0.0,0.0
404,0,0,404,0.06282151815625633,0.12564303631251267,0.003946543143456844
405,0,0,405,0.0,0.0,0.0
406,2,0,406,0.06282151815625676,0.12564303631251353,0.0039465431434568985
407,0,0,407,0.0,0.0,0.0
408,0,0,408,0.06282151815625651,0.12564303631251306,0.003946543143456868
409,0,0,409,0.0,0.0,0.0
410,0,0,410,2.482534153247273e-16,4.965068306494546e-16,6.162975822039155e-32
411,0,0,411,0.06282151815625658,0.12564303631251317,0.003946543143456876
412,0,0,412,1.2412670766236366e-16,2.482534153247273e-16,1.5407439555097887e-32
413,1,0,413,2.220446049250313e-16,4.440892098500626e-16,4.930380657631324e-32
414,2,0,414,0.0628215181562565,0.125643036312513,0.0039465431434568665
415,2,0,415,0.06282151815625635,0.1256430363125127,0.003946543143456847
416,2,0,416,0.06282151815625642,0.12564303631251283,0.003946543143456854
417,0,0,417,0.0628215181562566,0.1256430363125132,0.003946543143456878
418,1,0,418,0.0,0.0,0.0
419,0,0,419,0.06282151815625649,0.12564303631251297,0.003946543143456864
420,2,0,420,0.06282151815625661,0.12564303631251322,0.003946543143456879
421,0,0,421,1.1102230246251565e-16,2.220446049250313e-16,1.232595164407831e-32
422,2,0,422,1.1102230246251565e-16,2.220446049250313e-16,1.232595164407831e-32
423,2,0,423,0.0,0.0,0.0
424,1,0,424,1.1102230246251565e-16,2.220446049250313e-16,1.232595164407831e-32
425,0,0,425,0.0628215181562567,0.1256430363125134,0.003946543143456891
426,0,0,426,0.06282151815625653,0.12564303631251306,0.003946543143456869
427,1,0,427,0.06282151815625647,0.12564303631251292,0.003946543143456861
428,2,0,428,1.1102230246251565e-16,2.220446049250313e-16,1.232595164407831e-32
429,2,0,429,1.2412670766236366e-16,2.482534153247273e-16,1.5407439555097887e-32
430,1,0,430,0.06282151815625615,0.1256430363125123,0.003946543143456823
431,2,0,431,0.06282151815625671,0.12564303631251342,0.0039465431434568925
432,2,0,432,1.5700924586837752e-16,3.1401849173675503e-16,2.465190328815662e-32
433,1,0,433,2.0014830212433607e-16,4.0029660424867215e-16,4.0059342843254506e-32
434,2,0,434,0.06282151815625633,0.12564303631251267,0.003946543143456844
435,2,0,435,0.0,0.0,0.0
436,1,0,436,2.0014830212433607e-16,4.0029660424867215e-16,4.0059342843254506e-32
437,0,0,437,0.0,0.0,0.0
438,2,0,438,0.06282151815625651,0.12564303631251303,0.003946543143456867
439,1,0,439,0.06282151815625674,0.12564303631251347,0.003946543143456895
440,1,0,440,0.0,0.0,0.0
441,1,0,441,1.1102230246251565e-16,2.220446049250313e-16,1.232595164407831e-32
442,0,0,442,0.06282151815625614,0.12564303631251228,0.0039465431434568205
443,2,0,443,0.06282151815625636,0.12564303631251272,0.003946543143456847
444,2,0,444,0.0628215181562565,0.125643036312513,0.003946543143456865
445,1,0,445,0.06282151815625635,0.1256430363125127,0.003946543143456845
446,2,0,446,0.06282151815625624,0.12564303631251247,0.003946543143456832
447,2,0,447,2.482534153247273e-16,4.965068306494546e-16,6.162975822039155e-32
448,1,0,448,0.06282151815625653,0.12564303631251306,0.003946543143456868
449,0,0,449,0.0628215181562563,0.1256430363125126,0.003946543143456842
450,0,0,450,3.510833468576701e-16,7.021666937153402e-16,1.232595164407831e-31
451,0,0,451,0.06282151815625671,0.12564303631251342,0.003946543143456892
452,2,0,452,1.1102230246251565e-16,2.220446049250313e-16,1.232595164407831e-32
453,2,0,453,0.0628215181562566,0.1256430363125132,0.003946543143456878
454,2,0,454,0.0,0.0,0.0
455,2,0,455,0.06282151815625632,0.12564303631251264,0.003946543143456843
456,1,0,456,1.6653345369377348e-16,3.3306690738754696e-16,2.7733391199176196e-32
457,0,0,457,0.0628215181562562,0.1256430363125124,0.0039465431434568266
458,1,0,458,0.06282151815625658,0.12564303631251317,0.003946543143456875
459,0,0,459,0.0,0.0,0.0
460,2,0,460,0.06282151815625671,0.12564303631251342,0.003946543143456891
461,0,0,461,1.1102230246251565e-16,2.220446049250313e-16,1.232595164407831e-32
462,1,0,462,0.06282151815625632,0.12564303631251264,0.003946543143456843
463,1,0,463,1.5700924586837752e-16,3.1401849173675503e-16,2.465190328815662e-32
464,0,0,464,1.5700924586837752e-16,3.1401849173675503e-16,2.465190328815662e-32
465,2,0,465,1.1102230246251565e-16,2.220446049250313e-16,1.232595164407831e-32
466,1,0,466,0.0628215181562564,0.1256430363125128,0.003946543143456853
467,0,0,467,0.0,0.0,0.0
468,2,0,468,1.1102230246251565e-16,2.220446049250313e-16,1.232595164407831e-32
469,2,0,469,0.06282151815625658,0.1256430363125132,0.003946543143456876
470,0,0,470,2.220446049250313e-16,4.440892098500626e-16,4.930380657631324e-32
471,2,0,471,0.06282151815625624,0.12564303631251247,0.003946543143456833
472,2,0,472,2.7755575615628914e-16,5.551115123125783e-16,7.703719777548943e-32
473,1,0,473,0.06282151815625649,0.12564303631251297,0.003946543143456864
474,2,0,474,0.06282151815625633,0.12564303631251267,0.003946543143456845
475,0,0,475,0.06282151815625667,0.12564303631251333,0.0039465431434568855
476,0,0,476,1.999013120731463,3.998026241462926,0.003946543143456895
477,1,0,477,0.0,0.0,0.0
478,2,0,478,0.06282151815625665,0.1256430363125133,0.003946543143456884
479,1,0,479,0.0,0.0,0.0
480,1,0,480,2.9893669801409088e-16,5.978733960281817e-16,8.936314941956774e-32
481,0,0,481,0.06282151815625656,0.1256430363125131,0.003946543143456872
482,1,0,482,0.06282151815625667,0.12564303631251333,0.003946543143456886
483,2,0,483,0.06282151815625663,0.12564303631251325,0.00394654314345688
484,0,0,484,0.06282151815625663,0.12564303631251325,0.0039465431434568795
485,2,0,485,0.0,0.0,0.0
486,0,0,486,1.6653345369377348e-16,3.3306690738754696e-16,2.7733391199176196e-32
487,2,0,487,0.06282151815625661,0.12564303631251322,0.003946543143456879
488,1,0,488,2.482534153247273e-16,4.965068306494546e-16,6.162975822039155e-32
489,2,0,489,0.06282151815625672,0.12564303631251345,0.003946543143456892
490,0,0,490,0.0,0.0,0.0
491,0,0,491,0.06282151815625657,0.12564303631251314,0.003946543143456874
492,2,0,492,1.2412670766236366e-16,2.482534153247273e-16,1.5407439555097887e-32
493,1,0,493,0.0,0.0,0.0
494,1,0,494,1.2412670766236366e-16,2.482534153247273e-16,1.5407439555097887e-32
495,0,0,495,0.0,0.0,0.0
496,1,0,496,0.06282151815625663,0.12564303631251325,0.003946543143456881
497,1,0,497,1.1102230246251565e-16,2.220446049250313e-16,1.232595164407831e-32
498,1,0,498,0.06282151815625664,0.12564303631251328,0.003946543143456882
499,1,0,499,2.220446049250313e-16,4.440892098500626e-16,4.930380657631324e-32
500,2,0,500,0.0628215181562568,0.1256430363125136,0.003946543143456903
501,2,0,501,2.0,4.0,4.930380657631324e-32
502,2,0,502,0.0628215181562566,0.1256430363125132,0.003946543143456877
503,2,0,503,0.0628215181562567,0.1256430363125134,0.003946543143456888
504,2,0,504,1.5700924586837752e-16,3.1401849173675503e-16,2.465190328815662e-32
505,0,0,505,0.0,0.0,0.0
506,2,0,506,0.06282151815625667,0.12564303631251333,0.0039465431434568855
507,2,0,507,1.1102230246251565e-16,2.220446049250313e-16,1.232595164407831e-32
508,0,0,508,0.0,0.0,0.0
509,2,0,509,1.942890293094024e-16,3.885780586188048e-16,3.774822690998982e-32
510,0,0,510,0.0,0.0,0.0
511,2,0,511,3.554447978966673e-16,7.108895957933346e-16,1.2634100435180267e-31
512,0,0,512,0.06282151815625626,0.12564303631251253,0.003946543143456836
513,1,0,513,2.7755575615628914e-17,5.551115123125783e-17,7.703719777548943e-34
514,2,0,514,0.06282151815625629,0.12564303631251258,0.00394654314345684
515,0,0,515,0.0,0.0,0.0
516,0,0,516,1.6653345369377348e-16,3.3306690738754696e-16,2.7733391199176196e-32
517,2,0,517,0.06282151815625626,0.12564303631251253,0.003946543143456836
518,0,0,518,1.1102230246251565e-16,2.220446049250313e-16,1.232595164407831e-32
519,1,0,519,2.220446049250313e-16,4.440892098500626e-16,4.930380657631324e-32
520,2,0,520,0.06282151815625661,0.12564303631251322,0.003946543143456879
521,1,0,521,3.510833468576701e-16,7.021666937153402e-16,1.232595164407831e-31
522,2,0,522,0.06282151815625625,0.1256430363125125,0.0039465431434568335
523,0,0,523,2.2887833992611187e-16,4.577566798522237e-16,5.238529448733282e-32
524,2,0,524,1.1102230246251565e-16,2.220446049250313e-16,1.232595164407831e-32
525,2,0,525,0.06282151815625653,0.12564303631251306,0.003946543143456869
526,2,0,526,0.0,0.0,0.0
527,1,0,527,0.0628215181562562,0.1256430363125124,0.003946543143456826
528,2,0,528,0.06282151815625658,0.12564303631251317,0.003946543143456875
529,1,0,529,0.0,0.0,0.0
530,0,0,530,0.06282151815625643,0.12564303631251286,0.003946543143456857
531,1,0,531,0.0,0.0,0.0
532,0,0,532,0.06282151815625665,0.1256430363125133,0.003946543143456885
533,2,0,533,0.06282151815625633,0.12564303631251264,0.003946543143456843
534,1,0,534,2.482534153247273e-16,4.965068306494546e-16,6.162975822039155e-32
535,0,0,535,0.0,0.0,0.0
536,1,0,536,1.9990131207314632,3.9980262414629264,0.003946543143456881
537,0,0,537,0.06282151815625678,0.12564303631251356,0.0039465431434568985
538,0,0,538,0.06282151815625635,0.1256430363125127,0.003946543143456846
539,2,0,539,0.06282151815625674,0.12564303631251347,0.003946543143456895
540,1,0,540,0.06282151815625657,0.12564303631251314,0.003946543143456874
541,1,0,541,0.0,0.0,0.0
542,1,0,542,0.06282151815625663,0.12564303631251325,0.00394654314345688
543,0,0,543,0.06282151815625674,0.12564303631251347,0.003946543143456896
544,1,0,544,0.06282151815625646,0.12564303631251292,0.0039465431434568595
545,1,0,545,0.06282151815625661,0.12564303631251322,0.003946543143456878
546,0,0,546,0.0,0.0,0.0
547,2,0,547,0.06282151815625664,0.12564303631251328,0.003946543143456884
548,2,0,548,1.5700924586837752e-16,3.1401849173675503e-16,2.465190328815662e-32
549,2,0,549,0.0,0.0,0.0
550,1,0,550,0.0,0.0,0.0
551,1,0,551,0.06282151815625625,0.1256430363125125,0.003946543143456834
552,1,0,552,0.0,0.0,0.0
553,2,0,553,0.06282151815625661,0.12564303631251322,0.003946543143456879
554,1,0,554,0.06282151815625668,0.12564303631251336,0.003946543143456887
555,2,0,555,0.06282151815625625,0.1256430363125125,0.0039465431434568335
556,1,0,556,0.06282151815625618,0.12564303631251236,0.003946543143456824
557,2,0,557,0.06282151815625643,0.12564303631251286,0.003946543143456856
558,1,0,558,0.0628215181562563,0.12564303631251264,0.003946543143456841
559,1,0,559,2.220446049250313e-16,4.440892098500626e-16,4.930380657631324e-32
560,1,0,560,0.0,0.0,0.0
561,2,0,561,0.06282151815625614,0.12564303631251228,0.0039465431434568205
562,0,0,562,0.06282151815625667,0.12564303631251333,0.003946543143456887
563,1,0,563,0.06282151815625646,0.12564303631251292,0.003946543143456859
564,0,0,564,1.1102230246251565e-16,2.220446049250313e-16,1.232595164407831e-32
565,1,0,565,0.0,0.0,0.0
566,1,0,566,1.2412670766236366e-16,2.482534153247273e-16,1.5407439555097887e-32
567,2,0,567,0.06282151815625661,0.12564303631251325,0.0039465431434568795
568,1,0,568,0.06282151815625651,0.12564303631251303,0.003946543143456867
569,1,0,569,1.1102230246251565e-16,2.220446049250313e-16,1.232595164407831e-32
570,1,0,570,0.0,0.0,0.0
571,2,0,571,0.0,0.0,0.0
572,1,0,572,0.06282151815625618,0.12564303631251236,0.003946543143456826
573,1,0,573,0.0,0.0,0.0
574,0,0,574,2.482534153247273e-16,4.965068306494546e-16,6.162975822039155e-32
575,2,0,575,2.482534153247273e-16,4.965068306494546e-16,6.162975822039155e-32
576,0,0,576,0.06282151815625657,0.12564303631251314,0.003946543143456874
577,0,0,577,0.0,0.0,0.0
578,2,0,578,2.482534153247273e-16,4.965068306494546e-16,6.162975822039155e-32
579,0,0,579,1.1102230246251565e-16,2.220446049250313e-16,1.232595164407831e-32
580,0,0,580,0.0,0.0,0.0
581,1,0,581,0.06282151815625635,0.1256430363125127,0.003946543143456846
582,2,0,582,0.06282151815625625,0.1256430363125125,0.003946543143456833
583,1,0,583,0.06282151815625615,0.1256430363125123,0.003946543143456821
584,0,0,584,0.06282151815625647,0.12564303631251295,0.003946543143456861
585,2,0,585,0.06282151815625663,0.12564303631251325,0.00394654314345688
586,0,0,586,5.551115123125783e-17,1.1102230246251565e-16,3.0814879110195774e-33
587,1,0,587,1.1443916996305594e-16,2.2887833992611187e-16,1.3096323621833204e-32
588,1,0,588,0.0628215181562567,0.1256430363125134,0.003946543143456891
589,0,0,589,0.06282151815625636,0.12564303631251272,0.003946543143456848
590,0,0,590,0.06282151815625678,0.12564303631251356,0.003946543143456899
591,1,0,591,0.06282151815625654,0.12564303631251308,0.00394654314345687
592,0,0,592,0.0,0.0,0.0
593,0,0,593,2.220446049250313e-16,4.440892098500626e-16,4.930380657631324e-32
594,0,0,594,0.06282151815625667,0.12564303631251336,0.003946543143456886
595,2,0,595,0.06282151815625667,0.12564303631251333,0.0039465431434568855
596,2,0,596,5.551115123125783e-17,1.1102230246251565e-16,3.0814879110195774e-33
597,2,0,597,0.0,0.0,0.0
598,1,0,598,1.1102230246251565e-16,2.220446049250313e-16,1.232595164407831e-32
599,1,0,599,0.0,0.0,0.0
600,2,0,600,0.06282151815625661,0.12564303631251322,0.003946543143456879
601,1,0,601,1.1102230246251565e-16,2.220446049250313e-16,1.232595164407831e-32
602,0,0,602,0.06282151815625633,0.12564303631251267,0.003946543143456846
603,2,0,603,0.0,0.0,0.0
604,1,0,604,1.1102230246251565e-16,2.220446049250313e-16,1.232595164407831e-32
605,1,0,605,0.06282151815625671,0.12564303631251342,0.003946543143456892
606,0,0,606,0.0,0.0,0.0
607,0,0,607,2.2887833992611187e-16,4.577566798522237e-16,5.238529448733282e-32
608,0,0,608,0.06282151815625622,0.12564303631251245,0.003946543143456829
609,2,0,609,0.06282151815625621,0.12564303631251242,0.003946543143456828
610,2,0,610,0.06282151815625645,0.1256430363125129,0.0039465431434568595
611,0,0,611,2.0000000000000004,4.000000000000001,6.162975822039155e-32
612,1,0,612,1.1102230246251565e-16,2.220446049250313e-16,1.232595164407831e-32
613,2,0,613,0.0628215181562567,0.1256430363125134,0.003946543143456888
614,0,0,614,5.551115123125783e-17,1.1102230246251565e-16,3.0814879110195774e-33
615,1,0,615,1.1443916996305594e-16,2.2887833992611187e-16,1.3096323621833204e-32
616,1,0,616,0.06282151815625647,0.12564303631251295,0.003946543143456861
617,0,0,617,0.0,0.0,0.0
618,0,0,618,0.0628215181562564,0.1256430363125128,0.0039465431434568534
619,1,0,619,0.06282151815625651,0.12564303631251303,0.003946543143456867
620,0,0,620,5.551115123125783e-17,1.1102230246251565e-16,3.0814879110195774e-33
621,1,0,621,0.06282151815625663,0.12564303631251325,0.003946543143456881
622,0,0,622,0.06282151815625668,0.12564303631251336,0.003946543143456889
623,2,0,623,0.06282151815625658,0.12564303631251317,0.003946543143456876
624,1,0,624,0.06282151815625668,0.12564303631251336,0.003946543143456886
625,0,0,625,0.0628215181562567,0.1256430363125134,0.003946543143456889
626,2,0,626,0.06282151815625672,0.12564303631251345,0.003946543143456892
627,1,0,627,0.06282151815625632,0.12564303631251264,0.003946543143456843
628,2,0,628,3.1401849173675503e-16,6.280369834735101e-16,9.860761315262648e-32
629,2,0,629,0.06282151815625671,0.12564303631251342,0.003946543143456892
630,0,0,630,0.06282151815625649,0.12564303631251297,0.003946543143456863
631,2,0,631,0.06282151815625646,0.12564303631251292,0.0039465431434568595
632,2,0,632,0.0,0.0,0.0
633,2,0,633,0.06282151815625625,0.1256430363125125,0.0039465431434568335
634,0,0,634,2.482534153247273e-16,4.965068306494546e-16,6.162975822039155e-32
635,1,0,635,2.0,4.0,1.4251881588465545e-31
636,1,0,636,1.1102230246251565e-16,2.220446049250313e-16,1.232595164407831e-32
637,1,0,637,0.06282151815625676,0.12564303631251353,0.003946543143456898
638,2,0,638,0.06282151815625617,0.12564303631251234,0.003946543143456822
639,2,0,639,0.0,0.0,0.0
640,0,0,640,0.06282151815625626,0.12564303631251253,0.003946543143456836
641,1,0,641,1.5700924586837752e-16,3.1401849173675503e-16,2.465190328815662e-32
642,1,0,642,0.06282151815625682,0.12564303631251364,0.003946543143456905
643,1,0,643,0.06282151815625633,0.12564303631251264,0.003946543143456843
644,0,0,644,5.551115123125783e-17,1.1102230246251565e-16,3.0814879110195774e-33
645,1,0,645,0.0628215181562566,0.1256430363125132,0.003946543143456878
646,1,0,646,1.2412670766236366e-16,2.482534153247273e-16,1.5407439555097887e-32
647,0,0,647,1.5700924586837752e-16,3.1401849173675503e-16,2.465190328815662e-32
648,0,0,648,0.06282151815625672,0.12564303631251345,0.003946543143456893
649,2,0,649,0.0628215181562566,0.1256430363125132,0.003946543143456879
650,2,0,650,5.551115123125783e-17,1.1102230246251565e-16,3.0814879110195774e-33
651,1,0,651,0.0,0.0,0.0
652,0,0,652,0.06282151815625636,0.12564303631251272,0.003946543143456847
653,2,0,653,1.1102230246251565e-16,2.220446049250313e-16,1.232595164407831e-32
654,1,0,654,0.0,0.0,0.0
655,1,0,655,1.5700924586837752e-16,3.1401849173675503e-16,2.465190328815662e-32
656,1,0,656,0.06282151815625679,0.12564303631251358,0.003946543143456902
657,0,0,657,0.0,0.0,0.0
658,2,0,658,0.0628215181562563,0.1256430363125126,0.003946543143456841
659,0,0,659,2.482534153247273e-16,4.965068306494546e-16,6.162975822039155e-32
660,0,0,660,0.06282151815625642,0.12564303631251283,0.003946543143456855
661,2,0,661,1.2412670766236366e-16,2.482534153247273e-16,1.5407439555097887e-32
662,0,0,662,0.06282151815625624,0.12564303631251247,0.0039465431434568335
663,1,0,663,2.482534153247273e-16,4.965068306494546e-16,6.162975822039155e-32
664,0,0,664,0.06282151815625649,0.12564303631251297,0.003946543143456863
665,0,0,665,0.06282151815625626,0.12564303631251253,0.003946543143456835
666,0,0,666,0.0,0.0,0.0
667,2,0,667,1.5700924586837752e-16,3.1401849173675503e-16,2.465190328815662e-32
668,1,0,668,1.1102230246251565e-16,2.220446049250313e-16,1.232595164407831e-32
669,2,0,669,0.06282151815625653,0.12564303631251306,0.003946543143456868
670,2,0,670,0.06282151815625678,0.12564303631251356,0.0039465431434569
671,2,0,671,0.06282151815625661,0.12564303631251322,0.0039465431434568795
672,2,0,672,0.06282151815625672,0.12564303631251345,0.003946543143456893
673,1,0,673,0.06282151815625651,0.12564303631251303,0.003946543143456867
674,1,0,674,1.1102230246251565e-16,2.220446049250313e-16,1.232595164407831e-32
675,2,0,675,0.0,0.0,0.0
676,0,0,676,1.1102230246251565e-16,2.220446049250313e-16,1.232595164407831e-32
677,1,0,677,0.0,0.0,0.0
678,1,0,678,2.482534153247273e-16,4.965068306494546e-16,6.162975822039155e-32
679,2,0,679,0.06282151815625639,0.12564303631251278,0.003946543143456851
680,0,0,680,3.1401849173675503e-16,6.280369834735101e-16,9.860761315262648e-32
681,1,0,681,1.2412670766236366e-16,2.482534153247273e-16,1.5407439555097887e-32
682,1,0,682,0.06282151815625611,0.12564303631251222,0.003946543143456816
683,1,0,683,0.06282151815625665,0.12564303631251328,0.003946543143456883
684,1,0,684,5.551115123125783e-17,1.1102230246251565e-16,3.0814879110195774e-33
685,2,0,685,0.06282151815625621,0.12564303631251242,0.003946543143456828
686,2,0,686,0.06282151815625667,0.12564303631251333,0.003946543143456886
687,2,0,687,1.2412670766236366e-16,2.482534153247273e-16,1.5407439555097887e-32
688,2,0,688,0.0628215181562567,0.1256430363125134,0.00394654314345689
689,2,0,689,1.2412670766236366e-16,2.482534153247273e-16,1.5407439555097887e-32
690,0,0,690,0.0,0.0,0.0
691,0,0,691,0.06282151815625679,0.12564303631251358,0.003946543143456902
692,2,0,692,0.06282151815625636,0.12564303631251272,0.003946543143456848
693,2,0,693,0.0,0.0,0.0
694,1,0,694,0.06282151815625646,0.12564303631251292,0.00394654314345686
695,2,0,695,2.220446049250313e-16,4.440892098500626e-16,4.930380657631324e-32
696,2,0,696,0.06282151815625654,0.12564303631251308,0.00394654314345687
697,0,0,697,0.06282151815625638,0.12564303631251275,0.00394654314345685
698,0,0,698,1.2412670766236366e-16,2.482534153247273e-16,1.5407439555097887e-32
699,0,0,699,0.0,0.0,0.0
700,1,0,700,0.06282151815625647,0.12564303631251295,0.003946543143456862
701,2,0,701,2.7755575615628914e-16,5.551115123125783e-16,7.703719777548943e-32
702,0,0,702,0.0628215181562565,0.125643036312513,0.003946543143456865
703,1,0,703,0.06282151815625615,0.1256430363125123,0.0039465431434568205
704,0,0,704,0.06282151815625651,0.12564303631251303,0.0039465431434568665
705,0,0,705,0.0,0.0,0.0
706,1,0,706,0.06282151815625647,0.12564303631251295,0.003946543143456862
707,2,0,707,0.0628215181562567,0.1256430363125134,0.003946543143456889
708,1,0,708,0.0628215181562566,0.1256430363125132,0.003946543143456878
709,2,0,709,0.06282151815625618,0.12564303631251236,0.003946543143456825
710,0,0,710,2.482534153247273e-16,4.965068306494546e-16,6.162975822039155e-32
711,1,0,711,2.7755575615628914e-17,5.551115123125783e-17,7.703719777548943e-34
712,1,0,712,1.1102230246251565e-16,2.220446049250313e-16,1.232595164407831e-32
713,2,0,713,0.0,0.0,0.0
714,1,0,714,0.0,0.0,0.0
715,1,0,715,2.7755575615628914e-17,5.551115123125783e-17,7.703719777548943e-34
716,1,0,716,1.1102230246251565e-16,2.220446049250313e-16,1.232595164407831e-32
717,0,0,717,5.551115123125783e-17,1.1102230246251565e-16,3.0814879110195774e-33
718,2,0,718,0.0628215181562565,0.125643036312513,0.003946543143456866
719,1,0,719,1.5700924586837752e-16,3.1401849173675503e-16,2.465190328815662e-32
720,2,0,720,0.06282151815625621,0.12564303631251242,0.00394654314345683
721,1,0,721,1.1102230246251565e-16,2.220446049250313e-16,1.232595164407831e-32
722,2,0,722,1.5700924586837752e-16,3.1401849173675503e-16,2.465190328815662e-32
723,0,0,723,0.06282151815625675,0.1256430363125135,0.003946543143456896
724,0,0,724,0.0628215181562566,0.1256430363125132,0.003946543143456878
725,1,0,725,1.2412670766236366e-16,2.482534153247273e-16,1.5407439555097887e-32
726,0,0,726,0.0,0.0,0.0
727,0,0,727,1.1102230246251565e-16,2.220446049250313e-16,1.232595164407831e-32
728,0,0,728,0.0628215181562565,0.125643036312513,0.003946543143456865
729,2,0,729,0.0,0.0,0.0
730,0,0,730,0.06282151815625668,0.12564303631251336,0.003946543143456888
731,1,0,731,2.220446049250313e-16,4.440892098500626e-16,4.930380657631324e-32
732,0,0,732,1.1102230246251565e-16,2.220446049250313e-16,1.232595164407831e-32
733,0,0,733,2.3714374201337736e-16,4.742874840267547e-16,5.623715437610729e-32
734,2,0,734,0.06282151815625663,0.12564303631251325,0.003946543143456881
735,0,0,735,0.06282151815625678,0.12564303631251356,0.0039465431434569
736,1,0,736,0.0628215181562562,0.1256430363125124,0.0039465431434568266
737,0,0,737,1.1102230246251565e-16,2.220446049250313e-16,1.232595164407831e-32
738,2,0,738,0.06282151815625663,0.12564303631251325,0.003946543143456881
739,1,0,739,0.06282151815625618,0.12564303631251236,0.0039465431434568266
740,2,0,740,0.06282151815625656,0.1256430363125131,0.003946543143456872
741,2,0,741,1.2412670766236366e-16,2.482534153247273e-16,1.5407439555097887e-32
742,2,0,742,2.220446049250313e-16,4.440892098500626e-16,4.930380657631324e-32
743,0,0,743,4.577566798522237e-16,9.155133597044475e-16,2.0954117794933126e-31
744,1,0,744,0.0,0.0,0.0
745,1,0,745,0.06282151815625636,0.12564303631251272,0.003946543143456849
746,1,0,746,0.0,0.0,0.0
747,2,0,747,1.6653345369377348e-16,3.3306690738754696e-16,2.7733391199176196e-32
748,1,0,748,0.06282151815625667,0.12564303631251333,0.0039465431434568855
749,2,0,749,0.0,0.0,0.0
750,2,0,750,0.0,0.0,0.0
751,0,0,751,2.2887833992611187e-16,4.577566798522237e-16,5.238529448733282e-32
752,1,0,752,0.0,0.0,0.0
753,0,0,753,0.0628215181562564,0.1256430363125128,0.0039465431434568534
754,1,0,754,0.06282151815625638,0.12564303631251275,0.003946543143456849
755,0,0,755,0.06282151815625663,0.12564303631251325,0.00394654314345688
756,2,0,756,0.0628215181562567,0.1256430363125134,0.00394654314345689
757,0,0,757,0.0,0.0,0.0
758,2,0,758,0.06282151815625653,0.12564303631251306,0.003946543143456867
759,0,0,759,0.06282151815625668,0.12564303631251336,0.003946543143456888
760,1,0,760,0.06282151815625671,0.12564303631251342,0.003946543143456892
761,0,0,761,0.06282151815625663,0.12564303631251325,0.0039465431434568795
762,1,0,762,3.1401849173675503e-16,6.280369834735101e-16,9.860761315262648e-32
763,0,0,763,0.0628215181562565,0.125643036312513,0.003946543143456865
764,2,0,764,0.06282151815625654,0.12564303631251308,0.003946543143456871
765,1,0,765,0.06282151815625624,0.12564303631251247,0.003946543143456833
766,0,0,766,0.0,0.0,0.0
767,0,0,767,0.0,0.0,0.0
768,2,0,768,0.0,0.0,0.0
769,0,0,769,0.0,0.0,0.0
770,0,0,770,0.06282151815625642,0.12564303631251283,0.003946543143456855
771,2,0,771,0.06282151815625675,0.1256430363125135,0.003946543143456897
772,0,0,772,0.0,0.0,0.0
773,1,0,773,0.06282151815625649,0.12564303631251297,0.003946543143456863
774,1,0,774,0.0,0.0,0.0
775,0,0,775,0.0,0.0,0.0
776,1,0,776,0.06282151815625654,0.12564303631251308,0.00394654314345687
777,0,0,777,0.0,0.0,0.0
778,2,0,778,0.06282151815625613,0.12564303631251225,0.003946543143456818
779,1,0,779,3.510833468576701e-16,7.021666937153402e-16,1.232595164407831e-31
780,0,0,780,0.06282151815625622,0.12564303631251245,0.00394654314345683
781,2,0,781,0.06282151815625642,0.12564303631251286,0.003946543143456856
782,2,0,782,0.0,0.0,0.0
783,1,0,783,0.06282151815625661,0.12564303631251322,0.003946543143456879
784,0,0,784,3.1401849173675503e-16,6.280369834735101e-16,9.860761315262648e-32
785,0,0,785,0.0,0.0,0.0
786,1,0,786,0.06282151815625664,0.12564303631251328,0.003946543143456883
787,2,0,787,1.1102230246251565e-16,2.220446049250313e-16,1.232595164407831e-32
788,0,0,788,0.06282151815625651,0.12564303631251303,0.003946543143456866
789,0,0,789,0.0,0.0,0.0
790,2,0,790,0.0,0.0,0.0
791,2,0,791,0.0628215181562562,0.1256430363125124,0.0039465431434568266
792,2,0,792,0.06282151815625645,0.1256430363125129,0.003946543143456858
793,2,0,793,2.482534153247273e-16,4.965068306494546e-16,6.162975822039155e-32
794,1,0,794,1.5700924586837752e-16,3.1401849173675503e-16,2.465190328815662e-32
795,2,0,795,0.0,0.0,0.0
796,1,0,796,0.0,0.0,0.0
797,0,0,797,5.551115123125783e-17,1.1102230246251565e-16,3.0814879110195774e-33
798,0,0,798,0.06282151815625667,0.12564303631251333,0.003946543143456887
799,1,0,799,1.1102230246251565e-16,2.220446049250313e-16,1.232595164407831e-32
800,1,0,800,0.0,0.0,0.0
801,0,0,801,0.06282151815625629,0.12564303631251258,0.0039465431434568396
802,1,0,802,0.06282151815625622,0.12564303631251245,0.003946543143456829
803,0,0,803,1.5700924586837752e-16,3.1401849173675503e-16,2.465190328815662e-32
804,2,0,804,0.06282151815625629,0.12564303631251256,0.003946543143456838
805,1,0,805,0.06282151815625656,0.1256430363125131,0.003946543143456873
806,0,0,806,0.06282151815625633,0.12564303631251267,0.003946543143456845
807,0,0,807,0.06282151815625672,0.12564303631251345,0.003946543143456893
808,1,0,808,0.06282151815625647,0.12564303631251295,0.003946543143456862
809,0,0,809,0.06282151815625646,0.12564303631251292,0.003946543143456859
810,0,0,810,1.6653345369377348e-16,3.3306690738754696e-16,2.7733391199176196e-32
811,2,0,811,1.1102230246251565e-16,2.220446049250313e-16,1.232595164407831e-32
812,1,0,812,0.0,0.0,0.0
813,0,0,813,0.06282151815625614,0.12564303631251228,0.003946543143456819
814,1,0,814,3.1401849173675503e-16,6.280369834735101e-16,9.860761315262648e-32
815,2,0,815,0.06282151815625645,0.1256430363125129,0.0039465431434568595
816,0,0,816,0.0,0.0,0.0
817,0,0,817,0.06282151815625674,0.12564303631251347,0.003946543143456894
818,2,0,818,0.0,0.0,0.0
819,2,0,819,2.0014830212433607e-16,4.0029660424867215e-16,4.0059342843254506e-32
820,0,0,820,1.1102230246251565e-16,2.220446049250313e-16,1.232595164407831e-32
821,2,0,821,4.965068306494546e-16,9.930136612989092e-16,2.465190328815662e-31
822,1,0,822,5.551115123125783e-17,1.1102230246251565e-16,3.0814879110195774e-33
823,1,0,823,1.1102230246251565e-16,2.220446049250313e-16,1.232595164407831e-32
824,0,0,824,0.0628215181562563,0.1256430363125126,0.003946543143456841
825,2,0,825,1.1102230246251565e-16,2.220446049250313e-16,1.232595164407831e-32
826,2,0,826,2.220446049250313e-16,4.440892098500626e-16,4.930380657631324e-32
827,2,0,827,0.06282151815625674,0.12564303631251347,0.003946543143456895
828,2,0,828,0.0,0.0,0.0
829,0,0,829,1.1102230246251565e-16,2.220446049250313e-16,1.232595164407831e-32
830,1,0,830,0.0,0.0,0.0
831,2,0,831,0.06282151815625624,0.12564303631251247,0.003946543143456832
832,0,0,832,0.06282151815625622,0.12564303631251245,0.003946543143456831
833,1,0,833,0.0,0.0,0.0
834,2,0,834,0.0628215181562564,0.1256430363125128,0.003946543143456852
835,2,0,835,0.0,0.0,0.0
836,2,0,836,1.9990131207314632,3.9980262414629264,0.003946543143456896
837,0,0,837,1.5700924586837752e-16,3.1401849173675503e-16,2.465190328815662e-32
838,1,0,838,0.06282151815625632,0.12564303631251264,0.003946543143456843
839,2,0,839,0.06282151815625647,0.12564303631251295,0.003946543143456861
840,1,0,840,2.482534153247273e-16,4.965068306494546e-16,6.162975822039155e-32
841,2,0,841,1.6653345369377348e-16,3.3306690738754696e-16,2.7733391199176196e-32
842,2,0,842,3.3306690738754696e-16,6.661338147750939e-16,1.1093356479670479e-31
843,2,0,843,0.06282151815625633,0.12564303631251267,0.003946543143456845
844,1,0,844,0.06282151815625646,0.12564303631251292,0.00394654314345686
845,1,0,845,0.06282151815625674,0.12564303631251347,0.003946543143456895
846,1,0,846,0.0,0.0,0.0
847,0,0,847,0.06282151815625664,0.12564303631251328,0.003946543143456883
848,0,0,848,0.06282151815625661,0.12564303631251322,0.0039465431434568795
849,1,0,849,0.06282151815625642,0.12564303631251283,0.0039465431434568534
850,1,0,850,1.5700924586837752e-16,3.1401849173675503e-16,2.465190328815662e-32
851,1,0,851,0.0,0.0,0.0
852,2,0,852,2.0014830212433607e-16,4.0029660424867215e-16,4.0059342843254506e-32
853,1,0,853,2.482534153247273e-16,4.965068306494546e-16,6.162975822039155e-32
854,2,0,854,0.06282151815625654,0.12564303631251308,0.00394654314345687
855,2,0,855,0.06282151815625665,0.1256430363125133,0.003946543143456885
856,1,0,856,0.06282151815625643,0.12564303631251286,0.003946543143456856
857,0,0,857,0.06282151815625625,0.1256430363125125,0.003946543143456834
858,1,0,858,0.06282151815625654,0.12564303631251308,0.003946543143456871
859,2,0,859,1.9990131207314634,3.998026241462927,0.003946543143456864
860,1,0,860,1.2412670766236366e-16,2.482534153247273e-16,1.5407439555097887e-32
861,0,0,861,0.06282151815625632,0.12564303631251264,0.003946543143456841
862,0,0,862,2.220446049250313e-16,4.440892098500626e-16,4.930380657631324e-32
863,1,0,863,0.06282151815625664,0.12564303631251328,0.003946543143456884
864,0,0,864,0.0628215181562565,0.125643036312513,0.0039465431434568665
865,0,0,865,1.2412670766236366e-16,2.482534153247273e-16,1.5407439555097887e-32
866,1,0,866,0.06282151815625658,0.12564303631251317,0.003946543143456874
867,2,0,867,0.0628215181562564,0.1256430363125128,0.0039465431434568534
868,1,0,868,0.0,0.0,0.0
869,0,0,869,1.5700924586837752e-16,3.1401849173675503e-16,2.465190328815662e-32
870,2,0,870,1.2412670766236366e-16,2.482534153247273e-16,1.5407439555097887e-32
871,2,0,871,0.06282151815625653,0.12564303631251306,0.003946543143456869
872,0,0,872,0.0,0.0,0.0
873,0,0,873,0.06282151815625653,0.12564303631251306,0.003946543143456869
874,1,0,874,0.06282151815625646,0.12564303631251292,0.0039465431434568595
875,1,0,875,0.06282151815625657,0.12564303631251314,0.003946543143456875
876,1,0,876,0.06282151815625622,0.12564303631251245,0.00394654314345683
877,2,0,877,2.0,4.0,2.6192647243666408e-31
878,1,0,878,0.06282151815625661,0.12564303631251322,0.00394654314345688
879,2,0,879,0.0628215181562566,0.1256430363125132,0.003946543143456877
880,0,0,880,1.1102230246251565e-16,2.220446049250313e-16,1.232595164407831e-32
881,1,0,881,1.9990131207314625,3.998026241462925,0.003946543143456909
882,2,0,882,0.06282151815625617,0.12564303631251234,0.003946543143456823
883,1,0,883,0.0,0.0,0.0
884,2,0,884,1.1102230246251565e-16,2.220446049250313e-16,1.232595164407831e-32
885,0,0,885,0.06282151815625668,0.12564303631251336,0.003946543143456888
886,0,0,886,0.06282151815625658,0.12564303631251317,0.003946543143456875
887,0,0,887,0.0,0.0,0.0
888,1,0,888,0.0628215181562568,0.1256430363125136,0.003946543143456905
889,2,0,889,0.0628215181562568,0.1256430363125136,0.003946543143456905
890,0,0,890,0.0,0.0,0.0
891,2,0,891,0.06282151815625657,0.12564303631251314,0.003946543143456874
892,1,0,892,0.0628215181562561,0.1256430363125122,0.003946543143456815
893,1,0,893,0.06282151815625674,0.12564303631251347,0.003946543143456894
894,1,0,894,3.510833468576701e-16,7.021666937153402e-16,1.232595164407831e-31
895,2,0,895,0.06282151815625646,0.12564303631251292,0.00394654314345686
896,0,0,896,0.0628215181562567,0.1256430363125134,0.00394654314345689
897,2,0,897,0.0628215181562564,0.1256430363125128,0.003946543143456853
898,1,0,898,0.06282151815625665,0.1256430363125133,0.003946543143456884
899,0,0,899,4.335559509131368e-16,8.671119018262734e-16,1.8797076257219422e-31
900,1,0,900,0.0,0.0,0.0
901,1,0,901,0.0,0.0,0.0
902,0,0,902,0.06282151815625678,0.12564303631251356,0.0039465431434568985
903,0,0,903,1.1102230246251565e-16,2.220446049250313e-16,1.232595164407831e-32
904,2,0,904,1.3877787807814457e-17,2.7755575615628914e-17,1.925929944387236e-34
905,2,0,905,0.0,0.0,0.0
906,1,0,906,0.0,0.0,0.0
907,0,0,907,0.06282151815625663,0.12564303631251325,0.003946543143456881
908,0,0,908,1.1102230246251565e-16,2.220446049250313e-16,1.232595164407831e-32
909,0,0,909,0.0,0.0,0.0
910,1,0,910,3.510833468576701e-16,7.021666937153402e-16,1.232595164407831e-31
911,1,0,911,0.06282151815625664,0.12564303631251328,0.003946543143456882
912,0,0,912,0.06282151815625653,0.12564303631251306,0.003946543143456868
913,2,0,913,0.0,0.0,0.0
914,2,0,914,0.06282151815625679,0.12564303631251358,0.003946543143456902
915,0,0,915,0.06282151815625656,0.1256430363125131,0.003946543143456872
916,1,0,916,1.1102230246251565e-16,2.220446049250313e-16,1.232595164407831e-32
917,0,0,917,0.06282151815625647,0.12564303631251295,0.003946543143456862
918,1,0,918,0.06282151815625645,0.1256430363125129,0.003946543143456858
919,0,0,919,2.0,4.0,2.465190328815662e-31
920,1,0,920,0.0,0.0,0.0
921,2,0,921,0.06282151815625668,0.12564303631251336,0.003946543143456889
922,2,0,922,2.482534153247273e-16,4.965068306494546e-16,6.162975822039155e-32
923,1,0,923,0.0,0.0,0.0
924,2,0,924,0.0,0.0,0.0
925,2,0,925,0.0,0.0,0.0
926,1,0,926,1.1102230246251565e-16,2.220446049250313e-16,1.232595164407831e-32
927,0,0,927,0.06282151815625672,0.12564303631251345,0.003946543143456892
928,1,0,928,1.1102230246251565e-16,2.220446049250313e-16,1.232595164407831e-32
929,2,0,929,0.06282151815625617,0.12564303631251234,0.003946543143456823
930,1,0,930,0.06282151815625639,0.12564303631251278,0.003946543143456851
931,2,0,931,0.06282151815625651,0.12564303631251303,0.003946543143456868
932,1,0,932,0.0,0.0,0.0
933,0,0,933,0.06282151815625672,0.12564303631251345,0.003946543143456892
934,0,0,934,0.06282151815625633,0.12564303631251267,0.003946543143456844
935,1,0,935,1.1102230246251565e-16,2.220446049250313e-16,1.232595164407831e-32
936,1,0,936,0.06282151815625649,0.12564303631251297,0.003946543143456864
937,0,0,937,0.06282151815625628,0.12564303631251258,0.003946543143456838
938,1,0,938,0.06282151815625657,0.12564303631251314,0.003946543143456873
939,0,0,939,1.1102230246251565e-16,2.220446049250313e-16,1.232595164407831e-32
940,0,0,940,0.06282151815625649,0.12564303631251297,0.003946543143456864
941,0,0,941,0.06282151815625626,0.12564303631251253,0.0039465431434568335
942,0,0,942,0.06282151815625628,0.12564303631251256,0.003946543143456836
943,1,0,943,0.06282151815625656,0.1256430363125131,0.003946543143456871
944,0,0,944,1.5700924586837752e-16,3.1401849173675503e-16,2.465190328815662e-32
945,1,0,945,1.1102230246251565e-16,2.220446049250313e-16,1.232595164407831e-32
946,2,0,946,2.220446049250313e-16,4.440892098500626e-16,4.930380657631324e-32
947,1,0,947,0.0,0.0,0.0
948,2,0,948,0.0,0.0,0.0
949,2,0,949,0.0,0.0,0.0
950,2,0,950,2.0014830212433607e-16,4.0029660424867215e-16,4.0059342843254506e-32
951,1,0,951,0.0,0.0,0.0
952,1,0,952,0.06282151815625647,0.12564303631251295,0.003946543143456862
953,1,0,953,2.6945789820192466e-16,5.389157964038493e-16,7.260755890339879e-32
954,0,0,954,1.1102230246251565e-16,2.220446049250313e-16,1.232595164407831e-32
955,2,0,955,0.0,0.0,0.0
956,1,0,956,0.06282151815625667,0.12564303631251333,0.003946543143456887
957,2,0,957,1.942890293094024e-16,3.885780586188048e-16,3.774822690998982e-32
958,1,0,958,0.0,0.0,0.0
959,1,0,959,0.06282151815625636,0.12564303631251272,0.003946543143456848
960,0,0,960,1.2412670766236366e-16,2.482534153247273e-16,1.5407439555097887e-32
961,2,0,961,0.06282151815625624,0.12564303631251247,0.003946543143456831
962,2,0,962,0.06282151815625663,0.12564303631251325,0.003946543143456881
963,2,0,963,0.06282151815625645,0.12564303631251292,0.003946543143456859
964,0,0,964,0.06282151815625651,0.12564303631251303,0.003946543143456868
965,1,0,965,1.1102230246251565e-16,2.220446049250313e-16,1.232595164407831e-32
966,1,0,966,1.5700924586837752e-16,3.1401849173675503e-16,2.465190328815662e-32
967,2,0,967,2.4206697122486917e-16,4.841339424497383e-16,5.859641855798165e-32
968,0,0,968,0.06282151815625643,0.12564303631251286,0.003946543143456858
969,0,0,969,0.06282151815625646,0.12564303631251292,0.00394654314345686
970,0,0,970,0.0,0.0,0.0
971,0,0,971,2.0014830212433607e-16,4.0029660424867215e-16,4.0059342843254506e-32
972,1,0,972,0.06282151815625663,0.12564303631251325,0.003946543143456881
973,0,0,973,0.0,0.0,0.0
974,2,0,974,1.6653345369377348e-16,3.3306690738754696e-16,2.7733391199176196e-32
975,0,0,975,2.220446049250313e-16,4.440892098500626e-16,4.930380657631324e-32
976,0,0,976,0.06282151815625617,0.12564303631251234,0.003946543143456824
977,2,0,977,0.0,0.0,0.0
978,0,0,978,0.06282151815625676,0.12564303631251353,0.0039465431434568985
979,1,0,979,0.0,0.0,0.0
980,0,0,980,0.06282151815625647,0.12564303631251295,0.003946543143456862
981,1,0,981,2.220446049250313e-16,4.440892098500626e-16,4.930380657631324e-32
982,2,0,982,2.0014830212433607e-16,4.0029660424867215e-16,4.0059342843254506e-32
983,0,0,983,0.0,0.0,0.0
984,0,0,984,0.06282151815625671,0.12564303631251342,0.0039465431434568925
985,2,0,985,2.0,4.0,1.6023737137301802e-31
986,1,0,986,1.9990131207314632,3.9980262414629264,0.003946543143456897
987,2,0,987,0.06282151815625639,0.12564303631251278,0.003946543143456851
988,0,0,988,1.999013120731463,3.998026241462926,0.00394654314345687
989,0,0,989,0.06282151815625664,0.12564303631251328,0.003946543143456883
990,0,0,990,0.06282151815625663,0.12564303631251325,0.00394654314345688
991,1,0,991,1.5700924586837752e-16,3.1401849173675503e-16,2.465190328815662e-32
992,0,0,992,0.06282151815625624,0.12564303631251247,0.00394654314345683
993,0,0,993,0.06282151815625663,0.12564303631251325,0.00394654314345688
994,2,0,994,0.0,0.0,0.0
995,1,0,995,2.482534153247273e-16,4.965068306494546e-16,6.162975822039155e-32
996,1,0,996,0.0,0.0,0.0
997,0,0,997,2.482534153247273e-16,4.965068306494546e-16,6.162975822039155e-32
998,0,0,998,1.3877787807814457e-16,2.7755575615628914e-16,1.9259299443872359e-32
999,1,0,999,1.1102230246251565e-16,2.220446049250313e-16,1.232595164407831e-32
1000,1,0,1000,2.0014830212433607e-16,4.0029660424867215e-16,4.0059342843254506e-32
1001,0,0,1001,2.482534153247273e-16,4.965068306494546e-16,6.162975822039155e-32
1002,0,0,1002,0.06282151815625647,0.12564303631251295,0.003946543143456862
1003,2,0,1003,0.06282151815625685,0.1256430363125137,0.003946543143456909
1004,2,0,1004,0.0,0.0,0.0
1005,1,0,1005,0.0,0.0,0.0
1006,2,0,1006,1.942890293094024e-16,3.885780586188048e-16,3.774822690998982e-32
1007,1,0,1007,0.0,0.0,0.0
1008,1,0,1008,0.06282151815625682,0.12564303631251364,0.0039465431434569055
1009,2,0,1009,0.06282151815625621,0.12564303631251242,0.003946543143456827
1010,2,0,1010,0.0628215181562562,0.1256430363125124,0.003946543143456826
1011,0,0,1011,0.06282151815625658,0.12564303631251317,0.003946543143456876
1012,0,0,1012,0.0,0.0,0.0
1013,0,0,1013,0.06282151815625668,0.12564303631251336,0.003946543143456887
1014,0,0,1014,0.06282151815625649,0.12564303631251297,0.003946543143456863
1015,2,0,1015,0.0,0.0,0.0
1016,0,0,1016,0.0,0.0,0.0
1017,2,0,1017,3.510833468576701e-16,7.021666937153402e-16,1.232595164407831e-31
1018,0,0,1018,2.482534153247273e-16,4.965068306494546e-16,6.162975822039155e-32
1019,1,0,1019,0.06282151815625665,0.1256430363125133,0.003946543143456883
1020,1,0,1020,0.0,0.0,0.0
1021,2,0,1021,2.482534153247273e-16,4.965068306494546e-16,6.162975822039155e-32
1022,1,0,1022,2.220446049250313e-16,4.440892098500626e-16,4.930380657631324e-32
1023,0,0,1023,0.06282151815625668,0.12564303631251336,0.003946543143456887
1024,2,0,1024,8.326672684688674e-17,1.6653345369377348e-16,6.933347799794049e-33
1025,2,0,1025,0.0628215181562567,0.1256430363125134,0.003946543143456888
1026,2,0,1026,1.1102230246251565e-16,2.220446049250313e-16,1.232595164407831e-32
1027,1,0,1027,0.06282151815625651,0.12564303631251303,0.003946543143456867
1028,1,0,1028,0.0628215181562566,0.1256430363125132,0.003946543143456877
1029,0,0,1029,0.06282151815625661,0.12564303631251322,0.003946543143456879
1030,0,0,1030,0.0,0.0,0.0
1031,0,0,1031,1.2412670766236366e-16,2.482534153247273e-16,1.5407439555097887e-32
1032,0,0,1032,1.1102230246251565e-16,2.220446049250313e-16,1.232595164407831e-32
1033,0,0,1033,0.06282151815625618,0.12564303631251236,0.003946543143456826
1034,0,0,1034,2.482534153247273e-16,4.965068306494546e-16,6.162975822039155e-32
1035,1,0,1035,0.0628215181562564,0.1256430363125128,0.003946543143456854
1036,2,0,1036,0.06282151815625653,0.12564303631251306,0.003946543143456868
1037,2,0,1037,0.06282151815625664,0.12564303631251328,0.003946543143456884
1038,2,0,1038,2.220446049250313e-16,4.440892098500626e-16,4.930380657631324e-32
1039,1,0,1039,0.06282151815625682,0.12564303631251364,0.0039465431434569055
1040,1,0,1040,2.0000000000000004,4.000000000000001,1.6023737137301802e-31
1041,0,0,1041,1.1102230246251565e-16,2.220446049250313e-16,1.232595164407831e-32
1042,0,0,1042,0.06282151815625635,0.1256430363125127,0.003946543143456846
1043,0,0,1043,0.06282151815625667,0.12564303631251333,0.003946543143456885
1044,1,0,1044,2.482534153247273e-16,4.965068306494546e-16,6.162975822039155e-32
1045,1,0,1045,0.06282151815625661,0.12564303631251322,0.003946543143456879
1046,0,0,1046,0.06282151815625639,0.12564303631251278,0.003946543143456852
1047,1,0,1047,0.0,0.0,0.0
1048,1,0,1048,3.1401849173675503e-16,6.280369834735101e-16,9.860761315262648e-32
1049,1,0,1049,0.06282151815625625,0.1256430363125125,0.0039465431434568335
1050,1,0,1050,0.0628215181562567,0.1256430363125134,0.00394654314345689
1051,1,0,1051,0.06282151815625671,0.12564303631251342,0.0039465431434568925
1052,2,0,1052,2.0,4.0,6.162975822039155e-32
1053,0,0,1053,0.06282151815625671,0.12564303631251342,0.003946543143456892
1054,1,0,1054,0.06282151815625617,0.12564303631251234,0.003946543143456823
1055,2,0,1055,0.06282151815625629,0.12564303631251258,0.003946543143456838
1056,1,0,1056,0.0628215181562563,0.1256430363125126,0.00394654314345684
1057,2,0,1057,2.482534153247273e-16,4.965068306494546e-16,6.162975822039155e-32
1058,1,0,1058,5.551115123125783e-17,1.1102230246251565e-16,3.0814879110195774e-33
1059,2,0,1059,0.0,0.0,0.0
1060,1,0,1060,0.06282151815625629,0.12564303631251258,0.003946543143456839
1061,1,0,1061,1.1102230246251565e-16,2.220446049250313e-16,1.232595164407831e-32
1062,2,0,1062,1.1102230246251565e-16,2.220446049250313e-16,1.232595164407831e-32
1063,1,0,1063,0.0,0.0,0.0
1064,0,0,1064,0.06282151815625663,0.12564303631251325,0.00394654314345688
1065,2,0,1065,0.0628215181562564,0.1256430363125128,0.003946543143456853
1066,0,0,1066,0.06282151815625667,0.12564303631251333,0.003946543143456887
1067,2,0,1067,0.0628215181562565,0.125643036312513,0.003946543143456866
1068,0,0,1068,0.0,0.0,0.0
1069,2,0,1069,0.06282151815625624,0.12564303631251247,0.003946543143456831
1070,0,0,1070,2.482534153247273e-16,4.965068306494546e-16,6.162975822039155e-32
1071,0,0,1071,0.06282151815625664,0.12564303631251328,0.003946543143456883
1072,0,0,1072,1.5700924586837752e-16,3.1401849173675503e-16,2.465190328815662e-32
1073,0,0,1073,2.482534153247273e-16,4.965068306494546e-16,6.162975822039155e-32
1074,2,0,1074,0.06282151815625639,0.12564303631251278,0.003946543143456851
1075,1,0,1075,0.06282151815625626,0.12564303631251253,0.003946543143456836
1076,0,0,1076,0.0,0.0,0.0
1077,1,0,1077,0.06282151815625675,0.1256430363125135,0.003946543143456896
1078,1,0,1078,0.06282151815625642,0.12564303631251283,0.003946543143456854
1079,2,0,1079,3.3422138886441676e-16,6.684427777288335e-16,1.1170393677445968e-31
1080,2,0,1080,1.5700924586837752e-16,3.1401849173675503e-16,2.465190328815662e-32
1081,0,0,1081,0.06282151815625658,0.12564303631251317,0.003946543143456876
1082,2,0,1082,0.06282151815625674,0.12564303631251347,0.003946543143456895
1083,1,0,1083,0.06282151815625642,0.12564303631251283,0.003946543143456855
1084,0,0,1084,0.0,0.0,0.0
1085,2,0,1085,3.1401849173675503e-16,6.280369834735101e-16,9.860761315262648e-32
1086,2,0,1086,0.06282151815625663,0.12564303631251325,0.00394654314345688
1087,1,0,1087,0.06282151815625651,0.12564303631251303,0.003946543143456867
1088,1,0,1088,0.06282151815625633,0.12564303631251267,0.003946543143456845
1089,2,0,1089,0.0,0.0,0.0
1090,0,0,1090,0.06282151815625663,0.12564303631251325,0.003946543143456881
1091,1,0,1091,2.7755575615628914e-16,5.551115123125783e-16,7.703719777548943e-32
1092,0,0,1092,0.0,0.0,0.0
1093,2,0,1093,0.0,0.0,0.0
1094,1,0,1094,5.551115123125783e-17,1.1102230246251565e-16,3.0814879110195774e-33
1095,0,0,1095,0.06282151815625638,0.12564303631251275,0.003946543143456849
1096,2,0,1096,0.0,0.0,0.0
1097,0,0,1097,0.0,0.0,0.0
1098,1,0,1098,0.06282151815625638,0.12564303631251275,0.003946543143456849
1099,1,0,1099,0.06282151815625678,0.12564303631251356,0.003946543143456901
1100,0,0,1100,0.0628215181562565,0.12564303631251303,0.003946543143456866
1101,0,0,1101,0.06282151815625647,0.12564303631251295,0.003946543143456861
1102,2,0,1102,0.06282151815625668,0.12564303631251336,0.003946543143456887
1103,1,0,1103,0.06282151815625604,0.12564303631251209,0.003946543143456807
1104,0,0,1104,0.0,0.0,0.0
1105,1,0,1105,0.0,0.0,0.0
1106,1,0,1106,0.0,0.0,0.0
1107,1,0,1107,5.551115123125783e-17,1.1102230246251565e-16,3.0814879110195774e-33
1108,2,0,1108,1.942890293094024e-16,3.885780586188048e-16,3.774822690998982e-32
1109,0,0,1109,0.06282151815625649,0.12564303631251297,0.003946543143456864
1110,1,0,1110,2.2887833992611187e-16,4.577566798522237e-16,5.238529448733282e-32
1111,1,0,1111,0.06282151815625676,0.12564303631251353,0.003946543143456898
1112,1,0,1112,0.06282151815625629,0.12564303631251258,0.00394654314345684
1113,1,0,1113,0.06282151815625624,0.12564303631251247,0.0039465431434568335
1114,0,0,1114,2.0,4.0,8.936314941956774e-32
1115,1,0,1115,0.06282151815625654,0.12564303631251308,0.003946543143456871
1116,0,0,1116,0.0,0.0,0.0
1117,2,0,1117,0.06282151815625617,0.12564303631251234,0.003946543143456824
1118,1,0,1118,0.0628215181562567,0.1256430363125134,0.003946543143456889
1119,0,0,1119,0.06282151815625668,0.12564303631251336,0.003946543143456888
1120,1,0,1120,3.7238012298709097e-16,7.447602459741819e-16,1.3866695599588098e-31
1121,2,0,1121,2.1183523716375092e-16,4.2367047432750185e-16,4.4874167704222595e-32
1122,2,0,1122,1.5700924586837752e-16,3.1401849173675503e-16,2.465190328815662e-32
1123,1,0,1123,4.163336342344337e-17,8.326672684688674e-17,1.7333369499485123e-33
1124,0,0,1124,0.0,0.0,0.0
1125,1,0,1125,2.0014830212433607e-16,4.0029660424867215e-16,4.0059342843254506e-32
1126,0,0,1126,1.9990131207314634,3.998026241462927,0.003946543143456888
1127,0,0,1127,0.06282151815625663,0.12564303631251325,0.003946543143456881
1128,1,0,1128,0.0,0.0,0.0
1129,2,0,1129,0.0,0.0,0.0
1130,2,0,1130,0.0,0.0,0.0
1131,1,0,1131,0.06282151815625663,0.12564303631251325,0.003946543143456881
1132,0,0,1132,2.220446049250313e-16,4.440892098500626e-16,4.930380657631324e-32
1133,2,0,1133,0.06282151815625657,0.12564303631251314,0.003946543143456875
1134,1,0,1134,1.1102230246251565e-16,2.220446049250313e-16,1.232595164407831e-32
1135,1,0,1135,0.06282151815625658,0.12564303631251317,0.003946543143456875
1136,2,0,1136,0.0628215181562564,0.1256430363125128,0.003946543143456853
1137,2,0,1137,0.0,0.0,0.0
1138,2,0,1138,0.06282151815625643,0.12564303631251286,0.003946543143456857
1139,0,0,1139,2.0014830212433607e-16,4.0029660424867215e-16,4.0059342843254506e-32
1140,0,0,1140,0.06282151815625643,0.12564303631251286,0.003946543143456855
1141,0,0,1141,0.06282151815625661,0.12564303631251322,0.0039465431434568795
1142,0,0,1142,0.06282151815625668,0.12564303631251336,0.003946543143456889
1143,0,0,1143,0.0,0.0,0.0
1144,1,0,1144,3.1401849173675503e-16,6.280369834735101e-16,9.860761315262648e-32
1145,1,0,1145,0.0,0.0,0.0
1146,2,0,1146,1.6653345369377348e-16,3.3306690738754696e-16,2.7733391199176196e-32
1147,2,0,1147,0.06282151815625643,0.12564303631251286,0.003946543143456856
1148,2,0,1148,0.06282151815625651,0.12564303631251303,0.003946543143456867
1149,0,0,1149,0.06282151815625615,0.1256430363125123,0.003946543143456821
1150,1,0,1150,0.06282151815625651,0.12564303631251303,0.0039465431434568665
1151,0,0,1151,1.5700924586837752e-16,3.1401849173675503e-16,2.465190328815662e-32
1152,2,0,1152,0.06282151815625674,0.1256430363125135,0.003946543143456895
1153,1,0,1153,0.0,0.0,0.0
1154,1,0,1154,0.06282151815625645,0.1256430363125129,0.0039465431434568595
1155,2,0,1155,1.6653345369377348e-16,3.3306690738754696e-16,2.7733391199176196e-32
1156,1,0,1156,0.06282151815625647,0.12564303631251295,0.003946543143456862
1157,0,0,1157,1.1102230246251565e-16,2.220446049250313e-16,1.232595164407831e-32
1158,2,0,1158,1.1102230246251565e-16,2.220446049250313e-16,1.232595164407831e-32
1159,0,0,1159,0.06282151815625639,0.12564303631251278,0.003946543143456852
1160,0,0,1160,2.9893669801409088e-16,5.978733960281817e-16,8.936314941956774e-32
1161,0,0,1161,0.0,0.0,0.0
1162,2,0,1162,0.0,0.0,0.0
1163,0,0,1163,2.220446049250313e-16,4.440892098500626e-16,4.930380657631324e-32
1164,2,0,1164,1.1102230246251565e-16,2.220446049250313e-16,1.232595164407831e-32
1165,0,0,1165,1.2412670766236366e-16,2.482534153247273e-16,1.5407439555097887e-32
1166,2,0,1166,2.482534153247273e-16,4.965068306494546e-16,6.162975822039155e-32
1167,2,0,1167,0.0,0.0,0.0
1168,0,0,1168,0.0,0.0,0.0
1169,0,0,1169,2.220446049250313e-16,4.440892098500626e-16,4.930380657631324e-32
1170,1,0,1170,1.6653345369377348e-16,3.3306690738754696e-16,2.7733391199176196e-32
1171,1,0,1171,0.06282151815625675,0.1256430363125135,0.003946543143456897
1172,1,0,1172,0.06282151815625654,0.12564303631251308,0.003946543143456872
1173,1,0,1173,0.0628215181562567,0.1256430363125134,0.003946543143456891
1174,1,0,1174,1.1102230246251565e-16,2.220446049250313e-16,1.232595164407831e-32
1175,0,0,1175,0.06282151815625625,0.1256430363125125,0.0039465431434568335
1176,0,0,1176,0.06282151815625667,0.12564303631251333,0.0039465431434568855
1177,1,0,1177,0.06282151815625663,0.12564303631251325,0.00394654314345688
1178,2,0,1178,0.0,0.0,0.0
1179,2,0,1179,5.551115123125783e-17,1.1102230246251565e-16,3.0814879110195774e-33
1180,2,0,1180,0.06282151815625671,0.12564303631251342,0.003946543143456892
1181,2,0,1181,0.0,0.0,0.0
1182,2,0,1182,2.0014830212433607e-16,4.0029660424867215e-16,4.0059342843254506e-32
1183,1,0,1183,2.237726045655905e-16,4.47545209131181e-16,5.007417855406813e-32
1184,2,0,1184,3.1401849173675503e-16,6.280369834735101e-16,9.860761315262648e-32
1185,2,0,1185,0.06282151815625675,0.1256430363125135,0.003946543143456897
1186,2,0,1186,3.554447978966673e-16,7.108895957933346e-16,1.2634100435180267e-31
1187,0,0,1187,0.0,0.0,0.0
1188,1,0,1188,0.0628215181562562,0.1256430363125124,0.0039465431434568266
1189,1,0,1189,3.1401849173675503e-16,6.280369834735101e-16,9.860761315262648e-32
1190,2,0,1190,2.7755575615628914e-16,5.551115123125783e-16,7.703719777548943e-32
1191,2,0,1191,2.237726045655905e-16,4.47545209131181e-16,5.007417855406813e-32
1192,1,0,1192,1.6653345369377348e-16,3.3306690738754696e-16,2.7733391199176196e-32
1193,0,0,1193,0.0,0.0,0.0
1194,2,0,1194,0.0,0.0,0.0
1195,2,0,1195,5.551115123125783e-17,1.1102230246251565e-16,3.0814879110195774e-33
1196,2,0,1196,0.0,0.0,0.0
1197,1,0,1197,1.1102230246251565e-16,2.220446049250313e-16,1.232595164407831e-32
1198,1,0,1198,0.06282151815625603,0.12564303631251206,0.003946543143456807
1199,0,0,1199,1.5218182408308987e-16,3.0436364816617974e-16,2.315930758125651e-32
1200,1,0,1200,3.554447978966673e-16,7.108895957933346e-16,1.2634100435180267e-31
1201,0,0,1201,0.0,0.0,0.0
1202,1,0,1202,0.0628215181562566,0.1256430363125132,0.003946543143456877
1203,1,0,1203,0.0628215181562563,0.1256430363125126,0.003946543143456842
1204,0,0,1204,0.0,0.0,0.0
1205,0,0,1205,0.0,0.0,0.0
1206,0,0,1206,0.06282151815625629,0.12564303631251258,0.003946543143456839
1207,0,0,1207,5.551115123125783e-17,1.1102230246251565e-16,3.0814879110195774e-33
1208,2,0,1208,0.0,0.0,0.0
1209,1,0,1209,1.5700924586837752e-16,3.1401849173675503e-16,2.465190328815662e-32
1210,0,0,1210,0.0628215181562566,0.1256430363125132,0.003946543143456878
1211,1,0,1211,0.06282151815625647,0.12564303631251295,0.003946543143456861
1212,1,0,1212,2.220446049250313e-16,4.440892098500626e-16,4.930380657631324e-32
1213,1,0,1213,0.0,0.0,0.0
1214,1,0,1214,0.0,0.0,0.0
1215,1,0,1215,0.0628215181562561,0.1256430363125122,0.003946543143456816
1216,1,0,1216,0.06282151815625638,0.12564303631251275,0.003946543143456849
1217,1,0,1217,0.0,0.0,0.0
1218,1,0,1218,0.0628215181562566,0.1256430363125132,0.003946543143456876
1219,0,0,1219,0.06282151815625668,0.12564303631251336,0.003946543143456887
1220,1,0,1220,0.06282151815625624,0.12564303631251247,0.0039465431434568335
1221,1,0,1221,0.06282151815625663,0.12564303631251325,0.003946543143456881
1222,0,0,1222,2.7755575615628914e-16,5.551115123125783e-16,7.703719777548943e-32
1223,2,0,1223,0.06282151815625668,0.12564303631251336,0.003946543143456889
1224,1,0,1224,2.237726045655905e-16,4.47545209131181e-16,5.007417855406813e-32
1225,2,0,1225,0.0,0.0,0.0
1226,0,0,1226,1.2412670766236366e-16,2.482534153247273e-16,1.5407439555097887e-32
1227,0,0,1227,3.1401849173675503e-16,6.280369834735101e-16,9.860761315262648e-32
1228,0,0,1228,0.0,0.0,0.0
1229,0,0,1229,0.06282151815625649,0.12564303631251297,0.003946543143456864
1230,0,0,1230,1.5700924586837752e-16,3.1401849173675503e-16,2.465190328815662e-32
1231,0,0,1231,0.0,0.0,0.0
1232,0,0,1232,0.06282151815625625,0.1256430363125125,0.0039465431434568335
1233,0,0,1233,0.0628215181562566,0.1256430363125132,0.003946543143456878
1234,1,0,1234,2.482534153247273e-16,4.965068306494546e-16,6.162975822039155e-32
1235,2,0,1235,0.06282151815625661,0.12564303631251322,0.0039465431434568795
1236,2,0,1236,2.3714374201337736e-16,4.742874840267547e-16,5.623715437610729e-32
1237,1,0,1237,0.06282151815625646,0.12564303631251292,0.003946543143456861
1238,2,0,1238,0.06282151815625668,0.12564303631251336,0.003946543143456888
1239,0,0,1239,2.3263411494723067e-16,4.652682298944613e-16,5.411863143728133e-32
1240,0,0,1240,0.06282151815625651,0.12564303631251303,0.0039465431434568665
1241,0,0,1241,2.0,4.0,1.003646950884616e-31
1242,2,0,1242,2.482534153247273e-16,4.965068306494546e-16,6.162975822039155e-32
1243,1,0,1243,0.06282151815625645,0.1256430363125129,0.003946543143456859
1244,2,0,1244,0.0628215181562567,0.1256430363125134,0.003946543143456889
1245,2,0,1245,0.0,0.0,0.0
1246,1,0,1246,0.06282151815625653,0.12564303631251306,0.003946543143456869
1247,1,0,1247,2.482534153247273e-16,4.965068306494546e-16,6.162975822039155e-32
1248,2,0,1248,2.220446049250313e-16,4.440892098500626e-16,4.930380657631324e-32
1249,1,0,1249,3.3422138886441676e-16,6.684427777288335e-16,1.1170393677445968e-31
1250,1,0,1250,2.482534153247273e-16,4.965068306494546e-16,6.162975822039155e-32
1251,2,0,1251,3.1401849173675503e-16,6.280369834735101e-16,9.860761315262648e-32
1252,2,0,1252,0.06282151815625656,0.1256430363125131,0.0039465431434568725
1253,2,0,1253,2.220446049250313e-16,4.440892098500626e-16,4.930380657631324e-32
1254,1,0,1254,0.06282151815625651,0.12564303631251303,0.0039465431434568665
1255,2,0,1255,0.06282151815625665,0.1256430363125133,0.003946543143456885
1256,0,0,1256,0.06282151815625663,0.12564303631251325,0.003946543143456881
1257,2,0,1257,2.482534153247273e-16,4.965068306494546e-16,6.162975822039155e-32
1258,1,0,1258,0.0,0.0,0.0
1259,0,0,1259,1.2412670766236366e-16,2.482534153247273e-16,1.5407439555097887e-32
1260,1,0,1260,1.2412670766236366e-16,2.482534153247273e-16,1.5407439555097887e-32
1261,2,0,1261,0.06282151815625628,0.12564303631251256,0.003946543143456838
1262,2,0,1262,0.0,0.0,0.0
1263,1,0,1263,0.0,0.0,0.0
1264,0,0,1264,1.4304896245381993e-16,2.8609792490763985e-16,2.046300565911438e-32
1265,0,0,1265,2.220446049250313e-16,4.440892098500626e-16,4.930380657631324e-32
1266,0,0,1266,1.999013120731463,3.998026241462926,0.003946543143456864
1267,0,0,1267,0.0,0.0,0.0
1268,0,0,1268,0.06282151815625664,0.12564303631251328,0.003946543143456883
1269,2,0,1269,0.06282151815625647,0.12564303631251295,0.00394654314345686
1270,1,0,1270,0.0,0.0,0.0
1271,2,0,1271,0.06282151815625658,0.12564303631251317,0.003946543143456877
1272,1,0,1272,0.0,0.0,0.0
1273,1,0,1273,0.06282151815625654,0.12564303631251308,0.003946543143456871
1274,2,0,1274,0.06282151815625611,0.12564303631251222,0.003946543143456815
1275,2,0,1275,2.7755575615628914e-16,5.551115123125783e-16,7.703719777548943e-32
1276,1,0,1276,0.06282151815625663,0.12564303631251325,0.00394654314345688
1277,1,0,1277,0.06282151815625651,0.12564303631251303,0.003946543143456867
1278,1,0,1278,2.0014830212433607e-16,4.0029660424867215e-16,4.0059342843254506e-32
1279,1,0,1279,0.0628215181562567,0.1256430363125134,0.003946543143456889
1280,1,0,1280,0.06282151815625668,0.12564303631251336,0.003946543143456888
1281,0,0,1281,0.06282151815625668,0.12564303631251336,0.003946543143456888
1282,2,0,1282,0.06282151815625658,0.12564303631251317,0.003946543143456874
1283,0,0,1283,2.482534153247273e-16,4.965068306494546e-16,6.162975822039155e-32
1284,1,0,1284,0.06282151815625651,0.12564303631251303,0.0039465431434568665
1285,0,0,1285,0.0628215181562566,0.1256430363125132,0.003946543143456879
1286,2,0,1286,2.482534153247273e-16,4.965068306494546e-16,6.162975822039155e-32
1287,2,0,1287,0.06282151815625643,0.12564303631251286,0.003946543143456855
1288,0,0,1288,1.6653345369377348e-16,3.3306690738754696e-16,2.7733391199176196e-32
1289,2,0,1289,0.06282151815625651,0.12564303631251303,0.003946543143456866
1290,2,0,1290,0.06282151815625614,0.1256430363125123,0.0039465431434568205
1291,2,0,1291,0.06282151815625661,0.12564303631251322,0.00394654314345688
1292,0,0,1292,1.6653345369377348e-16,3.3306690738754696e-16,2.7733391199176196e-32
1293,1,0,1293,0.06282151815625649,0.12564303631251297,0.003946543143456863
1294,2,0,1294,2.482534153247273e-16,4.965068306494546e-16,6.162975822039155e-32
1295,1,0,1295,1.1102230246251565e-16,2.220446049250313e-16,1.232595164407831e-32
1296,2,0,1296,0.0,0.0,0.0
1297,2,0,1297,0.06282151815625624,0.12564303631251247,0.003946543143456832
1298,2,0,1298,0.06282151815625643,0.12564303631251286,0.003946543143456857
1299,1,0,1299,0.0,0.0,0.0
1300,1,0,1300,0.06282151815625656,0.1256430363125131,0.003946543143456872
1301,2,0,1301,1.1102230246251565e-16,2.220446049250313e-16,1.232595164407831e-32
1302,0,0,1302,4.0029660424867215e-16,8.005932084973443e-16,1.6023737137301802e-31
1303,0,0,1303,3.510833468576701e-16,7.021666937153402e-16,1.232595164407831e-31
1304,2,0,1304,0.0628215181562566,0.1256430363125132,0.003946543143456877
1305,1,0,1305,0.06282151815625649,0.12564303631251297,0.003946543143456863
1306,1,0,1306,0.0,0.0,0.0
1307,2,0,1307,0.06282151815625625,0.1256430363125125,0.003946543143456834
1308,1,0,1308,0.06282151815625664,0.12564303631251328,0.003946543143456884
1309,1,0,1309,0.0,0.0,0.0
1310,2,0,1310,0.06282151815625668,0.12564303631251336,0.003946543143456887
1311,1,0,1311,0.06282151815625625,0.1256430363125125,0.003946543143456834
1312,0,0,1312,0.0,0.0,0.0
1313,1,0,1313,5.551115123125783e-17,1.1102230246251565e-16,3.0814879110195774e-33
1314,1,0,1314,0.0,0.0,0.0
1315,2,0,1315,0.06282151815625674,0.1256430363125135,0.003946543143456896
1316,0,0,1316,0.0628215181562566,0.1256430363125132,0.003946543143456877
1317,1,0,1317,1.5700924586837752e-16,3.1401849173675503e-16,2.465190328815662e-32
1318,1,0,1318,0.06282151815625647,0.12564303631251295,0.00394654314345686
1319,2,0,1319,0.06282151815625614,0.12564303631251228,0.00394654314345682
1320,2,0,1320,0.06282151815625621,0.12564303631251242,0.003946543143456829
1321,1,0,1321,0.06282151815625651,0.12564303631251303,0.0039465431434568665
1322,1,0,1322,0.06282151815625626,0.12564303631251253,0.003946543143456836
1323,0,0,1323,1.1102230246251565e-16,2.220446049250313e-16,1.232595164407831e-32
1324,0,0,1324,0.0,0.0,0.0
1325,1,0,1325,3.1401849173675503e-16,6.280369834735101e-16,9.860761315262648e-32
1326,0,0,1326,0.0,0.0,0.0
1327,1,0,1327,0.06282151815625632,0.12564303631251264,0.003946543143456842
1328,1,0,1328,2.220446049250313e-16,4.440892098500626e-16,4.930380657631324e-32
1329,2,0,1329,0.06282151815625645,0.1256430363125129,0.003946543143456858
1330,0,0,1330,2.220446049250313e-16,4.440892098500626e-16,4.930380657631324e-32
1331,0,0,1331,1.5700924586837752e-16,3.1401849173675503e-16,2.465190328815662e-32
1332,1,0,1332,0.06282151815625661,0.12564303631251322,0.003946543143456881
1333,0,0,1333,1.1102230246251565e-16,2.220446049250313e-16,1.232595164407831e-32
1334,1,0,1334,0.06282151815625658,0.12564303631251317,0.003946543143456875
1335,1,0,1335,0.06282151815625636,0.12564303631251272,0.003946543143456847
1336,2,0,1336,2.482534153247273e-16,4.965068306494546e-16,6.162975822039155e-32
1337,1,0,1337,3.1401849173675503e-16,6.280369834735101e-16,9.860761315262648e-32
1338,2,0,1338,0.0,0.0,0.0
1339,0,0,1339,0.06282151815625638,0.12564303631251272,0.003946543143456848
1340,0,0,1340,0.0,0.0,0.0
1341,0,0,1341,3.1401849173675503e-16,6.280369834735101e-16,9.860761315262648e-32
1342,2,0,1342,0.06282151815625639,0.12564303631251278,0.003946543143456851
1343,0,0,1343,0.0628215181562565,0.125643036312513,0.003946543143456866
1344,1,0,1344,3.510833468576701e-16,7.021666937153402e-16,1.232595164407831e-31
1345,0,0,1345,0.06282151815625661,0.12564303631251322,0.003946543143456879
1346,0,0,1346,1.9999999999999996,3.999999999999999,6.162975822039155e-32
1347,1,0,1347,0.06282151815625633,0.12564303631251267,0.003946543143456844
1348,0,0,1348,1.5700924586837752e-16,3.1401849173675503e-16,2.465190328815662e-32
1349,1,0,1349,0.06282151815625649,0.12564303631251297,0.003946543143456865
1350,2,0,1350,2.7755575615628914e-16,5.551115123125783e-16,7.703719777548943e-32
1351,2,0,1351,1.1295700899707568e-16,2.2591401799415137e-16,1.2759285881565438e-32
1352,2,0,1352,2.482534153247273e-16,4.965068306494546e-16,6.162975822039155e-32
1353,2,0,1353,1.1102230246251565e-16,2.220446049250313e-16,1.232595164407831e-32
1354,2,0,1354,0.0,0.0,0.0
1355,1,0,1355,1.1102230246251565e-16,2.220446049250313e-16,1.232595164407831e-32
1356,2,0,1356,1.1102230246251565e-16,2.220446049250313e-16,1.232595164407831e-32
1357,1,0,1357,0.06282151815625632,0.12564303631251264,0.003946543143456843
1358,1,0,1358,1.1102230246251565e-16,2.220446049250313e-16,1.232595164407831e-32
1359,1,0,1359,0.0,0.0,0.0
1360,1,0,1360,5.551115123125783e-17,1.1102230246251565e-16,3.0814879110195774e-33
1361,0,0,1361,2.9893669801409088e-16,5.978733960281817e-16,8.936314941956774e-32
1362,2,0,1362,0.06282151815625668,0.12564303631251336,0.003946543143456888
1363,2,0,1363,0.06282151815625632,0.12564303631251264,0.003946543143456844
1364,2,0,1364,0.0,0.0,0.0
1365,0,0,1365,2.2887833992611187e-16,4.577566798522237e-16,5.238529448733282e-32
1366,1,0,1366,3.1401849173675503e-16,6.280369834735101e-16,9.860761315262648e-32
1367,0,0,1367,1.999013120731463,3.998026241462926,0.00394654314345689
1368,0,0,1368,0.06282151815625665,0.1256430363125133,0.003946543143456884
1369,0,0,1369,0.06282151815625658,0.12564303631251317,0.003946543143456877
1370,0,0,1370,0.0628215181562564,0.1256430363125128,0.003946543143456853
1371,1,0,1371,1.1102230246251565e-16,2.220446049250313e-16,1.232595164407831e-32
1372,1,0,1372,0.0,0.0,0.0
1373,2,0,1373,0.06282151815625646,0.12564303631251292,0.0039465431434568595
1374,1,0,1374,0.0,0.0,0.0
1375,1,0,1375,1.6653345369377348e-16,3.3306690738754696e-16,2.7733391199176196e-32
1376,0,0,1376,0.06282151815625661,0.12564303631251322,0.003946543143456879
1377,2,0,1377,1.2412670766236366e-16,2.482534153247273e-16,1.5407439555097887e-32
1378,1,0,1378,2.220446049250313e-16,4.440892098500626e-16,4.930380657631324e-32
1379,0,0,1379,1.6653345369377348e-16,3.3306690738754696e-16,2.7733391199176196e-32
1380,1,0,1380,0.0,0.0,0.0
1381,1,0,1381,0.0,0.0,0.0
1382,1,0,1382,0.06282151815625635,0.1256430363125127,0.0039465431434568465
1383,2,0,1383,2.0014830212433607e-16,4.0029660424867215e-16,4.0059342843254506e-32
1384,1,0,1384,0.06282151815625671,0.12564303631251342,0.003946543143456892
1385,1,0,1385,0.06282151815625611,0.12564303631251222,0.003946543143456816
1386,0,0,1386,2.237726045655905e-16,4.47545209131181e-16,5.007417855406813e-32
1387,1,0,1387,0.0,0.0,0.0
1388,2,0,1388,0.0,0.0,0.0
1389,1,0,1389,0.06282151815625661,0.12564303631251322,0.00394654314345688
1390,2,0,1390,0.06282151815625661,0.12564303631251322,0.003946543143456879
1391,2,0,1391,0.06282151815625646,0.12564303631251292,0.00394654314345686
1392,0,0,1392,0.06282151815625636,0.12564303631251272,0.003946543143456848
1393,1,0,1393,0.06282151815625682,0.12564303631251364,0.003946543143456905
1394,2,0,1394,0.06282151815625624,0.12564303631251247,0.003946543143456831
1395,1,0,1395,1.1102230246251565e-16,2.220446049250313e-16,1.232595164407831e-32
1396,2,0,1396,0.0628215181562566,0.1256430363125132,0.003946543143456877
1397,1,0,1397,0.06282151815625674,0.12564303631251347,0.003946543143456896
1398,2,0,1398,0.06282151815625622,0.12564303631251245,0.003946543143456832
1399,0,0,1399,0.0,0.0,0.0
1400,0,0,1400,0.0,0.0,0.0
1401,1,0,1401,0.06282151815625614,0.12564303631251228,0.0039465431434568205
1402,0,0,1402,1.1102230246251565e-16,2.220446049250313e-16,1.232595164407831e-32
1403,1,0,1403,0.06282151815625676,0.12564303631251353,0.003946543143456898
1404,1,0,1404,1.6653345369377348e-16,3.3306690738754696e-16,2.7733391199176196e-32
1405,0,0,1405,0.06282151815625668,0.12564303631251336,0.003946543143456887
1406,2,0,1406,0.06282151815625639,0.12564303631251278,0.003946543143456852
1407,0,0,1407,0.06282151815625653,0.12564303631251306,0.003946543143456868
1408,2,0,1408,1.1102230246251565e-16,2.220446049250313e-16,1.232595164407831e-32
1409,0,0,1409,0.06282151815625668,0.12564303631251336,0.003946543143456889
1410,0,0,1410,0.06282151815625672,0.12564303631251345,0.0039465431434568925
1411,1,0,1411,0.06282151815625614,0.12564303631251228,0.00394654314345682
1412,1,0,1412,0.0,0.0,0.0
1413,1,0,1413,0.06282151815625624,0.12564303631251247,0.003946543143456833
1414,0,0,1414,2.0,4.0,4.930380657631324e-32
1415,1,0,1415,2.220446049250313e-16,4.440892098500626e-16,4.930380657631324e-32
1416,0,0,1416,2.0,4.0,1.232595164407831e-32
1417,1,0,1417,0.0,0.0,0.0
1418,2,0,1418,0.0,0.0,0.0
1419,0,0,1419,0.06282151815625639,0.12564303631251278,0.003946543143456851
1420,0,0,1420,1.999013120731463,3.998026241462926,0.003946543143456855
1421,0,0,1421,0.0,0.0,0.0
1422,2,0,1422,2.482534153247273e-16,4.965068306494546e-16,6.162975822039155e-32
1423,1,0,1423,1.6653345369377348e-16,3.3306690738754696e-16,2.7733391199176196e-32
1424,2,0,1424,0.06282151815625638,0.12564303631251275,0.003946543143456848
1425,0,0,1425,0.06282151815625672,0.12564303631251345,0.003946543143456893
1426,0,0,1426,0.06282151815625624,0.12564303631251247,0.003946543143456831
1427,0,0,1427,0.0,0.0,0.0
1428,1,0,1428,0.0628215181562567,0.1256430363125134,0.003946543143456889
1429,2,0,1429,0.06282151815625651,0.12564303631251303,0.003946543143456867
1430,2,0,1430,0.06282151815625621,0.12564303631251242,0.003946543143456828
1431,0,0,1431,0.0,0.0,0.0
1432,2,0,1432,0.0,0.0,0.0
1433,2,0,1433,0.06282151815625676,0.12564303631251353,0.003946543143456897
1434,1,0,1434,0.06282151815625617,0.12564303631251234,0.003946543143456825
1435,0,0,1435,1.1102230246251565e-16,2.220446049250313e-16,1.232595164407831e-32
1436,1,0,1436,0.06282151815625639,0.12564303631251278,0.003946543143456851
1437,1,0,1437,0.0,0.0,0.0
1438,2,0,1438,0.06282151815625667,0.12564303631251333,0.003946543143456886
1439,1,0,1439,2.7755575615628914e-16,5.551115123125783e-16,7.703719777548943e-32
1440,1,0,1440,0.06282151815625622,0.12564303631251245,0.00394654314345683
1441,0,0,1441,0.06282151815625632,0.12564303631251264,0.003946543143456842
1442,2,0,1442,0.0628215181562566,0.1256430363125132,0.003946543143456877
1443,1,0,1443,0.0,0.0,0.0
1444,0,0,1444,0.06282151815625668,0.12564303631251336,0.003946543143456887
1445,1,0,1445,0.0628215181562564,0.12564303631251283,0.0039465431434568534
1446,2,0,1446,0.06282151815625647,0.12564303631251295,0.00394654314345686
1447,1,0,1447,2.482534153247273e-16,4.965068306494546e-16,6.162975822039155e-32
1448,2,0,1448,0.06282151815625628,0.12564303631251253,0.003946543143456836
1449,2,0,1449,1.1102230246251565e-16,2.220446049250313e-16,1.232595164407831e-32
1450,0,0,1450,2.482534153247273e-16,4.965068306494546e-16,6.162975822039155e-32
1451,2,0,1451,2.7755575615628914e-16,5.551115123125783e-16,7.703719777548943e-32
1452,1,0,1452,0.06282151815625672,0.12564303631251345,0.003946543143456893
1453,1,0,1453,0.06282151815625621,0.12564303631251242,0.003946543143456829
1454,1,0,1454,2.220446049250313e-16,4.440892098500626e-16,4.930380657631324e-32
1455,1,0,1455,0.06282151815625674,0.12564303631251347,0.003946543143456895
1456,0,0,1456,0.06282151815625675,0.1256430363125135,0.003946543143456897
1457,2,0,1457,0.0,0.0,0.0
1458,0,0,1458,0.06282151815625642,0.12564303631251283,0.003946543143456855
1459,1,0,1459,1.6653345369377348e-16,3.3306690738754696e-16,2.7733391199176196e-32
1460,2,0,1460,0.06282151815625672,0.12564303631251342,0.0039465431434568925
1461,1,0,1461,0.06282151815625614,0.12564303631251228,0.00394654314345682
1462,1,0,1462,0.06282151815625656,0.1256430363125131,0.003946543143456873
1463,1,0,1463,0.0628215181562566,0.1256430363125132,0.003946543143456877
1464,2,0,1464,1.1102230246251565e-16,2.220446049250313e-16,1.232595164407831e-32
1465,1,0,1465,0.0,0.0,0.0
1466,2,0,1466,0.0,0.0,0.0
1467,2,0,1467,1.2412670766236366e-16,2.482534153247273e-16,1.5407439555097887e-32
1468,2,0,1468,0.06282151815625647,0.12564303631251295,0.003946543143456861
1469,1,0,1469,3.1401849173675503e-16,6.280369834735101e-16,9.860761315262648e-32
1470,0,0,1470,1.5700924586837752e-16,3.1401849173675503e-16,2.465190328815662e-32
1471,0,0,1471,0.0,0.0,0.0
1472,0,0,1472,0.0,0.0,0.0
1473,1,0,1473,0.06282151815625656,0.1256430363125131,0.0039465431434568725
1474,1,0,1474,0.0,0.0,0.0
1475,1,0,1475,1.1102230246251565e-16,2.220446049250313e-16,1.232595164407831e-32
1476,2,0,1476,1.5700924586837752e-16,3.1401849173675503e-16,2.465190328815662e-32
1477,1,0,1477,0.06282151815625654,0.12564303631251308,0.003946543143456872
1478,1,0,1478,5.551115123125783e-17,1.1102230246251565e-16,3.0814879110195774e-33
1479,2,0,1479,0.06282151815625656,0.1256430363125131,0.003946543143456872
1480,2,0,1480,0.06282151815625657,0.12564303631251314,0.003946543143456874
1481,0,0,1481,0.06282151815625665,0.1256430363125133,0.003946543143456885
1482,2,0,1482,0.0628215181562563,0.1256430363125126,0.003946543143456841
1483,0,0,1483,1.1102230246251565e-16,2.220446049250313e-16,1.232595164407831e-32
1484,0,0,1484,0.0,0.0,0.0
1485,0,0,1485,0.06282151815625658,0.12564303631251317,0.003946543143456875
1486,0,0,1486,0.06282151815625633,0.12564303631251267,0.003946543143456845
1487,1,0,1487,1.1102230246251565e-16,2.220446049250313e-16,1.232595164407831e-32
1488,2,0,1488,0.06282151815625622,0.12564303631251245,0.00394654314345683
1489,2,0,1489,3.1401849173675503e-16,6.280369834735101e-16,9.860761315262648e-32
1490,0,0,1490,0.06282151815625617,0.12564303631251234,0.003946543143456824
1491,2,0,1491,0.06282151815625638,0.12564303631251275,0.00394654314345685
1492,0,0,1492,0.06282151815625642,0.12564303631251283,0.003946543143456855
1493,1,0,1493,0.0628215181562565,0.125643036312513,0.003946543143456865
1494,2,0,1494,4.0029660424867215e-16,8.005932084973443e-16,1.6023737137301802e-31
1495,1,0,1495,2.0014830212433607e-16,4.0029660424867215e-16,4.0059342843254506e-32
1496,0,0,1496,0.06282151815625603,0.12564303631251206,0.003946543143456807
1497,2,0,1497,0.06282151815625646,0.12564303631251292,0.00394654314345686
1498,1,0,1498,0.0,0.0,0.0
1499,0,0,1499,0.06282151815625665,0.1256430363125133,0.003946543143456883
